0 0.4547587131367292 0.42021276595744683 0.4547587131367292 0.4513677811550152 0.4547587131367292 0.5007598784194529 0.45576407506702415 0.5638297872340425 0.45676943699731903 0.6193009118541033 0.4792225201072386 0.5995440729483282 0.4802278820375335 0.5501519756838906 0.4802278820375335 0.49164133738601823 0.4802278820375335 0.44072948328267475 0.4802278820375335 0.4095744680851064 0.47050938337801607 0.39361702127659576
1 0.4242627345844504 0.40501519756838905 0.4299597855227882 0.4338905775075988 0.4309651474530831 0.4513677811550152 0.4309651474530831 0.49164133738601823 0.4309651474530831 0.5547112462006079 0.4339812332439678 0.6056231003039514 0.4436997319034853 0.6238601823708206 0.4487265415549598 0.5927051671732523 0.4487265415549598 0.5433130699088146 0.4477211796246649 0.4870820668693009 0.4457104557640751 0.42249240121580545 0.443029490616622 0.39361702127659576
2 0.41320375335120646 0.40501519756838905 0.40951742627345844 0.44756838905775076 0.4075067024128686 0.5121580547112462 0.4075067024128686 0.567629179331307 0.41621983914209115 0.5972644376899696 0.4262734584450402 0.5995440729483282 0.431970509383378 0.5235562310030395 0.43297587131367293 0.4338905775075988 0.4299597855227882 0.3844984802431611
3 0.38873994638069703 0.4072948328267477 0.39075067024128685 0.48328267477203646 0.3917560321715818 0.5547112462006079 0.39276139410187666 0.6033434650455927 0.403485254691689 0.5904255319148937 0.4101876675603217 0.5121580547112462 0.4121983914209115 0.42933130699088146 0.40449061662198393 0.3799392097264438
4 0.36494638069705093 0.38677811550151975 0.36494638069705093 0.45592705167173253 0.36595174262734587 0.5273556231003039 0.3699731903485255 0.5949848024316109 0.3817024128686327 0.628419452887538 0.38873994638069703 0.5949848024316109 0.3917560321715818 0.5053191489361702 0.3867292225201072 0.4004559270516717 0.3827077747989276 0.364741641337386
5 0.34316353887399464 0.3822188449848024 0.3441689008042895 0.4316109422492401 0.34048257372654156 0.5144376899696048 0.34148793565683644 0.5767477203647416 0.3522117962466488 0.6124620060790273 0.36896782841823056 0.5995440729483282 0.3739946380697051 0.5569908814589666 0.3739946380697051 0.49164133738601823 0.36896782841823056 0.39361702127659576 0.3582439678284182 0.36246200607902734
6 0.3304289544235925 0.3731003039513678 0.3274128686327078 0.4072948328267477 0.31668900804289546 0.45364741641337386 0.30294906166219837 0.5235562310030395 0.310656836461126 0.5699088145896657 0.3284182305630027 0.5699088145896657 0.3394772117962466 0.5433130699088146 0.3424932975871314 0.4513677811550152 0.34617962466487934 0.36246200607902734 0.33847184986595175 0.3487841945288754
7 0.3156836461126005 0.3465045592705167 0.3039544235924933 0.3822188449848024 0.27714477211796246 0.46048632218844987 0.2644101876675603 0.5007598784194529 0.27915549597855227 0.53419452887538 0.29892761394101874 0.541033434650456 0.3116621983914209 0.5075987841945289 0.325402144772118 0.4490881458966565 0.3344504021447721 0.38677811550151975 0.3324396782841823 0.3373860182370821 0.32640750670241286 0.3290273556231003
8 0.4902815013404826 0.4156534954407295 0.4922922252010724 0.46048632218844987 0.4912868632707775 0.5075987841945289 0.48927613941018766 0.5615501519756839 0.4932975871313673 0.601823708206687 0.5187667560321716 0.6147416413373861 0.5217828418230563 0.5881458966565349 0.5137399463806971 0.5501519756838906 0.5080428954423593 0.49848024316109424 0.5080428954423593 0.45592705167173253 0.5050268096514745 0.42249240121580545
9 0.5157506702412868 0.4004559270516717 0.5137399463806971 0.44072948328267475 0.5127345844504021 0.4939209726443769 0.5127345844504021 0.5615501519756839 0.5227882037533512 0.5881458966565349 0.5385388739946381 0.5972644376899696 0.5415549597855228 0.5638297872340425 0.5355227882037533 0.5144376899696048 0.5304959785522788 0.46504559270516715 0.5294906166219839 0.41793313069908816 0.5304959785522788 0.3776595744680851
10 0.5405495978552279 0.3890577507598784 0.5375335120643432 0.41109422492401215 0.5345174262734584 0.4673252279635258 0.5335120643431636 0.5075987841945289 0.5375335120643432 0.5592705167173252 0.5472520107238605 0.574468085106383 0.5542895442359249 0.581306990881459 0.5583109919571045 0.5547112462006079 0.5542895442359249 0.5053191489361702 0.5492627345844504 0.44756838905775076
11 0.5563002680965148 0.3731003039513678 0.5552949061662198 0.4247720364741641 0.5542895442359249 0.47188449848024316 0.5542895442359249 0.5212765957446809 0.5552949061662198 0.5433130699088146 0.5660187667560321 0.567629179331307 0.5760723860589813 0.581306990881459 0.5817694369973191 0.5433130699088146 0.5787533512064343 0.4939209726443769 0.5720509383378016 0.4133738601823708 0.5700402144772118 0.364741641337386
12 0.5750670241286864 0.38677811550151975 0.5750670241286864 0.42021276595744683 0.5750670241286864 0.49620060790273557 0.5750670241286864 0.5569908814589666 0.582774798927614 0.5767477203647416 0.5955093833780161 0.5592705167173252 0.6005361930294906 0.5007598784194529 0.6005361930294906 0.42249240121580545 0.5995308310991957 0.3556231003039514 0.5807640750670241 0.3533434650455927
13 0.6045576407506702 0.3556231003039514 0.5975201072386059 0.42249240121580545 0.5918230563002681 0.48556231003039513 0.5908176943699732 0.5235562310030395 0.6055630026809652 0.5767477203647416 0.6203083109919572 0.5790273556231003 0.6340482573726541 0.5592705167173252 0.636058981233244 0.5121580547112462 0.6263404825737265 0.4452887537993921 0.6243297587131368 0.3958966565349544 0.621313672922252 0.3556231003039514
14 0.6290214477211796 0.36246200607902734 0.6280160857908847 0.3913373860182371 0.6263404825737265 0.46504559270516715 0.6280160857908847 0.5364741641337386 0.6370643431635389 0.5638297872340425 0.6538203753351206 0.5721884498480243 0.6715817694369973 0.5638297872340425 0.6766085790884718 0.5273556231003039 0.6705764075067024 0.4939209726443769 0.6615281501340483 0.44756838905775076 0.6568364611260054 0.4027355623100304 0.6528150134048257 0.3776595744680851 0.6457774798927614 0.34194528875379937
16 0.4922922252010724 0.5972644376899696 0.48223860589812334 0.601823708206687 0.4782171581769437 0.628419452887538 0.4802278820375335 0.668693009118541 0.48424932975871315 0.7135258358662614 0.4902815013404826 0.7955927051671733 0.4969839142091153 0.8427051671732523 0.5 0.7895136778115501 0.5 0.7264437689969605 0.5 0.6595744680851063 0.5 0.6101823708206687
17 0.5070375335120644 0.601823708206687 0.5030160857908847 0.6641337386018237 0.5050268096514745 0.7021276595744681 0.5090482573726541 0.7537993920972644 0.5107238605898123 0.8161094224924013 0.5127345844504021 0.8609422492401215 0.5217828418230563 0.8275075987841946 0.5227882037533512 0.7712765957446809 0.5227882037533512 0.7173252279635258 0.524798927613941 0.6504559270516718 0.5237935656836461 0.5949848024316109
18 0.5304959785522788 0.6124620060790273 0.5237935656836461 0.628419452887538 0.5237935656836461 0.6664133738601824 0.525804289544236 0.7446808510638298 0.528485254691689 0.8024316109422492 0.5345174262734584 0.8252279635258358 0.5405495978552279 0.8001519756838906 0.5405495978552279 0.7287234042553191 0.5415549597855228 0.6595744680851063
19 0.5502680965147453 0.601823708206687 0.539544235924933 0.6124620060790273 0.5405495978552279 0.6413373860182371 0.5492627345844504 0.6930091185410334 0.5563002680965148 0.7537993920972644 0.5700402144772118 0.831306990881459 0.5797587131367292 0.8047112462006079 0.5787533512064343 0.7355623100303952 0.5760723860589813 0.6907294832826748 0.5730563002680965 0.6458966565349544 0.5670241286863271 0.6033434650455927
20 0.5787533512064343 0.5972644376899696 0.5720509383378016 0.6101823708206687 0.5750670241286864 0.6664133738601824 0.5777479892761395 0.7241641337386018 0.5797587131367292 0.7803951367781155 0.5945040214477212 0.8297872340425532 0.6055630026809652 0.7469604863221885 0.6005361930294906 0.6838905775075987 0.596514745308311 0.628419452887538
21 0.5975201072386059 0.581306990881459 0.5908176943699732 0.6033434650455927 0.5945040214477212 0.6572948328267477 0.6015415549597856 0.6952887537993921 0.6095844504021448 0.7264437689969605 0.6270107238605898 0.7781155015197568 0.6400804289544236 0.7689969604863222 0.6410857908847185 0.6998480243161094 0.636058981233244 0.6458966565349544 0.6280160857908847 0.601823708206687 0.6055630026809652 0.5949848024316109
22 0.6390750670241286 0.5881458966565349 0.6310321715817694 0.60790273556231 0.6457774798927614 0.6413373860182371 0.6735924932975871 0.6709726443768997 0.6990616621983914 0.6998480243161094 0.7285522788203753 0.7021276595744681 0.7218498659517426 0.6618541033434651 0.704088471849866 0.6261398176291794 0.6923592493297587 0.581306990881459 0.6802949061662198 0.5638297872340425 0.6615281501340483 0.5767477203647416
24 0.46548257372654156 0.6147416413373861 0.46146112600536193 0.6436170212765957 0.4674932975871314 0.7196048632218845 0.46849865951742625 0.7933130699088146 0.4832439678284182 0.8655015197568389 0.48726541554959785 0.7781155015197568 0.48223860589812334 0.7021276595744681 0.4802278820375335 0.6550151975683891 0.4765415549597855 0.6238601823708206
25 0.4527479892761394 0.6238601823708206 0.4457104557640751 0.668693009118541 0.4517426273458445 0.7218844984802432 0.4527479892761394 0.7644376899696048 0.45878016085790885 0.8586626139817629 0.47050938337801607 0.7917933130699089 0.47050938337801607 0.7644376899696048 0.46548257372654156 0.6861702127659575 0.46347184986595175 0.6193009118541033
26 0.43699731903485256 0.6170212765957447 0.4262734584450402 0.6504559270516718 0.4262734584450402 0.6975683890577508 0.4289544235924933 0.8024316109422492 0.43699731903485256 0.8449848024316109 0.44671581769436997 0.7955927051671733 0.4487265415549598 0.6778115501519757 0.4497319034852547 0.6101823708206687
27 0.41320375335120646 0.601823708206687 0.40650134048257375 0.6101823708206687 0.4004691689008043 0.6261398176291794 0.40449061662198393 0.7112462006079028 0.40449061662198393 0.7598784194528876 0.4075067024128686 0.8297872340425532 0.41621983914209115 0.7917933130699089 0.41722520107238603 0.6793313069908815
28 0.39343163538873993 0.6170212765957447 0.39075067024128685 0.6618541033434651 0.3847184986595174 0.7758358662613982 0.3806970509383378 0.8563829787234043 0.39443699731903487 0.8069908814589666 0.4054959785522788 0.7066869300911854 0.4152144772117963 0.6504559270516718 0.4101876675603217 0.628419452887538
29 0.36193029490616624 0.6101823708206687 0.3532171581769437 0.6436170212765957 0.34517426273458446 0.6793313069908815 0.3344504021447721 0.7424012158054711 0.335455764075067 0.8047112462006079 0.3522117962466488 0.7978723404255319 0.36193029490616624 0.7735562310030395 0.3719839142091153 0.7446808510638298 0.3837131367292225 0.7021276595744681 0.39544235924932974 0.6527355623100304 0.39075067024128685 0.628419452887538 0.3729892761394102 0.621580547112462
30 0.32640750670241286 0.5858662613981763 0.3186997319034853 0.6101823708206687 0.3086461126005362 0.6458966565349544 0.29892761394101874 0.6793313069908815 0.29390080428954424 0.708966565349544 0.29691689008042893 0.7401215805471124 0.3227211796246649 0.7287234042553191 0.3374664879356568 0.6907294832826748 0.35020107238605896 0.6527355623100304 0.3582439678284182 0.6238601823708206 0.3491957104557641 0.6056231003039514 0.3314343163538874 0.60790273556231 0.34048257372654156 0.601823708206687
31 0.282171581769437 0.5478723404255319 0.27714477211796246 0.567629179331307 0.27245308310991956 0.628419452887538 0.27044235924932974 0.6595744680851063 0.26742627345844505 0.6861702127659575 0.2714477211796247 0.7218844984802432 0.2831769436997319 0.7044072948328267 0.30093833780160856 0.668693009118541 0.31266756032171583 0.6306990881458967 0.3186997319034853 0.5995440729483282 0.29591152815013405 0.5638297872340425