0 0.4690444145356662 0.5144376899696048 0.4942799461641992 0.5144376899696048 0.49125168236877526 0.2188449848024316 0.4734185733512786 0.22644376899696048 0.4646702557200538 0.4194528875379939
1 0.4424629878869448 0.4825227963525836 0.45323014804845224 0.5083586626139818 0.46534320323014805 0.5083586626139818 0.4734185733512786 0.493161094224924 0.4676985195154778 0.4156534954407295 0.47139973082099595 0.22796352583586627 0.4468371467025572 0.22796352583586627
2 0.4189098250336474 0.45440729483282677 0.4310228802153432 0.5189969604863222 0.44044414535666215 0.5212765957446809 0.4498654104979812 0.4969604863221885 0.4518842530282638 0.45288753799392095 0.4377523553162853 0.1762917933130699 0.41318977119784656 0.18465045592705168 0.42193808882907136 0.38069908814589665
3 0.4054508748317631 0.493161094224924 0.40679676985195157 0.5197568389057751 0.4148721399730821 0.5319148936170213 0.4205921938088829 0.5326747720364742 0.4246298788694482 0.5189969604863222 0.4347240915208614 0.5243161094224924 0.4417900403768506 0.5098784194528876 0.44414535666218036 0.4642857142857143 0.42900403768506057 0.2188449848024316 0.4104979811574697 0.22492401215805471 0.40242261103633914 0.3768996960486322 0.4047779273216689 0.4787234042553192
4 0.38593539703903096 0.4156534954407295 0.3882907133243607 0.5083586626139818 0.3916554508748318 0.5319148936170213 0.39737550471063254 0.5357142857142857 0.4047779273216689 0.5273556231003039 0.4148721399730821 0.5243161094224924 0.4205921938088829 0.4969604863221885 0.42193808882907136 0.4452887537993921 0.40410497981157467 0.2393617021276596 0.3832436069986541 0.2378419452887538
5 0.35901749663526245 0.28191489361702127 0.3603633916554509 0.43237082066869303 0.36103633916554506 0.4825227963525836 0.35901749663526245 0.5129179331306991 0.36372812920592196 0.5273556231003039 0.3694481830417227 0.5303951367781155 0.39030955585464333 0.5273556231003039 0.40309555854643336 0.5189969604863222 0.40410497981157467 0.4688449848024316 0.38189771197846567 0.22872340425531915 0.3516150740242261 0.23024316109422494
6 0.32166890982503366 0.385258358662614 0.32873485868102287 0.4673252279635258 0.3294078061911171 0.5098784194528876 0.3415208613728129 0.5174772036474165 0.3472409152086137 0.5174772036474165 0.36103633916554506 0.5189969604863222 0.3654104979811575 0.47416413373860183 0.36608344549125166 0.4369300911854103 0.3465679676985195 0.26063829787234044 0.31796769851951545 0.2689969604863222
7 0.29946164199192465 0.4027355623100304 0.2923956931359354 0.4673252279635258 0.2981157469717362 0.4886018237082067 0.3152759084791386 0.4946808510638298 0.33075370121130554 0.4969604863221885 0.3361372812920592 0.47112462006079026 0.33243606998654107 0.3768996960486322 0.29946164199192465 0.2393617021276596 0.2759084791386272 0.25379939209726443 0.28499327052489903 0.3594224924012158
8 0.49327052489905787 0.5113981762917933 0.519179004037685 0.5083586626139818 0.519179004037685 0.3655015197568389 0.5114401076716016 0.20896656534954408 0.4993270524899058 0.21504559270516718 0.4919246298788694 0.3677811550151976 0.49125168236877526 0.45288753799392095
9 0.519179004037685 0.4582066869300912 0.519179004037685 0.506838905775076 0.5292732166890982 0.5144376899696048 0.5400403768506057 0.5015197568389058 0.5437415881561238 0.4582066869300912 0.5380215343203231 0.22644376899696048 0.5228802153432033 0.22492401215805471 0.5171601615074024 0.35106382978723405
10 0.5363391655450875 0.4582066869300912 0.5427321668909825 0.493161094224924 0.5501345895020189 0.5227963525835866 0.5551816958277255 0.5288753799392097 0.566621803499327 0.49164133738601823 0.5706594885598923 0.3123100303951368 0.5656123822341858 0.18768996960486323 0.5363391655450875 0.19148936170212766 0.5386944818304172 0.38069908814589665
11 0.5551816958277255 0.4642857142857143 0.5551816958277255 0.506079027355623 0.5592193808882907 0.5144376899696048 0.5672947510094213 0.5129179331306991 0.5699865410497981 0.5212765957446809 0.5773889636608345 0.5273556231003039 0.5858008075370121 0.5227963525835866 0.5895020188425303 0.4817629179331307 0.5858008075370121 0.38069908814589665 0.5827725437415882 0.21580547112462006 0.5598923283983849 0.21504559270516718 0.5551816958277255 0.3670212765957447
12 0.5770524899057874 0.44148936170212766 0.5763795423956931 0.506079027355623 0.5814266487213997 0.5227963525835866 0.5928667563930013 0.5273556231003039 0.6022880215343204 0.5319148936170213 0.6053162853297442 0.4886018237082067 0.6053162853297442 0.39969604863221886 0.604306864064603 0.2560790273556231 0.5807537012113055 0.2560790273556231
13 0.6029609690444145 0.4095744680851064 0.6002691790040376 0.4817629179331307 0.5999327052489906 0.5189969604863222 0.6100269179004038 0.5273556231003039 0.6174293405114402 0.5273556231003039 0.626514131897712 0.5273556231003039 0.6345895020188426 0.5273556231003039 0.6389636608344549 0.4870820668693009 0.6315612382234186 0.42401215805471126 0.629542395693136 0.2735562310030395 0.6009421265141319 0.27887537993920974
14 0.6335800807537012 0.45440729483282677 0.6315612382234186 0.4817629179331307 0.6339165545087483 0.5144376899696048 0.6443472409152086 0.5273556231003039 0.6638627187079408 0.506838905775076 0.6695827725437415 0.4969604863221885 0.6658815612382234 0.43541033434650456 0.6682368775235532 0.28495440729483285 0.6389636608344549 0.28951367781155013 0.6322341857335128 0.4270516717325228
15 0.6631897711978466 0.3913373860182371 0.6618438761776582 0.4369300911854103 0.6618438761776582 0.48024316109422494 0.6716016150740243 0.5098784194528876 0.6766487213997309 0.5144376899696048 0.6988559892328399 0.4825227963525836 0.702557200538358 0.4627659574468085 0.6988559892328399 0.4194528875379939 0.6887617765814267 0.35638297872340424 0.6860699865410498 0.28191489361702127 0.6658815612382234 0.2948328267477204
16 0.49057873485868103 0.5357142857142857 0.5097577388963661 0.540273556231003 0.5121130551816958 0.7895136778115501 0.5006729475100942 0.7895136778115501
17 0.5070659488559892 0.5448328267477204 0.5134589502018843 0.5417933130699089 0.519179004037685 0.5417933130699089 0.5279273216689099 0.547112462006079 0.528600269179004 0.6474164133738601 0.5306191117092867 0.8138297872340425 0.5185060565275909 0.8123100303951368
18 0.528600269179004 0.6132218844984803 0.5269179004037685 0.5661094224924013 0.5329744279946165 0.540273556231003 0.5420592193808883 0.5433130699088146 0.5494616419919246 0.5714285714285714 0.5528263795423957 0.601823708206687 0.5598923283983849 0.8472644376899696 0.5400403768506057 0.8571428571428571
19 0.5521534320323015 0.6360182370820668 0.5514804845222072 0.5987841945288754 0.5551816958277255 0.5615501519756839 0.5615746971736204 0.5448328267477204 0.5794078061911171 0.5934650455927052 0.5723418573351279 0.8624620060790273 0.5548452220726783 0.8624620060790273
20 0.5662853297442799 0.6474164133738601 0.5572005383580081 0.5790273556231003 0.5629205921938089 0.5448328267477204 0.5915208613728129 0.5615501519756839 0.5965679676985195 0.6390577507598785 0.6053162853297442 0.8396656534954408 0.5895020188425303 0.8427051671732523
21 0.6009421265141319 0.6762917933130699 0.5935397039030955 0.6360182370820668 0.5871467025572006 0.5828267477203647 0.5915208613728129 0.5645896656534954 0.6080080753701211 0.5577507598784195 0.6258411843876177 0.5661094224924013 0.6335800807537012 0.5828267477203647 0.6339165545087483 0.6694528875379939 0.6504037685060565 0.7986322188449848 0.6181022880215343 0.8183890577507599 0.604306864064603 0.7393617021276596
22 0.6339165545087483 0.6390577507598785 0.6258411843876177 0.601823708206687 0.6231493943472409 0.5759878419452887 0.629542395693136 0.547112462006079 0.6366083445491252 0.540273556231003 0.65814266487214 0.5319148936170213 0.6753028263795424 0.5843465045592705 0.677321668909825 0.6344984802431611 0.6988559892328399 0.7393617021276596 0.6601615074024226 0.7606382978723404
23 0.6753028263795424 0.601823708206687 0.6695827725437415 0.6003039513677811 0.6618438761776582 0.5661094224924013 0.6638627187079408 0.5273556231003039 0.6695827725437415 0.5174772036474165 0.6783310901749664 0.5129179331306991 0.6924629878869448 0.493161094224924 0.7002018842530283 0.4969604863221885 0.7096231493943472 0.5189969604863222 0.7166890982503364 0.5919452887537994 0.7388963660834454 0.6618541033434651 0.7133243606998654 0.7180851063829787 0.6917900403768507 0.6648936170212766 0.6790040376850606 0.6193009118541033
24 0.4720726783310902 0.5417933130699089 0.49259757738896365 0.5455927051671733 0.49629878869448185 0.7750759878419453 0.48620457604306866 0.7727963525835866
25 0.45423956931359355 0.5843465045592705 0.4569313593539704 0.5387537993920972 0.4734185733512786 0.540273556231003 0.477792732166891 0.6231003039513677 0.4868775235531628 0.8153495440729484 0.4720726783310902 0.8153495440729484 0.45423956931359355 0.6261398176291794
26 0.43203230148048455 0.6474164133738601 0.4347240915208614 0.5615501519756839 0.4411170928667564 0.5319148936170213 0.45323014804845224 0.5630699088145896 0.4626514131897712 0.6322188449848024 0.4720726783310902 0.8472644376899696 0.4549125168236878 0.8624620060790273 0.43842530282637954 0.7667173252279635
27 0.41823687752355315 0.6975683890577508 0.41184387617765816 0.601823708206687 0.41756393001345893 0.5577507598784195 0.4296769851951548 0.5547112462006079 0.4411170928667564 0.5904255319148937 0.4498654104979812 0.7249240121580547 0.45053835800807535 0.8624620060790273 0.43203230148048455 0.851063829787234
28 0.3916554508748318 0.7857142857142857 0.3876177658142665 0.7066869300911854 0.3896366083445491 0.6474164133738601 0.3953566621803499 0.5949848024316109 0.3997308209959623 0.5615501519756839 0.41117092866756394 0.5577507598784195 0.42193808882907136 0.5600303951367781 0.4276581426648721 0.6033434650455927 0.42698519515477795 0.6519756838905775 0.414535666218035 0.8123100303951368
29 0.35901749663526245 0.7598784194528876 0.36103633916554506 0.6664133738601824 0.36305518169582773 0.6193009118541033 0.36103633916554506 0.5820668693009119 0.36810228802153433 0.547112462006079 0.39401076716016153 0.5547112462006079 0.4138627187079408 0.5729483282674772 0.40107671601615075 0.6390577507598785 0.39602960969044415 0.7598784194528876 0.39098250336473755 0.8267477203647416 0.3573351278600269 0.797112462006079
30 0.3021534320323015 0.7522796352583586 0.30585464333781964 0.6747720364741642 0.3152759084791386 0.6291793313069909 0.32301480484522205 0.5904255319148937 0.32873485868102287 0.547112462006079 0.33815612382234184 0.540273556231003 0.3553162853297443 0.5448328267477204 0.3694481830417227 0.5615501519756839 0.3744952893674293 0.5661094224924013 0.3704576043068641 0.6322188449848024 0.35868102288021536 0.6580547112462006 0.32873485868102287 0.8085106382978723
31 0.25134589502018845 0.6846504559270516 0.26278600269179003 0.6231003039513677 0.26850605652759085 0.587386018237082 0.27927321668909827 0.5516717325227963 0.28364737550471064 0.5159574468085106 0.3021534320323015 0.5083586626139818 0.31594885598923284 0.5113981762917933 0.33075370121130554 0.5273556231003039 0.33243606998654107 0.5661094224924013 0.3135935397039031 0.6390577507598785 0.27927321668909827 0.7408814589665653