0 0.4823451032644903 0.4156534954407295 0.480346435709527 0.5235562310030395 0.47468354430379744 0.5547112462006079 0.47368421052631576 0.5972644376899696 0.4883411059293804 0.628419452887538 0.49800133244503664 0.601823708206687 0.49700199866755496 0.5592705167173252 0.4990006662225183 0.49848024316109424 0.4990006662225183 0.4338905775075988 0.4990006662225183 0.41793313069908816
1 0.4706862091938708 0.40501519756838905 0.46668887408394405 0.44756838905775076 0.4646902065289807 0.48556231003039513 0.4570286475682878 0.5235562310030395 0.4530313124583611 0.5638297872340425 0.45502998001332445 0.601823708206687 0.47468354430379744 0.601823708206687 0.47468354430379744 0.5638297872340425 0.47368421052631576 0.5212765957446809 0.47368421052631576 0.46048632218844987
2 0.4460359760159893 0.3890577507598784 0.44337108594270486 0.42933130699088146 0.43837441705529645 0.4673252279635258 0.4343770819453698 0.5212765957446809 0.4323784143904064 0.5638297872340425 0.4423717521652232 0.5835866261398176 0.45502998001332445 0.5790273556231003 0.4580279813457695 0.5030395136778115 0.4590273151232512 0.43617021276595747 0.4626915389740173 0.4027355623100304
3 0.4293804130579614 0.3776595744680851 0.42571618920719523 0.39361702127659576 0.4227181878747502 0.43617021276595747 0.41972018654230514 0.5189969604863222 0.41472351765489673 0.5767477203647416 0.43037974683544306 0.5858662613981763 0.43837441705529645 0.5501519756838906 0.43937375083277813 0.48328267477203646 0.44403730846102596 0.42021276595744683
4 0.41272485009993337 0.3799392097264438 0.3990672884743504 0.44072948328267475 0.38840772818121255 0.5273556231003039 0.39506995336442374 0.5767477203647416 0.41472351765489673 0.5524316109422492 0.4227181878747502 0.47188449848024316 0.427381745502998 0.4133738601823708
5 0.38840772818121255 0.3487841945288754 0.3804130579613591 0.3776595744680851 0.37175216522318455 0.4338905775075988 0.3627581612258494 0.49164133738601823 0.36675549633577614 0.53419452887538 0.40306462358427714 0.5638297872340425 0.40806129247168554 0.5098784194528876 0.3990672884743504 0.47188449848024316 0.3990672884743504 0.4027355623100304 0.40806129247168554 0.3487841945288754 0.40306462358427714 0.31534954407294835 0.39140572951365754 0.31534954407294835 0.3894070619586942 0.3731003039513678
6 0.3570952698201199 0.35106382978723405 0.3441039307128581 0.4004559270516717 0.3374417055296469 0.4627659574468085 0.3344437041972019 0.5098784194528876 0.34710193204530315 0.5250759878419453 0.3627581612258494 0.5030395136778115 0.37075283144570287 0.45592705167173253 0.3814123917388408 0.3822188449848024 0.38341105929380415 0.32674772036474165 0.37075283144570287 0.3130699088145897
8 0.5069953364423717 0.4072948328267477 0.5039973351099267 0.45592705167173253 0.5 0.5433130699088146 0.49700199866755496 0.5881458966565349 0.5146568954030646 0.6056231003039514 0.5236508994003998 0.5790273556231003 0.5256495669553631 0.5075987841945289 0.5236508994003998 0.40501519756838905 0.5216522318454364 0.37537993920972645
9 0.5263157894736842 0.364741641337386 0.5263157894736842 0.43617021276595747 0.5236508994003998 0.49848024316109424 0.5236508994003998 0.5524316109422492 0.5263157894736842 0.5995440729483282 0.5383077948034644 0.5949848024316109 0.5413057961359093 0.5250759878419453 0.5439706862091939 0.45364741641337386 0.5479680213191206 0.3981762917933131 0.5403064623584277 0.3601823708206687
10 0.5569620253164557 0.35790273556231 0.5449700199866756 0.3913373860182371 0.5439706862091939 0.4452887537993921 0.5439706862091939 0.5387537993920972 0.5519653564290473 0.5835866261398176 0.5596269153897402 0.5699088145896657 0.5596269153897402 0.49620060790273557 0.5616255829447035 0.43844984802431614 0.5646235842771485 0.3776595744680851
11 0.5656229180546303 0.3670212765957447 0.5646235842771485 0.41109422492401215 0.5606262491672218 0.49164133738601823 0.5596269153897402 0.5569908814589666 0.5716189207195204 0.5653495440729484 0.5782811459027315 0.5455927051671733 0.5792804796802132 0.48328267477203646 0.5802798134576949 0.3958966565349544 0.5812791472351766 0.3533434650455927
12 0.5902731512325117 0.364741641337386 0.5842771485676216 0.39361702127659576 0.5772818121252499 0.46504559270516715 0.5812791472351766 0.5455927051671733 0.5912724850099933 0.5638297872340425 0.5999333777481679 0.5167173252279635 0.5989340439706862 0.4490881458966565 0.6049300466355763 0.3465045592705167 0.5902731512325117 0.324468085106383
13 0.5989340439706862 0.331306990881459 0.5939373750832778 0.3670212765957447 0.5929380413057961 0.4270516717325228 0.5902731512325117 0.5364741641337386 0.608927381745503 0.5501519756838906 0.6235842771485676 0.5387537993920972 0.6272485009993338 0.5007598784194529 0.6215856095936043 0.4270516717325228 0.6165889407061959 0.3487841945288754
14 0.6302465023317788 0.31762917933130697 0.6155896069287142 0.33586626139817627 0.6105929380413058 0.37537993920972645 0.6155896069287142 0.4430091185410334 0.6272485009993338 0.49620060790273557 0.6402398401065956 0.5098784194528876 0.655896069287142 0.4870820668693009 0.655896069287142 0.46048632218844987 0.6479013990672885 0.39361702127659576 0.6382411725516323 0.34422492401215804
16 0.513657561625583 0.7667173252279635 0.5116588940706196 0.7112462006079028 0.5009993337774816 0.6436170212765957 0.5146568954030646 0.6147416413373861 0.5256495669553631 0.6550151975683891 0.5283144570286475 0.7241641337386018 0.5273151232511659 0.7667173252279635 0.5246502331778814 0.8024316109422492 0.516655562958028 0.8047112462006079
17 0.5383077948034644 0.8001519756838906 0.539307128580946 0.7689969604863222 0.5423051299133911 0.6998480243161094 0.5449700199866756 0.6352583586626139 0.5343104596935376 0.621580547112462 0.5283144570286475 0.6329787234042553 0.5263157894736842 0.6998480243161094 0.5263157894736842 0.7598784194528876 0.5273151232511659 0.8069908814589666
18 0.5596269153897402 0.8047112462006079 0.5529646902065289 0.7667173252279635 0.5423051299133911 0.7112462006079028 0.539307128580946 0.6793313069908815 0.5403064623584277 0.6398176291793313 0.5479680213191206 0.6056231003039514 0.5616255829447035 0.6170212765957447 0.5646235842771485 0.6595744680851063 0.5676215856095936 0.6952887537993921 0.5736175882744837 0.7515197568389058 0.5802798134576949 0.8024316109422492
19 0.5872751499000666 0.7895136778115501 0.569620253164557 0.71580547112462 0.5626249167221852 0.675531914893617 0.5646235842771485 0.6147416413373861 0.5686209193870753 0.5949848024316109 0.5812791472351766 0.5972644376899696 0.5872751499000666 0.648176291793313 0.5872751499000666 0.6930091185410334 0.5912724850099933 0.7264437689969605 0.5999333777481679 0.7917933130699089
20 0.6262491672218521 0.7689969604863222 0.6235842771485676 0.7537993920972644 0.6145902731512325 0.6527355623100304 0.6069287141905396 0.6101823708206687 0.6009327115256495 0.5904255319148937 0.5929380413057961 0.5904255319148937 0.5822784810126582 0.6306990881458967 0.58327781479014 0.675531914893617 0.5979347101932045 0.7332826747720365 0.608927381745503 0.7598784194528876
21 0.6439040639573618 0.7469604863221885 0.6538974017321786 0.7241641337386018 0.6605596269153897 0.6952887537993921 0.6578947368421053 0.6436170212765957 0.6499000666222519 0.60790273556231 0.6392405063291139 0.574468085106383 0.6225849433710859 0.5524316109422492 0.6125916055962691 0.5881458966565349 0.6125916055962691 0.6527355623100304 0.6245836109260493 0.7066869300911854
22 0.6892071952031978 0.6595744680851063 0.6832111925383078 0.6458966565349544 0.6595602931379081 0.6101823708206687 0.64290473017988 0.5790273556231003 0.6372418387741505 0.5638297872340425 0.6439040639573618 0.5364741641337386 0.6568954030646236 0.5235562310030395 0.6695536309127248 0.5121580547112462 0.6892071952031978 0.567629179331307 0.6998667554963358 0.6329787234042553 0.7105263157894737 0.6618541033434651 0.6948700866089274 0.6861702127659575
24 0.502998001332445 0.7712765957446809 0.5059960026648901 0.6572948328267477 0.5049966688874084 0.6238601823708206 0.4933377748167888 0.6170212765957447 0.4893404397068621 0.6527355623100304 0.4950033311125916 0.6907294832826748 0.4940039973351099 0.7492401215805471 0.4940039973351099 0.7917933130699089 0.4990006662225183 0.8047112462006079
25 0.4873417721518987 0.7803951367781155 0.4873417721518987 0.7196048632218845 0.4873417721518987 0.6778115501519757 0.48534310459693536 0.6375379939209727 0.47468354430379744 0.6170212765957447 0.463690872751499 0.6550151975683891 0.4696868754163891 0.7021276595744681 0.47468354430379744 0.7598784194528876 0.47734843437708196 0.8047112462006079
26 0.46002664890073286 0.8024316109422492 0.47168554297135246 0.7781155015197568 0.4706862091938708 0.708966565349544 0.46568954030646237 0.648176291793313 0.46568954030646237 0.6033434650455927 0.4530313124583611 0.601823708206687 0.45003331112591605 0.6413373860182371 0.45003331112591605 0.7044072948328267 0.4480346435709527 0.7621580547112462 0.45003331112591605 0.8092705167173252
27 0.4353764157228514 0.7872340425531915 0.44403730846102596 0.7492401215805471 0.44403730846102596 0.6664133738601824 0.44337108594270486 0.6147416413373861 0.4403730846102598 0.5972644376899696 0.4227181878747502 0.621580547112462 0.42571618920719523 0.6732522796352584 0.4283810792804797 0.7218844984802432 0.427381745502998 0.7644376899696048
28 0.4157228514323784 0.7621580547112462 0.41872085276482346 0.7424012158054711 0.42471685542971355 0.6930091185410334 0.43037974683544306 0.6329787234042553 0.42571618920719523 0.6033434650455927 0.4050632911392405 0.6147416413373861 0.4040639573617588 0.6664133738601824 0.40206528980679546 0.71580547112462 0.39706862091938705 0.7553191489361702
29 0.39040639573617586 0.7241641337386018 0.39506995336442374 0.6930091185410334 0.40706195869420386 0.628419452887538 0.41072618254497 0.5927051671732523 0.3934043970686209 0.5790273556231003 0.3814123917388408 0.5767477203647416 0.3737508327781479 0.6056231003039514 0.3687541638907395 0.6458966565349544 0.3627581612258494 0.6884498480243161 0.3570952698201199 0.7492401215805471 0.3737508327781479 0.7735562310030395
30 0.34143904063957364 0.6861702127659575 0.34710193204530315 0.6572948328267477 0.3697534976682212 0.574468085106383 0.37175216522318455 0.541033434650456 0.35009993337774814 0.5273556231003039 0.32944703530979347 0.5478723404255319 0.31878747501665555 0.6124620060790273 0.3167888074616922 0.6861702127659575 0.3257828114590273 0.6998480243161094