0 0.4777227722772277 0.5737082066869301 0.49045261669024043 0.5790273556231003 0.501060820367751 0.5775075987841946 0.5056577086280056 0.5737082066869301 0.5056577086280056 0.513677811550152 0.4975247524752475 0.3221884498480243 0.4752475247524752 0.32142857142857145 0.4752475247524752 0.47188449848024316 0.477015558698727 0.5440729483282675
1 0.4512022630834512 0.5326747720364742 0.45509193776520507 0.5615501519756839 0.4625176803394625 0.5737082066869301 0.46782178217821785 0.5653495440729484 0.4734794908062235 0.5516717325227963 0.477015558698727 0.5357142857142857 0.4801980198019802 0.5045592705167173 0.4766619519094767 0.3183890577507599 0.4582743988684583 0.31990881458966564 0.4519094766619519 0.439209726443769 0.4543847241867044 0.48936170212765956
2 0.4296322489391796 0.5113981762917933 0.4296322489391796 0.53419452887538 0.4335219236209335 0.5547112462006079 0.44130127298444133 0.5638297872340425 0.4487270155586987 0.5440729483282675 0.45685997171145687 0.5440729483282675 0.4639321074964639 0.5463525835866262 0.46463932107496464 0.5220364741641338 0.46463932107496464 0.4878419452887538 0.44377652050919375 0.3290273556231003 0.4253889674681754 0.3282674772036474 0.42468175388967466 0.439209726443769 0.42786421499292787 0.47188449848024316
3 0.4077086280056577 0.36322188449848025 0.40523338048090524 0.43617021276595747 0.40523338048090524 0.4878419452887538 0.402050919377652 0.5182370820668692 0.40594059405940597 0.5448328267477204 0.41089108910891087 0.5531914893617021 0.4147807637906648 0.5531914893617021 0.4253889674681754 0.5425531914893617 0.43033946251768035 0.541033434650456 0.4430693069306931 0.541033434650456 0.44695898161244696 0.5151975683890577 0.4405940594059406 0.47188449848024316 0.42468175388967466 0.2993920972644377 0.41089108910891087 0.30243161094224924
5 0.39710042432814713 0.5569908814589666 0.3826025459688826 0.5493920972644377 0.37376237623762376 0.5478723404255319 0.3649222065063649 0.5395136778115501 0.3617397454031117 0.5151975683890577 0.3649222065063649 0.4810030395136778 0.36916548797736914 0.4551671732522796 0.36103253182461104 0.33890577507598785 0.3917963224893918 0.3168693009118541 0.3988684582743989 0.32370820668693007 0.4084158415841584 0.32674772036474165 0.4084158415841584 0.3662613981762918 0.407001414427157 0.439209726443769 0.41089108910891087 0.4756838905775076 0.41654879773691655 0.4878419452887538 0.41725601131541723 0.5121580547112462 0.4101838755304102 0.5395136778115501
6 0.32956152758132956 0.5015197568389058 0.32425742574257427 0.49620060790273557 0.32001414427157 0.4825227963525836 0.3178925035360679 0.46808510638297873 0.32637906647807635 0.4430091185410334 0.3299151343705799 0.42325227963525835 0.33062234794908063 0.4027355623100304 0.32885431400282883 0.2978723404255319 0.3635077793493635 0.3100303951367781 0.3673974540311174 0.3373860182370821 0.3673974540311174 0.385258358662614 0.36527581329561526 0.418693009118541 0.3649222065063649 0.4270516717325228 0.37234794908062235 0.46200607902735563 0.3787128712871287 0.48936170212765956 0.37376237623762376 0.5098784194528876 0.3628005657708628 0.5220364741641338 0.3483026874115983 0.5220364741641338 0.33628005657708626 0.513677811550152
8 0.5106082036775106 0.5775075987841946 0.5265205091937766 0.5759878419452887 0.5353606789250354 0.5706686930091185 0.5396039603960396 0.5638297872340425 0.5396039603960396 0.541033434650456 0.5396039603960396 0.5045592705167173 0.5307637906647807 0.32142857142857145 0.5056577086280056 0.3290273556231003 0.5113154172560113 0.4703647416413374 0.5081329561527581 0.5440729483282675
10 0.5427864214992928 0.5440729483282675 0.5473833097595474 0.5600303951367781 0.5565770862800565 0.5775075987841946 0.5636492220650636 0.5752279635258358 0.5710749646393211 0.5448328267477204 0.5717821782178217 0.520516717325228 0.5693069306930693 0.4878419452887538 0.5636492220650636 0.3047112462006079 0.5364214992927864 0.32142857142857145 0.5427864214992928 0.4582066869300912
11 0.5661244695898161 0.513677811550152 0.5661244695898161 0.5372340425531915 0.5685997171145686 0.5493920972644377 0.5742574257425742 0.5493920972644377 0.5830975954738331 0.5569908814589666 0.5915841584158416 0.5585106382978723 0.6014851485148515 0.5562310030395137 0.6039603960396039 0.5167173252279635 0.6036067892503536 0.47188449848024316 0.6036067892503536 0.30927051671732525 0.5774398868458275 0.3290273556231003 0.5710749646393211 0.4946808510638298
12 0.6135077793493635 0.5547112462006079 0.6004243281471005 0.541033434650456 0.5975954738330976 0.5045592705167173 0.6046676096181046 0.29559270516717323 0.6269448373408769 0.3130699088145897 0.6287128712871287 0.45440729483282677 0.632956152758133 0.5 0.6318953323903819 0.5189969604863222 0.6269448373408769 0.5372340425531915 0.6212871287128713 0.5463525835866262
14 0.6817538896746818 0.5083586626139818 0.6722065063649222 0.506079027355623 0.6704384724186704 0.4810030395136778 0.6672560113154172 0.4338905775075988 0.6778642149929278 0.3009118541033435 0.7082743988684582 0.30319148936170215 0.713932107496464 0.35638297872340424 0.7082743988684582 0.44072948328267475 0.713932107496464 0.47720364741641336 0.7157001414427157 0.4870820668693009 0.7065063649222065 0.49620060790273557 0.693069306930693 0.5113981762917933
16 0.5017680339462518 0.6033434650455927 0.5187411598302687 0.601823708206687 0.5353606789250354 0.7849544072948328 0.512022630834512 0.7879939209726444
17 0.516973125884017 0.6063829787234043 0.5212164073550212 0.5942249240121581 0.5357142857142857 0.5949848024316109 0.5442008486562943 0.601063829787234 0.5477369165487977 0.6360182370820668 0.5548090523338048 0.7986322188449848 0.5396039603960396 0.8100303951367781
18 0.5505657708628006 0.6702127659574468 0.5427864214992928 0.6322188449848024 0.5484441301272984 0.5942249240121581 0.5622347949080623 0.5942249240121581 0.5668316831683168 0.6033434650455927 0.5693069306930693 0.6565349544072948 0.5830975954738331 0.797112462006079 0.5774398868458275 0.8039513677811551 0.5622347949080623 0.797112462006079
19 0.5770862800565771 0.6808510638297872 0.5693069306930693 0.6550151975683891 0.5650636492220651 0.6291793313069909 0.5636492220650636 0.5980243161094225 0.5724893917963225 0.5820668693009119 0.5901697312588402 0.5927051671732523 0.5975954738330976 0.6185410334346505 0.5975954738330976 0.6945288753799392 0.6039603960396039 0.8016717325227963 0.5926449787835927 0.8039513677811551
20 0.611032531824611 0.708966565349544 0.6036067892503536 0.6565349544072948 0.5965346534653465 0.6238601823708206 0.5887553041018387 0.5911854103343465 0.5876944837340877 0.5737082066869301 0.6004243281471005 0.5691489361702128 0.6124469589816125 0.5752279635258358 0.6191654879773691 0.601823708206687 0.6287128712871287 0.6793313069908815 0.6471004243281471 0.7864741641337386 0.6318953323903819 0.8016717325227963
21 0.6343705799151343 0.6876899696048632 0.6255304101838756 0.6291793313069909 0.6205799151343706 0.6185410334346505 0.615983026874116 0.5980243161094225 0.6103253182461104 0.5790273556231003 0.6103253182461104 0.5706686930091185 0.6230551626591231 0.5653495440729484 0.6326025459688827 0.5547112462006079 0.6456859971711457 0.5493920972644377 0.655940594059406 0.5562310030395137 0.6626591230551626 0.5881458966565349 0.6647807637906648 0.6375379939209727 0.7026166902404526 0.7393617021276596 0.6842291371994342 0.7849544072948328 0.6513437057991514 0.7378419452887538
22 0.6817538896746818 0.6512158054711246 0.6683168316831684 0.6132218844984803 0.6608910891089109 0.5896656534954408 0.6534653465346535 0.5737082066869301 0.6495756718528995 0.5531914893617021 0.6478076379066479 0.5372340425531915 0.655940594059406 0.5235562310030395 0.6711456859971712 0.5288753799392097 0.6803394625176803 0.5493920972644377 0.6913012729844413 0.5478723404255319 0.6962517680339463 0.5288753799392097 0.71004243281471 0.5896656534954408 0.7454031117397454 0.6656534954407295 0.7195898161244696 0.7036474164133738 0.6905940594059405 0.6740121580547113
24 0.4847949080622348 0.601823708206687 0.5031824611032532 0.5942249240121581 0.5074257425742574 0.6633738601823708 0.5123762376237624 0.817629179331307 0.4975247524752475 0.8221884498480243
25 0.46782178217821785 0.6306990881458967 0.46782178217821785 0.5911854103343465 0.4752475247524752 0.587386018237082 0.48974540311173975 0.6033434650455927 0.4886845827439887 0.6709726443768997 0.4961103253182461 0.8290273556231003 0.477015558698727 0.8221884498480243 0.46782178217821785 0.6808510638297872
26 0.4448373408769448 0.6793313069908815 0.4405940594059406 0.6276595744680851 0.4430693069306931 0.5911854103343465 0.45509193776520507 0.5843465045592705 0.46463932107496464 0.6086626139817629 0.4681753889674682 0.6223404255319149 0.47277227722772275 0.7256838905775076 0.47206506364922207 0.8419452887537994 0.46004243281471 0.8381458966565349
27 0.4328147100424328 0.8001519756838906 0.4296322489391796 0.7446808510638298 0.43033946251768035 0.6770516717325228 0.42609618104667607 0.6466565349544073 0.423974540311174 0.6253799392097265 0.42609618104667607 0.5927051671732523 0.43033946251768035 0.5775075987841946 0.4519094766619519 0.5790273556231003 0.46216407355021216 0.5942249240121581 0.4657001414427157 0.6268996960486323 0.4543847241867044 0.6808510638297872 0.45014144271570017 0.7948328267477204 0.44695898161244696 0.8396656534954408 0.4335219236209335 0.8259878419452887
28 0.3925035360678925 0.8138297872340425 0.39745403111739747 0.7553191489361702 0.3988684582743989 0.708966565349544 0.3988684582743989 0.6603343465045592 0.39745403111739747 0.6322188449848024 0.39745403111739747 0.6086626139817629 0.4062942008486563 0.5691489361702128 0.42043847241867044 0.5691489361702128 0.4328147100424328 0.5820668693009119 0.43564356435643564 0.6238601823708206 0.42609618104667607 0.6793313069908815 0.4140735502121641 0.8259878419452887
30 0.3065770862800566 0.7173252279635258 0.336987270155587 0.6724924012158054 0.3603253182461103 0.6390577507598785 0.37234794908062235 0.6101823708206687 0.38189533239038187 0.5585106382978723 0.35537482319660535 0.5303951367781155 0.3412305516265912 0.5258358662613982 0.32814710042432815 0.5600303951367781 0.3231966053748232 0.5691489361702128 0.28005657708628007 0.6512158054711246