0 0.46124567474048445 0.5455927051671733 0.5013840830449827 0.5319148936170213 0.4972318339100346 0.29635258358662614 0.4757785467128028 0.29635258358662614 0.46124567474048445 0.4703647416413374 0.4598615916955017 0.5159574468085106
1 0.44844290657439445 0.5501519756838906 0.4657439446366782 0.49848024316109424 0.4764705882352941 0.30243161094224924 0.46366782006920415 0.303951367781155 0.4387543252595156 0.44832826747720367 0.4356401384083045 0.5015197568389058 0.4401384083044983 0.5319148936170213
2 0.41141868512110724 0.5425531914893617 0.4314878892733564 0.5600303951367781 0.4477508650519031 0.5334346504559271 0.4408304498269896 0.4764437689969605 0.42802768166089966 0.3290273556231003 0.4100346020761246 0.34498480243161095 0.4141868512110727 0.4939209726443769 0.4121107266435986 0.5334346504559271
3 0.39307958477508653 0.5737082066869301 0.42006920415224913 0.5820668693009119 0.428719723183391 0.5296352583586627 0.4013840830449827 0.34194528875379937 0.3809688581314879 0.36246200607902734 0.39377162629757784 0.48632218844984804 0.3899653979238754 0.5547112462006079
4 0.372318339100346 0.5987841945288754 0.39134948096885813 0.6117021276595744 0.4051903114186851 0.5987841945288754 0.40380622837370245 0.567629179331307 0.3764705882352941 0.371580547112462 0.36020761245674743 0.3844984802431611 0.370242214532872 0.5174772036474165 0.3685121107266436 0.5691489361702128
5 0.3394463667820069 0.6238601823708206 0.34878892733564015 0.6193009118541033 0.35813148788927335 0.6253799392097265 0.37577854671280275 0.6063829787234043 0.37785467128027683 0.5630699088145896 0.3657439446366782 0.5250759878419453 0.3657439446366782 0.48328267477203646 0.34013840830449826 0.3844984802431611 0.31314878892733566 0.41109422492401215 0.3214532871972318 0.5045592705167173 0.33148788927335643 0.5455927051671733 0.3273356401384083 0.5866261398176292
6 0.28961937716262975 0.6367781155015197 0.3107266435986159 0.6428571428571429 0.3352941176470588 0.6147416413373861 0.32802768166089963 0.5531914893617021 0.3214532871972318 0.45592705167173253 0.29930795847750863 0.3731003039513678 0.2643598615916955 0.4217325227963526 0.28961937716262975 0.5379939209726444 0.28961937716262975 0.5615501519756839 0.2816608996539792 0.5782674772036475 0.28512110726643597 0.628419452887538
8 0.5013840830449827 0.5349544072948328 0.5422145328719723 0.541033434650456 0.5391003460207613 0.4673252279635258 0.5321799307958478 0.30623100303951367 0.5176470588235295 0.3009118541033435 0.504152249134948 0.44680851063829785 0.4986159169550173 0.49848024316109424
9 0.5370242214532872 0.520516717325228 0.556401384083045 0.5455927051671733 0.5619377162629757 0.541033434650456 0.5678200692041523 0.49240121580547114 0.5640138408304498 0.4095744680851064 0.5498269896193771 0.2933130699088146 0.5356401384083045 0.30243161094224924 0.5370242214532872 0.47796352583586627
10 0.5605536332179931 0.5395136778115501 0.5705882352941176 0.5615501519756839 0.5847750865051903 0.5585106382978723 0.5948096885813149 0.5395136778115501 0.5934256055363322 0.5113981762917933 0.5920415224913494 0.4065349544072948 0.5982698961937716 0.34194528875379937 0.5854671280276816 0.3343465045592705 0.5692041522491349 0.40805471124620063 0.5650519031141868 0.4749240121580547 0.5591695501730104 0.5030395136778115
11 0.5892733564013841 0.5630699088145896 0.6006920415224913 0.5585106382978723 0.6103806228373703 0.567629179331307 0.6228373702422145 0.5501519756838906 0.6204152249134948 0.5083586626139818 0.6190311418685122 0.4734042553191489 0.629757785467128 0.3434650455927052 0.6041522491349481 0.34194528875379937 0.5875432525951557 0.4582066869300912 0.5813148788927336 0.49544072948328266 0.5785467128027681 0.5311550151975684 0.586159169550173 0.5585106382978723
13 0.6235294117647059 0.5455927051671733 0.642560553633218 0.4749240121580547 0.658477508650519 0.3890577507598784 0.6975778546712803 0.4027355623100304 0.6802768166089965 0.5 0.6747404844290658 0.5159574468085106 0.6761245674740485 0.5562310030395137 0.6705882352941176 0.5911854103343465 0.6591695501730104 0.6063829787234043 0.6235294117647059 0.5752279635258358
14 0.6698961937716263 0.5927051671732523 0.6768166089965398 0.60790273556231 0.7089965397923875 0.6162613981762918 0.7217993079584775 0.5752279635258358 0.7190311418685121 0.5220364741641338 0.742560553633218 0.4156534954407295 0.7325259515570934 0.3905775075987842 0.7048442906574395 0.38145896656534956 0.6910034602076125 0.439209726443769 0.6813148788927336 0.5129179331306991 0.6705882352941176 0.5531914893617021
16 0.5034602076124568 0.5706686930091185 0.5290657439446367 0.567629179331307 0.5086505190311419 0.7917933130699089 0.49480968858131485 0.7963525835866262
17 0.5269896193771626 0.5569908814589666 0.5536332179930796 0.5706686930091185 0.5363321799307958 0.7933130699088146 0.5200692041522491 0.7887537993920972
18 0.5498269896193771 0.5721884498480243 0.5657439446366782 0.5752279635258358 0.5799307958477509 0.6337386018237082 0.5719723183391003 0.8153495440729484 0.5491349480968858 0.8183890577507599 0.5449826989619377 0.60790273556231
19 0.5692041522491349 0.6033434650455927 0.5882352941176471 0.5767477203647416 0.6048442906574395 0.5957446808510638 0.6076124567474048 0.6474164133738601 0.6041522491349481 0.6648936170212766 0.5996539792387543 0.8465045592705167 0.5847750865051903 0.8449848024316109 0.5733564013840831 0.6534954407294833
20 0.5996539792387543 0.6048632218844985 0.6089965397923875 0.5851063829787234 0.6228373702422145 0.5835866261398176 0.6342560553633217 0.5987841945288754 0.6356401384083045 0.6299392097264438 0.6332179930795848 0.6580547112462006 0.6276816608996539 0.7401215805471124 0.6339100346020762 0.8320668693009119 0.6169550173010381 0.8449848024316109 0.6048442906574395 0.6945288753799392 0.6027681660899654 0.6519756838905775 0.596885813148789 0.6223404255319149
21 0.6304498269896194 0.6101823708206687 0.6456747404844291 0.601823708206687 0.6833910034602076 0.6162613981762918 0.6875432525951557 0.6428571428571429 0.6806228373702422 0.6899696048632219 0.6889273356401384 0.837386018237082 0.6591695501730104 0.8541033434650456 0.6391003460207613 0.7727963525835866 0.6339100346020762 0.6816109422492401 0.6262975778546713 0.6519756838905775 0.62560553633218 0.6268996960486323
22 0.6775086505190312 0.6314589665653495 0.6916955017301039 0.6162613981762918 0.7076124567474048 0.6208206686930091 0.7217993079584775 0.6162613981762918 0.729757785467128 0.6337386018237082 0.7339100346020762 0.675531914893617 0.7352941176470589 0.743161094224924 0.7460207612456747 0.8449848024316109 0.7083044982698962 0.8685410334346505 0.7003460207612456 0.8085106382978723 0.6826989619377163 0.6945288753799392 0.6740484429065744 0.6664133738601824
23 0.729757785467128 0.7386018237082067 0.7311418685121107 0.7036474164133738 0.7318339100346021 0.6854103343465046 0.7418685121107267 0.6588145896656535 0.7560553633217993 0.6740121580547113 0.815916955017301 0.756838905775076 0.8083044982698961 0.8009118541033434 0.7588235294117647 0.7803951367781155 0.7325259515570934 0.7651975683890577
24 0.47612456747404847 0.567629179331307 0.5058823529411764 0.5600303951367781 0.4975778546712803 0.8024316109422492 0.48823529411764705 0.7978723404255319
25 0.45467128027681664 0.5752279635258358 0.47889273356401385 0.567629179331307 0.4844290657439446 0.6474164133738601 0.48823529411764705 0.8229483282674772 0.4795847750865052 0.8275075987841946 0.4532871972318339 0.6208206686930091
26 0.43737024221453286 0.5896656534954408 0.44878892733564013 0.581306990881459 0.45951557093425605 0.5866261398176292 0.46332179930795847 0.6474164133738601 0.4754325259515571 0.8320668693009119 0.4581314878892734 0.837386018237082 0.4366782006920415 0.7006079027355623 0.43529411764705883 0.6314589665653495
27 0.4076124567474048 0.6238601823708206 0.41695501730103807 0.5896656534954408 0.44186851211072664 0.6162613981762918 0.442560553633218 0.6534954407294833 0.44186851211072664 0.8495440729483282 0.4190311418685121 0.8404255319148937 0.4124567474048443 0.6884498480243161 0.40622837370242215 0.6382978723404256
28 0.3968858131487889 0.6413373860182371 0.41453287197231836 0.6177811550151976 0.42179930795847753 0.6101823708206687 0.43044982698961937 0.6337386018237082 0.442560553633218 0.6367781155015197 0.44186851211072664 0.6831306990881459 0.42664359861591694 0.7135258358662614 0.3961937716262976 0.8700607902735562 0.3847750865051903 0.8685410334346505
29 0.35397923875432524 0.6329787234042553 0.3813148788927336 0.6238601823708206 0.4055363321799308 0.6458966565349544 0.4110726643598616 0.675531914893617 0.3968858131487889 0.7241641337386018 0.37612456747404843 0.8700607902735562 0.3391003460207612 0.8639817629179332 0.3505190311418685 0.7150455927051672 0.3484429065743945 0.6618541033434651
30 0.30761245674740484 0.6428571428571429 0.33183391003460205 0.6367781155015197 0.357439446366782 0.6474164133738601 0.3567474048442907 0.7066869300911854 0.35121107266435986 0.7272036474164134 0.3304498269896194 0.8700607902735562 0.30207612456747407 0.8624620060790273 0.30069204152249135 0.7120060790273556 0.2996539792387543 0.6899696048632219