0 0.47880299251870323 0.49848024316109424 0.5108656929105807 0.48404255319148937 0.507659422871393 0.3981762917933131 0.48094050587816173 0.1838905775075988 0.4527965799786249 0.196048632218845 0.4720342002137513 0.4088145896656535 0.46740292126825794 0.4566869300911854
1 0.4431777698610616 0.4703647416413374 0.4592091200570004 0.4810030395136778 0.47060919130744566 0.47188449848024316 0.4713216957605985 0.44832826747720367 0.4666904168151051 0.4034954407294833 0.4560028500178126 0.26975683890577506 0.4389027431421446 0.2066869300911854 0.4221588884930531 0.22872340425531915 0.4367652297826861 0.3586626139817629
2 0.3993587459921625 0.46504559270516715 0.41895261845386533 0.5015197568389058 0.43640897755610975 0.4726443768996961 0.4317776986106163 0.41033434650455924 0.4324902030637692 0.3533434650455927 0.40648379052369077 0.17553191489361702 0.3847524047025294 0.196048632218845 0.39686498040612755 0.31534954407294835 0.4007837548984681 0.40805471124620063
3 0.3694335589597435 0.4878419452887538 0.39045244032775206 0.493161094224924 0.4007837548984681 0.4878419452887538 0.40434627716423227 0.4635258358662614 0.4025650160313502 0.4278115501519757 0.39686498040612755 0.39969604863221886 0.3740648379052369 0.19984802431610943 0.35482721767011044 0.22036474164133737 0.3694335589597435 0.425531914893617 0.3662272889205557 0.46504559270516715
4 0.3473459209120057 0.5015197568389058 0.3719273245457784 0.506838905775076 0.3740648379052369 0.479483282674772 0.3740648379052369 0.44072948328267475 0.34200213751335945 0.23708206686930092 0.3209832561453509 0.2629179331306991 0.3402208763804774 0.44832826747720367 0.341645885286783 0.4825227963525836
5 0.3060206626291414 0.5258358662613982 0.3434271464196651 0.513677811550152 0.3491271820448878 0.4878419452887538 0.3359458496615604 0.4270516717325228 0.3338083363021019 0.3700607902735562 0.30032062700391876 0.22720364741641338 0.2707516921980762 0.2735562310030395 0.29070181688635555 0.39969604863221886 0.2988956180976131 0.41717325227963525 0.29390808692554327 0.4908814589665654
6 0.26647666547915927 0.5379939209726444 0.29568934805842534 0.5220364741641338 0.3006768792304952 0.5083586626139818 0.29747060919130747 0.45972644376899696 0.286783042394015 0.43237082066869303 0.2850017812611329 0.38753799392097266 0.2543640897755611 0.2393617021276596 0.2141075881724261 0.2826747720364742 0.25115781973637336 0.46580547112462006 0.24474527965799786 0.5106382978723404 0.2557890986818668 0.53419452887538
8 0.5151407196294977 0.48936170212765956 0.5475596722479515 0.4878419452887538 0.5514784467402921 0.43617021276595747 0.543640897755611 0.38753799392097266 0.543640897755611 0.33890577507598785 0.543640897755611 0.2978723404255319 0.5514784467402921 0.22872340425531915 0.524759529747061 0.22036474164133737 0.5112219451371571 0.31534954407294835 0.5112219451371571 0.41185410334346506 0.5080156750979694 0.43617021276595747 0.5087281795511222 0.4810030395136778
9 0.552190951193445 0.4787234042553192 0.5764161026006412 0.4726443768996961 0.5767723548272177 0.43465045592705165 0.5767723548272177 0.3791793313069909 0.5774848592803705 0.22340425531914893 0.553972212326327 0.23860182370820668 0.5475596722479515 0.3548632218844985 0.5468471677947987 0.4278115501519757
10 0.5789098681866761 0.4703647416413374 0.5935162094763092 0.49772036474164133 0.6106163163519772 0.4726443768996961 0.6123975774848592 0.4156534954407295 0.6163163519771998 0.2613981762917933 0.6259351620947631 0.196048632218845 0.6049162807267545 0.1838905775075988 0.583897399358746 0.29103343465045595 0.5799786248664054 0.38753799392097266 0.5781973637335234 0.4338905775075988
11 0.6017100106875668 0.4582066869300912 0.6059850374064838 0.4908814589665654 0.6270039187744924 0.49620060790273557 0.6373352333452084 0.48936170212765956 0.6380477377983612 0.43465045592705165 0.660135375846099 0.24772036474164133 0.6380477377983612 0.23252279635258358 0.6148913430708942 0.39285714285714285 0.6034912718204489 0.43617021276595747
12 0.6298539365871036 0.4787234042553192 0.6355539722123263 0.5106382978723404 0.6622728892055575 0.5083586626139818 0.6683291770573566 0.4551671732522796 0.6946918418240114 0.23252279635258358 0.6697541859636623 0.23708206686930092 0.6476665479159245 0.3290273556231003 0.6355539722123263 0.425531914893617 0.6277164232276452 0.4566869300911854
13 0.6608478802992519 0.49620060790273557 0.6633416458852868 0.5258358662613982 0.6811542572141076 0.5258358662613982 0.7021731385821162 0.5311550151975684 0.7092981831136445 0.520516717325228 0.7103669397933737 0.4878419452887538 0.71571072319202 0.439209726443769 0.7335233345208407 0.33966565349544076 0.7399358745992163 0.28419452887537994 0.700391877449234 0.2629179331306991 0.6811542572141076 0.3343465045592705 0.6743854649091556 0.41033434650455924 0.6736729604560029 0.425531914893617 0.6626291414321339 0.46200607902735563
14 0.7078731742073388 0.5296352583586627 0.7206982543640897 0.5433130699088146 0.7424296401852511 0.53419452887538 0.7481296758104738 0.5433130699088146 0.7613110081938013 0.513677811550152 0.7634485215532597 0.4308510638297872 0.7702173138582116 0.3791793313069909 0.7727110794442466 0.2682370820668693 0.7424296401852511 0.2682370820668693 0.7328108300676879 0.3586626139817629 0.7256857855361596 0.425531914893617 0.7085856786604916 0.4787234042553192 0.707160669754186 0.506838905775076
16 0.5087281795511222 0.513677811550152 0.5322408265051657 0.513677811550152 0.5343783398646241 0.5600303951367781 0.5322408265051657 0.7781155015197568 0.5158532240826506 0.7796352583586627
17 0.5347345920912006 0.5098784194528876 0.5468471677947987 0.5053191489361702 0.5603847524047025 0.5174772036474165 0.5578909868186677 0.5790273556231003 0.5586034912718204 0.8039513677811551 0.5379408621303883 0.8001519756838906 0.5343783398646241 0.5858662613981763
18 0.5610972568578554 0.5174772036474165 0.5774848592803705 0.49620060790273557 0.5910224438902744 0.5395136778115501 0.5935162094763092 0.6550151975683891 0.588172426077663 0.8366261398176292 0.5675097969362308 0.8351063829787234
19 0.5992162451015319 0.5448328267477204 0.6156038475240471 0.5258358662613982 0.6316351977199858 0.5585106382978723 0.6298539365871036 0.6048632218844985 0.6074100463127895 0.8366261398176292 0.588172426077663 0.8259878419452887 0.596722479515497 0.6914893617021277 0.600997506234414 0.6117021276595744 0.5985037406483791 0.5668693009118541
20 0.6277164232276452 0.5478723404255319 0.6448165301033132 0.5417933130699089 0.6594228713929462 0.5585106382978723 0.6569291058069113 0.6071428571428571 0.6487353045956538 0.8267477203647416 0.6316351977199858 0.8191489361702128 0.6277164232276452 0.6641337386018237
21 0.6569291058069113 0.5554711246200608 0.6583541147132169 0.5501519756838906 0.6697541859636623 0.5486322188449848 0.6971856074100463 0.5638297872340425 0.7100106875667973 0.5949848024316109 0.7117919486996793 0.6291793313069909 0.704666904168151 0.6398176291793313 0.7135732098325615 0.8191489361702128 0.6754542215888849 0.8259878419452887 0.6622728892055575 0.7575987841945289 0.660135375846099 0.6603343465045592 0.6583541147132169 0.6238601823708206 0.6551478446740292 0.5896656534954408
22 0.7068044175276096 0.574468085106383 0.7214107588172426 0.5547112462006079 0.7424296401852511 0.5486322188449848 0.7556109725685786 0.5486322188449848 0.7666547915924474 0.5949848024316109 0.7605985037406484 0.6550151975683891 0.7723548272176701 0.8191489361702128 0.7385108656929106 0.8229483282674772 0.71571072319202 0.7196048632218845 0.7125044531528322 0.6550151975683891 0.7060919130744567 0.6056231003039514
23 0.7595297470609191 0.6534954407294833 0.7652297826861418 0.6033434650455927 0.7848236551478447 0.5866261398176292 0.8008550053437834 0.6170212765957447 0.809048806555041 0.6534954407294833 0.8453865336658354 0.7211246200607903 0.8379052369077307 0.7553191489361702 0.7905236907730673 0.7310030395136778 0.7848236551478447 0.7135258358662614 0.7670110438190239 0.7006079027355623 0.757748485928037 0.6876899696048632
24 0.4859280370502316 0.5220364741641338 0.509440684004275 0.520516717325228 0.509440684004275 0.5927051671732523 0.5037406483790524 0.7796352583586627 0.4845030281439259 0.7644376899696048
25 0.4577841111506947 0.5258358662613982 0.46740292126825794 0.5121580547112462 0.4859280370502316 0.5227963525835866 0.4845030281439259 0.5987841945288754 0.48094050587816173 0.8024316109422492 0.46419665122907017 0.8016717325227963
26 0.420377627360171 0.5501519756838906 0.42857142857142855 0.513677811550152 0.4381902386889918 0.513677811550152 0.4552903455646598 0.5433130699088146 0.4552903455646598 0.7310030395136778 0.464909155682223 0.8206686930091185 0.4431777698610616 0.8404255319148937 0.4228713929462059 0.7279635258358662
27 0.375846099038119 0.5501519756838906 0.39258995368721056 0.5258358662613982 0.416102600641254 0.5554711246200608 0.41075881724260777 0.6048632218844985 0.43106519415746347 0.831306990881459 0.4007837548984681 0.8434650455927052
28 0.34841467759173494 0.5501519756838906 0.3605272532953331 0.5364741641337386 0.3872461702885643 0.5547112462006079 0.3854649091556822 0.5987841945288754 0.37976487353045957 0.6519756838905775 0.37976487353045957 0.8351063829787234 0.35732098325614536 0.8366261398176292 0.35055219095119344 0.6117021276595744
29 0.3053081581759886 0.5554711246200608 0.31207695048094053 0.5547112462006079 0.3273957962237264 0.5501519756838906 0.33701460634128966 0.5364741641337386 0.35055219095119344 0.5547112462006079 0.35304595653722837 0.5965045592705167 0.3477021731385821 0.6451367781155015 0.35304595653722837 0.8472644376899696 0.29070181688635555 0.8024316109422492 0.29960812255076597 0.7484802431610942 0.30388314926968296 0.6344984802431611 0.29747060919130747 0.6276595744680851 0.2988956180976131 0.5987841945288754 0.30138938368364804 0.5691489361702128
30 0.24866405415033843 0.5638297872340425 0.25757035981474885 0.5486322188449848 0.27467046669041684 0.5547112462006079 0.2860705379408621 0.5486322188449848 0.30637691485571783 0.567629179331307 0.30210188813680083 0.6193009118541033 0.2803705023156395 0.8351063829787234 0.2415390096188101 0.8214285714285714 0.24723904524403278 0.7006079027355623 0.2504453152832205 0.6382978723404256 0.2479515496971856 0.6056231003039514
31 0.20021375133594585 0.574468085106383 0.2098325614535091 0.560790273556231 0.22301389383683648 0.5721884498480243 0.23583897399358747 0.5569908814589666 0.24617028856430354 0.5569908814589666 0.25115781973637336 0.5843465045592705 0.25115781973637336 0.6155015197568389 0.2504453152832205 0.6808510638297872 0.2276451727823299 0.7416413373860182 0.1902386889918062 0.7006079027355623 0.20235126469540435 0.6382978723404256