8 0.4981751824817518 0.3472644376899696 0.48905109489051096 0.506838905775076 0.49014598540145987 0.5311550151975684 0.5127737226277372 0.541033434650456 0.5182481751824818 0.5273556231003039 0.5145985401459854 0.3434650455927052
9 0.5182481751824818 0.34498480243161095 0.5394160583941606 0.34498480243161095 0.5430656934306569 0.4969604863221885 0.5412408759124088 0.5387537993920972 0.5175182481751824 0.5372340425531915 0.5175182481751824 0.46504559270516715
10 0.5474452554744526 0.3525835866261398 0.5583941605839416 0.3282674772036474 0.5722627737226277 0.3282674772036474 0.5777372262773722 0.37537993920972645 0.572992700729927 0.5349544072948328 0.5620437956204379 0.5425531914893617 0.5430656934306569 0.5311550151975684 0.541970802919708 0.4817629179331307
11 0.5802919708029197 0.34498480243161095 0.6032846715328467 0.3487841945288754 0.6069343065693431 0.5121580547112462 0.6021897810218978 0.5387537993920972 0.5923357664233576 0.5463525835866262 0.5777372262773722 0.5106382978723404
12 0.6076642335766423 0.3434650455927052 0.6251824817518248 0.34498480243161095 0.6332116788321168 0.45896656534954405 0.637956204379562 0.5197568389057751 0.6251824817518248 0.5463525835866262 0.6076642335766423 0.5349544072948328
13 0.637956204379562 0.35106382978723405 0.668978102189781 0.35106382978723405 0.6879562043795621 0.5159574468085106 0.677007299270073 0.5349544072948328 0.6361313868613139 0.5349544072948328 0.6313868613138686 0.4969604863221885
14 0.6835766423357664 0.34498480243161095 0.7145985401459855 0.324468085106383 0.7255474452554744 0.3890577507598784 0.7354014598540146 0.493161094224924 0.7237226277372263 0.5144376899696048 0.6970802919708029 0.5273556231003039 0.6854014598540146 0.5030395136778115
0 0.46094890510948905 0.32598784194528874 0.47737226277372263 0.3282674772036474 0.48905109489051096 0.5220364741641338 0.48175182481751827 0.541033434650456 0.46167883211678834 0.5387537993920972 0.458029197080292 0.5296352583586627
1 0.4397810218978102 0.32978723404255317 0.4554744525547445 0.33358662613981765 0.4591240875912409 0.5349544072948328 0.4489051094890511 0.541033434650456 0.4324817518248175 0.5311550151975684 0.4324817518248175 0.5083586626139818
2 0.4051094890510949 0.33206686930091184 0.4233576642335766 0.33206686930091184 0.43540145985401457 0.5182370820668692 0.4251824817518248 0.541033434650456 0.41897810218978104 0.5448328267477204 0.4032846715328467 0.5159574468085106 0.40072992700729926 0.47796352583586627
3 0.3788321167883212 0.3411854103343465 0.39963503649635035 0.3411854103343465 0.40255474452554746 0.5121580547112462 0.39416058394160586 0.5197568389057751 0.39233576642335766 0.5372340425531915 0.3788321167883212 0.5349544072948328 0.377007299270073 0.5182370820668692
4 0.35766423357664234 0.3373860182370821 0.377007299270073 0.3373860182370821 0.3777372262773723 0.5182370820668692 0.3624087591240876 0.5372340425531915 0.345985401459854 0.5182370820668692 0.345985401459854 0.4817629179331307
5 0.3094890510948905 0.32598784194528874 0.3375912408759124 0.32598784194528874 0.34963503649635036 0.493161094224924 0.34306569343065696 0.5273556231003039 0.30036496350364966 0.5182370820668692 0.29854014598540146 0.48936170212765956
6 0.27664233576642333 0.32598784194528874 0.30036496350364966 0.32598784194528874 0.3029197080291971 0.4969604863221885 0.28029197080291973 0.5258358662613982 0.2510948905109489 0.48556231003039513 0.25547445255474455 0.4399696048632219
16 0.4981751824817518 0.5638297872340425 0.5138686131386861 0.5600303951367781 0.5175182481751824 0.7781155015197568 0.5072992700729927 0.7781155015197568 0.5 0.6816109422492401 0.49744525547445256 0.6223404255319149
17 0.5145985401459854 0.5539513677811551 0.5328467153284672 0.5562310030395137 0.5328467153284672 0.6375379939209727 0.5339416058394161 0.7879939209726444 0.522992700729927 0.7879939209726444 0.5138686131386861 0.6702127659574468
18 0.5302919708029197 0.5562310030395137 0.5613138686131387 0.5600303951367781 0.5638686131386861 0.6147416413373861 0.5638686131386861 0.8161094224924013 0.5437956204379562 0.8047112462006079 0.5328467153284672 0.6778115501519757
19 0.5583941605839416 0.5790273556231003 0.5766423357664233 0.5653495440729484 0.5894160583941606 0.5805471124620061 0.593065693430657 0.6132218844984803 0.6021897810218978 0.8237082066869301 0.5722627737226277 0.8237082066869301 0.5638686131386861 0.6740121580547113
20 0.5886861313868613 0.5805471124620061 0.6003649635036497 0.5638297872340425 0.6178832116788321 0.5805471124620061 0.6233576642335766 0.6094224924012158 0.6343065693430657 0.8047112462006079 0.6324817518248175 0.8237082066869301 0.6178832116788321 0.8221884498480243 0.5985401459854015 0.7196048632218845 0.5868613138686132 0.6185410334346505
21 0.6124087591240875 0.567629179331307 0.6678832116788321 0.5562310030395137 0.6762773722627737 0.662613981762918 0.698905109489051 0.7879939209726444 0.6423357664233577 0.8145896656534954 0.6277372262773723 0.7006079027355623
22 0.6653284671532846 0.5539513677811551 0.7116788321167883 0.5372340425531915 0.7218978102189781 0.5790273556231003 0.762043795620438 0.770516717325228 0.7072992700729926 0.7955927051671733 0.6708029197080292 0.6261398176291794
23 0.710948905109489 0.5334346504559271 0.7182481751824817 0.5197568389057751 0.7354014598540146 0.5197568389057751 0.7510948905109489 0.49544072948328266 0.7664233576642335 0.5106382978723404 0.8065693430656934 0.675531914893617 0.7821167883211679 0.7386018237082067 0.7554744525547445 0.7082066869300911 0.7208029197080292 0.5919452887537994
24 0.4835766423357664 0.5577507598784195 0.4981751824817518 0.5577507598784195 0.5036496350364964 0.7955927051671733 0.49014598540145987 0.7895136778115501 0.4854014598540146 0.6945288753799392 0.47992700729927007 0.6208206686930091
25 0.4591240875912409 0.5539513677811551 0.4645985401459854 0.5463525835866262 0.4828467153284672 0.5562310030395137 0.481021897810219 0.6436170212765957 0.48832116788321167 0.7819148936170213 0.46824817518248174 0.7743161094224924 0.4664233576642336 0.6740121580547113
26 0.4324817518248175 0.5752279635258358 0.439051094890511 0.5387537993920972 0.458029197080292 0.5524316109422492 0.46824817518248174 0.689209726443769 0.4635036496350365 0.8085106382978723 0.4416058394160584 0.8145896656534954 0.4306569343065693 0.6527355623100304
27 0.4032846715328467 0.5752279635258358 0.41715328467153284 0.5600303951367781 0.43540145985401457 0.5866261398176292 0.42883211678832117 0.8047112462006079 0.4062043795620438 0.7917933130699089 0.40145985401459855 0.6664133738601824
28 0.3740875912408759 0.5866261398176292 0.3897810218978102 0.5691489361702128 0.4043795620437956 0.5866261398176292 0.4062043795620438 0.6185410334346505 0.39416058394160586 0.831306990881459 0.3686131386861314 0.831306990881459 0.36496350364963503 0.7743161094224924 0.3686131386861314 0.6223404255319149
29 0.32956204379562043 0.5615501519756839 0.38248175182481753 0.5691489361702128 0.3861313868613139 0.5995440729483282 0.35693430656934305 0.8335866261398176 0.29854014598540146 0.7781155015197568 0.3083941605839416 0.7059270516717325 0.3277372262773723 0.6223404255319149
30 0.28284671532846717 0.5486322188449848 0.30036496350364966 0.5448328267477204 0.33211678832116787 0.5638297872340425 0.33211678832116787 0.6056231003039514 0.28284671532846717 0.797112462006079 0.24379562043795622 0.770516717325228 0.23467153284671532 0.7196048632218845 0.26277372262773724 0.6261398176291794
31 0.2364963503649635 0.5007598784194529 0.2518248175182482 0.493161094224924 0.28832116788321166 0.5273556231003039 0.28029197080291973 0.5843465045592705 0.22189781021897811 0.7401215805471124 0.1854014598540146 0.648936170212766 0.20182481751824818 0.5805471124620061