0 0.4669744318181818 0.45440729483282677 0.4627130681818182 0.49848024316109424 0.46448863636363635 0.5288753799392097 0.48188920454545453 0.541033434650456 0.5074573863636364 0.53419452887538 0.5106534090909091 0.49848024316109424 0.5071022727272727 0.43009118541033436 0.5095880681818182 0.32750759878419455 0.5095880681818182 0.27811550151975684 0.5074573863636364 0.23556231003039513 0.4939630681818182 0.22492401215805471 0.4783380681818182 0.2689969604863222
1 0.43785511363636365 0.4513677811550152 0.43892045454545453 0.520516717325228 0.4538352272727273 0.5258358662613982 0.46839488636363635 0.5113981762917933 0.47017045454545453 0.446048632218845 0.46839488636363635 0.3731003039513678 0.46129261363636365 0.2674772036474164 0.4552556818181818 0.22112462006079028 0.44282670454545453 0.20592705167173253 0.4314630681818182 0.2127659574468085 0.43110795454545453 0.2864741641337386
2 0.4034090909090909 0.439209726443769 0.4034090909090909 0.4848024316109423 0.4073153409090909 0.5182370820668692 0.4147727272727273 0.5379939209726444 0.4346590909090909 0.53419452887538 0.4435369318181818 0.5037993920972644 0.44389204545454547 0.4612462006079027 0.43714488636363635 0.4012158054711246 0.4346590909090909 0.33282674772036475 0.43359375 0.2811550151975684 0.4289772727272727 0.21808510638297873 0.4229403409090909 0.1717325227963526 0.4080255681818182 0.15577507598784193 0.3916903409090909 0.16869300911854104 0.3966619318181818 0.24240121580547114
3 0.3760653409090909 0.44072948328267475 0.36754261363636365 0.47720364741641336 0.3661221590909091 0.5167173252279635 0.38529829545454547 0.53419452887538 0.4108664772727273 0.5258358662613982 0.41157670454545453 0.44756838905775076 0.4090909090909091 0.32370820668693007 0.4080255681818182 0.2621580547112462 0.40234375 0.20592705167173253 0.39417613636363635 0.1717325227963526 0.3835227272727273 0.18465045592705168
4 0.34232954545454547 0.44224924012158057 0.3330965909090909 0.4878419452887538 0.3469460227272727 0.5273556231003039 0.3661221590909091 0.53419452887538 0.37926136363636365 0.5235562310030395 0.3860085227272727 0.4878419452887538 0.3835227272727273 0.364741641337386 0.3835227272727273 0.28191489361702127 0.3778409090909091 0.22720364741641338 0.36186079545454547 0.21656534954407294 0.3494318181818182 0.270516717325228
5 0.29438920454545453 0.4551671732522796 0.2908380681818182 0.493161094224924 0.30078125 0.5182370820668692 0.32066761363636365 0.5288753799392097 0.3469460227272727 0.5235562310030395 0.35120738636363635 0.49164133738601823 0.34623579545454547 0.44376899696048633 0.33061079545454547 0.36322188449848025 0.32563920454545453 0.28191489361702127 0.3114346590909091 0.24772036474164133 0.2990056818181818 0.2393617021276596 0.27592329545454547 0.2674772036474164 0.28267045454545453 0.3837386018237082
6 0.24396306818181818 0.4490881458966565 0.2372159090909091 0.48632218844984804 0.24538352272727273 0.5182370820668692 0.28089488636363635 0.5167173252279635 0.2950994318181818 0.506079027355623 0.29438920454545453 0.44072948328267475 0.2844460227272727 0.35790273556231 0.27769886363636365 0.2917933130699088 0.27095170454545453 0.24924012158054712 0.26029829545454547 0.23556231003039513 0.24786931818181818 0.2439209726443769 0.2254971590909091 0.27583586626139817
8 0.5049715909090909 0.4551671732522796 0.5049715909090909 0.5037993920972644 0.5031960227272727 0.5326747720364742 0.5411931818181818 0.5326747720364742 0.5500710227272727 0.4969604863221885 0.5475852272727273 0.45288753799392095 0.5553977272727273 0.35790273556231 0.5649857954545454 0.3047112462006079 0.5635653409090909 0.23024316109422494 0.5511363636363636 0.2127659574468085 0.5436789772727273 0.2196048632218845
9 0.5461647727272727 0.45288753799392095 0.5419034090909091 0.4992401215805471 0.5411931818181818 0.5258358662613982 0.5553977272727273 0.5379939209726444 0.5735085227272727 0.5197568389057751 0.5791903409090909 0.446048632218845 0.5923295454545454 0.33966565349544076 0.5983664772727273 0.32598784194528874 0.6008522727272727 0.2811550151975684 0.5884232954545454 0.27279635258358664 0.5635653409090909 0.32750759878419455
10 0.5749289772727273 0.4673252279635258 0.5710227272727273 0.5045592705167173 0.5784801136363636 0.5425531914893617 0.5990767045454546 0.5395136778115501 0.6136363636363636 0.48632218844984804 0.6115056818181818 0.41717325227963525 0.6203835227272727 0.3009118541033435 0.6214488636363636 0.2530395136778115 0.6129261363636364 0.23860182370820668 0.6047585227272727 0.2317629179331307 0.5859375 0.23556231003039513 0.5855823863636364 0.24620060790273557 0.58984375 0.331306990881459
11 0.6015625 0.4612462006079027 0.5980113636363636 0.4969604863221885 0.6047585227272727 0.5288753799392097 0.6171875 0.5379939209726444 0.6338778409090909 0.5326747720364742 0.6434659090909091 0.5091185410334347 0.6377840909090909 0.4551671732522796 0.6377840909090909 0.3677811550151976 0.6459517045454546 0.2993920972644377 0.6491477272727273 0.2712765957446808 0.6484375 0.22492401215805471 0.6360085227272727 0.21048632218844984 0.6253551136363636 0.2317629179331307
12 0.6338778409090909 0.4551671732522796 0.6278409090909091 0.49544072948328266 0.6313920454545454 0.5258358662613982 0.6516335227272727 0.5311550151975684 0.6619318181818182 0.5182370820668692 0.6626420454545454 0.45288753799392095 0.6796875 0.2621580547112462 0.6839488636363636 0.19148936170212766 0.67578125 0.17401215805471124 0.6526988636363636 0.1702127659574468
13 0.66015625 0.4635258358662614 0.6576704545454546 0.5197568389057751 0.671875 0.5311550151975684 0.6970880681818182 0.5357142857142857 0.7056107954545454 0.5129179331306991 0.7045454545454546 0.44756838905775076 0.7105823863636364 0.3594224924012158 0.7112926136363636 0.32598784194528874 0.7063210227272727 0.2621580547112462 0.6889204545454546 0.24772036474164133 0.6740056818181818 0.270516717325228 0.6669034090909091 0.3168693009118541 0.6640625 0.3913373860182371
14 0.7020596590909091 0.44452887537993924 0.6981534090909091 0.47796352583586627 0.7024147727272727 0.5197568389057751 0.7201704545454546 0.5303951367781155 0.7375710227272727 0.5235562310030395 0.7453835227272727 0.5144376899696048 0.7468039772727273 0.47720364741641336 0.7425426136363636 0.41413373860182373 0.7425426136363636 0.35030395136778114 0.7418323863636364 0.3130699088145897 0.7375710227272727 0.26367781155015196 0.7254971590909091 0.24468085106382978 0.7151988636363636 0.25455927051671734 0.7112926136363636 0.3343465045592705
15 0.7411221590909091 0.44452887537993924 0.7436079545454546 0.4969604863221885 0.7567471590909091 0.5098784194528876 0.7865767045454546 0.4969604863221885 0.7911931818181818 0.479483282674772 0.7872869318181818 0.439209726443769 0.7755681818181818 0.3943768996960486 0.7748579545454546 0.30927051671732525 0.7748579545454546 0.25 0.7716619318181818 0.22112462006079028 0.7560369318181818 0.22872340425531915 0.7450284090909091 0.2621580547112462 0.7400568181818182 0.40197568389057753
16 0.4989346590909091 0.5478723404255319 0.4989346590909091 0.6101823708206687 0.4982244318181818 0.7196048632218845 0.49644886363636365 0.7674772036474165 0.5014204545454546 0.790273556231003 0.515625 0.790273556231003 0.5223721590909091 0.7484802431610942 0.5230823863636364 0.5995440729483282 0.5237926136363636 0.541033434650456 0.5063920454545454 0.5379939209726444
17 0.5223721590909091 0.5448328267477204 0.5205965909090909 0.6048632218844985 0.5213068181818182 0.7142857142857143 0.5213068181818182 0.7917933130699089 0.5269886363636364 0.797112462006079 0.5401278409090909 0.7940729483282675 0.5436789772727273 0.7689969604863222 0.5443892045454546 0.689209726443769 0.5454545454545454 0.6071428571428571 0.5486505681818182 0.5531914893617021 0.5411931818181818 0.5357142857142857
18 0.5553977272727273 0.5395136778115501 0.5461647727272727 0.5486322188449848 0.5450994318181818 0.6238601823708206 0.5450994318181818 0.708966565349544 0.5454545454545454 0.7659574468085106 0.5561079545454546 0.8206686930091185 0.5678267045454546 0.8275075987841946 0.5791903409090909 0.7689969604863222 0.5759943181818182 0.6565349544072948 0.5731534090909091 0.5699088145896657 0.5710227272727273 0.5463525835866262
19 0.5731534090909091 0.5486322188449848 0.5724431818181818 0.5835866261398176 0.5767045454545454 0.6299392097264438 0.578125 0.6945288753799392 0.5791903409090909 0.7553191489361702 0.5809659090909091 0.8085106382978723 0.5909090909090909 0.8115501519756839 0.6022727272727273 0.7864741641337386 0.6072443181818182 0.7211246200607903 0.6033380681818182 0.6405775075987842 0.6065340909090909 0.5699088145896657 0.6072443181818182 0.5463525835866262 0.5933948863636364 0.5357142857142857 0.5809659090909091 0.5425531914893617
20 0.6033380681818182 0.5379939209726444 0.5955255681818182 0.5516717325227963 0.5990767045454546 0.6117021276595744 0.6065340909090909 0.7180851063829787 0.6154119318181818 0.7811550151975684 0.6253551136363636 0.8031914893617021 0.6384943181818182 0.8168693009118541 0.6590909090909091 0.7955927051671733 0.6395596590909091 0.7340425531914894 0.6360085227272727 0.6208206686930091 0.6363636363636364 0.5554711246200608 0.6313920454545454 0.5357142857142857
21 0.6384943181818182 0.5372340425531915 0.6264204545454546 0.5433130699088146 0.6285511363636364 0.5835866261398176 0.6402698863636364 0.7036474164133738 0.6519886363636364 0.7712765957446809 0.6644176136363636 0.7872340425531915 0.6889204545454546 0.7940729483282675 0.6974431818181818 0.7651975683890577 0.6995738636363636 0.7165653495440729 0.6821732954545454 0.6398176291793313 0.6800426136363636 0.5927051671732523 0.6839488636363636 0.5516717325227963 0.6750710227272727 0.5372340425531915 0.6502130681818182 0.5379939209726444
22 0.6764914772727273 0.53419452887538 0.6725852272727273 0.5531914893617021 0.6782670454545454 0.6101823708206687 0.6924715909090909 0.7051671732522796 0.7063210227272727 0.756838905775076 0.7162642045454546 0.7659574468085106 0.7361505681818182 0.7712765957446809 0.7492897727272727 0.7370820668693009 0.7468039772727273 0.6968085106382979 0.7262073863636364 0.5927051671732523 0.7219460227272727 0.5372340425531915 0.7098721590909091 0.5311550151975684
23 0.7276278409090909 0.5288753799392097 0.72265625 0.5531914893617021 0.7269176136363636 0.5835866261398176 0.7443181818181818 0.6778115501519757 0.7567471590909091 0.7211246200607903 0.7766335227272727 0.7370820668693009 0.7887073863636364 0.7180851063829787 0.7979403409090909 0.6770516717325228 0.7904829545454546 0.6238601823708206 0.7759232954545454 0.574468085106383 0.7734375 0.5250759878419453 0.7624289772727273 0.5075987841945289 0.75 0.5144376899696048
31 0.22975852272727273 0.5022796352583586 0.2215909090909091 0.541033434650456 0.21803977272727273 0.6048632218844985 0.18998579545454544 0.6861702127659575 0.19992897727272727 0.7393617021276596 0.24538352272727273 0.7196048632218845 0.2745028409090909 0.6185410334346505 0.2890625 0.5463525835866262 0.2684659090909091 0.5113981762917933
30 0.28515625 0.5197568389057751 0.27095170454545453 0.5585106382978723 0.26526988636363635 0.6344984802431611 0.2432528409090909 0.7218844984802432 0.2489346590909091 0.7727963525835866 0.2819602272727273 0.7781155015197568 0.29936079545454547 0.7370820668693009 0.33061079545454547 0.6101823708206687 0.34375 0.5623100303951368 0.3387784090909091 0.53419452887538 0.3174715909090909 0.5250759878419453 0.2950994318181818 0.520516717325228
29 0.32954545454545453 0.5303951367781155 0.328125 0.5554711246200608 0.32457386363636365 0.6155015197568389 0.30326704545454547 0.7211246200607903 0.3000710227272727 0.7887537993920972 0.3387784090909091 0.776595744680851 0.3547585227272727 0.723404255319149 0.37535511363636365 0.6185410334346505 0.39311079545454547 0.5645896656534954 0.3934659090909091 0.5433130699088146 0.38529829545454547 0.5250759878419453 0.37357954545454547 0.5235562310030395 0.35191761363636365 0.5258358662613982
28 0.38245738636363635 0.5311550151975684 0.37251420454545453 0.5395136778115501 0.37109375 0.5714285714285714 0.36292613636363635 0.6899696048632219 0.35191761363636365 0.7727963525835866 0.3643465909090909 0.8115501519756839 0.38920454545454547 0.7993920972644377 0.40234375 0.689209726443769 0.4129971590909091 0.5858662613981763 0.4208096590909091 0.5425531914893617 0.4090909090909091 0.5326747720364742
27 0.4073153409090909 0.541033434650456 0.3984375 0.5539513677811551 0.3984375 0.6314589665653495 0.39985795454545453 0.7142857142857143 0.3955965909090909 0.776595744680851 0.4030539772727273 0.8138297872340425 0.41654829545454547 0.8183890577507599 0.4247159090909091 0.7955927051671733 0.4296875 0.7074468085106383 0.4385653409090909 0.601823708206687 0.4396306818181818 0.5623100303951368 0.4286221590909091 0.541033434650456
26 0.44282670454545453 0.5258358662613982 0.43110795454545453 0.5372340425531915 0.42578125 0.5714285714285714 0.42578125 0.6504559270516718 0.4229403409090909 0.7537993920972644 0.4279119318181818 0.797112462006079 0.43217329545454547 0.8381458966565349 0.44389204545454547 0.8419452887537994 0.45703125 0.7811550151975684 0.45276988636363635 0.6193009118541033 0.4538352272727273 0.5585106382978723 0.4520596590909091 0.53419452887538
25 0.45951704545454547 0.5311550151975684 0.45348011363636365 0.5379939209726444 0.44957386363636365 0.5638297872340425 0.45454545454545453 0.6861702127659575 0.45454545454545453 0.7370820668693009 0.4563210227272727 0.7872340425531915 0.4588068181818182 0.8138297872340425 0.4641335227272727 0.8275075987841946 0.47691761363636365 0.8191489361702128 0.48188920454545453 0.763677811550152 0.4765625 0.6086626139817629 0.47691761363636365 0.560790273556231 0.47265625 0.5372340425531915
24 0.4825994318181818 0.5379939209726444 0.47514204545454547 0.5379939209726444 0.47407670454545453 0.5927051671732523 0.48011363636363635 0.6876899696048632 0.48011363636363635 0.7621580547112462 0.48011363636363635 0.7834346504559271 0.4865056818181818 0.824468085106383 0.49751420454545453 0.8168693009118541 0.49964488636363635 0.7743161094224924 0.5007102272727273 0.6291793313069909 0.5007102272727273 0.5623100303951368 0.5007102272727273 0.5448328267477204