0 0.4595744680851064 0.3404255319148936 0.4595744680851064 0.3617021276595745 0.45851063829787236 0.41641337386018235 0.45851063829787236 0.44376899696048633 0.45851063829787236 0.48632218844984804 0.4563829787234043 0.5159574468085106 0.4546099290780142 0.5455927051671733 0.4773049645390071 0.5577507598784195 0.4939716312056738 0.5516717325227963 0.49113475177304966 0.4992401215805471 0.49113475177304966 0.4817629179331307 0.49113475177304966 0.45288753799392095 0.4918439716312057 0.4126139817629179 0.5 0.33206686930091184 0.4950354609929078 0.3130699088145897 0.4773049645390071 0.31534954407294835 0.4645390070921986 0.32142857142857145
1 0.44078014184397163 0.33206686930091184 0.4379432624113475 0.3617021276595745 0.4358156028368794 0.4148936170212766 0.4308510638297872 0.45896656534954405 0.4297872340425532 0.4908814589665654 0.4308510638297872 0.5478723404255319 0.43865248226950354 0.5562310030395137 0.45177304964539006 0.5433130699088146 0.45851063829787236 0.5098784194528876 0.4574468085106383 0.44832826747720367 0.4563829787234043 0.40425531914893614 0.46063829787234045 0.32370820668693007 0.4418439716312057 0.30243161094224924
2 0.400354609929078 0.32978723404255317 0.400354609929078 0.35790273556231 0.40815602836879433 0.41641337386018235 0.40921985815602835 0.4506079027355623 0.40815602836879433 0.4992401215805471 0.4074468085106383 0.5288753799392097 0.41631205673758864 0.541033434650456 0.425886524822695 0.5455927051671733 0.4347517730496454 0.4886018237082067 0.4347517730496454 0.4399696048632219 0.4340425531914894 0.3958966565349544 0.4340425531914894 0.3487841945288754 0.4329787234042553 0.32370820668693007
3 0.375886524822695 0.3472644376899696 0.37872340425531914 0.40197568389057753 0.3797872340425532 0.4506079027355623 0.38156028368794326 0.5243161094224924 0.38475177304964536 0.5600303951367781 0.399290780141844 0.5645896656534954 0.41134751773049644 0.5577507598784195 0.41205673758865247 0.5075987841945289 0.40638297872340423 0.4696048632218845 0.40425531914893614 0.4209726443768997 0.4024822695035461 0.38069908814589665 0.3953900709219858 0.33206686930091184
4 0.3372340425531915 0.3594224924012158 0.34609929078014184 0.4673252279635258 0.34609929078014184 0.4992401215805471 0.34929078014184395 0.5372340425531915 0.35319148936170214 0.5645896656534954 0.35815602836879434 0.5835866261398176 0.3726950354609929 0.5858662613981763 0.38262411347517733 0.5835866261398176 0.38475177304964536 0.5372340425531915 0.38085106382978723 0.4734042553191489 0.375886524822695 0.4316109422492401 0.3659574468085106 0.38677811550151975 0.3620567375886525 0.35790273556231
5 0.2929078014184397 0.40197568389057753 0.2900709219858156 0.4209726443768997 0.29219858156028367 0.45288753799392095 0.2968085106382979 0.5030395136778115 0.30106382978723406 0.5303951367781155 0.3017730496453901 0.5752279635258358 0.3127659574468085 0.6048632218844985 0.32659574468085106 0.6132218844984803 0.3443262411347518 0.6025835866261399 0.34822695035460993 0.5896656534954408 0.34609929078014184 0.5516717325227963 0.3382978723404255 0.5053191489361702 0.3304964539007092 0.45440729483282677 0.324468085106383 0.40577507598784196 0.32269503546099293 0.3700607902735562 0.3 0.37462006079027355
6 0.25354609929078015 0.40197568389057753 0.2524822695035461 0.45440729483282677 0.25673758865248225 0.48632218844984804 0.26134751773049647 0.5433130699088146 0.2645390070921986 0.5790273556231003 0.2695035460992908 0.6048632218844985 0.2822695035460993 0.6109422492401215 0.3017730496453901 0.6109422492401215 0.31063829787234043 0.6048632218844985 0.3028368794326241 0.5372340425531915 0.29219858156028367 0.45896656534954405 0.28120567375886524 0.4247720364741641 0.275177304964539 0.3890577507598784
8 0.5138297872340426 0.31762917933130697 0.5095744680851064 0.3662613981762918 0.5028368794326241 0.42325227963525835 0.498936170212766 0.4696048632218845 0.4968085106382979 0.5113981762917933 0.49609929078014187 0.5372340425531915 0.5078014184397163 0.5493920972644377 0.5226950354609929 0.541033434650456 0.5283687943262412 0.5220364741641338 0.5343971631205674 0.48024316109422494 0.5354609929078015 0.4316109422492401 0.5404255319148936 0.38069908814589665 0.5471631205673759 0.32598784194528874
9 0.5460992907801419 0.3556231003039514 0.5443262411347518 0.3768996960486322 0.5393617021276595 0.41641337386018235 0.5354609929078015 0.47188449848024316 0.5322695035460993 0.5113981762917933 0.5315602836879433 0.5478723404255319 0.5432624113475177 0.5683890577507599 0.5539007092198581 0.5600303951367781 0.5620567375886525 0.5182370820668692 0.5627659574468085 0.4756838905775076 0.5609929078014184 0.4376899696048632 0.5638297872340425 0.3404255319148936 0.5627659574468085 0.32598784194528874 0.549290780141844 0.31990881458966564 0.5404255319148936 0.3768996960486322
10 0.5716312056737589 0.3427051671732523 0.5648936170212766 0.4126139817629179 0.5599290780141843 0.45288753799392095 0.5599290780141843 0.4886018237082067 0.5599290780141843 0.5220364741641338 0.5648936170212766 0.5455927051671733 0.574822695035461 0.5623100303951368 0.5847517730496454 0.5433130699088146 0.5865248226950355 0.48632218844984804 0.5893617021276596 0.4316109422492401 0.5964539007092199 0.38069908814589665 0.5982269503546099 0.3472644376899696
12 0.6336879432624114 0.39361702127659576 0.624822695035461 0.42325227963525835 0.6081560283687943 0.5288753799392097 0.6070921985815603 0.541033434650456 0.6070921985815603 0.5623100303951368 0.6113475177304964 0.587386018237082 0.6290780141843971 0.5858662613981763 0.6329787234042553 0.5539513677811551 0.6358156028368794 0.5182370820668692 0.6386524822695036 0.48024316109422494 0.6475177304964539 0.446048632218845 0.6574468085106383 0.39361702127659576
14 0.6968085106382979 0.4566869300911854 0.6801418439716312 0.5053191489361702 0.6684397163120568 0.5372340425531915 0.6673758865248227 0.5683890577507599 0.6645390070921986 0.6025835866261399 0.6741134751773049 0.6253799392097265 0.6890070921985816 0.6299392097264438 0.698936170212766 0.6253799392097265 0.7056737588652482 0.6132218844984803 0.7088652482269504 0.5835866261398176 0.7145390070921985 0.5349544072948328 0.7273049645390071 0.4734042553191489 0.7361702127659574 0.45440729483282677 0.7088652482269504 0.43541033434650456 0.7 0.4338905775075988
15 0.7343971631205674 0.47796352583586627 0.7156028368794326 0.5326747720364742 0.7056737588652482 0.5942249240121581 0.7039007092198581 0.6299392097264438 0.7134751773049646 0.6512158054711246 0.7304964539007093 0.6466565349544073 0.7421985815602837 0.6299392097264438 0.7432624113475177 0.5896656534954408 0.7443262411347518 0.5303951367781155
16 0.4851063829787234 0.7477203647416414 0.48723404255319147 0.709726443768997 0.48723404255319147 0.6322188449848024 0.48723404255319147 0.6003039513677811 0.4879432624113475 0.5752279635258358 0.5056737588652482 0.5706686930091185 0.5078014184397163 0.6086626139817629 0.50177304964539 0.6595744680851063 0.500709219858156 0.6869300911854104 0.498936170212766 0.7249240121580547
17 0.5049645390070922 0.7758358662613982 0.5039007092198582 0.7393617021276596 0.5039007092198582 0.6907294832826748 0.5067375886524823 0.6253799392097265 0.5106382978723404 0.5896656534954408 0.5177304964539007 0.5752279635258358 0.5304964539007092 0.5835866261398176 0.5294326241134751 0.6086626139817629 0.5255319148936171 0.6322188449848024 0.5216312056737589 0.6527355623100304 0.5184397163120568 0.6975683890577508 0.5177304964539007 0.7332826747720365 0.5177304964539007 0.7758358662613982 0.5177304964539007 0.8031914893617021 0.5056737588652482 0.8115501519756839
18 0.5343971631205674 0.8031914893617021 0.5294326241134751 0.7477203647416414 0.5294326241134751 0.7165653495440729 0.5294326241134751 0.6846504559270516 0.5333333333333333 0.6238601823708206 0.5343971631205674 0.5896656534954408 0.5560283687943263 0.6048632218844985
19 0.5659574468085107 0.6132218844984803 0.5581560283687943 0.6299392097264438 0.5570921985815603 0.6656534954407295 0.5570921985815603 0.6998480243161094 0.5560283687943263 0.7416413373860182 0.5539007092198581 0.7735562310030395 0.5560283687943263 0.817629179331307 0.5687943262411348 0.8047112462006079 0.5698581560283688 0.7758358662613982 0.5698581560283688 0.7272036474164134 0.574822695035461 0.6907294832826748 0.5847517730496454 0.6238601823708206
20 0.5914893617021276 0.6382978723404256 0.5815602836879432 0.6702127659574468 0.5758865248226951 0.7188449848024316 0.5758865248226951 0.7522796352583586 0.5787234042553191 0.8031914893617021 0.5826241134751773 0.8472644376899696 0.5904255319148937 0.8601823708206687 0.599290780141844 0.7948328267477204 0.5982269503546099 0.7310030395136778 0.600354609929078 0.7013677811550152 0.6070921985815603 0.6717325227963525 0.6024822695035461 0.648936170212766
22 0.648581560283688 0.6595744680851063 0.6368794326241135 0.6702127659574468 0.6336879432624114 0.7013677811550152 0.6436170212765957 0.7416413373860182 0.6535460992907801 0.7758358662613982 0.6634751773049645 0.8153495440729484 0.6723404255319149 0.8427051671732523 0.6861702127659575 0.8746200607902735 0.7017730496453901 0.8708206686930091 0.7017730496453901 0.8259878419452887 0.6911347517730496 0.7689969604863222 0.6790780141843972 0.7142857142857143 0.675177304964539 0.689209726443769 0.6645390070921986 0.6762917933130699
23 0.6939716312056737 0.6702127659574468 0.6790780141843972 0.682370820668693 0.6801418439716312 0.7120060790273556 0.6939716312056737 0.7651975683890577 0.700709219858156 0.8092705167173252 0.7127659574468085 0.8427051671732523 0.7343971631205674 0.851823708206687 0.7400709219858156 0.8092705167173252 0.7322695035460993 0.743920972644377 0.7265957446808511 0.7036474164133738 0.7184397163120567 0.6633738601823708
24 0.47411347517730495 0.7629179331306991 0.475177304964539 0.7310030395136778 0.475177304964539 0.6869300911854104 0.4829787234042553 0.6360182370820668 0.4851063829787234 0.6063829787234043 0.47907801418439716 0.5767477203647416 0.4634751773049645 0.5752279635258358 0.45851063829787236 0.6193009118541033 0.45851063829787236 0.6656534954407295 0.4613475177304965 0.6998480243161094 0.4613475177304965 0.7462006079027356 0.4613475177304965 0.7712765957446809
25 0.4624113475177305 0.7773556231003039 0.4624113475177305 0.7226443768996961 0.4595744680851064 0.6785714285714286 0.4595744680851064 0.6299392097264438 0.45851063829787236 0.5957446808510638 0.4574468085106383 0.5767477203647416 0.4475177304964539 0.5729483282674772 0.4379432624113475 0.5896656534954408 0.4397163120567376 0.6322188449848024 0.44361702127659575 0.6808510638297872 0.44574468085106383 0.7059270516717325 0.4475177304964539 0.7796352583586627
26 0.43865248226950354 0.8115501519756839 0.44078014184397163 0.7948328267477204 0.44361702127659575 0.7226443768996961 0.44361702127659575 0.6762917933130699 0.44361702127659575 0.6086626139817629 0.4418439716312057 0.5767477203647416 0.42907801418439717 0.5752279635258358 0.41808510638297874 0.621580547112462 0.42021276595744683 0.6740121580547113 0.42411347517730497 0.7378419452887538 0.42411347517730497 0.78419452887538 0.42411347517730497 0.8138297872340425
27 0.425177304964539 0.8138297872340425 0.425177304964539 0.7758358662613982 0.42021276595744683 0.7310030395136778 0.42021276595744683 0.6762917933130699 0.42092198581560286 0.6170212765957447 0.42092198581560286 0.5957446808510638 0.40815602836879433 0.5980243161094225 0.3975177304964539 0.6443768996960486 0.4024822695035461 0.6930091185410334 0.40425531914893614 0.7393617021276596 0.40638297872340423 0.7948328267477204 0.40815602836879433 0.8449848024316109 0.42092198581560286 0.8411854103343465
29 0.35709219858156027 0.8639817629179332 0.36099290780141846 0.8366261398176292 0.3670212765957447 0.8092705167173252 0.3726950354609929 0.7819148936170213 0.3776595744680851 0.7522796352583586 0.3797872340425532 0.7059270516717325 0.3797872340425532 0.6762917933130699 0.374822695035461 0.6360182370820668 0.35815602836879434 0.6299392097264438 0.3453900709219858 0.6443768996960486 0.3404255319148936 0.6762917933130699 0.3393617021276596 0.7188449848024316 0.3343971631205674 0.7522796352583586 0.32659574468085106 0.7925531914893617 0.324468085106383 0.8305471124620061 0.3382978723404255 0.85790273556231
30 0.3078014184397163 0.8259878419452887 0.31453900709219856 0.8047112462006079 0.3283687943262411 0.7689969604863222 0.3322695035460993 0.7249240121580547 0.3343971631205674 0.7036474164133738 0.3432624113475177 0.6466565349544073 0.3322695035460993 0.6337386018237082 0.31879432624113474 0.6276595744680851 0.3067375886524823 0.6276595744680851 0.3 0.6322188449848024 0.2950354609929078 0.6869300911854104 0.28900709219858156 0.7522796352583586 0.2833333333333333 0.790273556231003 0.27907801418439715 0.817629179331307