0 0.4758413862045985 0.5151975683890577 0.5011662779073642 0.5129179331306991 0.4875041652782406 0.28343465045592703 0.4711762745751416 0.2857142857142857 0.46717760746417863 0.46200607902735563
1 0.45084971676107966 0.5083586626139818 0.4701766077974009 0.5106382978723404 0.47317560813062315 0.42933130699088146 0.465511496167944 0.2857142857142857 0.45184938353882037 0.2925531914893617 0.4498500499833389 0.46200607902735563
2 0.4325224925024992 0.5151975683890577 0.4488503832055981 0.5106382978723404 0.45084971676107966 0.44224924012158057 0.44518493835388206 0.270516717325228 0.4335221592802399 0.27887537993920974 0.4278573808730423 0.4726443768996961
3 0.41886037987337554 0.5189969604863222 0.4461846051316228 0.493161094224924 0.4421859380206598 0.4308510638297872 0.4335221592802399 0.29027355623100304 0.4121959346884372 0.29711246200607905 0.4121959346884372 0.4376899696048632 0.4101966011329557 0.48404255319148937
4 0.4045318227257581 0.5083586626139818 0.4325224925024992 0.479483282674772 0.41886037987337554 0.26595744680851063 0.39786737754081974 0.27279635258358664 0.39886704431856046 0.42021276595744683 0.3958680439853382 0.4688449848024316
5 0.37554148617127625 0.48632218844984804 0.4091969343552149 0.47112462006079026 0.41886037987337554 0.4331306990881459 0.41419526824391867 0.378419452887538 0.4091969343552149 0.2682370820668693 0.3882039320226591 0.2811550151975684 0.3795401532822393 0.38677811550151975 0.3715428190603132 0.40501519756838905 0.36987670776407866 0.4574468085106383
6 0.33988670443185603 0.4506079027355623 0.3572142619126958 0.4642857142857143 0.3795401532822393 0.44680851063829785 0.3832055981339553 0.4072948328267477 0.3862045984671776 0.2857142857142857 0.36387870709763415 0.2682370820668693 0.3485504831722759 0.34498480243161095 0.33588803732089306 0.3913373860182371 0.3338887037654115 0.4331306990881459
7 0.30023325558147285 0.38677811550151975 0.32155948017327557 0.4270516717325228 0.3388870376541153 0.4133738601823708 0.34755081639453517 0.385258358662614 0.352215928023992 0.29027355623100304 0.3515494835054982 0.2613981762917933 0.33222259246917696 0.24164133738601823 0.3205598133955348 0.2857142857142857 0.3145618127290903 0.3229483282674772 0.30223258913695433 0.3472644376899696
8 0.5048317227590803 0.5151975683890577 0.5261579473508831 0.4969604863221885 0.5088303898700434 0.256838905775076 0.48850383205598136 0.2591185410334346 0.49616794401866043 0.4551671732522796
9 0.5234921692769077 0.4908814589665654 0.5464845051649451 0.4817629179331307 0.5291569476841053 0.26595744680851063 0.5108297234255248 0.270516717325228
10 0.5398200599800067 0.4749240121580547 0.5591469510163279 0.48404255319148937 0.5658113962012662 0.45288753799392095 0.5571476174608464 0.24620060790273557 0.5378207264245252 0.23480243161094225 0.5368210596467844 0.41793313069908816 0.5368210596467844 0.4642857142857143
11 0.566811062979007 0.45972644376899696 0.5841386204598468 0.44680851063829785 0.5918027324225258 0.4004559270516717 0.5811396201266245 0.2507598784194529 0.5618127290903032 0.2553191489361702 0.5611462845718094 0.4027355623100304
12 0.5861379540153282 0.44452887537993924 0.6227924025324891 0.4399696048632219 0.6217927357547485 0.39361702127659576 0.6091302899033656 0.32978723404255317 0.5958013995334889 0.23708206686930092 0.5638120626457848 0.26367781155015196 0.5774741752749084 0.364741641337386 0.5724758413862046 0.4027355623100304
13 0.6654448517160947 0.40501519756838905 0.6874375208263912 0.33206686930091184 0.66811062979007 0.2530395136778115 0.6661112962345884 0.19984802431610943 0.6401199600133289 0.2066869300911854 0.6304565144951683 0.29027355623100304 0.6391202932355882 0.36322188449848025 0.6547817394201932 0.40501519756838905
16 0.502165944685105 0.5767477203647416 0.5184938353882039 0.567629179331307 0.5291569476841053 0.7484802431610942 0.5154948350549817 0.763677811550152
17 0.5194935021659447 0.5592705167173252 0.5408197267577474 0.5455927051671733 0.5408197267577474 0.7545592705167173 0.530156614461846 0.763677811550152
18 0.5398200599800067 0.5630699088145896 0.5444851716094635 0.541033434650456 0.562812395868044 0.5524316109422492 0.566811062979007 0.7788753799392097 0.5454848383872043 0.7811550151975684 0.5378207264245252 0.5942249240121581
19 0.5591469510163279 0.5524316109422492 0.5678107297567477 0.5189969604863222 0.5851382872375874 0.5349544072948328 0.5881372875708097 0.6094224924012158 0.590803065644785 0.763677811550152 0.5724758413862046 0.7682370820668692 0.5611462845718094 0.5919452887537994 0.5581472842385872 0.574468085106383
20 0.566811062979007 0.5258358662613982 0.5841386204598468 0.506079027355623 0.5994668443852049 0.5212765957446809 0.6091302899033656 0.6428571428571429 0.6267910696434522 0.708966565349544 0.6101299566811063 0.7264437689969605 0.5821392869043652 0.6071428571428571 0.5648117294235255 0.5455927051671733
21 0.5821392869043652 0.5015197568389058 0.611129623458847 0.4726443768996961 0.6304565144951683 0.4726443768996961 0.6401199600133289 0.5281155015197568 0.6711096301232923 0.6512158054711246 0.6497834055314895 0.6975683890577508 0.6161279573475508 0.6451367781155015 0.6024658447184272 0.5790273556231003 0.5851382872375874 0.5349544072948328
22 0.6207930689770077 0.46656534954407297 0.6487837387537487 0.42021276595744683 0.6671109630123292 0.41793313069908816 0.6777740753082306 0.46656534954407297 0.6827724091969344 0.493161094224924 0.7250916361212929 0.5942249240121581 0.7030989670109964 0.6428571428571429 0.6567810729756748 0.567629179331307 0.6421192935688104 0.5303951367781155 0.6247917360879707 0.4992401215805471
24 0.4808397200933022 0.5699088145896657 0.5011662779073642 0.5721884498480243 0.5184938353882039 0.7613981762917933 0.4991669443518827 0.7750759878419453
25 0.46351216261246253 0.5653495440729484 0.48483838720426525 0.5767477203647416 0.4991669443518827 0.7879939209726444 0.4828390536487837 0.797112462006079
26 0.4391869376874375 0.5805471124620061 0.4538487170943019 0.5630699088145896 0.46451182939020325 0.5767477203647416 0.4838387204265245 0.8077507598784195 0.45851382872375873 0.8206686930091185
27 0.4198600466511163 0.5699088145896657 0.4315228257247584 0.560790273556231 0.44518493835388206 0.567629179331307 0.4538487170943019 0.648936170212766 0.4595134955014995 0.7986322188449848 0.44018660446517827 0.8031914893617021 0.41886037987337554 0.6071428571428571
28 0.3842052649116961 0.5151975683890577 0.43052315894701765 0.5387537993920972 0.4171942685771409 0.6048632218844985 0.38920359880039984 0.770516717325228 0.3368877040986338 0.6778115501519757 0.3745418193935355 0.5828267477203647 0.376541152949017 0.541033434650456
29 0.3465511496167944 0.4726443768996961 0.39086971009663446 0.4946808510638298 0.3842052649116961 0.5569908814589666 0.3745418193935355 0.5828267477203647 0.3348883705431523 0.6907294832826748 0.30023325558147285 0.668693009118541 0.32822392535821393 0.5524316109422492 0.3348883705431523 0.5015197568389058
30 0.32255914695101634 0.4247720364741641 0.3505498167277574 0.47112462006079026 0.3348883705431523 0.5167173252279635 0.27790736421192935 0.6185410334346505 0.24891702765744753 0.5455927051671733 0.2925691436187937 0.4551671732522796 0.31556147950683106 0.4247720364741641