0 0.47475094469254553 0.4194528875379939 0.4706286499484713 0.46048632218844987 0.4754379938165579 0.4848024316109423 0.4933012710408794 0.48328267477203646 0.5032634833390588 0.4787234042553192 0.5022329096530402 0.4376899696048632 0.4953624184129165 0.2826747720364742 0.48849192717279283 0.19148936170212766 0.4854002061147372 0.16261398176291794 0.47681209206458264 0.17401215805471124 0.46994160082445896 0.22188449848024316 0.4730333218825146 0.3161094224924012
1 0.44967365166609413 0.4316109422492401 0.4479560288560632 0.47112462006079026 0.45688766746822396 0.48404255319148937 0.4771556166265888 0.4817629179331307 0.47612504294057023 0.44148936170212766 0.4744074201305393 0.3343465045592705 0.4730333218825146 0.20972644376899696 0.4730333218825146 0.1656534954407295 0.4634146341463415 0.14361702127659576 0.4582617657162487 0.14361702127659576 0.45517004465819305 0.2439209726443769 0.4562006183442116 0.30167173252279633
2 0.4239093095156304 0.42021276595744683 0.41978701477155617 0.44984802431610943 0.42459635863964273 0.48404255319148937 0.4417725867399519 0.4878419452887538 0.4507042253521127 0.47720364741641336 0.45345242184816215 0.46504559270516715 0.45104774991411883 0.41033434650455924 0.45345242184816215 0.2811550151975684 0.4527653727241498 0.1762917933130699 0.43902439024390244 0.12613981762917933 0.42493988320164894 0.15273556231003038 0.42459635863964273 0.2317629179331307 0.4239093095156304 0.3434650455927052
3 0.40123668842322224 0.4133738601823708 0.4005496392992099 0.4452887537993921 0.4002061147372037 0.4749240121580547 0.4190999656475438 0.48632218844984804 0.43077980075575406 0.47416413373860183 0.43730676743387153 0.40577507598784196 0.4359326691858468 0.2803951367781155 0.4252834077636551 0.21428571428571427 0.4208175884575747 0.18617021276595744 0.40879422878735827 0.22264437689969604 0.4043284094812779 0.3221884498480243 0.39986259017519754 0.39893617021276595
5 0.34111989007214016 0.4012158054711246 0.3380281690140845 0.44072948328267475 0.33940226726210926 0.46808510638297873 0.37306767433871524 0.4749240121580547 0.38234283751288217 0.47416413373860183 0.38886980419099965 0.44224924012158057 0.3833734111989007 0.36246200607902734 0.3813122638268636 0.25987841945288753 0.3751288217107523 0.19300911854103345 0.36447956028856066 0.182370820668693 0.34833390587427 0.2013677811550152 0.34111989007214016 0.2811550151975684 0.33871521813809685 0.36246200607902734
8 0.5032634833390588 0.42857142857142855 0.5042940570250773 0.47796352583586627 0.5118515973892134 0.4817629179331307 0.5255925798694606 0.48936170212765956 0.5324630711095844 0.4810030395136778 0.533837169357609 0.4506079027355623 0.5362418412916523 0.33890577507598785 0.5434558570937822 0.2553191489361702 0.539333562349708 0.14361702127659576 0.5255925798694606 0.16489361702127658 0.5166609412572999 0.25227963525835867
9 0.5348677430436276 0.42933130699088146 0.5331501202335966 0.4749240121580547 0.543112332531776 0.48632218844984804 0.5527310202679492 0.4817629179331307 0.5558227413260048 0.45364741641337386 0.5554792167639986 0.37462006079027355 0.5558227413260048 0.2917933130699088 0.5606320851940914 0.23860182370820668 0.5551356922019924 0.18693009118541035 0.546891102713844 0.21732522796352582 0.5403641360357265 0.3009118541033435 0.5358983167296462 0.3495440729483283
10 0.5527310202679492 0.4209726443768997 0.5527310202679492 0.4574468085106383 0.5568533150120234 0.49240121580547114 0.5664720027481965 0.5045592705167173 0.5760906904843697 0.4939209726443769 0.5826176571624871 0.45288753799392095 0.5815870834764686 0.3662613981762918 0.5857093782205428 0.26443768996960487 0.5925798694606664 0.20364741641337386 0.5846788045345243 0.16109422492401215 0.5757471659223634 0.17325227963525835 0.5633802816901409 0.22948328267477203 0.5582274132600481 0.29027355623100304 0.5565097904500171 0.3738601823708207
12 0.5980762624527654 0.41641337386018235 0.5939539677086911 0.4787234042553192 0.6046032291308828 0.49544072948328266 0.6197183098591549 0.5 0.6313981449673651 0.4817629179331307 0.6269323256612848 0.3898176291793313 0.6341463414634146 0.30851063829787234 0.6423909309515631 0.23404255319148937 0.6375815870834765 0.2188449848024316 0.6200618344211611 0.24088145896656535 0.6035726554448643 0.31382978723404253
15 0.6884232222603917 0.3829787234042553 0.6808656818962556 0.425531914893617 0.6832703538302989 0.4688449848024316 0.6942631398144967 0.4756838905775076 0.7200274819649605 0.46580547112462006 0.7310202679491584 0.4452887537993921 0.7289591205771213 0.3586626139817629 0.7440742013053934 0.25379939209726443 0.7423565784953624 0.2135258358662614 0.7330814153211954 0.20212765957446807 0.7110958433527997 0.25 0.6980419099965648 0.3351063829787234
29 0.34111989007214016 0.4878419452887538 0.3345929233940227 0.506079027355623 0.32703538302988666 0.5965045592705167 0.30814153211954654 0.7051671732522796 0.3150120233596702 0.7424012158054711 0.3339058742700103 0.7492401215805471 0.3593266918584679 0.7051671732522796 0.3778770182068018 0.601823708206687 0.38749570594297494 0.5486322188449848 0.3916180006870491 0.5091185410334347 0.3861216076949502 0.49848024316109424 0.36070079010649264 0.49240121580547114 0.34799038131226384 0.49012158054711247
31 0.2720714531088973 0.4194528875379939 0.2572998969426314 0.42325227963525835 0.24939883201648919 0.47720364741641336 0.23703194778426656 0.5030395136778115 0.20199244245963585 0.5539513677811551 0.1930608038474751 0.6155015197568389 0.25180350395053247 0.6063829787234043 0.27825489522500857 0.5699088145896657 0.3095156303675713 0.4992401215805471 0.31398144967365166 0.48024316109422494 0.3043627619374785 0.45896656534954405 0.2806595671590519 0.4209726443768997
28 0.3809687392648574 0.5691489361702128 0.37822054276880795 0.5904255319148937 0.37100652696667813 0.6694528875379939 0.36963242871865337 0.7203647416413373 0.3699759532806596 0.7386018237082067 0.3758158708347647 0.7492401215805471 0.38886980419099965 0.729483282674772 0.39745791824115423 0.6694528875379939 0.402610786671247 0.5934650455927052 0.402610786671247 0.5661094224924013 0.3960838199931295 0.5653495440729484 0.38680865681896254 0.5699088145896657
27 0.423222260391618 0.49848024316109424 0.41360357265544484 0.506079027355623 0.40535898316729646 0.5395136778115501 0.40535898316729646 0.60790273556231 0.39780144280316043 0.6998480243161094 0.3936791480590862 0.7272036474164134 0.39436619718309857 0.7575987841945289 0.40329783579525935 0.770516717325228 0.4170388182755067 0.7537993920972644 0.4259704568876675 0.662613981762918 0.4345585709378221 0.5714285714285714 0.44245963586396425 0.5364741641337386 0.4441772586739952 0.5121580547112462 0.4314668498797664 0.5015197568389058
26 0.44452078323600136 0.5106382978723404 0.43558914462384063 0.5182370820668692 0.43009275163174165 0.5531914893617021 0.43215389900377876 0.6147416413373861 0.42665750601167984 0.7173252279635258 0.4294057025077293 0.7735562310030395 0.43558914462384063 0.7872340425531915 0.4472689797320508 0.7515197568389058 0.4562006183442116 0.6360182370820668 0.4610099622122982 0.5531914893617021 0.4647887323943662 0.5227963525835866 0.4651322569563724 0.506079027355623 0.4610099622122982 0.5015197568389058 0.4520783236001374 0.4992401215805471
25 0.46444520783236004 0.5053191489361702 0.4562006183442116 0.5144376899696048 0.4603229130882858 0.5881458966565349 0.4603229130882858 0.7173252279635258 0.46375815870834763 0.7598784194528876 0.4702851253864651 0.7674772036474165 0.47612504294057023 0.7515197568389058 0.47990381312263825 0.6382978723404256 0.481277911370663 0.5623100303951368 0.4864307798007558 0.5144376899696048 0.4854002061147372 0.5053191489361702 0.4771556166265888 0.4992401215805471
24 0.49639299209893506 0.5053191489361702 0.48230848505668156 0.5022796352583586 0.47852971487461354 0.5083586626139818 0.48230848505668156 0.6086626139817629 0.48024733768464445 0.7325227963525835 0.4898660254208176 0.7689969604863222 0.4977670903469598 0.7629179331306991 0.4991411885949845 0.6717325227963525 0.5005152868430093 0.5144376899696048
16 0.5029199587770525 0.5030395136778115 0.4960494675369289 0.5235562310030395 0.49879766403297837 0.7051671732522796 0.4994847131569907 0.7522796352583586 0.5029199587770525 0.7667173252279635 0.5087598763311577 0.7674772036474165 0.5145997938852628 0.7598784194528876 0.5197526623153556 0.6565349544072948 0.5197526623153556 0.5729483282674772 0.5166609412572999 0.5349544072948328 0.5211267605633803 0.5030395136778115 0.5139127447612505 0.49848024316109424
17 0.5242184816214359 0.5030395136778115 0.5207832360013741 0.5091185410334347 0.5142562693232566 0.541033434650456 0.5173479903813123 0.6048632218844985 0.5180350395053246 0.7051671732522796 0.5180350395053246 0.7325227963525835 0.5194091377533494 0.7553191489361702 0.5283407763655101 0.7689969604863222 0.5372724149776709 0.7522796352583586 0.5379594641016833 0.6914893617021277 0.5376159395396771 0.5851063829787234 0.5417382342837513 0.520516717325228 0.5386465132256957 0.5030395136778115
18 0.5434558570937822 0.5600303951367781 0.539333562349708 0.5691489361702128 0.539333562349708 0.6268996960486323 0.5407076605977328 0.7537993920972644 0.5455170044658193 0.791033434650456 0.5609756097560976 0.7978723404255319 0.5650979045001717 0.6724924012158054 0.565441429062178 0.5835866261398176 0.5565097904500171 0.5683890577507599
20 0.5956715905187221 0.5174772036474165 0.5874270010305737 0.560790273556231 0.5898316729646169 0.6003039513677811 0.6021985571968396 0.6869300911854104 0.6173136379251116 0.7401215805471124 0.6286499484713157 0.7583586626139818 0.6392992098935074 0.7477203647416414 0.6389556853315012 0.7051671732522796 0.6279628993473033 0.64209726443769 0.6210924081071797 0.601823708206687 0.6155960151150808 0.5448328267477204 0.6063208519409138 0.5167173252279635