0 0.4637579169598874 0.5167173252279635 0.47712878254750174 0.5273556231003039 0.49261083743842365 0.5273556231003039 0.4827586206896552 0.28495440729483285 0.4651653764954258 0.2826747720364742 0.4676284306826179 0.4027355623100304 0.4644616467276566 0.46048632218844987
1 0.43771991555242784 0.5007598784194529 0.444405348346235 0.506079027355623 0.4500351864883885 0.5091185410334347 0.45320197044334976 0.5075987841945289 0.45672061928219565 0.49012158054711247 0.45672061928219565 0.46580547112462006 0.45672061928219565 0.4430091185410334 0.4616467276565799 0.37462006079027355 0.46199859254046444 0.324468085106383 0.4630541871921182 0.2689969604863222 0.4514426460239268 0.26367781155015196 0.44616467276565797 0.30167173252279633 0.44616467276565797 0.3465045592705167 0.4429978888106967 0.36246200607902734 0.4387755102040816 0.3966565349544073 0.4387755102040816 0.4194528875379939 0.4373680506685433 0.4696048632218845 0.4373680506685433 0.49012158054711247
2 0.40218156228008445 0.4696048632218845 0.4064039408866995 0.4870820668693009 0.4123856439127375 0.4946808510638298 0.41977480647431387 0.4946808510638298 0.4243490499648135 0.48404255319148937 0.42857142857142855 0.4566869300911854 0.4303307529908515 0.4156534954407295 0.4317382125263899 0.3844984802431611 0.4331456720619282 0.35638297872340424 0.43560872624912034 0.2948328267477204 0.4366643209007741 0.24468085106382978 0.41731175228712175 0.24012158054711247 0.4152005629838142 0.31534954407294835 0.4166080225193526 0.3617021276595745 0.40921885995777624 0.418693009118541 0.4060520760028149 0.4430091185410334
3 0.39021815622800843 0.4696048632218845 0.3958479943701619 0.4627659574468085 0.40112596762843067 0.4673252279635258 0.4074595355383533 0.43237082066869303 0.4099225897255454 0.3655015197568389 0.4187192118226601 0.22948328267477203 0.3979591836734694 0.22796352583586627 0.392329345531316 0.28951367781155013 0.38599577762139337 0.3670212765957447 0.37579169598874035 0.41033434650455924 0.3712174524982407 0.4521276595744681 0.37579169598874035 0.4642857142857143 0.38494018296973964 0.4703647416413374
6 0.27586206896551724 0.36930091185410335 0.29310344827586204 0.3890577507598784 0.29662209711470794 0.3890577507598784 0.3033075299085151 0.3943768996960486 0.3159746657283603 0.39361702127659576 0.32441942294159043 0.3890577507598784 0.3254750175932442 0.3541033434650456 0.3230119634060521 0.31382978723404253 0.3230119634060521 0.2917933130699088 0.3261787473610134 0.24164133738601823 0.3282899366643209 0.17477203647416414 0.29310344827586204 0.16109422492401215 0.2867698803659395 0.18465045592705168 0.2881773399014778 0.2378419452887538 0.2885292047853624 0.27811550151975684 0.28536242083040114 0.32750759878419455 0.28149190710767064 0.34498480243161095
7 0.2660098522167488 0.16109422492401215 0.284658691062632 0.17249240121580547 0.2881773399014778 0.2317629179331307 0.28184377199155525 0.32978723404255317 0.270935960591133 0.3677811550151976 0.24313863476425052 0.32750759878419455 0.2533427163969036 0.2857142857142857 0.26565798733286416 0.2256838905775076
8 0.5007037297677692 0.5243161094224924 0.5003518648838846 0.4506079027355623 0.5035186488388459 0.27583586626139817 0.5306122448979592 0.2750759878419453 0.525686136523575 0.42401215805471126 0.52990851513019 0.5037993920972644 0.525686136523575 0.526595744680851 0.5105559465165377 0.5243161094224924
9 0.5369458128078818 0.5075987841945289 0.5330752990851513 0.4399696048632219 0.5344827586206896 0.3913373860182371 0.5365939479239972 0.2857142857142857 0.546094299788881 0.28799392097264437 0.5548909218859958 0.4703647416413374 0.5510204081632653 0.5007598784194529
10 0.5682617874736101 0.479483282674772 0.5738916256157636 0.49240121580547114 0.5858550316678396 0.49544072948328266 0.5946516537649542 0.4703647416413374 0.5883180858550316 0.4490881458966565 0.5844475721323013 0.3890577507598784 0.5774102744546095 0.21732522796352582 0.5612244897959183 0.21732522796352582 0.558057705840957 0.32978723404255317 0.5633356790992259 0.4376899696048632 0.5622800844475722 0.4627659574468085
11 0.5981703026038001 0.45972644376899696 0.6108374384236454 0.4726443768996961 0.6252638986629134 0.45592705167173253 0.6027445460942998 0.22264437689969604 0.5784658691062632 0.23100303951367782 0.5819845179451091 0.35030395136778114 0.5858550316678396 0.41109422492401215 0.5893736805066855 0.44376899696048633 0.5932441942294159 0.46048632218844987
14 0.685432793807178 0.3913373860182371 0.6917663617171006 0.39969604863221886 0.6977480647431387 0.39969604863221886 0.7076002814919071 0.39361702127659576 0.7093596059113301 0.3882978723404255 0.7142857142857143 0.3860182370820669 0.7216748768472906 0.38069908814589665 0.7276565798733287 0.3617021276595745 0.7083040112596762 0.19376899696048633 0.6790992258972555 0.19832826747720364 0.6741731175228712 0.2621580547112462 0.6780436312456017 0.29635258358662614 0.6826178747361014 0.310790273556231 0.6801548205489092 0.3533434650455927
16 0.5158339197748065 0.5455927051671733 0.5260380014074595 0.5493920972644377 0.5429275158339197 0.7074468085106383 0.5330752990851513 0.7180851063829787 0.5190007037297678 0.6466565349544073 0.5147783251231527 0.5820668693009119
17 0.5295566502463054 0.5440729483282675 0.541871921182266 0.5395136778115501 0.5467980295566502 0.5463525835866262 0.5485573539760732 0.5737082066869301 0.5517241379310345 0.5995440729483282 0.5545390570021111 0.6352583586626139 0.5545390570021111 0.6542553191489362 0.5562983814215341 0.6930091185410334 0.5608726249120338 0.7256838905775076 0.5510204081632653 0.7287234042553191 0.543631245601689 0.6990881458966566 0.5358902181562281 0.6610942249240122 0.5316678395496129 0.5904255319148937
18 0.5608726249120338 0.5281155015197568 0.5562983814215341 0.5547112462006079 0.553835327234342 0.567629179331307 0.5608726249120338 0.7310030395136778 0.5724841660802252 0.7492401215805471 0.5812807881773399 0.7203647416413373 0.5809289232934554 0.64209726443769 0.5738916256157636 0.5387537993920972 0.5721323011963406 0.5288753799392097
19 0.5781140042223786 0.5417933130699089 0.5858550316678396 0.5737082066869301 0.6048557353976073 0.7036474164133738 0.6252638986629134 0.6952887537993921 0.6059113300492611 0.5524316109422492 0.5988740323715693 0.5015197568389058 0.5844475721323013 0.5022796352583586 0.5795214637579169 0.5212765957446809
20 0.597466572836031 0.49620060790273557 0.5964109781843772 0.48404255319148937 0.6059113300492611 0.48404255319148937 0.6164672765657987 0.4817629179331307 0.6228008444757214 0.4870820668693009 0.6301900070372977 0.513677811550152 0.657283603096411 0.6664133738601824 0.6323011963406052 0.6861702127659575 0.6115411681914145 0.5509118541033434
21 0.6323011963406052 0.4399696048632219 0.6199859254046446 0.45896656534954405 0.6192821956368755 0.47416413373860183 0.6249120337790288 0.49164133738601823 0.631597466572836 0.5053191489361702 0.6439127375087966 0.5455927051671733 0.6688951442646024 0.6443768996960486 0.7181562280084448 0.5790273556231003 0.685432793807178 0.506838905775076 0.6717100633356791 0.46580547112462006 0.6664320900774102 0.4270516717325228 0.6600985221674877 0.41641337386018235 0.6586910626319493 0.425531914893617 0.6502463054187192 0.425531914893617 0.6418015482054891 0.4331306990881459 0.6365235749472202 0.4369300911854103
23 0.7104152005629838 0.39893617021276595 0.712878254750176 0.425531914893617 0.7266009852216748 0.45288753799392095 0.7491203377902885 0.5167173252279635 0.7631949331456721 0.5326747720364742 0.7881773399014779 0.48404255319148937 0.7702322308233638 0.4430091185410334 0.752990851513019 0.3951367781155015 0.7441942294159043 0.35714285714285715 0.7378606615059817 0.3533434650455927 0.729064039408867 0.3731003039513678 0.7223786066150598 0.3837386018237082
24 0.5080928923293455 0.5493920972644377 0.4915552427867699 0.5524316109422492 0.49472202674173116 0.6117021276595744 0.5035186488388459 0.7287234042553191 0.5147783251231527 0.7302431610942249 0.5133708655876144 0.6458966565349544 0.5102040816326531 0.5790273556231003 0.5102040816326531 0.5592705167173252
25 0.47149894440534834 0.5463525835866262 0.4725545390570021 0.6382978723404256 0.48205489092188597 0.7287234042553191 0.4971850809289233 0.729483282674772 0.4915552427867699 0.6253799392097265 0.4933145672061928 0.5820668693009119 0.4919071076706545 0.5486322188449848
26 0.4517945109078114 0.5334346504559271 0.4454609429978888 0.5440729483282675 0.44159042927515835 0.567629179331307 0.4486277269528501 0.7332826747720365 0.4711470795214638 0.7454407294832827 0.4665728360309641 0.5972644376899696 0.4662209711470795 0.5569908814589666 0.45918367346938777 0.540273556231003
27 0.42610837438423643 0.5144376899696048 0.4155524278676988 0.5212765957446809 0.4134412385643913 0.5554711246200608 0.4064039408866995 0.6793313069908815 0.4201266713581985 0.723404255319149 0.4243490499648135 0.6884498480243161 0.43244194229415905 0.6200607902735562 0.4366643209007741 0.5721884498480243 0.4429978888106967 0.5448328267477204 0.43807178043631245 0.5296352583586627 0.43103448275862066 0.5174772036474165
28 0.3912737508796622 0.49240121580547114 0.3856439127375088 0.4908814589665654 0.38458831808585503 0.49772036474164133 0.3821252638986629 0.5273556231003039 0.3828289936664321 0.5645896656534954 0.37895847994370163 0.6261398176291794 0.3729767769176636 0.6930091185410334 0.38705137227304715 0.7127659574468085 0.3979591836734694 0.6679331306990881 0.40570021111893034 0.6025835866261399 0.4074595355383533 0.5630699088145896 0.4159042927515834 0.5129179331306991 0.4159042927515834 0.5015197568389058 0.40921885995777624 0.49544072948328266 0.40253342716396906 0.48632218844984804 0.3958479943701619 0.49012158054711247
30 0.252990851513019 0.5729483282674772 0.2860661505981703 0.6375379939209727 0.3374384236453202 0.5357142857142857 0.362420830401126 0.46048632218844987 0.35362420830401126 0.43844984802431614 0.3374384236453202 0.4452887537993921 0.3374384236453202 0.42629179331306993 0.3282899366643209 0.4209726443768997 0.31210415200562985 0.42021276595744683 0.3047149894440535 0.42401215805471126 0.29310344827586204 0.4749240121580547 0.2776213933849402 0.5167173252279635 0.2617874736101337 0.5524316109422492
31 0.270935960591133 0.3670212765957447 0.29099225897255454 0.39893617021276595 0.3099929627023223 0.4034954407294833 0.3099929627023223 0.418693009118541 0.29943701618578467 0.4506079027355623 0.23082336382828994 0.5615501519756839 0.2016185784658691 0.4969604863221885 0.21217452498240674 0.46504559270516715 0.24912033779028853 0.41413373860182373 0.264954257565095 0.37462006079027355