0 0.46463956269217627 0.39969604863221886 0.46463956269217627 0.44984802431610943 0.4813802528185856 0.4787234042553192 0.49812094294499487 0.4726443768996961 0.5011957635804578 0.4369300911854103 0.5018790570550051 0.33358662613981765 0.4960710625213529 0.2560790273556231 0.490946361462248 0.18768996960486323 0.490946361462248 0.1474164133738602 0.476938845234028 0.11322188449848024 0.4677143833276392 0.16033434650455927
1 0.4355995900239153 0.38069908814589665 0.4355995900239153 0.4338905775075988 0.4444824051930304 0.47720364741641336 0.45507345404851385 0.47416413373860183 0.46395626921762895 0.44376899696048633 0.4666894431158182 0.3525835866261398 0.4666894431158182 0.23480243161094225 0.4666894431158182 0.19148936170212766 0.46190638879398704 0.128419452887538 0.44653228561667235 0.12462006079027356
2 0.4072429108302016 0.41717325227963525 0.40587632388110695 0.4452887537993921 0.4144174923129484 0.5 0.4376494704475572 0.4787234042553192 0.44414075845575673 0.4270516717325228 0.4386744106593782 0.31762917933130697 0.4386744106593782 0.21504559270516718 0.4376494704475572 0.1717325227963526 0.4362828834984626 0.13753799392097266 0.4174923129484113 0.14893617021276595 0.41168431841475916 0.19756838905775076 0.40929279125384355 0.26063829787234044
3 0.3802528185855825 0.4209726443768997 0.3802528185855825 0.4756838905775076 0.3925521011274342 0.5 0.4212504270584216 0.49012158054711247 0.4212504270584216 0.4452887537993921 0.41373419883840107 0.38069908814589665 0.40929279125384355 0.2978723404255319 0.40929279125384355 0.23024316109422494 0.4103177314656645 0.18009118541033434 0.40929279125384355 0.12993920972644377 0.40416809019473865 0.12310030395136778 0.3925521011274342 0.13297872340425532 0.3840109326955928 0.18465045592705168 0.3788862316364879 0.2978723404255319
4 0.35838742740006835 0.41793313069908816 0.35257943286641613 0.4627659574468085 0.3536043730782371 0.4939209726443769 0.3751281175264776 0.5045592705167173 0.38981892722924494 0.4787234042553192 0.387769046805603 0.42857142857142855 0.3819610522719508 0.3548632218844985 0.3853775196446874 0.2993920972644377 0.3846942261701401 0.24012158054711247 0.3768363512128459 0.1899696048632219 0.36727024256918345 0.189209726443769 0.3570208404509737 0.24164133738601823
5 0.32217287324906047 0.44376899696048633 0.3143149982917663 0.47112462006079026 0.3149982917663136 0.5045592705167173 0.32661428083361804 0.5174772036474165 0.3563375469764264 0.5098784194528876 0.36727024256918345 0.4886018237082067 0.36009566108643665 0.4308510638297872 0.35838742740006835 0.3351063829787234 0.3563375469764264 0.2803951367781155 0.3563375469764264 0.2393617021276596 0.34267167748548 0.22340425531914893 0.33242227536727026 0.2591185410334346 0.32148957977451315 0.30775075987841943
6 0.2736590365562009 0.44376899696048633 0.2743423300307482 0.49164133738601823 0.2924496071062521 0.5045592705167173 0.31294841134267165 0.5083586626139818 0.3259309873590707 0.49012158054711247 0.32217287324906047 0.44680851063829785 0.3184147591390502 0.38677811550151975 0.32217287324906047 0.3191489361702128 0.3201229928254185 0.2735562310030395 0.3149982917663136 0.23480243161094225 0.299624188588999 0.23024316109422494 0.2852750256235053 0.2507598784194529 0.27570891697984284 0.2765957446808511 0.2726340963443799 0.32066869300911854
8 0.4988042364195422 0.3951367781155015 0.4994875298940895 0.4627659574468085 0.5141783395968569 0.4810030395136778 0.53501879057055 0.4696048632218845 0.53501879057055 0.41717325227963525 0.5343354970960027 0.3411854103343465 0.5343354970960027 0.25227963525835867 0.5387769046805603 0.20440729483282674 0.5316023231978134 0.15729483282674772 0.5128117526477622 0.18009118541033434 0.509053638537752 0.26595744680851063
9 0.5343354970960027 0.378419452887538 0.53501879057055 0.4308510638297872 0.53501879057055 0.45592705167173253 0.5548343013324223 0.4756838905775076 0.5633754697642638 0.4513677811550152 0.5644004099760848 0.3738601823708207 0.5644004099760848 0.2978723404255319 0.5664502903997267 0.23632218844984804 0.5685001708233687 0.189209726443769 0.569183464297916 0.15881458966565348 0.5626921762897165 0.15425531914893617 0.5476597198496754 0.196048632218845 0.5418517253160232 0.25455927051671734 0.5374103177314656 0.2948328267477204
10 0.5606422958660745 0.3837386018237082 0.5592757089169799 0.40805471124620063 0.5626921762897165 0.44984802431610943 0.5787495729415784 0.4825227963525836 0.5917321489579774 0.4430091185410334 0.5927570891697984 0.39209726443769 0.5934403826443457 0.3047112462006079 0.5948069695934404 0.24772036474164133 0.5934403826443457 0.18009118541033434 0.5889989750597882 0.15425531914893617 0.5760163990433891 0.15425531914893617 0.5650837034506321 0.1945288753799392
11 0.580116159890673 0.4012158054711246 0.5766996925179364 0.44148936170212766 0.5838742740006833 0.48556231003039513 0.6084728390843868 0.4870820668693009 0.6180389477280492 0.45972644376899696 0.61530577382986 0.39361702127659576 0.6187222412025966 0.3009118541033435 0.6238469422617015 0.22188449848024316 0.6238469422617015 0.19908814589665655 0.6200888281516912 0.1656534954407295 0.6064229586607448 0.15881458966565348 0.6006149641270926 0.19148936170212766 0.6006149641270926 0.24468085106382978
12 0.6129142466689443 0.41793313069908816 0.6036897847625555 0.44832826747720367 0.6057396651861975 0.47112462006079026 0.6129142466689443 0.48404255319148937 0.6334130509053638 0.4825227963525836 0.6450290399726682 0.45592705167173253 0.6433208062863 0.33966565349544076 0.6368295182781004 0.27887537993920974 0.6296549367953536 0.22872340425531915 0.6217970618380595 0.22796352583586627 0.6043730782371028 0.2393617021276596
13 0.6340963443799111 0.42249240121580545 0.6276050563717116 0.4612462006079027 0.6385377519644687 0.4939209726443769 0.6856850017082337 0.4886018237082067 0.6870515886573283 0.43844984802431614 0.6856850017082337 0.3525835866261398 0.6914929962418859 0.3009118541033435 0.6908097027673386 0.2621580547112462 0.6791937137000341 0.22644376899696048 0.6631363170481722 0.22492401215805471 0.6494704475572258 0.2530395136778115
14 0.6785104202254868 0.4126139817629179 0.6703108985309191 0.45592705167173253 0.6812435941236761 0.4870820668693009 0.7037922787837376 0.4870820668693009 0.7218995558592416 0.4756838905775076 0.7287324906047147 0.4369300911854103 0.7270242569183464 0.31762917933130697 0.7236077895456099 0.2689969604863222 0.7212162623846943 0.2393617021276596 0.7109668602664845 0.23480243161094225 0.7051588657328323 0.23328267477203649 0.6935428766655278 0.2560790273556231 0.684318414759139 0.30927051671732525
22 0.6802186539118551 0.48404255319148937 0.6645029039972669 0.5212765957446809 0.6850017082336863 0.5919452887537994 0.7147249743764947 0.689209726443769 0.7263409634437991 0.7218844984802432 0.7451315339938503 0.7196048632218845 0.7560642295866075 0.682370820668693 0.7321489579774513 0.5600303951367781 0.7352237786129142 0.49012158054711247 0.7277075503928937 0.4787234042553192 0.7154082678510421 0.4825227963525836 0.702425691834643 0.4825227963525836 0.6966176973009908 0.493161094224924
21 0.6194055346771439 0.49772036474164133 0.6135975401434917 0.5045592705167173 0.6125725999316707 0.5281155015197568 0.6228220020498805 0.5889057750759878 0.638196105227195 0.7241641337386018 0.655278442090878 0.7651975683890577 0.6778271267509395 0.7659574468085106 0.6925179364537069 0.7355623100303952 0.6826101810727707 0.6162613981762918 0.6747523061154767 0.5516717325227963 0.6771438332763922 0.5098784194528876 0.6737273659036557 0.49620060790273557 0.6610864366245303 0.49544072948328266
20 0.5927570891697984 0.5 0.5883156815852408 0.506079027355623 0.5869490946361462 0.5448328267477204 0.5989067304407243 0.6200607902735562 0.6074478988725658 0.7477203647416414 0.6245302357362488 0.7735562310030395 0.6330714041680902 0.7530395136778115 0.6293132900580799 0.6869300911854104 0.6272634096344379 0.6025835866261399 0.6238469422617015 0.547112462006079 0.6265801161598906 0.506079027355623 0.6207721216262385 0.4886018237082067 0.614280833618039 0.48632218844984804
19 0.579091219678852 0.4787234042553192 0.5650837034506321 0.49164133738601823 0.5640587632388111 0.5189969604863222 0.5715749914588316 0.5934650455927052 0.5749914588315682 0.7218844984802432 0.5866074478988725 0.7530395136778115 0.597198496754356 0.7279635258358662 0.5934403826443457 0.5683890577507599 0.598223436966177 0.506838905775076 0.5948069695934404 0.4886018237082067 0.5889989750597882 0.48328267477203646
18 0.5524427741715067 0.4908814589665654 0.5439016057396652 0.5098784194528876 0.5415100785787496 0.5425531914893617 0.5445848992142125 0.6595744680851063 0.5483430133242227 0.7454407294832827 0.5585924154424325 0.7712765957446809 0.568158524086095 0.7477203647416414 0.571233344721558 0.6352583586626139 0.5729415784079263 0.5668693009118541 0.5732832251451999 0.5243161094224924 0.568158524086095 0.5015197568389058 0.5596173556542535 0.4946808510638298
17 0.524086094977793 0.49620060790273557 0.5179364537068671 0.5091185410334347 0.5172531602323198 0.5509118541033434 0.5210112743423301 0.6557750759878419 0.5264776221387085 0.7401215805471124 0.5319439699350871 0.7545592705167173 0.5425350187905705 0.7340425531914894 0.5442432524769388 0.601823708206687 0.5421933720532969 0.5440729483282675 0.5442432524769388 0.4969604863221885
16 0.5011957635804578 0.49772036474164133 0.49402118209771095 0.5022796352583586 0.4943628288349846 0.5683890577507599 0.5011957635804578 0.682370820668693 0.5076870515886573 0.7522796352583586 0.5162282200204988 0.7606382978723404 0.5220362145541511 0.7006079027355623 0.5182781004441408 0.5782674772036475 0.5179364537068671 0.4939209726443769
24 0.4762555517594807 0.49544072948328266 0.47318073112401776 0.49620060790273557 0.47420567133583874 0.541033434650456 0.47830543218312266 0.6580547112462006 0.4865049538776905 0.7446808510638298 0.4960710625213529 0.7545592705167173 0.5032456440040998 0.7104863221884499 0.4988042364195422 0.5866261398176292 0.49402118209771095 0.49620060790273557
25 0.4581482746839768 0.506838905775076 0.44926545951486163 0.5174772036474165 0.446873932353946 0.5478723404255319 0.45439016057396653 0.6344984802431611 0.45917321489579777 0.756079027355623 0.46976426375128116 0.7720364741641338 0.47488896481038606 0.7408814589665653 0.47830543218312266 0.6306990881458967 0.47420567133583874 0.5577507598784195 0.47591390502220704 0.5303951367781155 0.4721557909121968 0.5075987841945289
26 0.42842500854116844 0.506079027355623 0.41715066621113767 0.5334346504559271 0.42056713358387426 0.5980243161094225 0.4270584215920738 0.6884498480243161 0.4297915954902631 0.7325227963525835 0.4393577041339255 0.7583586626139818 0.44994875298940895 0.7537993920972644 0.4537068670994192 0.6572948328267477 0.45234028015032457 0.5531914893617021 0.44653228561667235 0.5106382978723404 0.43799111718483086 0.4992401215805471
27 0.40143491629654937 0.5053191489361702 0.3918688076528869 0.5319148936170213 0.3928937478647079 0.6003039513677811 0.39836009566108643 0.7120060790273556 0.4010932695592757 0.7606382978723404 0.4106593782029382 0.7674772036474165 0.41817560642295865 0.7036474164133738 0.4263751281175265 0.5904255319148937 0.4260334813802528 0.5699088145896657 0.4287666552784421 0.541033434650456 0.42569183464297916 0.5250759878419453 0.41885889989750597 0.5182370820668692 0.4133925521011274 0.506079027355623
28 0.37307823710283566 0.5091185410334347 0.36453706867099417 0.5197568389057751 0.36009566108643665 0.5516717325227963 0.36248718824735227 0.6246200607902735 0.36317048172189953 0.7241641337386018 0.3659036556200888 0.7575987841945289 0.37478647078920396 0.7720364741641338 0.38332763922104546 0.756838905775076 0.39391868807652886 0.6367781155015197 0.39665186197471813 0.5820668693009119 0.40245985650837035 0.5509118541033434 0.403826443457465 0.5220364741641338 0.39562692176289715 0.5121580547112462
29 0.3365220362145542 0.5151975683890577 0.32319781346088144 0.5144376899696048 0.3143149982917663 0.520516717325228 0.3177314656645029 0.5638297872340425 0.3112401776563034 0.64209726443769 0.3061154765971985 0.729483282674772 0.3177314656645029 0.7864741641337386 0.3327639221045439 0.7834346504559271 0.3467714383327639 0.7256838905775076 0.3614622480355313 0.6337386018237082 0.3665869490946361 0.5797872340425532 0.37649470447557226 0.5357142857142857 0.37649470447557226 0.5174772036474165 0.37307823710283566 0.5037993920972644 0.3604373078237103 0.5113981762917933
30 0.28869149299624186 0.5030395136778115 0.2709258626580116 0.4939209726443769 0.25896822685343357 0.5250759878419453 0.2586265801161599 0.5729483282674772 0.24256918346429793 0.6808510638297872 0.2377861291424667 0.7424012158054711 0.2596515203279809 0.7750759878419453 0.2784420908780321 0.7348024316109423 0.30748206354629315 0.6177811550151976 0.3190980526135975 0.5797872340425532 0.3259309873590707 0.5562310030395137 0.32558934062179706 0.5227963525835866 0.3160232319781346 0.5121580547112462