0 0.5015817223198594 0.48936170212765956 0.4977152899824253 0.23404255319148937 0.45975395430579963 0.2378419452887538 0.4646748681898067 0.493161094224924
1 0.46362038664323374 0.49544072948328266 0.4608084358523726 0.24012158054711247 0.42952548330404217 0.24848024316109424 0.4351493848857645 0.49772036474164133
2 0.4351493848857645 0.5 0.4263620386643234 0.19148936170212766 0.3884007029876977 0.2066869300911854 0.4010544815465729 0.493161094224924
3 0.39332161687170475 0.493161094224924 0.4080843585237258 0.45972644376899696 0.4038664323374341 0.4065349544072948 0.3884007029876977 0.19984802431610943 0.36203866432337434 0.2066869300911854 0.3648506151142355 0.3860182370820669 0.37293497363796135 0.5015197568389058
4 0.3669595782073814 0.49772036474164133 0.37469244288224957 0.45972644376899696 0.3630931458699473 0.21048632218844984 0.34165202108963094 0.21048632218844984 0.340597539543058 0.43009118541033436 0.3423550087873462 0.5037993920972644
5 0.34340949033391915 0.49544072948328266 0.3367311072056239 0.24012158054711247 0.28963093145869945 0.24848024316109424 0.28787346221441124 0.4870820668693009
6 0.28787346221441124 0.49772036474164133 0.28963093145869945 0.3860182370820669 0.27627416520210896 0.2674772036474164 0.2186291739894552 0.3183890577507599 0.24007029876977154 0.48936170212765956
8 0.5036906854130053 0.493161094224924 0.4977152899824253 0.23404255319148937 0.49876977152899826 0.2127659574468085 0.5398945518453427 0.20820668693009117 0.540597539543058 0.4703647416413374
9 0.541652021089631 0.4810030395136778 0.5398945518453427 0.20440729483282674 0.5750439367311072 0.21048632218844984 0.5729349736379613 0.4825227963525836
10 0.5729349736379613 0.4870820668693009 0.5750439367311072 0.20212765957446807 0.6052724077328647 0.21504559270516718 0.6070298769771529 0.36246200607902734 0.6021089630931459 0.49544072948328266
11 0.60597539543058 0.4810030395136778 0.5982425307557118 0.43844984802431614 0.6101933216168717 0.22720364741641338 0.6432337434094904 0.22720364741641338 0.6383128295254833 0.4490881458966565 0.631634446397188 0.5
12 0.6432337434094904 0.4870820668693009 0.631634446397188 0.4574468085106383 0.6295254833040422 0.3981762917933131 0.6471001757469245 0.22112462006079028 0.6667838312829526 0.2317629179331307 0.6657293497363796 0.4870820668693009
13 0.6667838312829526 0.4848024316109423 0.6695957820738138 0.22112462006079028 0.7114235500878735 0.22720364741641338 0.7124780316344465 0.493161094224924
14 0.7124780316344465 0.4825227963525836 0.7086115992970123 0.4004559270516717 0.7282952548330405 0.24468085106382978 0.7789103690685413 0.2948328267477204 0.7536028119507908 0.46580547112462006
16 0.5005272407732865 0.49772036474164133 0.5026362038664324 0.7446808510638298 0.5212653778558876 0.7401215805471124 0.5268892794376099 0.4810030395136778
17 0.5289982425307557 0.4825227963525836 0.5191564147627417 0.7469604863221885 0.5377855887521968 0.7484802431610942 0.556414762741652 0.4825227963525836
18 0.556414762741652 0.4810030395136778 0.5493848857644992 0.5987841945288754 0.550439367311072 0.7446808510638298 0.5838312829525484 0.7424012158054711 0.5855887521968366 0.5691489361702128 0.5827768014059754 0.520516717325228 0.5845342706502636 0.48936170212765956
19 0.5954305799648506 0.49544072948328266 0.5827768014059754 0.5273556231003039 0.5855887521968366 0.7424012158054711 0.6080843585237259 0.736322188449848 0.6130052724077328 0.5881458966565349 0.6091388400702987 0.5037993920972644
20 0.6119507908611599 0.5083586626139818 0.6119507908611599 0.5524316109422492 0.6235500878734622 0.7484802431610942 0.6481546572934974 0.7386018237082067 0.6442882249560633 0.5797872340425532 0.6411247803163445 0.5121580547112462 0.6277680140597539 0.49772036474164133
21 0.6411247803163445 0.5037993920972644 0.6548330404217926 0.7613981762917933 0.7163444639718805 0.7340425531914894 0.6910369068541301 0.5797872340425532 0.6882249560632689 0.49772036474164133
22 0.6882249560632689 0.49544072948328266 0.6931458699472759 0.5927051671732523 0.7223198594024605 0.7340425531914894 0.7641476274165202 0.6831306990881459 0.7427065026362039 0.5737082066869301 0.7300527240773287 0.49164133738601823
23 0.7321616871704745 0.49544072948328266 0.7602811950790861 0.6793313069908815 0.7992970123022847 0.6306990881458967 0.7729349736379614 0.44072948328267475
24 0.5015817223198594 0.49544072948328266 0.5047451669595782 0.7484802431610942 0.48611599297012303 0.7424012158054711 0.47908611599297013 0.49164133738601823
25 0.481195079086116 0.48936170212765956 0.48787346221441125 0.7553191489361702 0.4664323374340949 0.7591185410334347 0.45588752196836557 0.49544072948328266
26 0.45659050966608083 0.49544072948328266 0.4664323374340949 0.763677811550152 0.4646748681898067 0.8016717325227963 0.43620386643233744 0.8039513677811551 0.43233743409490333 0.668693009118541 0.42847100175746927 0.5
27 0.42952548330404217 0.5 0.4344463971880492 0.797112462006079 0.4038664323374341 0.7864741641337386 0.3961335676625659 0.5106382978723404
29 0.3884007029876977 0.5357142857142857 0.35536028119507906 0.7613981762917933 0.29666080843585235 0.7446808510638298 0.31423550087873464 0.6306990881458967 0.3307557117750439 0.5106382978723404
30 0.3307557117750439 0.5144376899696048 0.2927943760984183 0.7507598784194529 0.23796133567662567 0.7066869300911854 0.26748681898066784 0.5714285714285714 0.275219683655536 0.5037993920972644
31 0.2720562390158172 0.5015197568389058 0.2681898066783831 0.5759878419452887 0.23690685413005272 0.7021276595744681 0.19718804920913885 0.6474164133738601 0.22425307557117752 0.4787234042553192