0 0.46419390378259273 0.5091185410334347 0.49834741094381196 0.49544072948328266 0.4744766801322071 0.22340425531914893 0.45170767535806094 0.22872340425531915
1 0.43958868894601544 0.5045592705167173 0.46566287183253763 0.4969604863221885 0.4531766434080059 0.22872340425531915 0.43444730077120824 0.23328267477203649 0.43444730077120824 0.46200607902735563
2 0.40580242379728243 0.47720364741641336 0.4226955563716489 0.49848024316109424 0.43738523687109804 0.45364741641337386 0.4329783327212633 0.3898176291793313 0.4175541681968417 0.19756838905775076 0.39735585751009916 0.20364741641337386 0.4032317297098788 0.418693009118541 0.4017627616599339 0.4506079027355623
3 0.37532133676092544 0.4817629179331307 0.3892765332354021 0.5030395136778115 0.40947484392214467 0.49544072948328266 0.41461623209695186 0.4696048632218845 0.41535071612192437 0.41413373860182373 0.3944179214102093 0.2188449848024316 0.37532133676092544 0.2317629179331307 0.37752478883584284 0.4126139817629179 0.3731178846860081 0.4521276595744681
4 0.34337128167462355 0.4726443768996961 0.35952993022401764 0.4969604863221885 0.37899375688578774 0.4878419452887538 0.38413514506059493 0.47416413373860183 0.38413514506059493 0.4126139817629179 0.3709144326110907 0.22188449848024316 0.35438854204921044 0.22872340425531915 0.3485126698494308 0.42021276595744683 0.34190231362467866 0.44756838905775076
5 0.30113845023870733 0.47416413373860183 0.3345574733749541 0.48632218844984804 0.3514506059493206 0.46200607902735563 0.3477781858244583 0.3943768996960486 0.3485126698494308 0.23328267477203649 0.3283143591626882 0.23328267477203649 0.3143591626882115 0.31762917933130697 0.30848329048843187 0.3708206686930091 0.2996694821887624 0.4095744680851064 0.29746603011384504 0.4521276595744681
6 0.2519280205655527 0.4369300911854103 0.2787366874770474 0.4726443768996961 0.29893499816378993 0.4574468085106383 0.305545354388542 0.3958966565349544 0.3077488064634594 0.2986322188449848 0.2996694821887624 0.2378419452887538 0.27800220345207494 0.24696048632218845 0.27947117150201983 0.3252279635258359 0.26404700697759825 0.3723404255319149 0.2541314726404701 0.3882978723404255
7 0.23430040396621374 0.3373860182370821 0.255600440690415 0.3556231003039514 0.2713918472273228 0.3556231003039514 0.2824091076019097 0.32370820668693007 0.28094013955196473 0.27583586626139817 0.26918839515240545 0.20820668693009117 0.24752111641571795 0.21428571428571427 0.24311421226588323 0.2712765957446808 0.2365038560411311 0.29559270516717323
8 0.49467499081894967 0.49544072948328266 0.5229526257803893 0.4939209726443769 0.5266250459052516 0.46808510638297873 0.5244215938303342 0.39893617021276595 0.5123026074182887 0.23480243161094225 0.49320602276900477 0.2393617021276596 0.49320602276900477 0.4065349544072948 0.4910025706940874 0.45592705167173253
9 0.5236871098053617 0.49240121580547114 0.5464561145795079 0.4908814589665654 0.5493940506793977 0.46200607902735563 0.5332354021300036 0.22644376899696048 0.5141388174807198 0.2317629179331307 0.5207491737054719 0.4065349544072948 0.5178112376055821 0.43844984802431614
10 0.5449871465295629 0.45896656534954405 0.5637164891663606 0.5030395136778115 0.5798751377157547 0.47720364741641336 0.5842820418655894 0.4490881458966565 0.5798751377157547 0.39893617021276595 0.5784061696658098 0.1778115501519757 0.559309585016526 0.17933130699088146 0.5464561145795079 0.385258358662614 0.5457216305545355 0.4095744680851064 0.543518178479618 0.42933130699088146
11 0.5725302974660301 0.4635258358662614 0.5828130738156445 0.48024316109422494 0.5949320602276901 0.49544072948328266 0.6132941608520015 0.4726443768996961 0.612559676827029 0.4369300911854103 0.612559676827029 0.22036474164133737 0.5956665442526625 0.22872340425531915 0.5820785897906721 0.4034954407294833 0.5769372016158648 0.4278115501519757
12 0.6030113845023871 0.46808510638297873 0.6305545354388542 0.4878419452887538 0.6474476680132207 0.47112462006079026 0.6423062798384135 0.3958966565349544 0.6261476312890195 0.2127659574468085 0.6052148365773045 0.2188449848024316 0.5986044803525523 0.4034954407294833 0.5956665442526625 0.43844984802431614
13 0.6445097319133308 0.47112462006079026 0.6661770106500183 0.4817629179331307 0.6940874035989717 0.46808510638297873 0.6988615497612927 0.43844984802431614 0.6874770473742197 0.3738601823708207 0.6845391112743298 0.30547112462006076 0.6742563349247154 0.22340425531914893 0.641571795813441 0.23328267477203649 0.6393683437385237 0.35714285714285715 0.6408373117884686 0.378419452887538 0.6371648916636063 0.418693009118541 0.6401028277634961 0.4635258358662614
14 0.6970253396988616 0.4490881458966565 0.7164891663606316 0.45896656534954405 0.7410943811972089 0.43541033434650456 0.7484392214469335 0.41109422492401215 0.7440323172970987 0.385258358662614 0.7326478149100257 0.3525835866261398 0.7113477781858245 0.29711246200607905 0.70106500183621 0.24088145896656535 0.689680499449137 0.2560790273556231 0.6838046272493573 0.31155015197568386 0.6852735952993022 0.3662613981762918 0.6904149834741095 0.418693009118541
15 0.7344840249724568 0.3373860182370821 0.7616599338964377 0.31155015197568386 0.7653323540213001 0.26975683890577506 0.7201615864854939 0.1778115501519757 0.7003305178112376 0.23632218844984804 0.7084098420859346 0.29559270516717323 0.7238340066103562 0.3343465045592705
16 0.5056922511935366 0.5197568389057751 0.5229526257803893 0.5167173252279635 0.5236871098053617 0.5661094224924013 0.5200146896804995 0.7530395136778115 0.5042232831435917 0.756079027355623 0.5056922511935366 0.5706686930091185 0.5042232831435917 0.5478723404255319
17 0.5244215938303342 0.513677811550152 0.5464561145795079 0.5182370820668692 0.5325009181050312 0.7735562310030395 0.5178112376055821 0.776595744680851
18 0.5391112743297833 0.5767477203647416 0.5486595666544253 0.5227963525835866 0.5629820051413882 0.5326747720364742 0.5710613294160852 0.5904255319148937 0.5762027175908924 0.6793313069908815 0.5762027175908924 0.8085106382978723 0.5526992287917738 0.8130699088145896 0.5383767903048109 0.6155015197568389
19 0.5607785530664708 0.5585106382978723 0.5725302974660301 0.5167173252279635 0.5927286081527727 0.5448328267477204 0.5956665442526625 0.5752279635258358 0.5978699963275799 0.60790273556231 0.596401028277635 0.7575987841945289 0.5798751377157547 0.7613981762917933 0.5673889092912229 0.5904255319148937
20 0.5806096217407272 0.5417933130699089 0.5857510099155343 0.5227963525835866 0.6066838046272494 0.513677811550152 0.6184355490268086 0.5372340425531915 0.6199045170767535 0.5661094224924013 0.625413147264047 0.7629179331306991 0.6074182886522218 0.7659574468085106 0.5890561880279104 0.5782674772036475
21 0.6118251928020566 0.5645896656534954 0.612559676827029 0.53419452887538 0.6169665809768637 0.5121580547112462 0.6661770106500183 0.506079027355623 0.6727873668747705 0.5273556231003039 0.6727873668747705 0.5752279635258358 0.7003305178112376 0.7515197568389058 0.6562614763128902 0.7720364741641338 0.620639001101726 0.5828267477203647
21 0.6676459786999632 0.5258358662613982 0.6713183988248256 0.5015197568389058 0.7076753580609622 0.4817629179331307 0.7172236503856041 0.4817629179331307 0.7282409107601909 0.5121580547112462 0.7297098788101358 0.5691489361702128 0.7616599338964377 0.7104863221884499 0.7245684906353287 0.736322188449848 0.6779287550495777 0.5661094224924013 0.6683804627249358 0.53419452887538
22 0.7271391847227323 0.5585106382978723 0.7300771208226221 0.5227963525835866 0.744399559309585 0.48936170212765956 0.7642306279838413 0.4848024316109423 0.7792875504957767 0.5182370820668692 0.8171134777818583 0.5904255319148937 0.7947117150201983 0.6519756838905775 0.753947851634227 0.6094224924012158 0.7337495409474843 0.5904255319148937
24 0.48218876239441794 0.5212765957446809 0.5056922511935366 0.513677811550152 0.5056922511935366 0.7180851063829787 0.4917370547190599 0.7241641337386018
25 0.46199045170767533 0.5227963525835866 0.4865956665442527 0.5182370820668692 0.4924715387440323 0.7408814589665653 0.47998531031950054 0.743920972644377
26 0.442159383033419 0.5326747720364742 0.45170767535806094 0.5212765957446809 0.4583180315828131 0.5227963525835866 0.4693352919573999 0.6041033434650456 0.4634594197576203 0.8237082066869301 0.4473007712082262 0.8221884498480243 0.43224384869629084 0.6610942249240122 0.4351817847961807 0.5752279635258358
27 0.4109438119720896 0.5478723404255319 0.42563349247153875 0.5273556231003039 0.43591626882115314 0.5357142857142857 0.4381197208960705 0.5554711246200608 0.4458318031582813 0.5661094224924013 0.43738523687109804 0.6056231003039514 0.42343004039662135 0.7796352583586627 0.4043334557473375 0.7811550151975684 0.4087403598971722 0.5980243161094225 0.4080058758721998 0.5752279635258358
28 0.3819316929856776 0.53419452887538 0.39882482556004406 0.5227963525835866 0.4175541681968417 0.5303951367781155 0.42196107234667646 0.5433130699088146 0.421226588321704 0.5721884498480243 0.41314726404700697 0.6041033434650456 0.39221446933529197 0.7796352583586627 0.37532133676092544 0.7720364741641338 0.38046272493573263 0.5782674772036475 0.38046272493573263 0.5539513677811551
29 0.33161953727506427 0.513677811550152 0.3499816378993757 0.5091185410334347 0.3856041131105398 0.5227963525835866 0.3878075651854572 0.5493920972644377 0.37752478883584284 0.5889057750759878 0.3485126698494308 0.7629179331306991 0.307014322438487 0.7332826747720365 0.32904884318766064 0.5904255319148937 0.3268453911127433 0.5372340425531915
30 0.2919573999265516 0.4848024316109423 0.30848329048843187 0.4939209726443769 0.31876606683804626 0.5 0.33529195739992657 0.5273556231003039 0.3338229893499816 0.5600303951367781 0.32243848696290855 0.5858662613981763 0.31068674256334927 0.6458966565349544 0.27286081527726774 0.7272036474164134 0.25266250459052514 0.702887537993921 0.27065736320235034 0.5737082066869301 0.27432978332721264 0.513677811550152 0.2816746235769372 0.4908814589665654
31 0.24825560044069042 0.4848024316109423 0.26551597502754315 0.5 0.2677194271024605 0.5212765957446809 0.2750642673521851 0.53419452887538 0.2787366874770474 0.5661094224924013 0.26918839515240545 0.5995440729483282 0.255600440690415 0.6056231003039514 0.22401762761659935 0.6565349544072948 0.19794344473007713 0.5782674772036475 0.2247521116415718 0.5273556231003039 0.23430040396621374 0.4939209726443769