2 0.431895961670089 0.5015197568389058 0.4274469541409993 0.5714285714285714 0.4407939767282683 0.5957446808510638 0.45516769336071183 0.5661094224924013 0.4596167008898015 0.49544072948328266 0.45824777549623547 0.4156534954407295 0.4517453798767967 0.3434650455927052 0.446611909650924 0.2993920972644377 0.4407939767282683 0.28343465045592703 0.431895961670089 0.303951367781155 0.43121149897330596 0.3677811550151976
3 0.4072553045859001 0.5083586626139818 0.405201916495551 0.5661094224924013 0.4240246406570842 0.5775075987841946 0.432580424366872 0.5440729483282675 0.431895961670089 0.46580547112462006 0.43052703627652295 0.37537993920972645 0.43052703627652295 0.32066869300911854 0.42265571526351814 0.3047112462006079 0.41170431211498976 0.30927051671732525
6 0.3182751540041068 0.48556231003039513 0.3189596167008898 0.5303951367781155 0.35763175906913075 0.567629179331307 0.36858316221765913 0.5417933130699089 0.36276522929500343 0.4756838905775076 0.35557837097878164 0.3951367781155015 0.35557837097878164 0.3541033434650456 0.34154688569472963 0.3282674772036474 0.32272416153319644 0.34802431610942247 0.3134839151266256 0.4270516717325228
9 0.5352498288843258 0.5372340425531915 0.5338809034907598 0.5790273556231003 0.5537303216974675 0.601823708206687 0.5616016427104723 0.5828267477203647 0.5609171800136893 0.5113981762917933 0.5609171800136893 0.44832826747720367 0.5609171800136893 0.3966565349544073 0.5622861054072553 0.3495440729483283 0.5557837097878165 0.3290273556231003 0.5417522245037646 0.3434650455927052 0.5352498288843258 0.42857142857142855
10 0.5602327173169063 0.5144376899696048 0.5602327173169063 0.5516717325227963 0.5636550308008214 0.5889057750759878 0.5770020533880903 0.5972644376899696 0.5862422997946611 0.574468085106383 0.5872689938398358 0.5015197568389058 0.5893223819301848 0.4308510638297872 0.5937713894592744 0.39361702127659576 0.5951403148528405 0.3541033434650456 0.5951403148528405 0.30623100303951367 0.5835044490075291 0.2864741641337386 0.5752908966461328 0.3009118541033435 0.5643394934976044 0.45592705167173253
14 0.6502395619438741 0.49848024316109424 0.6475017111567419 0.547112462006079 0.6642710472279261 0.5805471124620061 0.6848049281314168 0.5714285714285714 0.6913073237508556 0.5174772036474165 0.6940451745379876 0.42857142857142855 0.6940451745379876 0.378419452887538 0.687542778918549 0.34498480243161095 0.6796714579055442 0.33966565349544076 0.6670088980150581 0.3639817629179331
30 0.3316221765913758 0.587386018237082 0.3220396988364134 0.6261398176291794 0.3162217659137577 0.6846504559270516 0.2950034223134839 0.7606382978723404 0.29671457905544146 0.7849544072948328 0.3141683778234086 0.8009118541033434 0.3542094455852156 0.7211246200607903 0.37063655030800824 0.6458966565349544 0.3730321697467488 0.6117021276595744 0.3607118412046543 0.5972644376899696
29 0.37748117727583846 0.6117021276595744 0.36995208761122517 0.6200607902735562 0.35626283367556466 0.6960486322188449 0.34154688569472963 0.7781155015197568 0.3323066392881588 0.8366261398176292 0.34976043805612594 0.8639817629179332 0.3809034907597536 0.8252279635258358 0.405886379192334 0.6937689969604863 0.40930869267624914 0.6405775075987842 0.405201916495551 0.6193009118541033 0.38774811772758383 0.6147416413373861
27 0.42539356605065026 0.6322188449848024 0.4161533196440794 0.6458966565349544 0.4123887748117728 0.7340425531914894 0.40999315537303216 0.8411854103343465 0.4161533196440794 0.8867781155015197 0.43121149897330596 0.8974164133738601 0.4401095140314853 0.8768996960486323 0.4401095140314853 0.7940729483282675 0.4401095140314853 0.7120060790273556 0.44353182751540043 0.648936170212766 0.43566050650239563 0.6344984802431611
26 0.45037645448323066 0.6329787234042553 0.44284736481861736 0.6344984802431611 0.43908281998631077 0.6588145896656535 0.4414784394250513 0.7712765957446809 0.4407939767282683 0.8571428571428571 0.44216290212183434 0.9118541033434651 0.45687885010266943 0.9285714285714286 0.46338124572210815 0.8799392097264438 0.4668035592060233 0.7120060790273556 0.4668035592060233 0.7021276595744681 0.46611909650924027 0.6458966565349544
25 0.4757015742642026 0.6329787234042553 0.4654346338124572 0.6360182370820668 0.4647501711156742 0.6793313069908815 0.46919917864476385 0.7940729483282675 0.4757015742642026 0.8860182370820668 0.4794661190965092 0.9240121580547113 0.4893908281998631 0.9072948328267477 0.49041752224503765 0.8427051671732523 0.486652977412731 0.6793313069908815 0.485968514715948 0.6276595744680851
24 0.4938398357289528 0.6276595744680851 0.48459958932238195 0.6306990881458967 0.485968514715948 0.723404255319149 0.4893908281998631 0.8525835866261399 0.49828884325804246 0.9027355623100304 0.5027378507871321 0.8996960486322189 0.5068446269678303 0.878419452887538 0.5068446269678303 0.8054711246200608 0.5061601642710473 0.7036474164133738 0.5061601642710473 0.6375379939209727
16 0.5085557837097878 0.6261398176291794 0.5054757015742642 0.648936170212766 0.5068446269678303 0.7750759878419453 0.5068446269678303 0.8525835866261399 0.5078713210130048 0.8799392097264438 0.5164271047227926 0.8882978723404256 0.5242984257357974 0.8328267477203647 0.527378507871321 0.7196048632218845 0.5294318959616701 0.6451367781155015 0.5246406570841889 0.6276595744680851
17 0.5396988364134154 0.6291793313069909 0.528747433264887 0.6261398176291794 0.527378507871321 0.6778115501519757 0.525325119780972 0.763677811550152 0.5195071868583162 0.8472644376899696 0.5195071868583162 0.8996960486322189 0.5304585900068446 0.9141337386018237 0.5396988364134154 0.8753799392097265 0.5441478439425051 0.8024316109422492 0.5506502395619439 0.6390577507598785
18 0.5616016427104723 0.6231003039513677 0.5506502395619439 0.6276595744680851 0.5475701574264202 0.6603343465045592 0.5441478439425051 0.7811550151975684 0.5420944558521561 0.8571428571428571 0.55201916495551 0.9012158054711246 0.5629705681040383 0.8958966565349544 0.568104038329911 0.8229483282674772 0.5725530458590007 0.6960486322188449 0.5725530458590007 0.6504559270516718
19 0.5811088295687885 0.6193009118541033 0.5704996577686516 0.6246200607902735 0.5732375085557837 0.6838905775075987 0.5725530458590007 0.7879939209726444 0.568104038329911 0.8768996960486323 0.5725530458590007 0.8974164133738601 0.5848733744010951 0.8928571428571429 0.5920602327173169 0.8069908814589666 0.5944558521560575 0.6876899696048632 0.5927446954140999 0.6322188449848024
20 0.6002737850787132 0.6147416413373861 0.5900068446269678 0.621580547112462 0.5913757700205339 0.6778115501519757 0.6030116358658453 0.7849544072948328 0.606776180698152 0.8556231003039514 0.6184120465434634 0.8685410334346505 0.6314168377823408 0.8343465045592705 0.62217659137577 0.7120060790273556 0.6184120465434634 0.6306990881458967