6 0.2787769784172662 0.4612462006079027 0.27446043165467626 0.4946808510638298 0.2805755395683453 0.5372340425531915 0.2953237410071942 0.5562310030395137 0.31402877697841725 0.5577507598784195 0.3237410071942446 0.5167173252279635 0.32302158273381293 0.4027355623100304 0.3248201438848921 0.3373860182370821 0.32014388489208634 0.30775075987841943 0.3014388489208633 0.28343465045592703 0.28561151079136693 0.29027355623100304 0.2798561151079137 0.34194528875379937
5 0.32014388489208634 0.4992401215805471 0.31510791366906477 0.5493920972644377 0.3320143884892086 0.5706686930091185 0.35071942446043164 0.5721884498480243 0.36798561151079134 0.5623100303951368 0.37410071942446044 0.5319148936170213 0.37050359712230213 0.4848024316109423 0.3658273381294964 0.42933130699088146 0.3643884892086331 0.3594224924012158 0.34928057553956837 0.33890577507598785 0.3327338129496403 0.33282674772036475 0.3194244604316547 0.3799392097264438 0.320863309352518 0.44072948328267475
4 0.3658273381294964 0.4908814589665654 0.36151079136690645 0.5417933130699089 0.3658273381294964 0.5721884498480243 0.3816546762589928 0.5706686930091185 0.4039568345323741 0.5562310030395137 0.41007194244604317 0.5258358662613982 0.4025179856115108 0.47188449848024316 0.39964028776978416 0.39969604863221886 0.39964028776978416 0.36322188449848025 0.4010791366906475 0.2948328267477204 0.3949640287769784 0.27887537993920974 0.38453237410071944 0.2743161094224924 0.37553956834532376 0.2978723404255319
3 0.3920863309352518 0.4817629179331307 0.38920863309352516 0.5547112462006079 0.4050359712230216 0.5797872340425532 0.4154676258992806 0.5531914893617021 0.4287769784172662 0.5683890577507599 0.43848920863309354 0.5509118541033434 0.43848920863309354 0.5151975683890577 0.4251798561151079 0.42021276595744683 0.41762589928057553 0.3548632218844985 0.41079136690647483 0.3183890577507599 0.3967625899280576 0.3229483282674772 0.3920863309352518 0.35030395136778114
2 0.41906474820143885 0.506838905775076 0.41474820143884894 0.5493920972644377 0.4287769784172662 0.5782674772036475 0.44316546762589926 0.5797872340425532 0.45719424460431657 0.5509118541033434 0.45863309352517984 0.5197568389057751 0.45 0.3958966565349544 0.4482014388489209 0.3183890577507599 0.44532374100719424 0.2712765957446808 0.44316546762589926 0.23480243161094225 0.43345323741007197 0.22796352583586627 0.4244604316546763 0.24772036474164133 0.42194244604316544 0.310790273556231
1 0.45359712230215826 0.4992401215805471 0.44964028776978415 0.5531914893617021 0.46258992805755395 0.5737082066869301 0.4776978417266187 0.5721884498480243 0.4841726618705036 0.560790273556231 0.4856115107913669 0.5258358662613982 0.4856115107913669 0.42021276595744683 0.489568345323741 0.3487841945288754 0.4866906474820144 0.27583586626139817 0.481294964028777 0.25227963525835867 0.4679856115107914 0.25379939209726443 0.4579136690647482 0.2917933130699088
0 0.4805755395683453 0.49620060790273557 0.4805755395683453 0.5562310030395137 0.4848920863309353 0.5828267477203647 0.5046762589928058 0.5896656534954408 0.5179856115107914 0.5889057750759878 0.520863309352518 0.5782674772036475 0.5172661870503598 0.47720364741641336 0.5172661870503598 0.41033434650455924 0.5151079136690647 0.32142857142857145 0.5136690647482014 0.28343465045592703 0.5097122302158273 0.25227963525835867 0.5035971223021583 0.24696048632218845 0.4931654676258993 0.2743161094224924
8 0.5194244604316547 0.5151975683890577 0.518705035971223 0.5843465045592705 0.5359712230215827 0.5889057750759878 0.5539568345323741 0.5797872340425532 0.5568345323741007 0.5433130699088146 0.556115107913669 0.4734042553191489 0.556115107913669 0.3882978723404255 0.5579136690647482 0.3472644376899696 0.5607913669064748 0.2872340425531915 0.5607913669064748 0.2439209726443769 0.5449640287769785 0.2317629179331307 0.5352517985611511 0.30927051671732525
9 0.5525179856115108 0.506838905775076 0.5510791366906475 0.5737082066869301 0.5726618705035971 0.5797872340425532 0.5802158273381295 0.5478723404255319 0.5802158273381295 0.4673252279635258 0.5809352517985612 0.3882978723404255 0.5848920863309353 0.3123100303951368 0.5870503597122302 0.2454407294832827 0.5892086330935252 0.22340425531914893 0.5794964028776979 0.21124620060790272 0.5651079136690648 0.23328267477203649
10 0.5816546762589928 0.4939209726443769 0.5780575539568346 0.5592705167173252 0.5935251798561151 0.5927051671732523 0.6115107913669064 0.5706686930091185 0.6147482014388489 0.5167173252279635 0.6100719424460431 0.4627659574468085 0.6115107913669064 0.38677811550151975 0.6133093525179856 0.30623100303951367 0.6079136690647482 0.2378419452887538 0.5989208633093526 0.21580547112462006 0.5928057553956835 0.22872340425531915
11 0.5996402877697842 0.4688449848024316 0.6025179856115108 0.5319148936170213 0.6190647482014389 0.5562310030395137 0.6298561151079136 0.5782674772036475 0.6402877697841727 0.5448328267477204 0.6388489208633094 0.48024316109422494 0.6356115107913669 0.3677811550151976 0.6384892086330936 0.3229483282674772 0.641726618705036 0.28495440729483285 0.6424460431654676 0.24696048632218845 0.6312949640287769 0.2454407294832827 0.6223021582733813 0.2682370820668693 0.6057553956834533 0.3882978723404255
12 0.6305755395683453 0.4908814589665654 0.6327338129496403 0.5372340425531915 0.6467625899280576 0.5623100303951368 0.662589928057554 0.5577507598784195 0.6665467625899281 0.5357142857142857 0.6611510791366907 0.4642857142857143 0.6557553956834532 0.32142857142857145 0.6535971223021583 0.27279635258358664 0.6356115107913669 0.3009118541033435 0.6305755395683453 0.3943768996960486
13 0.6564748201438849 0.4566869300911854 0.6633093525179856 0.5273556231003039 0.6845323741007194 0.5182370820668692 0.6902877697841726 0.4946808510638298 0.6902877697841726 0.4369300911854103 0.6902877697841726 0.38677811550151975 0.6859712230215828 0.34422492401215804 0.6798561151079137 0.29027355623100304 0.6679856115107914 0.2872340425531915 0.6564748201438849 0.3047112462006079 0.6535971223021583 0.35030395136778114
14 0.6874100719424461 0.44984802431610943 0.689568345323741 0.5182370820668692 0.7075539568345324 0.5288753799392097 0.7205035971223022 0.5167173252279635 0.7302158273381295 0.4848024316109423 0.7338129496402878 0.44984802431610943 0.7226618705035971 0.3943768996960486 0.7212230215827338 0.3373860182370821 0.7158273381294964 0.2948328267477204 0.7097122302158273 0.25987841945288753 0.6949640287769784 0.25379939209726443 0.6874100719424461 0.26671732522796354 0.6845323741007194 0.310790273556231
31 0.24676258992805755 0.5889057750759878 0.2341726618705036 0.6003039513677811 0.22122302158273383 0.6398176291793313 0.2079136690647482 0.6793313069908815 0.2079136690647482 0.7142857142857143 0.21906474820143884 0.7492401215805471 0.2503597122302158 0.7416413373860182 0.26115107913669067 0.7173252279635258 0.28633093525179854 0.668693009118541 0.2827338129496403 0.6291793313069909 0.26762589928057556 0.5843465045592705
30 0.30287769784172663 0.5797872340425532 0.289568345323741 0.5942249240121581 0.2881294964028777 0.6367781155015197 0.27661870503597125 0.689209726443769 0.2503597122302158 0.7272036474164134 0.2489208633093525 0.7917933130699089 0.2697841726618705 0.8168693009118541 0.32158273381294966 0.7446808510638298 0.33884892086330937 0.682370820668693 0.35611510791366907 0.6413373860182371 0.35683453237410073 0.6147416413373861 0.34424460431654674 0.5957446808510638 0.3194244604316547 0.5782674772036475
29 0.35 0.6512158054711246 0.33525179856115106 0.682370820668693 0.32230215827338127 0.7287234042553191 0.31402877697841725 0.7743161094224924 0.318705035971223 0.8267477203647416 0.3449640287769784 0.8411854103343465 0.3665467625899281 0.8092705167173252 0.3776978417266187 0.743161094224924 0.38093525179856114 0.7013677811550152 0.376978417266187 0.6732522796352584 0.36726618705035974 0.6542553191489362
28 0.38093525179856114 0.6177811550151976 0.37553956834532376 0.6443768996960486 0.3802158273381295 0.7332826747720365 0.3726618705035971 0.8282674772036475 0.3665467625899281 0.8746200607902735 0.3899280575539568 0.8852583586626139 0.40323741007194247 0.8533434650455927 0.41223021582733815 0.78419452887538 0.4115107913669065 0.7287234042553191 0.4140287769784173 0.6732522796352584 0.41906474820143885 0.6291793313069909 0.4154676258992806 0.6193009118541033 0.39964028776978416 0.6132218844984803 0.3906474820143885 0.6147416413373861
27 0.4197841726618705 0.6177811550151976 0.40575539568345326 0.6291793313069909 0.40467625899280574 0.6861702127659575 0.4115107913669065 0.7697568389057751 0.4093525179856115 0.8427051671732523 0.4093525179856115 0.8632218844984803 0.42122302158273384 0.8776595744680851 0.43201438848920864 0.8533434650455927 0.4392086330935252 0.7796352583586627 0.4399280575539568 0.7112462006079028 0.441726618705036 0.6717325227963525 0.44064748201438847 0.6306990881458967 0.4287769784172662 0.6147416413373861
26 0.44316546762589926 0.6063829787234043 0.4341726618705036 0.6512158054711246 0.43489208633093523 0.7112462006079028 0.44100719424460433 0.8366261398176292 0.4438848920863309 0.9088145896656535 0.4507194244604317 0.9247720364741642 0.46258992805755395 0.898176291793313 0.4723021582733813 0.8047112462006079 0.47302158273381295 0.7203647416413373 0.4744604316546763 0.6702127659574468 0.4676258992805755 0.6527355623100304 0.4618705035971223 0.6048632218844985
25 0.4723021582733813 0.5987841945288754 0.45971223021582736 0.6177811550151976 0.460431654676259 0.6648936170212766 0.4744604316546763 0.8358662613981763 0.4805755395683453 0.8776595744680851 0.4866906474820144 0.8791793313069909 0.4956834532374101 0.851823708206687 0.49712230215827335 0.7872340425531915 0.49028776978417266 0.6603343465045592 0.4848920863309353 0.6086626139817629
24 0.5053956834532374 0.5987841945288754 0.4910071942446043 0.5942249240121581 0.48345323741007196 0.5987841945288754 0.4841726618705036 0.6398176291793313 0.4949640287769784 0.7917933130699089 0.5007194244604316 0.8617021276595744 0.5089928057553957 0.8396656534954408 0.508273381294964 0.6952887537993921 0.5118705035971223 0.6268996960486323
16 0.518705035971223 0.601823708206687 0.510431654676259 0.6033434650455927 0.5075539568345324 0.6588145896656535 0.510431654676259 0.7241641337386018 0.5097122302158273 0.8472644376899696 0.5151079136690647 0.8776595744680851 0.5255395683453238 0.8472644376899696 0.529136690647482 0.7393617021276596 0.5330935251798561 0.6306990881458967 0.5330935251798561 0.6086626139817629
17 0.5420863309352518 0.5972644376899696 0.5316546762589928 0.6003039513677811 0.5305755395683454 0.6132218844984803 0.5276978417266187 0.7287234042553191 0.5248201438848921 0.8571428571428571 0.5298561151079136 0.8806990881458967 0.5406474820143885 0.8617021276595744 0.5456834532374101 0.790273556231003 0.5496402877697841 0.6512158054711246 0.5539568345323741 0.6048632218844985
18 0.5622302158273381 0.5972644376899696 0.5568345323741007 0.5972644376899696 0.5539568345323741 0.6306990881458967 0.5464028776978417 0.7082066869300911 0.5428057553956834 0.8358662613981763 0.5442446043165468 0.8586626139817629 0.5553956834532374 0.8928571428571429 0.5683453237410072 0.8822188449848024 0.5773381294964028 0.7712765957446809 0.5758992805755395 0.6618541033434651 0.5758992805755395 0.601823708206687
19 0.5863309352517986 0.601823708206687 0.5726618705035971 0.6147416413373861 0.5719424460431655 0.6588145896656535 0.5755395683453237 0.7917933130699089 0.5809352517985612 0.8632218844984803 0.5935251798561151 0.8867781155015197 0.6050359712230216 0.8723404255319149 0.6050359712230216 0.8221884498480243 0.5989208633093526 0.7173252279635258 0.6064748201438849 0.6428571428571429 0.6028776978417266 0.6101823708206687
20 0.6258992805755396 0.6033434650455927 0.6176258992805755 0.5957446808510638 0.6100719424460431 0.5942249240121581 0.6003597122302158 0.6033434650455927 0.5938848920863309 0.6117021276595744 0.5920863309352518 0.6367781155015197 0.6057553956834533 0.7082066869300911 0.6161870503597122 0.8457446808510638 0.633453237410072 0.8852583586626139 0.6550359712230216 0.8647416413373861 0.6460431654676259 0.8016717325227963 0.6370503597122302 0.689209726443769
22 0.6424460431654676 0.5896656534954408 0.6356115107913669 0.601823708206687 0.6467625899280576 0.6588145896656535 0.676978417266187 0.7378419452887538 0.7025179856115108 0.7773556231003039 0.7248201438848921 0.7796352583586627 0.737410071942446 0.7522796352583586 0.7352517985611511 0.7173252279635258 0.710431654676259 0.6717325227963525 0.6917266187050359 0.6147416413373861 0.6798561151079137 0.5478723404255319 0.6701438848920863 0.5478723404255319 0.660431654676259 0.560790273556231
23 0.7 0.6162613981762918 0.7 0.6572948328267477 0.7255395683453237 0.6937689969604863 0.7474820143884892 0.7203647416413373 0.7615107913669065 0.7142857142857143 0.7712230215827338 0.6968085106382979 0.7733812949640287 0.6618541033434651 0.7705035971223022 0.6382978723404256 0.7525179856115108 0.6132218844984803 0.7413669064748202 0.5653495440729484 0.7284172661870504 0.5478723404255319 0.7097122302158273 0.5623100303951368