0 0.5076090632397701 0.4734042553191489 0.5065945214744674 0.18693009118541035 0.48055461616503214 0.189209726443769 0.47852553263442676 0.35030395136778114 0.47379100439634764 0.48024316109422494
1 0.475820087926953 0.4642857142857143 0.4815691579303348 0.182370820668693 0.4589110585052418 0.18085106382978725 0.45282380791342575 0.46200607902735563
2 0.4518092661481231 0.446048632218845 0.4548528914440311 0.3791793313069909 0.4487656408522151 0.19148936170212766 0.4267839026039905 0.19832826747720364 0.4267839026039905 0.4551671732522796
3 0.43794386202231994 0.45288753799392095 0.43997294555292527 0.3974164133738602 0.42982752789989853 0.20972644376899696 0.41291849847818735 0.20516717325227962 0.41494758200879267 0.32142857142857145 0.4061548867095029 0.4308510638297872
4 0.4179912073047007 0.4506079027355623 0.410889414947582 0.18693009118541035 0.3862022319918837 0.19832826747720364 0.3892458572877917 0.3525835866261398 0.3841731484612783 0.4551671732522796
5 0.39026039905309434 0.44832826747720367 0.39600946905647616 0.3951367781155015 0.385187690226581 0.2074468085106383 0.3354751437267501 0.2074468085106383 0.3442678390260399 0.3434650455927052 0.3452823807913426 0.44452887537993924
6 0.3452823807913426 0.446048632218845 0.34934054785255325 0.3434650455927052 0.33648968549205277 0.19148936170212766 0.30368616841393303 0.20288753799392098 0.30571525194453836 0.34574468085106386 0.294555292526209 0.4376899696048632 0.3216097396009469 0.44452887537993924
7 0.29252620899560366 0.43541033434650456 0.30842069665201216 0.3882978723404255 0.30639161312140684 0.196048632218845 0.2549881636794048 0.20288753799392098 0.2529590801487995 0.4148936170212766
8 0.5065945214744674 0.4642857142857143 0.5096381467703753 0.20516717325227962 0.5383834967872844 0.2006079027355623 0.5363544132566791 0.46656534954407297
9 0.5343253297260737 0.45972644376899696 0.5373689550219818 0.19832826747720364 0.5593506932702063 0.20516717325227962 0.5583361515049036 0.3951367781155015 0.5563070679742983 0.46656534954407297
10 0.5563070679742983 0.45972644376899696 0.5600270544470748 0.2006079027355623 0.5901251268177207 0.21428571428571427 0.58606695975651 0.2857142857142857 0.5752451809266148 0.45972644376899696
11 0.5769360838687859 0.46200607902735563 0.5752451809266148 0.39285714285714285 0.589110585052418 0.21200607902735563 0.6039905309435238 0.21428571428571427 0.6019614474129185 0.2765957446808511 0.6050050727088265 0.3282674772036474 0.5989178221170105 0.4194528875379939 0.6039905309435238 0.4734042553191489
12 0.6019614474129185 0.46656534954407297 0.5989178221170105 0.4217325227963526 0.6050050727088265 0.32142857142857145 0.6019614474129185 0.27887537993920974 0.6070341562394319 0.18693009118541035 0.6259722691917484 0.20288753799392098 0.6249577274264457 0.40425531914893614 0.6249577274264457 0.46200607902735563
13 0.6307067974298275 0.45288753799392095 0.6219141021305377 0.4065349544072948 0.6249577274264457 0.20972644376899696 0.6766993574568819 0.22036474164133737 0.6746702739262767 0.32142857142857145 0.6655393980385526 0.3791793313069909 0.6645248562732499 0.45288753799392095
14 0.6695975650997633 0.4506079027355623 0.6624957727426446 0.3791793313069909 0.673655732160974 0.32598784194528874 0.6756848156915793 0.23860182370820668 0.6766993574568819 0.2006079027355623 0.7193101115995942 0.2188449848024316 0.7105174163003044 0.4376899696048632
16 0.49847818735204596 0.4688449848024316 0.5055799797091647 0.7302431610942249 0.5292526208995604 0.7188449848024316 0.5194453838349679 0.4688449848024316
17 0.5174163003043625 0.4756838905775076 0.527223537368955 0.7302431610942249 0.5424416638484951 0.723404255319149 0.5373689550219818 0.4688449848024316
18 0.5373689550219818 0.4688449848024316 0.5431180250253635 0.7370820668693009 0.5650997632735881 0.7279635258358662 0.5650997632735881 0.47112462006079026
19 0.5650997632735881 0.47112462006079026 0.5671288468041934 0.7393617021276596 0.5948596550557999 0.7370820668693009 0.5948596550557999 0.46656534954407297
20 0.5968887385864051 0.4886018237082067 0.6100777815353399 0.6139817629179332 0.6388231315522489 0.7127659574468085 0.6804193439296584 0.6724924012158054 0.6516739939127494 0.5311550151975684 0.6516739939127494 0.4734042553191489
21 0.646601285086236 0.46200607902735563 0.6455867433209334 0.5 0.6547176192086575 0.5539513677811551 0.6865065945214744 0.6922492401215805 0.7321609739600947 0.6496960486322189 0.7013865404125803 0.506838905775076 0.6895502198173825 0.45288753799392095
22 0.6915793033479878 0.446048632218845 0.702401082177883 0.5227963525835866 0.7372336827866081 0.6519756838905775 0.7771389922218465 0.6003039513677811 0.7412918498478187 0.3951367781155015
24 0.49847818735204596 0.4688449848024316 0.5065945214744674 0.7348024316109423 0.4886709502874535 0.7256838905775076 0.475820087926953 0.46656534954407297
25 0.47751099086912413 0.47796352583586627 0.4896854920527562 0.743920972644377 0.45958741968211025 0.7370820668693009 0.44978018261751773 0.4642857142857143
26 0.44978018261751773 0.46200607902735563 0.45958741968211025 0.723404255319149 0.42002029083530606 0.7059270516717325 0.4277984443692932 0.4551671732522796
27 0.4257693608386879 0.4756838905775076 0.4267839026039905 0.7127659574468085 0.40006763611768686 0.7036474164133738 0.39702401082177885 0.5311550151975684 0.39600946905647616 0.49772036474164133 0.4061548867095029 0.4399696048632219
28 0.40006763611768686 0.4642857142857143 0.3862022319918837 0.7082066869300911 0.3344606019614474 0.6762917933130699 0.35745688197497466 0.45972644376899696
29 0.35644234020967197 0.4574468085106383 0.32938789313493405 0.7036474164133738 0.2735880960432871 0.6496960486322189 0.297598917822117 0.5091185410334347 0.31044978018261754 0.44832826747720367
30 0.31247886371322287 0.44452887537993924 0.2576936083868786 0.6656534954407295 0.21001014541765303 0.6071428571428571 0.24890091308758877 0.40425531914893614