0 0.4800142755174875 0.6261398176291794 0.5060670949321913 0.6314589665653495 0.5078515346181299 0.5486322188449848 0.5035688793718772 0.37537993920972645 0.4860813704496788 0.37537993920972645 0.4814418272662384 0.526595744680851 0.4785867237687366 0.5516717325227963 0.4778729478943612 0.6109422492401215
1 0.45074946466809424 0.6033434650455927 0.4610992148465382 0.6170212765957447 0.4753747323340471 0.6109422492401215 0.4814418272662384 0.5311550151975684 0.48215560314061384 0.3837386018237082 0.46645253390435404 0.3822188449848024 0.4564596716630978 0.5235562310030395 0.4489650249821556 0.5721884498480243
2 0.4189864382583869 0.5889057750759878 0.43112062812276947 0.6139817629179332 0.44825124910778014 0.5881458966565349 0.453604568165596 0.5516717325227963 0.453604568165596 0.526595744680851 0.4610992148465382 0.4065349544072948 0.4521770164168451 0.3495440729483283 0.4400428265524625 0.3548632218844985 0.44254104211277656 0.40501519756838905 0.4261241970021413 0.5189969604863222 0.4197002141327623 0.5395136778115501 0.4179157744468237 0.574468085106383
3 0.390435403283369 0.5721884498480243 0.4014989293361884 0.5911854103343465 0.4097073518915061 0.581306990881459 0.42398286937901497 0.5919452887537994 0.4300499643112063 0.5645896656534954 0.43326195574589577 0.5296352583586627 0.43683083511777304 0.4566869300911854 0.43112062812276947 0.33890577507598785 0.4107780157030692 0.33966565349544076 0.39721627408993576 0.4992401215805471 0.3922198429693076 0.5585106382978723
4 0.36759457530335476 0.5615501519756839 0.39364739471805854 0.5820668693009119 0.40185581727337616 0.5531914893617021 0.4014989293361884 0.4969604863221885 0.4089935760171306 0.34422492401215804 0.3957887223411849 0.34498480243161095 0.3747323340471092 0.45972644376899696 0.3700927908636688 0.5091185410334347 0.3654532476802284 0.5220364741641338 0.3654532476802284 0.5547112462006079
5 0.3194147037830121 0.5387537993920972 0.34296930763740185 0.5615501519756839 0.36331192005710206 0.5653495440729484 0.371163454675232 0.5425531914893617 0.3740185581727338 0.4939209726443769 0.38008565310492504 0.41109422492401215 0.3765167737330478 0.3290273556231003 0.3554603854389722 0.3290273556231003 0.3326195574589579 0.4696048632218845 0.3219129193433262 0.5030395136778115
6 0.2762312633832976 0.49240121580547114 0.2919343326195575 0.5319148936170213 0.32369735902926483 0.5281155015197568 0.33083511777301927 0.47112462006079026 0.34296930763740185 0.4247720364741641 0.3554603854389722 0.35106382978723405 0.3358315488936474 0.3290273556231003 0.30692362598144185 0.4133738601823708 0.2883654532476802 0.44148936170212766 0.2769450392576731 0.46808510638297873
7 0.26374018558172735 0.41109422492401215 0.2865810135617416 0.4376899696048632 0.3094218415417559 0.418693009118541 0.3147751605995717 0.3761398176291793 0.3194147037830121 0.31382978723404253 0.3194147037830121 0.29103343465045595 0.2990720913633119 0.2743161094224924 0.27944325481798715 0.33814589665653494 0.2662384011420414 0.36246200607902734 0.2583868665239115 0.3943768996960486
8 0.5085653104925053 0.6329787234042553 0.5324768022840828 0.6291793313069909 0.5342612419700214 0.5319148936170213 0.5342612419700214 0.3791793313069909 0.516773733047823 0.38677811550151975 0.510349750178444 0.5106382978723404 0.5067808708065668 0.5706686930091185 0.5053533190578159 0.6231003039513677
9 0.5324768022840828 0.6162613981762918 0.560670949321913 0.6139817629179332 0.552819414703783 0.36854103343465044 0.5403283369022127 0.36854103343465044 0.5342612419700214 0.5334346504559271 0.5317630264097074 0.5691489361702128
10 0.5553176302640971 0.5987841945288754 0.5731620271234832 0.6231003039513677 0.5852962169878658 0.6101823708206687 0.5881513204853676 0.5820668693009119 0.5799428979300499 0.34194528875379937 0.5660242683797287 0.3533434650455927 0.5588865096359743 0.5372340425531915 0.552819414703783 0.5691489361702128
11 0.5756602426837973 0.5972644376899696 0.5881513204853676 0.5896656534954408 0.6049250535331906 0.6101823708206687 0.6127765881513205 0.5934650455927052 0.6163454675231977 0.5448328267477204 0.6188436830835118 0.46580547112462006 0.6163454675231977 0.3700607902735562 0.5985010706638115 0.36854103343465044 0.5960028551034975 0.42629179331306993 0.5749464668094219 0.5167173252279635 0.5703069236259815 0.5539513677811551 0.57209136331192 0.5896656534954408
12 0.6074232690935046 0.5881458966565349 0.6181299072091363 0.5881458966565349 0.6266952177016417 0.5949848024316109 0.6381156316916489 0.5881458966565349 0.6427551748750893 0.5668693009118541 0.6338329764453962 0.3662613981762918 0.6134903640256959 0.364741641337386 0.6099214846538187 0.5015197568389058 0.6020699500356888 0.541033434650456 0.6031406138472519 0.5706686930091185
13 0.6349036402569593 0.5691489361702128 0.6463240542469665 0.5843465045592705 0.675231977159172 0.5706686930091185 0.6848679514632405 0.5334346504559271 0.672733761598858 0.4810030395136778 0.6734475374732334 0.3495440729483283 0.639186295503212 0.3533434650455927 0.6331192005710207 0.43237082066869303 0.6363311920057102 0.48632218844984804 0.6313347608850821 0.5258358662613982
14 0.6912919343326196 0.5539513677811551 0.6991434689507494 0.5539513677811551 0.7044967880085653 0.5334346504559271 0.7159172019985724 0.5387537993920972 0.7194860813704497 0.5167173252279635 0.7184154175588865 0.4749240121580547 0.683083511777302 0.34574468085106386 0.6745182012847966 0.3533434650455927 0.6680942184154176 0.46048632218844987 0.6716630977872948 0.5015197568389058 0.6770164168451106 0.5448328267477204 0.6866523911491792 0.5562310030395137
15 0.7123483226266952 0.4582066869300912 0.7262669521770164 0.4566869300911854 0.7394718058529621 0.42249240121580545 0.7369735902926481 0.3981762917933131 0.7405424696645253 0.3548632218844985 0.6912919343326196 0.22796352583586627 0.6745182012847966 0.2765957446808511 0.683083511777302 0.34194528875379937 0.6866523911491792 0.385258358662614 0.6998572448251249 0.4209726443768997 0.7016416845110636 0.4376899696048632
16 0.5007137758743755 0.6588145896656535 0.5210563882940756 0.6572948328267477 0.5121341898643826 0.8860182370820668 0.5 0.8860182370820668
17 0.5174875089221984 0.6588145896656535 0.538543897216274 0.6610942249240122 0.5289079229122056 0.8860182370820668 0.5132048536759457 0.8822188449848024
18 0.5431834403997144 0.6572948328267477 0.552819414703783 0.6519756838905775 0.5667380442541042 0.668693009118541 0.5599571734475375 0.8822188449848024 0.5438972162740899 0.8822188449848024
19 0.5649536045681656 0.662613981762918 0.5852962169878658 0.64209726443769 0.6020699500356888 0.6588145896656535 0.5985010706638115 0.7287234042553191 0.5845824411134903 0.8936170212765957 0.5678087080656674 0.8936170212765957 0.5642398286937902 0.736322188449848
20 0.5899357601713062 0.6519756838905775 0.6092077087794433 0.6329787234042553 0.6277658815132049 0.6443768996960486 0.6338329764453962 0.7492401215805471 0.6488222698072805 0.8389057750759878 0.6313347608850821 0.85790273556231 0.6002855103497502 0.7682370820668692 0.5995717344753747 0.7082066869300911 0.588865096359743 0.668693009118541
21 0.6181299072091363 0.6405775075987842 0.624910778015703 0.6268996960486323 0.6566738044254105 0.6124620060790273 0.6734475374732334 0.6291793313069909 0.6763026409707352 0.6702127659574468 0.675231977159172 0.7021276595744681 0.7077087794432548 0.8320668693009119 0.6716630977872948 0.8639817629179332 0.6470378301213419 0.7940729483282675 0.6313347608850821 0.7006079027355623 0.6188436830835118 0.662613981762918 0.6181299072091363 0.6519756838905775
22 0.6620271234832262 0.6177811550151976 0.6691648822269807 0.5987841945288754 0.6912919343326196 0.5896656534954408 0.6962883654532477 0.5706686930091185 0.7141327623126338 0.5843465045592705 0.7262669521770164 0.6664133738601824 0.7591006423982869 0.7788753799392097 0.7237687366167024 0.8168693009118541 0.6902212705210564 0.7340425531914894 0.6770164168451106 0.6778115501519757 0.6655960028551035 0.6496960486322189
23 0.7184154175588865 0.5987841945288754 0.7273376159885796 0.5668693009118541 0.7573162027123483 0.5600303951367781 0.770521056388294 0.601063829787234 0.7669521770164168 0.6382978723404256 0.7740899357601713 0.7006079027355623 0.7915774446823698 0.7378419452887538 0.7712348322626695 0.7682370820668692 0.7441113490364025 0.7188449848024316 0.728051391862955 0.6588145896656535 0.7184154175588865 0.6231003039513677
24 0.4814418272662384 0.662613981762918 0.5 0.6496960486322189 0.5007137758743755 0.7226443768996961 0.4875089221984297 0.8898176291793313 0.47002141327623126 0.8860182370820668 0.48215560314061384 0.7302431610942249
25 0.4586009992862241 0.6519756838905775 0.48394004282655245 0.6572948328267477 0.46823697359029265 0.9027355623100304 0.4521770164168451 0.8974164133738601
26 0.42219842969307636 0.7378419452887538 0.44967880085653106 0.662613981762918 0.4586009992862241 0.662613981762918 0.4603854389721627 0.7401215805471124 0.42505353319057815 0.8844984802431611 0.4089935760171306 0.8655015197568389
27 0.4161313347608851 0.6443768996960486 0.42683797287651676 0.6382978723404256 0.44254104211277656 0.689209726443769 0.42755174875089225 0.7401215805471124 0.3932905067808708 0.8708206686930091 0.3765167737330478 0.8617021276595744 0.3993576017130621 0.7059270516717325 0.4100642398286938 0.6572948328267477
28 0.38365453247680226 0.6291793313069909 0.396859386152748 0.6231003039513677 0.4125624553890079 0.6443768996960486 0.4143468950749465 0.6831306990881459 0.3986438258386866 0.7211246200607903 0.3668807994289793 0.8617021276595744 0.3508208422555318 0.8487841945288754 0.36759457530335476 0.7021276595744681
29 0.337615988579586 0.6063829787234043 0.35367594575303357 0.6063829787234043 0.38722341184867953 0.6253799392097265 0.38722341184867953 0.6610942249240122 0.3693790149892934 0.7082066869300911 0.3326195574589579 0.8449848024316109 0.2865810135617416 0.7940729483282675 0.32905067808708066 0.668693009118541 0.3279800142755175 0.6329787234042553
30 0.2990720913633119 0.5615501519756839 0.3129907209136331 0.5691489361702128 0.3358315488936474 0.601063829787234 0.3422555317630264 0.6306990881458967 0.32548179871520344 0.6664133738601824 0.26552462526766596 0.7864741641337386 0.2444682369735903 0.7454407294832827 0.2787294789436117 0.621580547112462 0.284796573875803 0.5820668693009119
31 0.251249107780157 0.5387537993920972 0.2780157030692363 0.5600303951367781 0.28765167737330477 0.601063829787234 0.2780157030692363 0.6344984802431611 0.23304782298358315 0.7401215805471124 0.21163454675231977 0.7006079027355623 0.23197715917202 0.6162613981762918 0.23126338329764454 0.5858662613981763 0.23304782298358315 0.5653495440729484 0.24518201284796573 0.5425531914893617