0 0.47712190010478517 0.6352583586626139 0.5043660495983234 0.6428571428571429 0.5096053091163115 0.3837386018237082 0.4924903946908837 0.3822188449848024
1 0.45651414600069856 0.6231003039513677 0.4795668878798463 0.6299392097264438 0.4889975550122249 0.3882978723404255 0.4701362207474677 0.39361702127659576 0.4572127139364303 0.5379939209726444
2 0.4477820468040517 0.6231003039513677 0.4631505413901502 0.601823708206687 0.47083478868319945 0.574468085106383 0.4652462451973454 0.3890577507598784 0.4495284666433811 0.39361702127659576 0.43870066363953897 0.5387537993920972
3 0.42612644079636747 0.6041033434650456 0.45127488648271047 0.5942249240121581 0.4593084177436256 0.5615501519756839 0.45791128187216207 0.3776595744680851 0.4352078239608802 0.38145896656534956 0.42333216905344045 0.5273556231003039 0.41879147747118406 0.5714285714285714
4 0.39538945162417044 0.5645896656534954 0.4072651065316102 0.5851063829787234 0.4156479217603912 0.581306990881459 0.42158574921411107 0.5843465045592705 0.4320642682500873 0.5683890577507599 0.4366049598323437 0.5129179331306991 0.4369542438002096 0.38069908814589665 0.42333216905344045 0.38069908814589665 0.40796367446734194 0.46504559270516715
5 0.36220747467691233 0.5668693009118541 0.4020258470136221 0.5767477203647416 0.4132029339853301 0.5220364741641338 0.4128536500174642 0.48404255319148937 0.42158574921411107 0.3882978723404255 0.3849109325881942 0.3837386018237082 0.38421236465246245 0.42933130699088146 0.366049598323437 0.48632218844984804 0.35766678309465594 0.5281155015197568
6 0.3122598672720922 0.5037993920972644 0.3443939923157527 0.5349544072948328 0.35766678309465594 0.5326747720364742 0.37128885784142507 0.479483282674772 0.37722668529514497 0.378419452887538 0.34788683199441145 0.3708206686930091 0.3234369542438002 0.44224924012158057 0.3122598672720922 0.4756838905775076
8 0.5040167656304576 0.6436170212765957 0.5319594830597275 0.6390577507598785 0.5330073349633252 0.5182370820668692 0.5239259517988124 0.3776595744680851 0.511002444987775 0.3761398176291793
9 0.533356618931191 0.6413373860182371 0.5532658050995459 0.6352583586626139 0.5511701012923507 0.5372340425531915 0.541739434159972 0.385258358662614 0.5298637792525324 0.39285714285714285
10 0.5508208173244848 0.6261398176291794 0.561299336360461 0.6352583586626139 0.5749214111072302 0.6041033434650456 0.5689835836535103 0.5455927051671733 0.5710792874607056 0.3943768996960486 0.5567586447782047 0.39285714285714285 0.5497729654208872 0.5486322188449848
11 0.5588543485854 0.5965045592705167 0.5654907439748516 0.6132218844984803 0.5735242752357667 0.6101823708206687 0.5798113866573524 0.6253799392097265 0.5888927698218652 0.6231003039513677 0.5972755850506462 0.5927051671732523 0.5927348934683898 0.5379939209726444 0.589242053789731 0.40197568389057753 0.5665385958784491 0.4034954407294833 0.5619979042961928 0.5448328267477204 0.5581557806496682 0.5668693009118541
12 0.5885434858539993 0.6003039513677811 0.5948305972755851 0.6041033434650456 0.6067062521830248 0.6231003039513677 0.6224240307369892 0.6071428571428571 0.6164862032832693 0.5197568389057751 0.6067062521830248 0.39361702127659576 0.5937827453719874 0.39285714285714285 0.5874956339504017 0.5357142857142857 0.5853999301432065 0.5554711246200608
13 0.6245197345441844 0.6071428571428571 0.6447782046804051 0.6025835866261399 0.6517638840377227 0.6048632218844985 0.6577017114914425 0.581306990881459 0.659098847362906 0.5455927051671733 0.6489696122947957 0.4946808510638298 0.6315054139015019 0.38677811550151975 0.6101990918616835 0.39893617021276595 0.6164862032832693 0.5296352583586627 0.6157876353475376 0.5691489361702128
14 0.6636395389451624 0.5683890577507599 0.6755151938526022 0.5668693009118541 0.6929793922458959 0.5486322188449848 0.6943765281173594 0.5098784194528876 0.6891372685993713 0.48328267477203646 0.6831994411456515 0.4635258358662614 0.6859937128885785 0.3655015197568389 0.6447782046804051 0.364741641337386 0.650716032134125 0.4247720364741641 0.6528117359413202 0.5243161094224924 0.6573524275235767 0.5577507598784195
16 0.5120502968913727 0.6838905775075987 0.5263709395738736 0.6717325227963525 0.5371987425777157 0.6808510638297872 0.5281173594132029 0.8768996960486323 0.513796716730702 0.8746200607902735
17 0.5309116311561299 0.6838905775075987 0.5385958784491792 0.662613981762918 0.5553615089067412 0.6694528875379939 0.5574572127139364 0.7712765957446809 0.5581557806496682 0.8936170212765957 0.5385958784491792 0.8943768996960486 0.5330073349633252 0.7302431610942249
18 0.5504715333566189 0.6884498480243161 0.5665385958784491 0.6572948328267477 0.5815578064966818 0.6702127659574468 0.5829549423681453 0.7135258358662614 0.5826056584002794 0.7712765957446809 0.6028641285365002 0.8731003039513677 0.5773663988822914 0.8852583586626139 0.5630457561997905 0.8267477203647416
19 0.5728257073000349 0.6679331306990881 0.5853999301432065 0.6496960486322189 0.6070555361508907 0.6572948328267477 0.6391896611945511 0.8693009118541033 0.6248690185120503 0.8837386018237082 0.5965770171149144 0.7895136778115501 0.5794621026894865 0.7112462006079028 0.5721271393643031 0.6800911854103343
20 0.6028641285365002 0.6557750759878419 0.6164862032832693 0.6458966565349544 0.6238211666084527 0.6185410334346505 0.6353475375480265 0.6162613981762918 0.6500174641983933 0.6208206686930091 0.6559552916521132 0.6580547112462006 0.6549074397485155 0.6808510638297872 0.6887879846315054 0.7993920972644377 0.6510653161019909 0.8472644376899696 0.6287111421585749 0.7887537993920972 0.6154383513796716 0.71580547112462 0.6042612644079637 0.689209726443769
21 0.6475724764233322 0.6170212765957447 0.681453021306322 0.5699088145896657 0.6957736639888229 0.5942249240121581 0.7048550471533357 0.6458966565349544 0.734544184421935 0.7241641337386018 0.7013622074746769 0.7857142857142857 0.6797066014669927 0.7332826747720365 0.6692280824310164 0.689209726443769 0.6549074397485155 0.6702127659574468
24 0.4938875305623472 0.6732522796352584 0.516940272441495 0.682370820668693 0.5117010129235068 0.8776595744680851 0.4980789381767377 0.8822188449848024
25 0.4701362207474677 0.6800911854103343 0.49318896262661543 0.6671732522796353 0.49912679008033534 0.8655015197568389 0.4827104435906392 0.871580547112462
26 0.45546629409710093 0.6588145896656535 0.47712190010478517 0.6618541033434651 0.4823611596227733 0.8647416413373861 0.4621026894865526 0.8693009118541033 0.4533705902899057 0.6679331306990881
27 0.4324135522179532 0.7272036474164134 0.4383513796716731 0.6466565349544073 0.4491791826755152 0.6428571428571429 0.45965770171149145 0.6610942249240122 0.46140412155082083 0.7196048632218845 0.46140412155082083 0.7462006079027356 0.4641983932937478 0.810790273556231 0.4607055536150891 0.871580547112462 0.4467341949004541 0.8746200607902735 0.4334614041215508 0.7834346504559271
28 0.3978344393992316 0.6139817629179332 0.4086622424030737 0.6094224924012158 0.43450925602514845 0.6306990881458967 0.44393992315752706 0.6527355623100304 0.4352078239608802 0.7386018237082067 0.4212364652462452 0.8571428571428571 0.37932238910234023 0.837386018237082 0.3845616486203283 0.756838905775076 0.39504016765630456 0.6641337386018237
29 0.3237862382116661 0.6930091185410334 0.3691931540342298 0.5866261398176292 0.3904994760740482 0.6041033434650456 0.40097799511002447 0.6306990881458967 0.40097799511002447 0.6527355623100304 0.3974851554313657 0.6709726443768997 0.39224589591337755 0.6793313069908815 0.354872511351729 0.8016717325227963 0.31784841075794623 0.7340425531914894
30 0.3276283618581907 0.5326747720364742 0.37443241355221796 0.5866261398176292 0.366049598323437 0.6124620060790273 0.35242752357666784 0.6466565349544073 0.3468389800908138 0.6474164133738601 0.2954942368145302 0.7484802431610942 0.25777156828501574 0.6679331306990881 0.30073349633251834 0.5934650455927052 0.3091163115612993 0.5592705167173252