0 0.4937946596464836 0.4133738601823708 0.49830763444904097 0.6458966565349544 0.45844302369311773 0.6428571428571429 0.4606995110943964 0.6086626139817629 0.46671681083113953 0.41413373860182373
1 0.4659646483640466 0.4126139817629179 0.45957126739375703 0.6428571428571429 0.4381346370816096 0.64209726443769 0.4332455810455058 0.6101823708206687 0.43775855584806317 0.5486322188449848 0.44791274915381724 0.41109422492401215
2 0.4197066566378338 0.38677811550151975 0.43775855584806317 0.4992401215805471 0.4362542309138774 0.5683890577507599 0.4328694998119594 0.6367781155015197 0.41857841293719444 0.648936170212766 0.41143286949981195 0.64209726443769 0.4054155697630688 0.6268996960486323 0.40240691989469723 0.601823708206687 0.4042873260624295 0.5699088145896657 0.40804813839789394 0.5106382978723404 0.4042873260624295 0.44148936170212766 0.40127867619405794 0.4027355623100304
5 0.3467468973298232 0.43541033434650456 0.3433621662279052 0.5357142857142857 0.33884919142534786 0.5638297872340425 0.3362166227905228 0.5782674772036475 0.3365927040240692 0.5919452887537994 0.3399774351259872 0.6124620060790273 0.3433621662279052 0.6231003039513677 0.3505077096652877 0.6299392097264438 0.35652500940203086 0.6306990881458967 0.36479879654005265 0.6276595744680851 0.37194433997743515 0.6155015197568389 0.3798420458819105 0.5889057750759878 0.3790898834148176 0.513677811550152 0.37871380218127115 0.4369300911854103
6 0.317036479879654 0.4072948328267477 0.30575404287326063 0.4825227963525836 0.30274539300488906 0.513677811550152 0.2978563369687853 0.5334346504559271 0.29221511846558856 0.5486322188449848 0.2895825498307634 0.5721884498480243 0.2948476871004137 0.5972644376899696 0.3001128243700639 0.6048632218844985 0.310267017675818 0.6124620060790273 0.31440391124482886 0.6162613981762918 0.3260624294847687 0.6208206686930091 0.334712297856337 0.6147416413373861 0.34223392252726587 0.5957446808510638 0.344866491162091 0.5645896656534954 0.3433621662279052 0.5197568389057751 0.3471229785633697 0.41793313069908816
6 0.27830011282437006 0.3662613981762918 0.24294847687100413 0.5083586626139818 0.25197442647611884 0.53419452887538 0.25874388867995485 0.547112462006079 0.2688980819857089 0.5547112462006079 0.2775479503572772 0.5554711246200608 0.28807822489657764 0.5547112462006079 0.29710417450169235 0.5425531914893617 0.30236931177134263 0.5167173252279635 0.3046257991726213 0.4886018237082067 0.3177886423467469 0.39893617021276595
8 0.4975554719819481 0.4126139817629179 0.4952989845806694 0.64209726443769 0.5250094020308387 0.6458966565349544 0.5325310267017676 0.6253799392097265 0.5298984580669425 0.5942249240121581 0.5242572395637458 0.4004559270516717 0.4960511470477623 0.4012158054711246
9 0.5231289958631065 0.3974164133738602 0.5336592704024069 0.6322188449848024 0.5468221135765325 0.6352583586626139 0.5566002256487401 0.6344984802431611 0.5611132004512975 0.6193009118541033 0.5611132004512975 0.5987841945288754 0.5528394133132757 0.5159574468085106 0.5445656261752538 0.39969604863221886
10 0.5712673937570515 0.3723404255319149 0.5562241444151936 0.48328267477203646 0.5566002256487401 0.567629179331307 0.5660022564874013 0.5965045592705167 0.5735238811583302 0.6185410334346505 0.5840541556976306 0.6155015197568389 0.592704024069199 0.574468085106383 0.5953365927040241 0.5478723404255319 0.5878149680330952 0.5144376899696048 0.5953365927040241 0.3677811550151976 0.5727717186912373 0.3609422492401216
11 0.5979691613388491 0.38753799392097266 0.5896953742008274 0.5281155015197568 0.5870628055660022 0.5592705167173252 0.5866867243324558 0.5927051671732523 0.5923279428356525 0.6109422492401215 0.5987213238059421 0.6193009118541033 0.6073711921775103 0.6268996960486323 0.6163971417826251 0.6299392097264438 0.6235426852200076 0.6246200607902735 0.627303497555472 0.6033434650455927 0.6246709289206469 0.574468085106383 0.6231666039864611 0.5463525835866262 0.6220383602858217 0.5189969604863222 0.6190297104174501 0.3837386018237082
12 0.6212861978187288 0.3708206686930091 0.6224144415193682 0.5440729483282675 0.6186536291839038 0.5562310030395137 0.6175253854832644 0.5653495440729484 0.619781872884543 0.5805471124620061 0.6216622790522753 0.5927051671732523 0.6257991726212861 0.6063829787234043 0.6303121474238436 0.6185410334346505 0.6359533659270402 0.621580547112462 0.6423467468973298 0.6223404255319149 0.6509966152688981 0.6139817629179332 0.6562617525385483 0.6025835866261399 0.6555095900714555 0.5851063829787234 0.6543813463708161 0.5661094224924013 0.6476118841669801 0.364741641337386
13 0.6547574276043625 0.3670212765957447 0.6540052651372696 0.5174772036474165 0.6521248589695374 0.5379939209726444 0.6517487777359909 0.5554711246200608 0.6562617525385483 0.5782674772036475 0.6596464836404663 0.5987841945288754 0.6698006769462204 0.6056231003039514 0.6871004136893569 0.601063829787234 0.7070327190673186 0.5805471124620061 0.7089131252350508 0.5585106382978723 0.7013915005641218 0.5258358662613982 0.6931177134261001 0.5007598784194529 0.6904851447912749 0.4627659574468085 0.6882286573899963 0.4369300911854103 0.6837156825874389 0.4148936170212766 0.6803309514855209 0.39209726443769 0.6746897329823242 0.3761398176291793
14 0.6784505453177886 0.3617021276595745 0.6825874388867995 0.41413373860182373 0.6904851447912749 0.45440729483282677 0.6916133884919142 0.5007598784194529 0.6957502820609252 0.5144376899696048 0.7055283941331327 0.5258358662613982 0.7164347499059797 0.5250759878419453 0.7303497555471982 0.5037993920972644 0.7367431365174878 0.4848024316109423 0.7393757051523129 0.45364741641337386 0.7307258367807447 0.42629179331306993 0.7209477247085371 0.4065349544072948 0.7092892064685972 0.36930091185410335 0.7028958254983076 0.3465045592705167
3 0.37720947724708537 0.3943768996960486 0.372696502444528 0.5455927051671733 0.3689356901090636 0.5782674772036475 0.36818352764197065 0.6025835866261399 0.3685596088755171 0.6200607902735562 0.37344866491162093 0.6375379939209727 0.3824746145167356 0.6458966565349544 0.3922527265889432 0.6405775075987842 0.4001504324934186 0.6382978723404256 0.4061677322301617 0.628419452887538 0.40955246333207973 0.6124620060790273 0.40992854456562616 0.5911854103343465 0.4076720571643475 0.567629179331307 0.4076720571643475 0.526595744680851 0.4050394885295224 0.4908814589665654 0.40315908236179016 0.3951367781155015
4 0.34524257239563744 0.3966565349544073 0.341481760060173 0.5334346504559271 0.33847311019180143 0.6041033434650456 0.33884919142534786 0.6109422492401215 0.34411432869499814 0.6238601823708206 0.3486273034975555 0.6314589665653495 0.3553967657013915 0.6329787234042553 0.3640466340729598 0.6314589665653495 0.37194433997743515 0.6193009118541033 0.3764573147799925 0.6048632218844985 0.3794659646483641 0.5851063829787234 0.37871380218127115 0.5531914893617021 0.37382474614516736 0.3966565349544073
5 0.30913877397517864 0.40197568389057753 0.30575404287326063 0.4886018237082067 0.30236931177134263 0.5159574468085106 0.29898458066942457 0.5364741641337386 0.2933433621662279 0.5539513677811551 0.29033471229785635 0.5706686930091185 0.2899586310643099 0.5858662613981763 0.29559984956750657 0.6003039513677811 0.30424971793907485 0.60790273556231 0.3151560737119218 0.6124620060790273 0.3245581045505829 0.6155015197568389 0.33019932305377964 0.6162613981762918 0.33884919142534786 0.6063829787234043 0.34373824746145165 0.5866261398176292 0.34261000376081235 0.5531914893617021 0.34185784129371943 0.526595744680851 0.341481760060173 0.3951367781155015 0.3207972922151185 0.39893617021276595 0.31666039864610757 0.39969604863221886
16 0.4941707408800301 0.6603343465045592 0.5005641218503196 0.8328267477203647 0.5242572395637458 0.8229483282674772 0.5171116961263633 0.6937689969604863 0.5141030462579917 0.6542553191489362
17 0.5182399398270027 0.668693009118541 0.52275291462956 0.8320668693009119 0.5366679202707785 0.8297872340425532 0.5445656261752538 0.6610942249240122 0.5340353516359534 0.6527355623100304 0.5272658894321174 0.6512158054711246 0.5197442647611884 0.6580547112462006
18 0.5524633320797292 0.648936170212766 0.5441895449417075 0.6770516717325228 0.5426852200075216 0.7386018237082067 0.567506581421587 0.8814589665653495 0.5923279428356525 0.851823708206687 0.5799172621286198 0.7819148936170213 0.5746521248589695 0.7165653495440729 0.5720195562241445 0.6869300911854104 0.571643474990598 0.6724924012158054 0.571643474990598 0.6534954407294833 0.5663783377209477 0.6474164133738601 0.5611132004512975 0.6413373860182371
19 0.5855584806318165 0.6443768996960486 0.5727717186912373 0.675531914893617 0.571643474990598 0.6937689969604863 0.5761564497931553 0.7150455927051672 0.5945844302369312 0.8632218844984803 0.6073711921775103 0.8601823708206687 0.6047386235426853 0.7059270516717325 0.6054907860097781 0.682370820668693 0.6058668672433245 0.6747720364741642 0.6024821361414066 0.662613981762918 0.5983452425723956 0.6504559270516718 0.5911996991350131 0.6436170212765957
20 0.6111320045129748 0.6352583586626139 0.5998495675065815 0.6648936170212766 0.6024821361414066 0.6838905775075987 0.6054907860097781 0.6914893617021277 0.6333207972922151 0.8685410334346505 0.6603986461075593 0.8465045592705167 0.6348251222264009 0.6778115501519757 0.6355772846934938 0.6603343465045592 0.6329447160586686 0.6474164133738601 0.6284317412561113 0.6375379939209727 0.619781872884543 0.6314589665653495
21 0.6453553967657014 0.6170212765957447 0.6382098533283189 0.6177811550151976 0.634072959759308 0.6177811550151976 0.6295599849567507 0.6223404255319149 0.6269274163219255 0.6299392097264438 0.6261752538548326 0.6398176291793313 0.6291839037232042 0.648936170212766 0.6314403911244829 0.6595744680851063 0.6344490409928545 0.6732522796352584 0.6382098533283189 0.6876899696048632 0.6400902594960511 0.7044072948328267 0.6682963520120346 0.8624620060790273 0.7156825874388868 0.7986322188449848 0.7047762316660399 0.75 0.6983828506957502 0.7127659574468085 0.6919894697254607 0.6960486322188449 0.6859721699887176 0.6709726443768997 0.6837156825874389 0.6443768996960486 0.6825874388867995 0.621580547112462 0.6776983828506957 0.601823708206687 0.6664159458443024 0.6041033434650456 0.6588943211733734 0.6033434650455927 0.6547574276043625 0.6071428571428571 0.6528770214366303 0.6170212765957447
22 0.7156825874388868 0.6101823708206687 0.704024069198947 0.6109422492401215 0.6912373072583679 0.6246200607902735 0.6855960887551711 0.6337386018237082 0.682963520120346 0.6519756838905775 0.6871004136893569 0.6679331306990881 0.6923655509590071 0.6975683890577508 0.6976306882286574 0.7104863221884499 0.6998871756299361 0.7150455927051672 0.7010154193305754 0.7355623100303952 0.7258367807446409 0.8145896656534954 0.7724708537044002 0.7606382978723404 0.7427604362542309 0.6595744680851063 0.7427604362542309 0.6443768996960486 0.73862354268522 0.6314589665653495 0.7326062429484769 0.6193009118541033 0.7228281308762693 0.6086626139817629
24 0.4934185784129372 0.6565349544072948 0.5047010154193305 0.8411854103343465 0.49454682211357653 0.8427051671732523 0.4798796540052651 0.7492401215805471 0.47010154193305753 0.6664133738601824
25 0.4633320797292215 0.6565349544072948 0.47047762316660396 0.6671732522796353 0.4761188416698007 0.729483282674772 0.4968033095148552 0.8472644376899696 0.4779992478375329 0.85790273556231 0.4520496427228281 0.7325227963525835 0.44415193681835274 0.6709726443768997 0.4558104550582926 0.6580547112462006
26 0.4321173373448665 0.668693009118541 0.44565626175253853 0.6861702127659575 0.45167356148928167 0.7393617021276596 0.45806694245957125 0.8297872340425532 0.45167356148928167 0.9308510638297872 0.42196314403911245 0.9308510638297872 0.42384355020684467 0.8016717325227963 0.42008273787138023 0.7325227963525835 0.4174501692365551 0.7127659574468085 0.4166980067694622 0.7021276595744681 0.4166980067694622 0.6930091185410334 0.41707408800300866 0.6816109422492401 0.4197066566378338 0.6709726443768997 0.424971793907484 0.6648936170212766
27 0.4088003008649868 0.6595744680851063 0.4212109815720196 0.689209726443769 0.4212109815720196 0.7074468085106383 0.41857841293719444 0.7218844984802432 0.41707408800300866 0.7325227963525835 0.4242196314403911 0.8974164133738601 0.40315908236179016 0.8958966565349544 0.38924407672057165 0.7112462006079028 0.38773975178638587 0.689209726443769 0.3899962391876645 0.675531914893617 0.39413313275667544 0.6656534954407295 0.39827002632568637 0.6572948328267477 0.4027830011282437 0.6565349544072948
28 0.38435502068446786 0.6496960486322189 0.3933809702895826 0.6565349544072948 0.39601353892440766 0.6656534954407295 0.3963896201579541 0.6702127659574468 0.39601353892440766 0.6785714285714286 0.3948852952237683 0.6960486322188449 0.3918766453553968 0.7120060790273556 0.3881158330199323 0.7887537993920972 0.3809702895825498 0.8525835866261399 0.34937946596464836 0.8548632218844985 0.3606619029710417 0.7051671732522796 0.3587814968033095 0.682370820668693 0.3587814968033095 0.6724924012158054 0.3621662279052275 0.6656534954407295 0.36555095900714557 0.6572948328267477 0.37006393380970287 0.6527355623100304 0.3742008273787138 0.6466565349544073 0.3775855584806318 0.6466565349544073 0.38209853328318916 0.6466565349544073
29 0.3275667544189545 0.621580547112462 0.3192929672809327 0.6200607902735562 0.31327566754418956 0.6314589665653495 0.31252350507709664 0.6496960486322189 0.3117713426100038 0.6694528875379939 0.3083866115080858 0.6907294832826748 0.3031214742384355 0.7142857142857143 0.2737871380218127 0.8259878419452887 0.3211733734486649 0.8639817629179332 0.35652500940203086 0.743920972644377 0.3621662279052275 0.7013677811550152 0.3644227153065062 0.6884498480243161 0.365927040240692 0.675531914893617 0.3678074464084242 0.6664133738601824 0.36818352764197065 0.6550151975683891 0.3685596088755171 0.6451367781155015 0.36818352764197065 0.6352583586626139 0.36667920270778487 0.6314589665653495 0.3606619029710417 0.6299392097264438 0.35426852200075215 0.6306990881458967 0.34937946596464836 0.6337386018237082 0.34449040992854457 0.6291793313069909 0.341481760060173 0.6223404255319149 0.33772094772470856 0.6185410334346505 0.3324558104550583 0.621580547112462
30 0.2895825498307634 0.6162613981762918 0.26664159458443026 0.6124620060790273 0.2564874012786762 0.6246200607902735 0.2508461827754795 0.6466565349544073 0.24783753290710794 0.6702127659574468 0.23730725836780744 0.7082066869300911 0.2245204964272283 0.7348024316109423 0.21699887175629937 0.7477203647416414 0.2621286197818729 0.8153495440729484 0.2861978187288454 0.7849544072948328 0.3001128243700639 0.7355623100303952 0.3080105302745393 0.7006079027355623 0.3113952613764573 0.6808510638297872 0.3128995863106431 0.6618541033434651 0.31101918014291086 0.6428571428571429 0.30613012410680707 0.6344984802431611
31 0.22188792779240316 0.5759878419452887 0.20045129748025572 0.5889057750759878 0.19180142910868747 0.6003039513677811 0.18315156073711922 0.6261398176291794 0.17976682963520121 0.6618541033434651 0.19255359157578036 0.7112462006079028 0.20797292215118465 0.7241641337386018 0.22489657766077473 0.7211246200607903 0.23392252726588944 0.7082066869300911 0.24219631440391123 0.689209726443769 0.24407672057164348 0.6641337386018237 0.24482888303873637 0.6382978723404256 0.236931177134261 0.6056231003039514 0.22828130876269273 0.5843465045592705
7 0.2500940203083866 0.28191489361702127 0.22226400902594962 0.385258358662614 0.25047010154193305 0.439209726443769 0.27115456938698757 0.4338905775075988 0.2907107935314028 0.38677811550151975 0.3080105302745393 0.3343465045592705
15 0.6976306882286574 0.3100303951367781 0.7153065062053403 0.38677811550151975 0.7295975930801053 0.4194528875379939 0.7690861226024821 0.3708206686930091 0.7540428732606242 0.3123100303951368 0.7382474614516735 0.27203647416413373
23 0.7510342233922527 0.5547112462006079 0.7382474614516735 0.6322188449848024 0.7446408424219632 0.6572948328267477 0.752914629559985 0.675531914893617 0.7751034223392252 0.6945288753799392 0.798420458819105 0.7006079027355623 0.8127115456938698 0.6367781155015197 0.7950357277171869 0.5797872340425532 0.777359909740504 0.5478723404255319 0.7626927416321926 0.547112462006079