0 0.49122203098106715 0.3556231003039514 0.4764199655765921 0.40577507598784196 0.4784853700516351 0.4338905775075988 0.4843373493975904 0.5030395136778115 0.4833046471600688 0.5296352583586627 0.5087779690189329 0.5098784194528876 0.5087779690189329 0.4726443768996961 0.5060240963855421 0.43617021276595747 0.5070567986230636 0.3427051671732523 0.5018932874354561 0.31458966565349544 0.49225473321858865 0.3183890577507599
1 0.46471600688468157 0.32978723404255317 0.4578313253012048 0.3556231003039514 0.4519793459552496 0.4270516717325228 0.4557659208261618 0.4688449848024316 0.45886402753872635 0.5030395136778115 0.45886402753872635 0.5250759878419453 0.4674698795180723 0.5448328267477204 0.4764199655765921 0.5250759878419453 0.47538726333907055 0.4817629179331307 0.4784853700516351 0.44452887537993924
2 0.448881239242685 0.32978723404255317 0.44302925989672975 0.35106382978723405 0.43820998278829604 0.3905775075987842 0.43407917383821 0.42933130699088146 0.43407917383821 0.4726443768996961 0.43407917383821 0.5182370820668692 0.43820998278829604 0.5425531914893617 0.4499139414802065 0.5509118541033434 0.4547332185886403 0.5159574468085106 0.4557659208261618 0.4574468085106383 0.4547332185886403 0.38145896656534956
3 0.423407917383821 0.3472644376899696 0.41549053356282273 0.37537993920972645 0.4165232358003442 0.41413373860182373 0.4175559380378657 0.4490881458966565 0.41824440619621345 0.5007598784194529 0.42030981067125645 0.5463525835866262 0.43993115318416526 0.5554711246200608 0.448881239242685 0.5357142857142857 0.446815834767642 0.4749240121580547 0.43993115318416526 0.41185410334346506 0.43993115318416526 0.3639817629179331 0.43820998278829604 0.33814589665653494
4 0.40963855421686746 0.35106382978723405 0.40378657487091224 0.3943768996960486 0.4017211703958692 0.46656534954407297 0.4006884681583477 0.520516717325228 0.4055077452667814 0.5531914893617021 0.42030981067125645 0.5448328267477204 0.423407917383821 0.5144376899696048 0.423407917383821 0.48556231003039513 0.423407917383821 0.40577507598784196
5 0.39690189328743547 0.35790273556231 0.3910499139414802 0.3731003039513678 0.3848537005163511 0.4247720364741641 0.3731497418244406 0.49012158054711247 0.3731497418244406 0.5296352583586627 0.3938037865748709 0.5638297872340425 0.40860585197934596 0.520516717325228 0.4055077452667814 0.46656534954407297 0.4006884681583477 0.3837386018237082
6 0.36626506024096384 0.3905775075987842 0.36626506024096384 0.418693009118541 0.35559380378657485 0.4399696048632219 0.342512908777969 0.46200607902735563 0.3349397590361446 0.49012158054711247 0.3349397590361446 0.5448328267477204 0.36351118760757317 0.5425531914893617 0.37624784853700516 0.5296352583586627 0.37521514629948366 0.4703647416413374 0.3848537005163511 0.3837386018237082 0.3889845094664372 0.3487841945288754 0.3710843373493976 0.33814589665653494
7 0.35352839931153185 0.35106382978723405 0.3376936316695353 0.3860182370820669 0.3142857142857143 0.39893617021276595 0.3132530120481928 0.43617021276595747 0.33184165232358004 0.45972644376899696 0.35559380378657485 0.44680851063829785 0.35834767641996557 0.40805471124620063 0.36419965576592084 0.3533434650455927
8 0.5166953528399312 0.3252279635258359 0.5118760757314974 0.3905775075987842 0.5108433734939759 0.4574468085106383 0.5118760757314974 0.5250759878419453 0.5325301204819277 0.4642857142857143 0.5314974182444062 0.3639817629179331 0.5325301204819277 0.33358662613981765
9 0.5363166953528399 0.35106382978723405 0.5335628227194492 0.3943768996960486 0.5335628227194492 0.4490881458966565 0.5325301204819277 0.5182370820668692 0.5421686746987951 0.5296352583586627 0.551118760757315 0.5121580547112462 0.5521514629948365 0.46200607902735563 0.553184165232358 0.3860182370820669 0.5559380378657487 0.3533434650455927 0.5452667814113598 0.32978723404255317
10 0.5611015490533563 0.36246200607902734 0.551118760757315 0.4338905775075988 0.5542168674698795 0.5144376899696048 0.5611015490533563 0.5577507598784195 0.5738382099827883 0.5554711246200608 0.576592082616179 0.5296352583586627 0.5776247848537005 0.47720364741641336 0.5776247848537005 0.4551671732522796 0.5776247848537005 0.4247720364741641 0.5796901893287435 0.3905775075987842 0.5817555938037866 0.3601823708206687 0.5748709122203098 0.3472644376899696
11 0.5903614457831325 0.3556231003039514 0.5834767641996558 0.3966565349544073 0.576592082616179 0.4316109422492401 0.576592082616179 0.49240121580547114 0.576592082616179 0.5273556231003039 0.5807228915662651 0.5486322188449848 0.5944922547332185 0.5661094224924013 0.6110154905335629 0.5661094224924013 0.6161790017211703 0.5509118541033434 0.617211703958692 0.5144376899696048 0.6161790017211703 0.4749240121580547 0.6161790017211703 0.42325227963525835 0.617211703958692 0.37537993920972645 0.6151462994836489 0.3556231003039514
12 0.6199655765920826 0.3776595744680851 0.6141135972461274 0.4012158054711246 0.6072289156626506 0.4749240121580547 0.6034423407917384 0.5334346504559271 0.6072289156626506 0.5706686930091185 0.6299483648881239 0.5683890577507599 0.6395869191049914 0.5425531914893617 0.6378657487091222 0.49012158054711247 0.6378657487091222 0.42933130699088146 0.6358003442340792 0.3776595744680851 0.6309810671256454 0.3556231003039514
13 0.6395869191049914 0.36246200607902734 0.6299483648881239 0.39285714285714285 0.6368330464716007 0.4817629179331307 0.6426850258175559 0.540273556231003 0.657487091222031 0.5463525835866262 0.672289156626506 0.5296352583586627 0.672289156626506 0.4878419452887538 0.6654044750430292 0.4399696048632219 0.6643717728055077 0.39893617021276595 0.6585197934595525 0.36854103343465044
14 0.6633390705679862 0.3487841945288754 0.6523235800344234 0.3601823708206687 0.655421686746988 0.4270516717325228 0.6643717728055077 0.4642857142857143 0.6781411359724613 0.4749240121580547 0.6908777969018933 0.46200607902735563 0.7025817555938038 0.4338905775075988 0.695697074010327 0.3791793313069909 0.6898450946643718 0.34498480243161095
16 0.5039586919104991 0.6793313069908815 0.5049913941480206 0.6534954407294833 0.5060240963855421 0.6094224924012158 0.5060240963855421 0.5683890577507599 0.5118760757314974 0.5486322188449848 0.5197934595524957 0.5554711246200608 0.5208261617900172 0.5942249240121581 0.5166953528399312 0.6382978723404256 0.5208261617900172 0.7135258358662614 0.5129087779690189 0.7462006079027356 0.5070567986230636 0.7378419452887538
17 0.5373493975903615 0.5615501519756839 0.5187607573149742 0.6033434650455927 0.5225473321858864 0.6572948328267477 0.5225473321858864 0.7180851063829787 0.523580034423408 0.7530395136778115 0.5304647160068847 0.71580547112462 0.5314974182444062 0.6572948328267477 0.5363166953528399 0.6139817629179332
18 0.5490533562822719 0.5752279635258358 0.540447504302926 0.5835866261398176 0.540447504302926 0.6337386018237082 0.5363166953528399 0.7484802431610942 0.5421686746987951 0.8069908814589666 0.5500860585197934 0.7682370820668692 0.553184165232358 0.7006079027355623 0.553184165232358 0.6337386018237082
19 0.5690189328743546 0.5752279635258358 0.5559380378657487 0.581306990881459 0.5452667814113598 0.6231003039513677 0.5500860585197934 0.7135258358662614 0.5559380378657487 0.7591185410334347 0.5628227194492255 0.7788753799392097 0.5717728055077452 0.7591185410334347 0.5738382099827883 0.6793313069908815 0.5697074010327022 0.648936170212766 0.563855421686747 0.6162613981762918
20 0.5817555938037866 0.5790273556231003 0.5728055077452667 0.5881458966565349 0.5659208261617901 0.60790273556231 0.5659208261617901 0.6466565349544073 0.576592082616179 0.6854103343465046 0.5796901893287435 0.7424012158054711 0.5876075731497419 0.7613981762917933 0.5924268502581755 0.7310030395136778 0.5903614457831325 0.6702127659574468 0.593459552495697 0.60790273556231
21 0.5993115318416523 0.5775075987841946 0.5903614457831325 0.6094224924012158 0.5886402753872634 0.648936170212766 0.6041308089500861 0.7287234042553191 0.6110154905335629 0.7575987841945289 0.6309810671256454 0.7659574468085106 0.6454388984509466 0.7530395136778115 0.6395869191049914 0.7120060790273556 0.6358003442340792 0.6747720364741642 0.6337349397590362 0.6231003039513677 0.6289156626506024 0.5858662613981763
22 0.6426850258175559 0.5683890577507599 0.6327022375215147 0.5752279635258358 0.6289156626506024 0.5987841945288754 0.6368330464716007 0.6534954407294833 0.6495697074010327 0.6968085106382979 0.6654044750430292 0.7310030395136778 0.6798623063683304 0.7424012158054711 0.6839931153184166 0.71580547112462 0.6798623063683304 0.6595744680851063 0.6671256454388984 0.5706686930091185 0.6585197934595525 0.5600303951367781
23 0.6919104991394148 0.5425531914893617 0.6819277108433734 0.5463525835866262 0.66815834767642 0.5600303951367781 0.672289156626506 0.6117021276595744 0.685025817555938 0.6793313069908815 0.693631669535284 0.7051671732522796 0.7015490533562823 0.7074468085106383 0.7025817555938038 0.6618541033434651 0.7046471600688469 0.6056231003039514 0.7077452667814114 0.5775075987841946 0.708433734939759 0.5577507598784195
24 0.4891566265060241 0.6968085106382979 0.4891566265060241 0.6550151975683891 0.48709122203098104 0.5987841945288754 0.4812392426850258 0.5615501519756839 0.4881239242685026 0.5357142857142857 0.5008605851979346 0.5448328267477204 0.5018932874354561 0.5965045592705167 0.5018932874354561 0.6595744680851063 0.5008605851979346 0.7051671732522796 0.5008605851979346 0.7462006079027356 0.4939759036144578 0.7591185410334347 0.4881239242685026 0.7401215805471124
25 0.4774526678141136 0.5554711246200608 0.4664371772805508 0.5965045592705167 0.4685025817555938 0.6268996960486323 0.4685025817555938 0.6838905775075987 0.47160068846815834 0.7332826747720365 0.47160068846815834 0.7553191489361702 0.4802065404475043 0.7203647416413373 0.4833046471600688 0.6595744680851063 0.4843373493975904 0.6033434650455927
26 0.4578313253012048 0.5531914893617021 0.4499139414802065 0.5881458966565349 0.446815834767642 0.6246200607902735 0.4440619621342513 0.6641337386018237 0.4440619621342513 0.7249240121580547 0.4457831325301205 0.7591185410334347 0.4578313253012048 0.7484802431610942 0.4605851979345955 0.6854103343465046 0.461617900172117 0.6337386018237082 0.46265060240963857 0.5987841945288754
27 0.44302925989672975 0.5790273556231003 0.43029259896729777 0.5706686930091185 0.41927710843373495 0.5683890577507599 0.410671256454389 0.5904255319148937 0.40860585197934596 0.6268996960486323 0.4006884681583477 0.6816109422492401 0.3958691910499139 0.7310030395136778 0.410671256454389 0.763677811550152 0.42512908777969016 0.7591185410334347 0.4351118760757315 0.7249240121580547 0.43614457831325304 0.6770516717325228 0.43614457831325304 0.6162613981762918
28 0.40757314974182446 0.5729483282674772 0.4017211703958692 0.5729483282674772 0.3927710843373494 0.5729483282674772 0.37418244406196216 0.5729483282674772 0.3721170395869191 0.5987841945288754 0.3721170395869191 0.6466565349544073 0.3672977624784854 0.709726443768997 0.37521514629948366 0.7484802431610942 0.38588640275387265 0.7180851063829787 0.39862306368330463 0.64209726443769
29 0.37418244406196216 0.5683890577507599 0.3604130808950086 0.5615501519756839 0.3466437177280551 0.5683890577507599 0.3349397590361446 0.601063829787234 0.3287435456110155 0.6534954407294833 0.3228915662650602 0.7074468085106383 0.3407917383820998 0.7120060790273556 0.35352839931153185 0.6641337386018237 0.36523235800344234 0.5987841945288754