0 0.48785425101214575 0.5061475409836066 0.4873481781376518 0.5543032786885246 0.4665991902834008 0.5676229508196722 0.45293522267206476 0.5563524590163934 0.45445344129554655 0.4979508196721312 0.4559716599190283 0.42725409836065575 0.4605263157894737 0.3831967213114754 0.4665991902834008 0.3114754098360656 0.47368421052631576 0.2786885245901639 0.4832995951417004 0.27459016393442626 0.49291497975708504 0.3125
1 0.42459514170040485 0.48565573770491804 0.42105263157894735 0.5256147540983607 0.4256072874493927 0.5543032786885246 0.444331983805668 0.5584016393442623 0.4524291497975709 0.5368852459016393 0.4574898785425101 0.4415983606557377 0.4625506072874494 0.3729508196721312 0.4665991902834008 0.319672131147541 0.4665991902834008 0.2735655737704918 0.43876518218623484 0.3043032786885246
2 0.39220647773279355 0.48258196721311475 0.3901821862348178 0.5174180327868853 0.4058704453441296 0.5573770491803278 0.4159919028340081 0.5502049180327869 0.4311740890688259 0.507172131147541 0.43218623481781376 0.4139344262295082 0.42864372469635625 0.3125 0.4230769230769231 0.26536885245901637 0.39979757085020245 0.2807377049180328 0.3972672064777328 0.3155737704918033
3 0.36791497975708504 0.47438524590163933 0.3648785425101215 0.5163934426229508 0.3689271255060729 0.548155737704918 0.38208502024291496 0.5532786885245902 0.3982793522267207 0.5532786885245902 0.40789473684210525 0.5327868852459017 0.40789473684210525 0.5092213114754098 0.4018218623481781 0.46311475409836067 0.3937246963562753 0.4149590163934426 0.3937246963562753 0.36270491803278687 0.38866396761133604 0.305327868852459 0.38360323886639675 0.2889344262295082 0.36285425101214575 0.3073770491803279
4 0.3451417004048583 0.48155737704918034 0.340080971659919 0.5215163934426229 0.347165991902834 0.5440573770491803 0.3603238866396761 0.5440573770491803 0.37044534412955465 0.5399590163934426 0.3805668016194332 0.5204918032786885 0.3785425101214575 0.4733606557377049 0.3724696356275304 0.44774590163934425 0.3709514170040486 0.3729508196721312 0.3643724696356275 0.3094262295081967 0.35121457489878544 0.32581967213114754
5 0.30364372469635625 0.46311475409836067 0.3006072874493927 0.5256147540983607 0.3097165991902834 0.5420081967213115 0.32945344129554655 0.5420081967213115 0.3390688259109312 0.5379098360655737 0.3527327935222672 0.5133196721311475 0.3415991902834008 0.4426229508196721 0.33704453441295545 0.36885245901639346 0.3259109311740891 0.32172131147540983 0.3006072874493927 0.32581967213114754 0.3061740890688259 0.3985655737704918
6 0.26568825910931176 0.46209016393442626 0.25708502024291496 0.47950819672131145 0.2611336032388664 0.5163934426229508 0.2813765182186235 0.5327868852459017 0.3006072874493927 0.5327868852459017 0.30465587044534415 0.4969262295081967 0.3102226720647773 0.42827868852459017 0.3102226720647773 0.38114754098360654 0.3041497975708502 0.32991803278688525 0.29453441295546556 0.30225409836065575 0.2732793522267207 0.3084016393442623
7 0.22621457489878544 0.4415983606557377 0.22064777327935223 0.4672131147540984 0.22874493927125505 0.5020491803278688 0.2515182186234818 0.5174180327868853 0.2631578947368421 0.5020491803278688 0.27479757085020245 0.4651639344262295 0.2758097165991903 0.3719262295081967 0.2758097165991903 0.3350409836065574 0.2758097165991903 0.29815573770491804 0.2560728744939271 0.29815573770491804 0.2424089068825911 0.3483606557377049
8 0.4888663967611336 0.5030737704918032 0.48785425101214575 0.5491803278688525 0.4944331983805668 0.5614754098360656 0.5101214574898786 0.5645491803278688 0.5161943319838057 0.5614754098360656 0.5237854251012146 0.5450819672131147 0.520242914979757 0.48668032786885246 0.5237854251012146 0.4108606557377049 0.5237854251012146 0.3319672131147541 0.5197368421052632 0.29200819672131145 0.5010121457489879 0.3114754098360656
9 0.5237854251012146 0.48258196721311475 0.520748987854251 0.5245901639344263 0.5222672064777328 0.5522540983606558 0.5323886639676113 0.5522540983606558 0.5435222672064778 0.5461065573770492 0.5460526315789473 0.5215163934426229 0.5435222672064778 0.44672131147540983 0.5435222672064778 0.4026639344262295 0.5490890688259109 0.36885245901639346 0.5511133603238867 0.3125 0.5303643724696356 0.3155737704918033 0.5217611336032388 0.38729508196721313
10 0.5450404858299596 0.4610655737704918 0.5435222672064778 0.5102459016393442 0.5440283400809717 0.5420081967213115 0.5566801619433198 0.5491803278688525 0.5688259109311741 0.5461065573770492 0.5728744939271255 0.507172131147541 0.5708502024291497 0.4651639344262295 0.5769230769230769 0.39139344262295084 0.5845141700404858 0.36270491803278687 0.5885627530364372 0.3176229508196721 0.5885627530364372 0.30225409836065575 0.5713562753036437 0.3012295081967213
11 0.5708502024291497 0.47950819672131145 0.5652834008097166 0.5184426229508197 0.5748987854251012 0.5440573770491803 0.5941295546558705 0.5399590163934426 0.6007085020242915 0.5215163934426229 0.5996963562753036 0.4969262295081967 0.59665991902834 0.45799180327868855 0.6002024291497976 0.4067622950819672 0.6017206477732794 0.3668032786885246 0.5981781376518218 0.33299180327868855 0.5905870445344129 0.3319672131147541
12 0.5961538461538461 0.4733606557377049 0.5910931174089069 0.5010245901639344 0.5956477732793523 0.5327868852459017 0.6219635627530364 0.5409836065573771 0.6260121457489879 0.5133196721311475 0.6194331983805668 0.45081967213114754 0.618421052631579 0.41905737704918034 0.6260121457489879 0.32889344262295084 0.6057692307692307 0.3237704918032787 0.59665991902834 0.3831967213114754
13 0.617914979757085 0.4713114754098361 0.6163967611336032 0.4989754098360656 0.6290485829959515 0.5297131147540983 0.6427125506072875 0.5297131147540983 0.6523279352226721 0.5297131147540983 0.6639676113360324 0.4979508196721312 0.6604251012145749 0.4610655737704918 0.6589068825910931 0.4149590163934426 0.6589068825910931 0.36475409836065575 0.6584008097165992 0.3135245901639344 0.6553643724696356 0.2899590163934426 0.6447368421052632 0.2930327868852459 0.6351214574898786 0.3094262295081967 0.6280364372469636 0.38422131147540983
14 0.659919028340081 0.4610655737704918 0.6563765182186235 0.4989754098360656 0.6690283400809717 0.5184426229508197 0.6857287449392713 0.5122950819672131 0.6953441295546559 0.4969262295081967 0.6953441295546559 0.4661885245901639 0.6897773279352226 0.42315573770491804 0.687753036437247 0.3401639344262295 0.6897773279352226 0.2786885245901639 0.6831983805668016 0.26536885245901637 0.6639676113360324 0.2858606557377049 0.6609311740890689 0.4047131147540984
15 0.6912955465587044 0.44774590163934425 0.6973684210526315 0.49077868852459017 0.7049595141700404 0.4979508196721312 0.7186234817813765 0.4713114754098361 0.729251012145749 0.4713114754098361 0.7368421052631579 0.4415983606557377 0.7211538461538461 0.3637295081967213 0.7165991902834008 0.29610655737704916 0.701417004048583 0.2807377049180328 0.6897773279352226 0.2889344262295082 0.687246963562753 0.3514344262295082 0.6892712550607287 0.42315573770491804
16 0.49291497975708504 0.576844262295082 0.4984817813765182 0.6352459016393442 0.5045546558704453 0.7079918032786885 0.5101214574898786 0.7551229508196722 0.5222672064777328 0.7694672131147541 0.5187246963562753 0.6444672131147541 0.5161943319838057 0.5993852459016393 0.5106275303643725 0.5727459016393442
17 0.5146761133603239 0.5799180327868853 0.520242914979757 0.6516393442622951 0.5247975708502024 0.7305327868852459 0.5288461538461539 0.7848360655737705 0.5425101214574899 0.7940573770491803 0.5460526315789473 0.7592213114754098 0.541497975708502 0.6782786885245902 0.5374493927125507 0.6198770491803278 0.5384615384615384 0.5809426229508197 0.5374493927125507 0.5727459016393442 0.5222672064777328 0.569672131147541
18 0.5399797570850202 0.5655737704918032 0.5359311740890689 0.5737704918032787 0.5394736842105263 0.6352459016393442 0.5490890688259109 0.7530737704918032 0.555668016194332 0.7766393442622951 0.5708502024291497 0.8165983606557377 0.5769230769230769 0.8022540983606558 0.5769230769230769 0.75 0.5632591093117408 0.6608606557377049 0.5617408906882592 0.6127049180327869 0.5617408906882592 0.5840163934426229 0.555161943319838 0.5604508196721312
19 0.5668016194331984 0.5573770491803278 0.5597165991902834 0.5604508196721312 0.5576923076923077 0.5860655737704918 0.5637651821862348 0.6270491803278688 0.5754048582995951 0.7182377049180327 0.5794534412955465 0.7530737704918032 0.5865384615384616 0.7735655737704918 0.5981781376518218 0.7704918032786885 0.6007085020242915 0.7459016393442623 0.5961538461538461 0.6864754098360656 0.5860323886639676 0.5932377049180327 0.5865384615384616 0.5686475409836066
20 0.5885627530364372 0.5543032786885246 0.5809716599190283 0.5604508196721312 0.5845141700404858 0.6014344262295082 0.59665991902834 0.6823770491803278 0.6077935222672065 0.7469262295081968 0.6158906882591093 0.7592213114754098 0.631578947368421 0.7489754098360656 0.6336032388663968 0.7254098360655737 0.6194331983805668 0.6547131147540983 0.6138663967611336 0.6014344262295082 0.6123481781376519 0.5686475409836066 0.5996963562753036 0.5461065573770492
21 0.6103238866396761 0.5522540983606558 0.6077935222672065 0.5737704918032787 0.6163967611336032 0.6075819672131147 0.6325910931174089 0.6915983606557377 0.6467611336032388 0.735655737704918 0.6685222672064778 0.7387295081967213 0.6756072874493927 0.7172131147540983 0.673582995951417 0.6711065573770492 0.6553643724696356 0.5973360655737705 0.6508097165991903 0.5717213114754098 0.6503036437246964 0.5420081967213115 0.6330971659919028 0.5348360655737705
22 0.6472672064777328 0.5379098360655737 0.6482793522267206 0.5655737704918032 0.6553643724696356 0.5952868852459017 0.6725708502024291 0.6721311475409836 0.6837044534412956 0.7038934426229508 0.7019230769230769 0.7079918032786885 0.7186234817813765 0.6915983606557377 0.7095141700404858 0.6434426229508197 0.6938259109311741 0.5655737704918032 0.687246963562753 0.5215163934426229 0.6761133603238867 0.5163934426229508 0.6700404858299596 0.5215163934426229 0.659919028340081 0.5276639344262295 0.652834008097166 0.5317622950819673
23 0.6887651821862348 0.5112704918032787 0.6862348178137652 0.5338114754098361 0.6902834008097166 0.5522540983606558 0.7090080971659919 0.6168032786885246 0.7231781376518218 0.6577868852459017 0.7398785425101214 0.6670081967213115 0.7515182186234818 0.6454918032786885 0.7449392712550608 0.5901639344262295 0.7317813765182186 0.5102459016393442 0.7252024291497976 0.48565573770491804 0.707995951417004 0.4918032786885246 0.7039473684210527 0.5010245901639344 0.6988866396761133 0.4979508196721312 0.6897773279352226 0.5061475409836066
24 0.4741902834008097 0.5788934426229508 0.47874493927125505 0.6342213114754098 0.48431174089068824 0.7008196721311475 0.49038461538461536 0.7561475409836066 0.5015182186234818 0.7899590163934426 0.5075910931174089 0.7858606557377049 0.5106275303643725 0.7448770491803278 0.49696356275303644 0.6086065573770492 0.4939271255060729 0.5860655737704918 0.49190283400809715 0.5788934426229508
25 0.451417004048583 0.5747950819672131 0.4524291497975709 0.6209016393442623 0.4600202429149798 0.7551229508196722 0.4686234817813765 0.7694672131147541 0.48380566801619435 0.7694672131147541 0.48279352226720645 0.7284836065573771 0.4767206477732793 0.6055327868852459 0.47368421052631576 0.5840163934426229 0.45799595141700405 0.5717213114754098
26 0.4271255060728745 0.5706967213114754 0.4256072874493927 0.6004098360655737 0.4256072874493927 0.6608606557377049 0.42459514170040485 0.7202868852459017 0.4311740890688259 0.7694672131147541 0.43876518218623484 0.7868852459016393 0.4473684210526316 0.7797131147540983 0.4534412955465587 0.7633196721311475 0.4574898785425101 0.7418032786885246 0.45546558704453444 0.6495901639344263 0.45394736842105265 0.6014344262295082 0.4509109311740891 0.5778688524590164 0.4402834008097166 0.5665983606557377
27 0.402834008097166 0.5655737704918032 0.3972672064777328 0.5737704918032787 0.3952429149797571 0.6127049180327869 0.39119433198380565 0.680327868852459 0.38866396761133604 0.7131147540983607 0.3896761133603239 0.7489754098360656 0.3967611336032389 0.7745901639344263 0.4018218623481781 0.7817622950819673 0.41143724696356276 0.7776639344262295 0.42105263157894735 0.7448770491803278 0.4271255060728745 0.6403688524590164 0.4316801619433198 0.6055327868852459 0.4331983805668016 0.5901639344262295 0.4331983805668016 0.5727459016393442 0.42206477732793524 0.5635245901639344 0.4124493927125506 0.5563524590163934
28 0.375 0.5676229508196722 0.36639676113360325 0.5717213114754098 0.36791497975708504 0.6075819672131147 0.3689271255060729 0.6444672131147541 0.36690283400809715 0.680327868852459 0.3557692307692308 0.7346311475409836 0.35880566801619435 0.764344262295082 0.36791497975708504 0.7715163934426229 0.375 0.7633196721311475 0.3932186234817814 0.6936475409836066 0.3992914979757085 0.632172131147541 0.40789473684210525 0.5932377049180327 0.4008097165991903 0.5635245901639344 0.3896761133603239 0.5522540983606558
29 0.3324898785425101 0.5471311475409836 0.32540485829959515 0.5604508196721312 0.32388663967611336 0.5942622950819673 0.31629554655870445 0.6352459016393442 0.2894736842105263 0.7069672131147541 0.2874493927125506 0.7284836065573771 0.2965587044534413 0.7530737704918032 0.3223684210526316 0.7622950819672131 0.33856275303643724 0.7469262295081968 0.3476720647773279 0.7233606557377049 0.3557692307692308 0.6762295081967213 0.36133603238866396 0.6424180327868853 0.375 0.6055327868852459 0.3825910931174089 0.5881147540983607 0.3815789473684211 0.5645491803278688 0.35728744939271256 0.5532786885245902 0.33856275303643724 0.5491803278688525
30 0.2894736842105263 0.5358606557377049 0.2818825910931174 0.5573770491803278 0.2717611336032389 0.617827868852459 0.2646761133603239 0.6403688524590164 0.25708502024291496 0.6567622950819673 0.24342105263157895 0.6680327868852459 0.23633603238866396 0.6885245901639344 0.2540485829959514 0.7254098360655737 0.26771255060728744 0.7295081967213115 0.28795546558704455 0.7069672131147541 0.2990890688259109 0.673155737704918 0.3188259109311741 0.6219262295081968 0.33299595141700405 0.5840163934426229 0.33653846153846156 0.5614754098360656 0.32540485829959515 0.5512295081967213 0.30870445344129555 0.5399590163934426 0.3021255060728745 0.5358606557377049
31 0.242914979757085 0.5092213114754098 0.2312753036437247 0.5266393442622951 0.22469635627530365 0.5686475409836066 0.2201417004048583 0.6086065573770492 0.21406882591093118 0.6444672131147541 0.2145748987854251 0.6762295081967213 0.222165991902834 0.6936475409836066 0.2353238866396761 0.6895491803278688 0.24645748987854252 0.6741803278688525 0.26366396761133604 0.6372950819672131 0.284919028340081 0.5645491803278688 0.28795546558704455 0.5440573770491803 0.2783400809716599 0.5266393442622951 0.25961538461538464 0.5184426229508197 0.25101214574898784 0.5163934426229508