0 0.49139676113360325 0.5030737704918032 0.49038461538461536 0.5450819672131147 0.4868421052631579 0.5635245901639344 0.46356275303643724 0.5584016393442623 0.45799595141700405 0.5358606557377049 0.4569838056680162 0.5 0.46356275303643724 0.4774590163934426 0.46305668016194335 0.36885245901639346 0.46356275303643724 0.34938524590163933 0.47115384615384615 0.3319672131147541 0.4782388663967611 0.33811475409836067 0.4807692307692308 0.36885245901639346
1 0.4367408906882591 0.48360655737704916 0.4352226720647773 0.5184426229508197 0.4352226720647773 0.5317622950819673 0.4423076923076923 0.5512295081967213 0.4564777327935223 0.555327868852459 0.46204453441295545 0.5450819672131147 0.465080971659919 0.492827868852459 0.4625506072874494 0.44364754098360654 0.46356275303643724 0.3719262295081967 0.46356275303643724 0.3411885245901639 0.4564777327935223 0.3319672131147541 0.45040485829959515 0.3319672131147541 0.4473684210526316 0.36475409836065575
2 0.4104251012145749 0.4887295081967213 0.40941295546558704 0.5327868852459017 0.4190283400809717 0.5614754098360656 0.43016194331983804 0.555327868852459 0.43876518218623484 0.5338114754098361 0.444331983805668 0.5051229508196722 0.4418016194331984 0.4610655737704918 0.4392712550607287 0.4016393442622951 0.4392712550607287 0.3760245901639344 0.43724696356275305 0.33401639344262296 0.42813765182186236 0.31864754098360654 0.4200404858299595 0.3237704918032787 0.4124493927125506 0.3719262295081967
3 0.3856275303643725 0.49077868852459017 0.3851214574898785 0.5307377049180327 0.39119433198380565 0.5512295081967213 0.4048582995951417 0.5461065573770492 0.4109311740890688 0.5389344262295082 0.4200404858299595 0.5420081967213115 0.4271255060728745 0.514344262295082 0.4266194331983806 0.4651639344262295 0.42459514170040485 0.41700819672131145 0.41953441295546556 0.3319672131147541 0.41953441295546556 0.319672131147541 0.4159919028340081 0.30327868852459017 0.40384615384615385 0.3073770491803279 0.39625506072874495 0.32172131147540983
4 0.35728744939271256 0.48668032786885246 0.3567813765182186 0.5204918032786885 0.3633603238866397 0.5502049180327869 0.3729757085020243 0.5471311475409836 0.37955465587044535 0.5368852459016393 0.3861336032388664 0.5430327868852459 0.3937246963562753 0.5338114754098361 0.3977732793522267 0.507172131147541 0.3977732793522267 0.47848360655737704 0.3932186234817814 0.3401639344262295 0.3932186234817814 0.3084016393442623 0.3901821862348178 0.29405737704918034 0.3790485829959514 0.28790983606557374 0.3689271255060729 0.3176229508196721 0.37044534412955465 0.3719262295081967
5 0.3233805668016194 0.47540983606557374 0.31983805668016196 0.4989754098360656 0.3188259109311741 0.5163934426229508 0.32540485829959515 0.5286885245901639 0.32945344129554655 0.5327868852459017 0.3415991902834008 0.5297131147540983 0.3527327935222672 0.5338114754098361 0.3633603238866397 0.5266393442622951 0.36791497975708504 0.5030737704918032 0.36791497975708504 0.4764344262295082 0.3638663967611336 0.45081967213114754 0.3638663967611336 0.4088114754098361 0.3638663967611336 0.39651639344262296 0.36285425101214575 0.3739754098360656 0.3603238866396761 0.3514344262295082 0.3582995951417004 0.32991803278688525 0.354251012145749 0.319672131147541 0.3324898785425101 0.3391393442622951 0.32793522267206476 0.3524590163934426 0.3259109311740891 0.3780737704918033 0.32540485829959515 0.4395491803278688
6 0.2854251012145749 0.4487704918032787 0.27884615384615385 0.4733606557377049 0.277834008097166 0.5010245901639344 0.291497975708502 0.5122950819672131 0.29959514170040485 0.5194672131147541 0.3102226720647773 0.5235655737704918 0.319331983805668 0.5092213114754098 0.32388663967611336 0.4805327868852459 0.32540485829959515 0.4354508196721312 0.3309716599190283 0.39959016393442626 0.3319838056680162 0.3514344262295082 0.3314777327935223 0.32786885245901637 0.3299595141700405 0.3114754098360656 0.3233805668016194 0.29815573770491804 0.3097165991902834 0.29508196721311475 0.29554655870445345 0.3176229508196721 0.29200404858299595 0.3483606557377049 0.2930161943319838 0.42418032786885246
8 0.49139676113360325 0.5030737704918032 0.4908906882591093 0.5430327868852459 0.4944331983805668 0.5614754098360656 0.5030364372469636 0.5635245901639344 0.5126518218623481 0.5635245901639344 0.5187246963562753 0.5522540983606558 0.5187246963562753 0.5030737704918032 0.5182186234817814 0.4764344262295082 0.520242914979757 0.41188524590163933 0.520242914979757 0.39139344262295084 0.5222672064777328 0.35655737704918034 0.521255060728745 0.33811475409836067 0.5167004048582996 0.32581967213114754 0.5060728744939271 0.32479508196721313 0.5005060728744939 0.35348360655737704
9 0.5182186234817814 0.5020491803278688 0.5197368421052632 0.5450819672131147 0.5247975708502024 0.5563524590163934 0.5318825910931174 0.5594262295081968 0.5394736842105263 0.5471311475409836 0.5409919028340081 0.507172131147541 0.541497975708502 0.48258196721311475 0.541497975708502 0.44979508196721313 0.541497975708502 0.4139344262295082 0.541497975708502 0.39241803278688525 0.541497975708502 0.36168032786885246 0.541497975708502 0.3442622950819672 0.5404858299595142 0.3237704918032787 0.5308704453441295 0.3145491803278688 0.5237854251012146 0.33299180327868855
10 0.5399797570850202 0.507172131147541 0.5394736842105263 0.5317622950819673 0.5475708502024291 0.5522540983606558 0.5546558704453441 0.5573770491803278 0.5637651821862348 0.5327868852459017 0.5668016194331984 0.514344262295082 0.5652834008097166 0.48975409836065575 0.562246963562753 0.4641393442622951 0.562246963562753 0.4375 0.562246963562753 0.4036885245901639 0.562246963562753 0.3790983606557377 0.562246963562753 0.35655737704918034 0.562246963562753 0.3350409836065574 0.5607287449392713 0.3135245901639344 0.5480769230769231 0.3094262295081967 0.5445344129554656 0.33401639344262296
11 0.5546558704453441 0.49385245901639346 0.5561740890688259 0.5256147540983607 0.5652834008097166 0.5512295081967213 0.5708502024291497 0.5440573770491803 0.5748987854251012 0.5491803278688525 0.5799595141700404 0.5532786885245902 0.5870445344129555 0.5338114754098361 0.5870445344129555 0.48668032786885246 0.5850202429149798 0.4733606557377049 0.5840080971659919 0.3944672131147541 0.5845141700404858 0.3739754098360656 0.583502024291498 0.35963114754098363 0.5754048582995951 0.35040983606557374 0.5657894736842105 0.35963114754098363 0.5632591093117408 0.3985655737704918
12 0.5794534412955465 0.47848360655737704 0.5769230769230769 0.5133196721311475 0.5809716599190283 0.5368852459016393 0.5875506072874493 0.5420081967213115 0.5931174089068826 0.5450819672131147 0.6022267206477733 0.5440573770491803 0.6067813765182186 0.5184426229508197 0.604757085020243 0.4887295081967213 0.6052631578947368 0.44774590163934425 0.604251012145749 0.41188524590163933 0.604251012145749 0.3944672131147541 0.603744939271255 0.3729508196721312 0.6022267206477733 0.3483606557377049 0.5976720647773279 0.3350409836065574 0.5931174089068826 0.32991803278688525 0.5860323886639676 0.3391393442622951 0.5845141700404858 0.36885245901639346
13 0.604757085020243 0.4887295081967213 0.6062753036437247 0.5122950819672131 0.611336032388664 0.5286885245901639 0.6169028340080972 0.5379098360655737 0.6255060728744939 0.5307377049180327 0.6325910931174089 0.5348360655737705 0.6427125506072875 0.5276639344262295 0.6442307692307693 0.507172131147541 0.6417004048582996 0.4702868852459016 0.6396761133603239 0.45594262295081966 0.638663967611336 0.42315573770491804 0.6396761133603239 0.4026639344262295 0.6396761133603239 0.38422131147540983 0.6396761133603239 0.36577868852459017 0.638663967611336 0.3442622950819672 0.6356275303643725 0.33299180327868855 0.6280364372469636 0.32581967213114754 0.6209514170040485 0.3319672131147541 0.617914979757085 0.36065573770491804 0.6153846153846154 0.4047131147540984
14 0.6417004048582996 0.4723360655737705 0.6432186234817814 0.507172131147541 0.6447368421052632 0.5163934426229508 0.6513157894736842 0.5256147540983607 0.659919028340081 0.5256147540983607 0.6624493927125507 0.514344262295082 0.6705465587044535 0.5163934426229508 0.6766194331983806 0.5 0.6761133603238867 0.4723360655737705 0.6710526315789473 0.44672131147540983 0.6690283400809717 0.4293032786885246 0.6690283400809717 0.39959016393442626 0.6700404858299596 0.3760245901639344 0.6680161943319838 0.3555327868852459 0.6649797570850202 0.3319672131147541 0.6523279352226721 0.32172131147540983 0.6432186234817814 0.32786885245901637 0.6391700404858299 0.35040983606557374 0.6376518218623481 0.39241803278688525
16 0.49291497975708504 0.5860655737704918 0.4924089068825911 0.6424180327868853 0.49544534412955465 0.6567622950819673 0.4959514170040486 0.6844262295081968 0.4984817813765182 0.7387295081967213 0.5010121457489879 0.764344262295082 0.5060728744939271 0.7776639344262295 0.5096153846153846 0.7776639344262295 0.513663967611336 0.7633196721311475 0.5141700404858299 0.7233606557377049 0.5111336032388664 0.6567622950819673 0.5111336032388664 0.6372950819672131 0.5106275303643725 0.5891393442622951 0.5060728744939271 0.5829918032786885
17 0.5106275303643725 0.5860655737704918 0.5101214574898786 0.6219262295081968 0.5111336032388664 0.6434426229508197 0.5146761133603239 0.6885245901639344 0.5182186234817814 0.7469262295081968 0.5258097165991903 0.7827868852459017 0.5334008097165992 0.7838114754098361 0.5359311740890689 0.7704918032786885 0.5389676113360324 0.7407786885245902 0.5288461538461539 0.5870901639344263 0.5197368421052632 0.5799180327868853
18 0.5303643724696356 0.5891393442622951 0.52834008097166 0.6096311475409836 0.5298582995951417 0.6229508196721312 0.5318825910931174 0.6454918032786885 0.5399797570850202 0.7305327868852459 0.5450404858299596 0.7817622950819673 0.5501012145748988 0.8002049180327869 0.5576923076923077 0.8002049180327869 0.5607287449392713 0.7868852459016393 0.5587044534412956 0.7213114754098361 0.5521255060728745 0.6290983606557377 0.5521255060728745 0.6004098360655737 0.5465587044534413 0.5860655737704918 0.5404858299595142 0.5799180327868853
19 0.5495951417004049 0.5922131147540983 0.5480769230769231 0.6045081967213115 0.5516194331983806 0.6239754098360656 0.555161943319838 0.6424180327868853 0.5581983805668016 0.6885245901639344 0.5617408906882592 0.7233606557377049 0.5657894736842105 0.7520491803278688 0.5703441295546559 0.7735655737704918 0.5774291497975709 0.7817622950819673 0.5860323886639676 0.7704918032786885 0.5824898785425101 0.7243852459016393 0.5738866396761133 0.6342213114754098 0.5738866396761133 0.6188524590163934 0.5754048582995951 0.5963114754098361 0.5738866396761133 0.5799180327868853 0.5668016194331984 0.5747950819672131 0.5581983805668016 0.5727459016393442
20 0.569838056680162 0.5799180327868853 0.5652834008097166 0.5922131147540983 0.5673076923076923 0.6157786885245902 0.5723684210526315 0.6342213114754098 0.5784412955465587 0.6700819672131147 0.5840080971659919 0.7069672131147541 0.5885627530364372 0.7387295081967213 0.5926113360323887 0.7663934426229508 0.5976720647773279 0.7797131147540983 0.604251012145749 0.7735655737704918 0.6072874493927125 0.7561475409836066 0.6067813765182186 0.7110655737704918 0.6007085020242915 0.6721311475409836 0.5961538461538461 0.6301229508196722 0.5956477732793523 0.6116803278688525 0.5941295546558705 0.5727459016393442 0.5855263157894737 0.5645491803278688
21 0.5910931174089069 0.5645491803278688 0.590080971659919 0.5870901639344263 0.5951417004048583 0.6075819672131147 0.5986842105263158 0.6260245901639344 0.6012145748987854 0.6557377049180327 0.604757085020243 0.6926229508196722 0.6108299595141701 0.7264344262295082 0.625 0.7581967213114754 0.6341093117408907 0.7633196721311475 0.6477732793522267 0.7581967213114754 0.6508097165991903 0.7397540983606558 0.6482793522267206 0.7059426229508197 0.6381578947368421 0.6588114754098361 0.632085020242915 0.6147540983606558 0.6305668016194332 0.5860655737704918 0.6270242914979757 0.5584016393442623 0.6143724696356275 0.5502049180327869 0.6093117408906883 0.5584016393442623 0.6002024291497976 0.5573770491803278
22 0.6275303643724697 0.5563524590163934 0.6280364372469636 0.5809426229508197 0.632085020242915 0.6004098360655737 0.6361336032388664 0.6137295081967213 0.6417004048582996 0.6372950819672131 0.6482793522267206 0.6659836065573771 0.6543522267206477 0.6977459016393442 0.6589068825910931 0.7141393442622951 0.667004048582996 0.7305327868852459 0.6730769230769231 0.7325819672131147 0.6857287449392713 0.7254098360655737 0.6938259109311741 0.7049180327868853 0.694331983805668 0.6793032786885246 0.6892712550607287 0.6557377049180327 0.6791497975708503 0.6157786885245902 0.6720647773279352 0.5963114754098361 0.667004048582996 0.5727459016393442 0.6624493927125507 0.5379098360655737 0.6543522267206477 0.5307377049180327 0.646255060728745 0.5379098360655737 0.6351214574898786 0.5420081967213115
23 0.6644736842105263 0.5235655737704918 0.6624493927125507 0.5399590163934426 0.667004048582996 0.5655737704918032 0.6725708502024291 0.5819672131147541 0.6776315789473685 0.6004098360655737 0.6831983805668016 0.6239754098360656 0.6973684210526315 0.6588114754098361 0.708502024291498 0.6659836065573771 0.7155870445344129 0.6711065573770492 0.728744939271255 0.6690573770491803 0.7353238866396761 0.6413934426229508 0.7343117408906883 0.6147540983606558 0.7267206477732794 0.5942622950819673 0.7186234817813765 0.5870901639344263 0.7115384615384616 0.5676229508196722 0.7049595141700404 0.5450819672131147 0.7019230769230769 0.5204918032786885 0.6983805668016194 0.4969262295081967 0.6892712550607287 0.49385245901639346 0.687753036437247 0.5040983606557377 0.6816801619433198 0.4989754098360656 0.6781376518218624 0.5051229508196722 0.6715587044534413 0.5112704918032787 0.6690283400809717 0.514344262295082
24 0.47368421052631576 0.5829918032786885 0.4757085020242915 0.6239754098360656 0.47621457489878544 0.6372950819672131 0.4782388663967611 0.6793032786885246 0.4817813765182186 0.7540983606557377 0.49038461538461536 0.7817622950819673 0.4944331983805668 0.7827868852459017 0.4984817813765182 0.742827868852459 0.49291497975708504 0.6352459016393442 0.4984817813765182 0.6127049180327869 0.4984817813765182 0.5952868852459017 0.4934210526315789 0.5819672131147541
25 0.4534412955465587 0.5911885245901639 0.45040485829959515 0.6024590163934426 0.4524291497975709 0.6280737704918032 0.45546558704453444 0.6352459016393442 0.4574898785425101 0.6557377049180327 0.4574898785425101 0.6895491803278688 0.4691295546558704 0.7786885245901639 0.4767206477732793 0.7786885245901639 0.4807692307692308 0.7602459016393442 0.4782388663967611 0.6844262295081968 0.4757085020242915 0.6290983606557377 0.4812753036437247 0.6055327868852459 0.479251012145749 0.5922131147540983 0.4726720647773279 0.5840163934426229 0.46153846153846156 0.5788934426229508
26 0.4347165991902834 0.5819672131147541 0.42965587044534415 0.5993852459016393 0.42813765182186236 0.617827868852459 0.43016194331983804 0.639344262295082 0.42813765182186236 0.6834016393442623 0.42965587044534415 0.7674180327868853 0.4347165991902834 0.7827868852459017 0.4478744939271255 0.7889344262295082 0.45040485829959515 0.7653688524590164 0.4564777327935223 0.6331967213114754 0.458502024291498 0.6127049180327869 0.4569838056680162 0.5829918032786885 0.4519230769230769 0.576844262295082 0.43876518218623484 0.5737704918032787
27 0.4124493927125506 0.576844262295082 0.4033400809716599 0.5973360655737705 0.4043522267206478 0.6424180327868853 0.4043522267206478 0.6956967213114754 0.4048582995951417 0.7397540983606558 0.409919028340081 0.7653688524590164 0.42105263157894735 0.7745901639344263 0.42459514170040485 0.7510245901639344 0.4276315789473684 0.6967213114754098 0.4311740890688259 0.6588114754098361 0.4347165991902834 0.6352459016393442 0.44129554655870445 0.6096311475409836 0.4357287449392713 0.5952868852459017 0.4326923076923077 0.5850409836065574 0.4256072874493927 0.5706967213114754
28 0.3841093117408907 0.5676229508196722 0.3770242914979757 0.5881147540983607 0.37803643724696356 0.617827868852459 0.37449392712550605 0.6690573770491803 0.3689271255060729 0.7161885245901639 0.36082995951417 0.7479508196721312 0.35728744939271256 0.7725409836065574 0.3714574898785425 0.7868852459016393 0.3815789473684211 0.7725409836065574 0.3901821862348178 0.7448770491803278 0.3952429149797571 0.7213114754098361 0.402834008097166 0.6690573770491803 0.4073886639676113 0.6342213114754098 0.4144736842105263 0.617827868852459 0.42105263157894735 0.5911885245901639 0.42105263157894735 0.5799180327868853 0.4159919028340081 0.5727459016393442 0.4073886639676113 0.576844262295082 0.39979757085020245 0.5635245901639344 0.39068825910931176 0.5686475409836066
29 0.3410931174089069 0.5594262295081968 0.33299595141700405 0.5860655737704918 0.3355263157894737 0.6055327868852459 0.3243927125506073 0.6700819672131147 0.31983805668016196 0.6967213114754098 0.31376518218623484 0.7202868852459017 0.31123481781376516 0.7489754098360656 0.31983805668016196 0.7735655737704918 0.3375506072874494 0.7745901639344263 0.34969635627530365 0.75 0.35880566801619435 0.7284836065573771 0.36791497975708504 0.6987704918032787 0.37449392712550605 0.6659836065573771 0.3790485829959514 0.6280737704918032 0.38714574898785425 0.5983606557377049 0.39068825910931176 0.5747950819672131 0.3876518218623482 0.5635245901639344 0.3714574898785425 0.5635245901639344 0.3633603238866397 0.5543032786885246 0.35121457489878544 0.5532786885245902
30 0.3001012145748988 0.5286885245901639 0.2894736842105263 0.5584016393442623 0.28846153846153844 0.5799180327868853 0.2813765182186235 0.6004098360655737 0.2667004048582996 0.6557377049180327 0.25455465587044535 0.6926229508196722 0.2575910931174089 0.7223360655737705 0.28036437246963564 0.7366803278688525 0.29453441295546556 0.7346311475409836 0.30364372469635625 0.7110655737704918 0.3168016194331984 0.6823770491803278 0.326417004048583 0.6454918032786885 0.3340080971659919 0.6157786885245902 0.3456477732793522 0.5922131147540983 0.35020242914979755 0.5635245901639344 0.333502024291498 0.5471311475409836 0.3233805668016194 0.5420081967213115 0.3092105263157895 0.5307377049180327