0 0.48976109215017066 0.5615501519756839 0.5112627986348123 0.5531914893617021 0.5133105802047782 0.5174772036474165 0.5102389078498294 0.46656534954407297 0.4969283276450512 0.24696048632218845 0.478839590443686 0.25835866261398177 0.483617747440273 0.3943768996960486 0.4849829351535836 0.4810030395136778 0.48464163822525597 0.53419452887538
1 0.46279863481228667 0.5053191489361702 0.4668941979522184 0.5433130699088146 0.4713310580204778 0.547112462006079 0.4778156996587031 0.5364741641337386 0.48395904436860065 0.5113981762917933 0.4856655290102389 0.46656534954407297 0.48464163822525597 0.3761398176291793 0.47713310580204776 0.2629179331306991 0.4662116040955631 0.270516717325228 0.46723549488054605 0.3525835866261398 0.4706484641638225 0.39893617021276595 0.4658703071672355 0.45288753799392095
2 0.4395904436860068 0.5250759878419453 0.45085324232081914 0.547112462006079 0.4597269624573379 0.5303951367781155 0.46723549488054605 0.5083586626139818 0.46484641638225255 0.4734042553191489 0.4638225255972696 0.418693009118541 0.4665529010238908 0.3670212765957447 0.46791808873720137 0.2613981762917933 0.4552901023890785 0.2674772036474164 0.44573378839590444 0.3404255319148936 0.4426621160409556 0.4004559270516717 0.44368600682593856 0.44984802431610943 0.4426621160409556 0.4817629179331307
3 0.42457337883959045 0.53419452887538 0.4354948805460751 0.5501519756838906 0.4416382252559727 0.5303951367781155 0.4539249146757679 0.5433130699088146 0.4559726962457338 0.5037993920972644 0.45255972696245733 0.4331306990881459 0.44368600682593856 0.2530395136778115 0.4286689419795222 0.256838905775076 0.4327645051194539 0.35790273556231 0.4300341296928328 0.425531914893617 0.42696245733788396 0.4582066869300912 0.4242320819112628 0.5189969604863222
4 0.4037542662116041 0.5189969604863222 0.4136518771331058 0.5486322188449848 0.42218430034129695 0.5319148936170213 0.42901023890784984 0.5433130699088146 0.4372013651877133 0.5174772036474165 0.4351535836177474 0.4810030395136778 0.42935153583617747 0.30851063829787234 0.4160409556313993 0.26975683890577506 0.4030716723549488 0.2750759878419453 0.40989761092150173 0.3465045592705167 0.4092150170648464 0.3943768996960486 0.4092150170648464 0.4376899696048632 0.40477815699658704 0.4939209726443769
5 0.36928327645051195 0.4817629179331307 0.3726962457337884 0.5189969604863222 0.3863481228668942 0.5151975683890577 0.3945392491467577 0.5326747720364742 0.40989761092150173 0.5319148936170213 0.4150170648464164 0.5182370820668692 0.41638225255972694 0.4787234042553192 0.41638225255972694 0.439209726443769 0.4116040955631399 0.33358662613981765 0.4013651877133106 0.2591185410334346 0.3750853242320819 0.26443768996960487 0.3781569965870307 0.3343465045592705 0.3781569965870307 0.3860182370820669 0.3822525597269625 0.41793313069908816 0.3764505119453925 0.4513677811550152 0.3696245733788396 0.4734042553191489
6 0.3324232081911263 0.44984802431610943 0.33276450511945393 0.47720364741641336 0.3392491467576792 0.4878419452887538 0.34197952218430033 0.4848024316109423 0.352901023890785 0.506079027355623 0.36621160409556314 0.5045592705167173 0.3750853242320819 0.48328267477203646 0.3757679180887372 0.46048632218844987 0.3781569965870307 0.43617021276595747 0.3771331058020478 0.3731003039513678 0.37610921501706485 0.26443768996960487 0.3583617747440273 0.26975683890577506 0.3614334470989761 0.3183890577507599 0.3631399317406143 0.3434650455927052 0.36245733788395906 0.35790273556231 0.35665529010238906 0.3791793313069909 0.34675767918088735 0.4034954407294833 0.3385665529010239 0.43009118541033436
7 0.3122866894197952 0.3662613981762918 0.3249146757679181 0.39209726443769 0.3378839590443686 0.39285714285714285 0.34982935153583616 0.39209726443769 0.3580204778156997 0.3890577507598784 0.3604095563139932 0.3639817629179331 0.3604095563139932 0.3130699088145897 0.3556313993174061 0.2712765957446808 0.33754266211604095 0.24772036474164133 0.3266211604095563 0.30015197568389057 0.32013651877133104 0.32750759878419455 0.3143344709897611 0.33890577507598785
8 0.514334470989761 0.5516717325227963 0.532764505119454 0.5569908814589666 0.5385665529010238 0.5311550151975684 0.5392491467576792 0.4848024316109423 0.5273037542662116 0.2507598784194529 0.5133105802047782 0.25455927051671734 0.5116040955631399 0.40501519756838905 0.5112627986348123 0.4810030395136778 0.5112627986348123 0.5045592705167173 0.5112627986348123 0.5319148936170213
9 0.5337883959044368 0.513677811550152 0.5457337883959045 0.5539513677811551 0.5491467576791809 0.540273556231003 0.5532423208191126 0.5174772036474165 0.552901023890785 0.48328267477203646 0.5498293515358362 0.43465045592705165 0.5313993174061433 0.31155015197568386 0.5232081911262798 0.31990881458966564 0.5290102389078498 0.41793313069908816 0.5310580204778157 0.4870820668693009
10 0.5464163822525597 0.5364741641337386 0.5556313993174061 0.5281155015197568 0.558703071672355 0.5296352583586627 0.5617747440273038 0.5493920972644377 0.5679180887372014 0.5547112462006079 0.573037542662116 0.5448328267477204 0.5771331058020478 0.5303951367781155 0.5767918088737202 0.5106382978723404 0.573037542662116 0.4810030395136778 0.5713310580204778 0.4513677811550152 0.5638225255972696 0.3776595744680851 0.5610921501706485 0.2393617021276596 0.5412969283276451 0.2439209726443769 0.543344709897611 0.3662613981762918 0.5464163822525597 0.3981762917933131 0.5491467576791809 0.4756838905775076 0.5430034129692832 0.5098784194528876 0.542320819112628 0.5250759878419453
11 0.5689419795221843 0.5151975683890577 0.5723549488054608 0.5319148936170213 0.5805460750853242 0.5395136778115501 0.5887372013651877 0.547112462006079 0.5965870307167236 0.5288753799392097 0.5976109215017065 0.5083586626139818 0.5921501706484642 0.4688449848024316 0.5880546075085324 0.425531914893617 0.5860068259385666 0.38677811550151975 0.5955631399317406 0.33890577507598785 0.5986348122866895 0.28191489361702127 0.5805460750853242 0.2826747720364742 0.5737201365187713 0.3472644376899696 0.5689419795221843 0.385258358662614 0.5703071672354949 0.4148936170212766 0.5689419795221843 0.4521276595744681 0.5689419795221843 0.493161094224924
13 0.5897610921501707 0.48024316109422494 0.5887372013651877 0.5129179331306991 0.5921501706484642 0.53419452887538 0.5989761092150171 0.5425531914893617 0.6068259385665529 0.541033434650456 0.6143344709897611 0.5448328267477204 0.6228668941979523 0.526595744680851 0.6313993174061433 0.5326747720364742 0.6385665529010239 0.5167173252279635 0.6385665529010239 0.4886018237082067 0.6337883959044368 0.4582066869300912 0.6293515358361774 0.44452887537993924 0.6160409556313993 0.3776595744680851 0.6129692832764505 0.3548632218844985 0.620136518771331 0.27811550151975684 0.60580204778157 0.27583586626139817 0.5979522184300341 0.3487841945288754 0.5935153583617747 0.3822188449848024 0.5911262798634812 0.4148936170212766 0.5928327645051195 0.43844984802431614
14 0.6358361774744027 0.5075987841945289 0.6484641638225256 0.5197568389057751 0.6552901023890785 0.5151975683890577 0.6614334470989761 0.4939209726443769 0.6665529010238908 0.4946808510638298 0.6703071672354949 0.47416413373860183 0.6679180887372014 0.4399696048632219 0.6566552901023891 0.4034954407294833 0.647098976109215 0.3700607902735562 0.6443686006825938 0.33890577507598785 0.6464163822525597 0.26671732522796354 0.624914675767918 0.27203647416413373 0.6204778156996587 0.32142857142857145 0.6180887372013651 0.3951367781155015 0.6286689419795222 0.4749240121580547
15 0.6457337883959045 0.3776595744680851 0.6552901023890785 0.40425531914893614 0.6651877133105802 0.38069908814589665 0.668259385665529 0.3768996960486322 0.678839590443686 0.3837386018237082 0.6822525597269624 0.3670212765957447 0.6897610921501707 0.364741641337386 0.689419795221843 0.3487841945288754 0.668259385665529 0.2439209726443769 0.6430034129692833 0.2750759878419453 0.6426621160409556 0.31762917933130697 0.6450511945392492 0.3617021276595745
16 0.5167235494880547 0.5797872340425532 0.5279863481228669 0.5797872340425532 0.5389078498293516 0.5942249240121581 0.5337883959044368 0.6496960486322189 0.5300341296928328 0.7826747720364742 0.5174061433447099 0.7834346504559271
17 0.5334470989761092 0.6048632218844985 0.5385665529010238 0.5828267477203647 0.5460750853242321 0.5820668693009119 0.5590443686006826 0.601063829787234 0.5546075085324232 0.6390577507598785 0.551877133105802 0.6466565349544073 0.5402730375426621 0.8016717325227963 0.5293515358361774 0.8009118541033434 0.5344709897610922 0.648176291793313 0.5358361774744027 0.6276595744680851
18 0.5535836177474402 0.5980243161094225 0.5679180887372014 0.5714285714285714 0.5740614334470989 0.5881458966565349 0.5784982935153583 0.6185410334346505 0.5767918088737202 0.6413373860182371 0.5771331058020478 0.6724924012158054 0.5737201365187713 0.7507598784194529 0.568259385665529 0.8495440729483282 0.5474402730375426 0.8404255319148937 0.547098976109215 0.7553191489361702 0.5515358361774744 0.6466565349544073
19 0.5740614334470989 0.6025835866261399 0.5781569965870307 0.587386018237082 0.5849829351535836 0.5881458966565349 0.5897610921501707 0.574468085106383 0.6017064846416382 0.5972644376899696 0.601023890784983 0.6291793313069909 0.5989761092150171 0.675531914893617 0.5989761092150171 0.756079027355623 0.6116040955631399 0.8449848024316109 0.5941979522184301 0.8525835866261399 0.5822525597269624 0.8016717325227963 0.5744027303754267 0.7393617021276596 0.5761092150170648 0.6648936170212766 0.5767918088737202 0.6375379939209727 0.5733788395904437 0.6155015197568389
20 0.5911262798634812 0.5919452887537994 0.5959044368600682 0.5851063829787234 0.6061433447098976 0.5645896656534954 0.620136518771331 0.5782674772036475 0.6238907849829352 0.601823708206687 0.621160409556314 0.6352583586626139 0.6228668941979523 0.6831306990881459 0.6252559726962458 0.7241641337386018 0.6378839590443686 0.8275075987841946 0.6184300341296929 0.837386018237082 0.60580204778157 0.7408814589665653 0.6003412969283276 0.6838905775075987 0.596245733788396 0.628419452887538 0.5897610921501707 0.6177811550151976 0.5901023890784983 0.6025835866261399
21 0.6177474402730375 0.5775075987841946 0.6341296928327645 0.5585106382978723 0.6385665529010239 0.5440729483282675 0.6525597269624573 0.5379939209726444 0.6580204778156996 0.5463525835866262 0.6621160409556314 0.5843465045592705 0.6655290102389079 0.6246200607902735 0.6808873720136519 0.6724924012158054 0.7030716723549488 0.7689969604863222 0.6737201365187714 0.797112462006079 0.6505119453924915 0.7279635258358662 0.6392491467576792 0.6831306990881459 0.6341296928327645 0.6527355623100304 0.6232081911262799 0.628419452887538 0.621160409556314 0.6124620060790273 0.615358361774744 0.5919452887537994
22 0.6518771331058021 0.5433130699088146 0.6651877133105802 0.5212765957446809 0.6709897610921501 0.5189969604863222 0.6781569965870308 0.5007598784194529 0.6839590443686007 0.4886018237082067 0.6904436860068259 0.493161094224924 0.6993174061433447 0.5167173252279635 0.7037542662116041 0.5463525835866262 0.7081911262798635 0.5699088145896657 0.747098976109215 0.6732522796352584 0.7262798634812286 0.7104863221884499 0.6924914675767918 0.6572948328267477 0.6829351535836178 0.6329787234042553 0.6747440273037543 0.6109422492401215 0.6573378839590444 0.5790273556231003 0.6518771331058021 0.5562310030395137
24 0.4945392491467577 0.5881458966565349 0.5170648464163823 0.574468085106383 0.5184300341296928 0.5995440729483282 0.5170648464163823 0.6337386018237082 0.5174061433447099 0.797112462006079 0.5044368600682594 0.7978723404255319 0.5010238907849829 0.648176291793313 0.49419795221843005 0.6109422492401215
25 0.47167235494880544 0.5957446808510638 0.48225255972696246 0.5797872340425532 0.49590443686006824 0.5828267477203647 0.49590443686006824 0.6276595744680851 0.5027303754266211 0.7036474164133738 0.5037542662116041 0.7340425531914894 0.4976109215017065 0.7834346504559271 0.4856655290102389 0.7735562310030395 0.4887372013651877 0.7112462006079028 0.4805460750853242 0.6534954407294833 0.47167235494880544 0.6208206686930091
26 0.45494880546075084 0.5949848024316109 0.46552901023890786 0.5805471124620061 0.474061433447099 0.5927051671732523 0.4802047781569966 0.6170212765957447 0.48156996587030715 0.6519756838905775 0.4849829351535836 0.7226443768996961 0.47918088737201364 0.8343465045592705 0.46075085324232085 0.8275075987841946 0.46075085324232085 0.7553191489361702 0.46006825938566553 0.7036474164133738 0.45631399317406146 0.6694528875379939 0.4566552901023891 0.6367781155015197 0.4539249146757679 0.6162613981762918
27 0.4351535836177474 0.5904255319148937 0.4426621160409556 0.5797872340425532 0.44607508532423207 0.5805471124620061 0.45119453924914676 0.5904255319148937 0.45767918088737203 0.5957446808510638 0.46006825938566553 0.5927051671732523 0.46245733788395904 0.6048632218844985 0.46245733788395904 0.6268996960486323 0.4590443686006826 0.7895136778115501 0.45290102389078496 0.837386018237082 0.4351535836177474 0.8282674772036475 0.43378839590443685 0.7165653495440729 0.43447098976109216 0.6496960486322189 0.4324232081911263 0.6223404255319149
28 0.4088737201365188 0.6193009118541033 0.40955631399317405 0.5919452887537994 0.4235494880546075 0.5683890577507599 0.4296928327645051 0.5782674772036475 0.4392491467576792 0.5919452887537994 0.44368600682593856 0.6056231003039514 0.4402730375426621 0.6276595744680851 0.4378839590443686 0.6466565349544073 0.43583617747440273 0.763677811550152 0.4279863481228669 0.8237082066869301 0.4088737201365188 0.8077507598784195 0.41467576791808874 0.709726443768997 0.4129692832764505 0.6375379939209727
29 0.37406143344709897 0.5531914893617021 0.3822525597269625 0.5364741641337386 0.3962457337883959 0.5478723404255319 0.410580204778157 0.5615501519756839 0.4235494880546075 0.5691489361702128 0.4252559726962457 0.5919452887537994 0.4180887372013652 0.6170212765957447 0.4030716723549488 0.6610942249240122 0.3918088737201365 0.7218844984802432 0.3604095563139932 0.8062310030395137 0.3334470989761092 0.7819148936170213 0.35255972696245735 0.6770516717325228 0.36655290102389076 0.6185410334346505 0.3703071672354949 0.5638297872340425
30 0.32389078498293516 0.5220364741641338 0.3395904436860068 0.5007598784194529 0.3491467576791809 0.5212765957446809 0.36416382252559726 0.5182370820668692 0.3723549488054608 0.5357142857142857 0.3798634812286689 0.5417933130699089 0.3802047781569966 0.5729483282674772 0.37133105802047783 0.5965045592705167 0.35221843003412967 0.6329787234042553 0.33754266211604095 0.6846504559270516 0.3027303754266212 0.7507598784194529 0.27098976109215017 0.6968085106382979 0.30341296928327643 0.6177811550151976 0.3167235494880546 0.5699088145896657