8 0.5254178272980501 0.574468085106383 0.5313370473537604 0.3464095744680851 0.5731197771587744 0.3484042553191489 0.5651114206128134 0.581781914893617
0 0.5233286908077994 0.574468085106383 0.5254178272980501 0.34441489361702127 0.4794568245125348 0.34441489361702127 0.48467966573816157 0.5099734042553191 0.4794568245125348 0.5784574468085106
1 0.48259052924791085 0.5764627659574468 0.48363509749303624 0.4853723404255319 0.4815459610027855 0.3464095744680851 0.4557799442896936 0.3271276595744681 0.4557799442896936 0.4640957446808511 0.44986072423398327 0.5631648936170213
2 0.44672701949860727 0.5571808510638298 0.45856545961002787 0.4720744680851064 0.45264623955431754 0.3178191489361702 0.41991643454038996 0.32180851063829785 0.42374651810584957 0.4720744680851064 0.423050139275766 0.5538563829787234
3 0.42374651810584957 0.5478723404255319 0.42792479108635095 0.4867021276595745 0.40981894150417825 0.3158244680851064 0.3892757660167131 0.31981382978723405 0.3969359331476323 0.4853723404255319 0.3920612813370474 0.5498670212765957
4 0.39415041782729804 0.5458776595744681 0.3969359331476323 0.4753989361702128 0.3850974930362117 0.31382978723404253 0.362116991643454 0.3257978723404255 0.36525069637883006 0.4853723404255319 0.36525069637883006 0.5498670212765957
5 0.36629526462395545 0.5345744680851063 0.3683844011142061 0.4753989361702128 0.3593314763231198 0.31382978723404253 0.3224233983286908 0.3271276595744681 0.31754874651810583 0.5498670212765957
6 0.31754874651810583 0.5232712765957447 0.3224233983286908 0.45478723404255317 0.3123259052924791 0.293218085106383 0.2785515320334262 0.3158244680851064 0.2827298050139276 0.43550531914893614 0.26775766016713093 0.519281914893617
7 0.2705431754874652 0.5139627659574468 0.28064066852367686 0.4321808510638298 0.2837743732590529 0.34242021276595747 0.2618384401114206 0.3503989361702128 0.23293871866295265 0.47938829787234044
9 0.5710306406685237 0.3523936170212766 0.5651114206128134 0.5804521276595744 0.5950557103064067 0.5724734042553191 0.5901810584958217 0.5006648936170213 0.5971448467966574 0.3404255319148936
10 0.5940111420612814 0.5704787234042553 0.5908774373259053 0.5039893617021277 0.6068941504178273 0.32180851063829785 0.6337047353760445 0.3351063829787234 0.621866295264624 0.4753989361702128 0.621866295264624 0.5704787234042553
11 0.625 0.5611702127659575 0.6187325905292479 0.5152925531914894 0.6326601671309192 0.3404255319148936 0.658774373259053 0.355718085106383 0.6476323119777159 0.5139627659574468 0.6518105849582173 0.5591755319148937
12 0.6535515320334262 0.5591755319148937 0.6465877437325905 0.5059840425531915 0.6615598885793872 0.3503989361702128 0.6866295264623955 0.3636968085106383 0.6754874651810585 0.48138297872340424 0.6807103064066853 0.5684840425531915
13 0.6807103064066853 0.5651595744680851 0.6775766016713092 0.48138297872340424 0.6855849582172702 0.3503989361702128 0.7214484679665738 0.3537234042553192 0.7284122562674095 0.5438829787234043
14 0.7263231197771588 0.5365691489361702 0.7235376044568245 0.355718085106383 0.7632311977715878 0.3503989361702128 0.7632311977715878 0.4434840425531915 0.7691504178272981 0.5305851063829787
15 0.7712395543175488 0.5272606382978723 0.7621866295264624 0.4507978723404255 0.7621866295264624 0.3291223404255319 0.7980501392757661 0.33111702127659576 0.810933147632312 0.5252659574468085
16 0.5163649025069638 0.574468085106383 0.5174094707520891 0.8178191489361702 0.5393454038997214 0.8138297872340425 0.5393454038997214 0.5704787234042553
17 0.5393454038997214 0.5684840425531915 0.5421309192200557 0.8384308510638298 0.564066852367688 0.8384308510638298 0.564066852367688 0.5784574468085106
18 0.567200557103064 0.5784574468085106 0.567200557103064 0.8404255319148937 0.5901810584958217 0.836436170212766 0.5891364902506964 0.5784574468085106
19 0.5901810584958217 0.5877659574468085 0.588091922005571 0.6768617021276596 0.6068941504178273 0.8424202127659575 0.629874651810585 0.8271276595744681 0.6197771587743732 0.6482712765957447 0.616991643454039 0.5857712765957447
20 0.616991643454039 0.5837765957446809 0.6197771587743732 0.6615691489361702 0.645891364902507 0.8231382978723404 0.6727019498607242 0.8058510638297872 0.6535515320334262 0.6462765957446809 0.6497214484679665 0.5804521276595744
21 0.6465877437325905 0.5837765957446809 0.6556406685236769 0.65625 0.6737465181058496 0.8158244680851063 0.7284122562674095 0.7626329787234043 0.7075208913649025 0.6502659574468085 0.6925487465181058 0.574468085106383
22 0.6946378830083565 0.5704787234042553 0.7043871866295265 0.6462765957446809 0.7305013927576601 0.7719414893617021 0.7729805013927576 0.7094414893617021 0.7461699164345403 0.6063829787234043 0.7374651810584958 0.5538563829787234
23 0.7412952646239555 0.5518617021276596 0.753133704735376 0.6462765957446809 0.7851671309192201 0.726063829787234 0.8168523676880223 0.682845744680851 0.7830779944289693 0.5212765957446809
24 0.5153203342618384 0.5764627659574468 0.5135793871866295 0.8211436170212766 0.49547353760445684 0.8178191489361702 0.49268802228412256 0.574468085106383
25 0.49164345403899723 0.5764627659574468 0.4986072423398329 0.8158244680851063 0.47075208913649025 0.8251329787234043 0.46552924791086353 0.5784574468085106
26 0.4676183844011142 0.5684840425531915 0.47075208913649025 0.8291223404255319 0.443941504178273 0.8231382978723404 0.44080779944289694 0.5684840425531915
27 0.44080779944289694 0.574468085106383 0.4428969359331476 0.8178191489361702 0.4129526462395543 0.8138297872340425 0.41190807799442897 0.581781914893617
28 0.4167827298050139 0.581781914893617 0.407033426183844 0.7300531914893617 0.39415041782729804 0.8058510638297872 0.37012534818941506 0.7965425531914894 0.38231197771587744 0.6349734042553191 0.3850974930362117 0.567154255319149
29 0.3850974930362117 0.5764627659574468 0.38231197771587744 0.6522606382978723 0.35724233983286907 0.7965425531914894 0.2945682451253482 0.7566489361702128 0.3325208913649025 0.636968085106383 0.34435933147632314 0.5611702127659575
30 0.34435933147632314 0.5631648936170213 0.3304317548746518 0.6409574468085106 0.2907381615598886 0.7606382978723404 0.2618384401114206 0.7300531914893617 0.2865598885793872 0.601063829787234 0.2956128133704735 0.5458776595744681
31 0.2994428969359331 0.5365691489361702 0.25870473537604455 0.7360372340425532 0.2298050139275766 0.692154255319149 0.2479108635097493 0.5152925531914894