0 0.4574829931972789 0.574468085106383 0.45374149659863944 0.6056231003039514 0.4527210884353742 0.6276595744680851 0.4595238095238095 0.6443768996960486 0.4714285714285714 0.6496960486322189 0.48027210884353744 0.6360182370820668 0.48299319727891155 0.5972644376899696 0.47993197278911565 0.5197568389057751 0.4819727891156463 0.46200607902735563 0.482312925170068 0.41793313069908816 0.482312925170068 0.3723404255319149 0.482312925170068 0.3282674772036474 0.47687074829931975 0.3221884498480243 0.4710884353741497 0.3404255319148936
1 0.4326530612244898 0.5661094224924013 0.4302721088435374 0.5934650455927052 0.43231292517006803 0.6162613981762918 0.43639455782312925 0.6329787234042553 0.4489795918367347 0.6306990881458967 0.45816326530612245 0.5904255319148937 0.46122448979591835 0.506838905775076 0.46802721088435373 0.4156534954407295 0.47210884353741495 0.3548632218844985 0.4707482993197279 0.32066869300911854 0.4602040816326531 0.3130699088145897 0.4557823129251701 0.35106382978723405
2 0.4098639455782313 0.5547112462006079 0.40680272108843535 0.5866261398176292 0.408843537414966 0.6063829787234043 0.4238095238095238 0.6246200607902735 0.4380952380952381 0.6086626139817629 0.4370748299319728 0.5554711246200608 0.44319727891156463 0.4612462006079027 0.4435374149659864 0.4034954407294833 0.4435374149659864 0.3723404255319149 0.4435374149659864 0.32750759878419455 0.43299319727891156 0.30775075987841943 0.427891156462585 0.3252279635258359
3 0.39319727891156464 0.5585106382978723 0.3925170068027211 0.5896656534954408 0.3921768707482993 0.6063829787234043 0.4057823129251701 0.60790273556231 0.41768707482993195 0.6208206686930091 0.4238095238095238 0.6109422492401215 0.42551020408163265 0.5721884498480243 0.42346938775510207 0.5243161094224924 0.4217687074829932 0.4209726443768997 0.4200680272108844 0.38145896656534956 0.4200680272108844 0.3518237082066869 0.4159863945578231 0.32978723404255317 0.41054421768707483 0.3161094224924012 0.40374149659863945 0.32674772036474165 0.3979591836734694 0.3905775075987842
4 0.37517006802721087 0.5486322188449848 0.3717687074829932 0.5820668693009119 0.3717687074829932 0.601063829787234 0.3877551020408163 0.5957446808510638 0.3982993197278912 0.60790273556231 0.4051020408163265 0.5957446808510638 0.4051020408163265 0.5592705167173252 0.40068027210884355 0.4506079027355623 0.40170068027210887 0.3525835866261398 0.3925170068027211 0.31990881458966564 0.386734693877551 0.3229483282674772 0.38231292517006804 0.35790273556231 0.3782312925170068 0.4430091185410334
5 0.3448979591836735 0.5417933130699089 0.34217687074829933 0.5554711246200608 0.33945578231292517 0.5828267477203647 0.35374149659863946 0.5987841945288754 0.3741496598639456 0.5972644376899696 0.3836734693877551 0.5987841945288754 0.38979591836734695 0.5904255319148937 0.3880952380952381 0.5425531914893617 0.38299319727891157 0.5106382978723404 0.3795918367346939 0.42933130699088146 0.37891156462585035 0.3905775075987842 0.37755102040816324 0.3525835866261398 0.3727891156462585 0.331306990881459 0.363265306122449 0.34194528875379937 0.35918367346938773 0.3776595744680851
6 0.31394557823129254 0.5273556231003039 0.3085034013605442 0.5547112462006079 0.31360544217687075 0.5805471124620061 0.3251700680272109 0.5790273556231003 0.33163265306122447 0.5957446808510638 0.3414965986394558 0.5957446808510638 0.3476190476190476 0.5775075987841946 0.35068027210884356 0.5448328267477204 0.3547619047619048 0.3974164133738602 0.3547619047619048 0.3655015197568389 0.354421768707483 0.3434650455927052 0.3520408163265306 0.32978723404255317 0.34829931972789113 0.324468085106383 0.341156462585034 0.32674772036474165 0.336734693877551 0.3465045592705167 0.33163265306122447 0.3974164133738602
8 0.4812925170068027 0.5759878419452887 0.4819727891156463 0.6101823708206687 0.4819727891156463 0.6337386018237082 0.4880952380952381 0.6466565349544073 0.5051020408163265 0.6436170212765957 0.5108843537414965 0.6109422492401215 0.507482993197279 0.5448328267477204 0.5027210884353741 0.446048632218845 0.5071428571428571 0.331306990881459 0.5017006802721088 0.2864741641337386 0.49183673469387756 0.30851063829787234 0.48435374149659866 0.4969604863221885
9 0.5061224489795918 0.5752279635258358 0.5095238095238095 0.6185410334346505 0.5159863945578231 0.6291793313069909 0.5227891156462585 0.6322188449848024 0.532312925170068 0.6276595744680851 0.5319727891156463 0.5911854103343465 0.5275510204081633 0.5334346504559271 0.5231292517006803 0.4490881458966565 0.5231292517006803 0.41413373860182373 0.5224489795918368 0.38145896656534956 0.5227891156462585 0.35106382978723405 0.5224489795918368 0.3252279635258359 0.5146258503401361 0.31458966565349544 0.504421768707483 0.3700607902735562
10 0.5261904761904762 0.5683890577507599 0.5255102040816326 0.6003039513677811 0.5312925170068027 0.621580547112462 0.5421768707482993 0.6291793313069909 0.5486394557823129 0.6322188449848024 0.5551020408163265 0.6109422492401215 0.5598639455782313 0.5881458966565349 0.5523809523809524 0.5227963525835866 0.5459183673469388 0.4217325227963526 0.5479591836734694 0.378419452887538 0.5520408163265306 0.3290273556231003 0.55 0.30547112462006076 0.5462585034013605 0.28495440729483285 0.532312925170068 0.3009118541033435 0.5248299319727892 0.378419452887538 0.5272108843537415 0.4817629179331307
11 0.5448979591836735 0.5569908814589666 0.5414965986394558 0.5980243161094225 0.5496598639455782 0.6193009118541033 0.5595238095238095 0.60790273556231 0.5680272108843537 0.6193009118541033 0.5755102040816327 0.6155015197568389 0.5816326530612245 0.5851063829787234 0.5768707482993197 0.49848024316109424 0.5751700680272109 0.42401215805471126 0.5755102040816327 0.385258358662614 0.5772108843537415 0.3533434650455927 0.576530612244898 0.3282674772036474 0.5731292517006803 0.30167173252279633 0.5636054421768707 0.29635258358662614 0.5568027210884354 0.3168693009118541 0.5517006802721088 0.38069908814589665
12 0.5687074829931973 0.5524316109422492 0.5673469387755102 0.5729483282674772 0.5697278911564626 0.6086626139817629 0.5785714285714286 0.6056231003039514 0.591156462585034 0.60790273556231 0.5969387755102041 0.6025835866261399 0.5989795918367347 0.5721884498480243 0.5942176870748299 0.520516717325228 0.5938775510204082 0.4369300911854103 0.5938775510204082 0.4034954407294833 0.5959183673469388 0.3829787234042553 0.5945578231292517 0.3541033434650456 0.5945578231292517 0.32978723404255317 0.5921768707482993 0.30547112462006076 0.5789115646258504 0.30623100303951367 0.5758503401360544 0.3495440729483283
13 0.5891156462585034 0.5303951367781155 0.5870748299319728 0.5661094224924013 0.5918367346938775 0.5949848024316109 0.6006802721088436 0.5972644376899696 0.6115646258503401 0.5927051671732523 0.6207482993197279 0.5934650455927052 0.6295918367346939 0.5835866261398176 0.6329931972789116 0.5554711246200608 0.6234693877551021 0.4992401215805471 0.6217687074829932 0.4209726443768997 0.6197278911564625 0.36246200607902734 0.6091836734693877 0.3351063829787234 0.6064625850340136 0.3351063829787234 0.5935374149659864 0.36854103343465044 0.5928571428571429 0.425531914893617
14 0.6258503401360545 0.5273556231003039 0.6248299319727891 0.5569908814589666 0.6312925170068027 0.5828267477203647 0.6418367346938776 0.5835866261398176 0.6642857142857143 0.5737082066869301 0.672108843537415 0.5531914893617021 0.6680272108843538 0.5227963525835866 0.6581632653061225 0.49772036474164133 0.65 0.4308510638297872 0.6435374149659864 0.3890577507598784 0.6387755102040816 0.35714285714285715 0.6326530612244898 0.33282674772036475 0.6224489795918368 0.32978723404255317 0.617687074829932 0.37537993920972645
15 0.6547619047619048 0.48328267477203646 0.6622448979591836 0.5075987841945289 0.6748299319727891 0.5273556231003039 0.6914965986394558 0.5212765957446809 0.7 0.4756838905775076 0.6976190476190476 0.4506079027355623 0.685374149659864 0.41413373860182373 0.6751700680272109 0.3768996960486322 0.672108843537415 0.3282674772036474 0.6710884353741496 0.29711246200607905 0.6642857142857143 0.2689969604863222 0.6513605442176871 0.270516717325228 0.6404761904761904 0.2872340425531915 0.6452380952380953 0.40577507598784196
22 0.6265306122448979 0.5889057750759878 0.6095238095238096 0.5927051671732523 0.6122448979591837 0.6139817629179332 0.6251700680272109 0.6534954407294833 0.6435374149659864 0.7112462006079028 0.6608843537414966 0.7575987841945289 0.6772108843537415 0.776595744680851 0.6948979591836735 0.763677811550152 0.6948979591836735 0.7256838905775076 0.6846938775510204 0.6793313069908815 0.6738095238095239 0.6268996960486323 0.6673469387755102 0.587386018237082 0.6591836734693878 0.574468085106383 0.6537414965986394 0.574468085106383 0.638095238095238 0.5828267477203647 0.6329931972789116 0.5835866261398176 0.6302721088435375 0.5858662613981763
21 0.5921768707482993 0.5972644376899696 0.5826530612244898 0.5919452887537994 0.5775510204081633 0.6025835866261399 0.5782312925170068 0.6231003039513677 0.5853741496598639 0.6595744680851063 0.5969387755102041 0.7386018237082067 0.6122448979591837 0.7986322188449848 0.6292517006802721 0.8297872340425532 0.6421768707482993 0.8199088145896657 0.6476190476190476 0.7743161094224924 0.6346938775510204 0.6846504559270516 0.6234693877551021 0.5965045592705167 0.6197278911564625 0.5896656534954408 0.6061224489795919 0.5942249240121581 0.5969387755102041 0.5980243161094225
20 0.5605442176870749 0.60790273556231 0.5534013605442177 0.60790273556231 0.5523809523809524 0.6200607902735562 0.5527210884353742 0.6512158054711246 0.5683673469387756 0.7173252279635258 0.5806122448979592 0.7948328267477204 0.5860544217687075 0.8206686930091185 0.5979591836734693 0.8358662613981763 0.6030612244897959 0.8130699088145896 0.5925170068027211 0.7416413373860182 0.5894557823129252 0.6732522796352584 0.5901360544217688 0.6231003039513677 0.5867346938775511 0.6033434650455927 0.5802721088435374 0.5972644376899696 0.5731292517006803 0.5980243161094225
19 0.5363945578231293 0.6139817629179332 0.5329931972789116 0.628419452887538 0.539795918367347 0.662613981762918 0.5465986394557824 0.75 0.5527210884353742 0.8214285714285714 0.563265306122449 0.8419452887537994 0.5710884353741497 0.8366261398176292 0.5700680272108843 0.7735562310030395 0.5622448979591836 0.6709726443768997 0.5642857142857143 0.6185410334346505 0.5595238095238095 0.601823708206687 0.5503401360544218 0.6003039513677811
18 0.5190476190476191 0.6124620060790273 0.5159863945578231 0.6185410334346505 0.5149659863945578 0.6595744680851063 0.5197278911564626 0.7272036474164134 0.5285714285714286 0.8404255319148937 0.5370748299319728 0.8768996960486323 0.54421768707483 0.8731003039513677 0.5513605442176871 0.8305471124620061 0.5445578231292517 0.7446808510638298 0.541156462585034 0.6846504559270516 0.5435374149659864 0.6436170212765957 0.541156462585034 0.6193009118541033 0.5357142857142857 0.6117021276595744 0.5285714285714286 0.6071428571428571
17 0.508843537414966 0.6268996960486323 0.5017006802721088 0.6268996960486323 0.49455782312925173 0.6451367781155015 0.4969387755102041 0.6702127659574468 0.5010204081632653 0.7249240121580547 0.5017006802721088 0.8047112462006079 0.5064625850340136 0.8601823708206687 0.5166666666666667 0.8624620060790273 0.5221088435374149 0.8366261398176292 0.5204081632653061 0.7317629179331308 0.5224489795918368 0.6534954407294833 0.5200680272108843 0.6306990881458967 0.5159863945578231 0.6231003039513677
16 0.48367346938775513 0.6246200607902735 0.4772108843537415 0.6276595744680851 0.47585034013605443 0.6458966565349544 0.4816326530612245 0.6793313069908815 0.4846938775510204 0.7575987841945289 0.4901360544217687 0.8548632218844985 0.49727891156462584 0.8731003039513677 0.5071428571428571 0.8609422492401215 0.503061224489796 0.790273556231003 0.501360544217687 0.6694528875379939 0.5020408163265306 0.64209726443769 0.4976190476190476 0.6200607902735562
24 0.47278911564625853 0.6246200607902735 0.4639455782312925 0.6231003039513677 0.463265306122449 0.6413373860182371 0.46564625850340136 0.7218844984802432 0.46802721088435373 0.8259878419452887 0.47244897959183674 0.8677811550151976 0.4812925170068027 0.8806990881458967 0.4894557823129252 0.8647416413373861 0.4891156462585034 0.7773556231003039 0.48299319727891155 0.6557750759878419 0.48299319727891155 0.6306990881458967 0.4792517006802721 0.6223404255319149
25 0.45068027210884354 0.6177811550151976 0.445578231292517 0.6208206686930091 0.4435374149659864 0.6382978723404256 0.44727891156462585 0.6952887537993921 0.44829931972789117 0.791033434650456 0.4486394557823129 0.8465045592705167 0.458843537414966 0.8814589665653495 0.4663265306122449 0.8852583586626139 0.4697278911564626 0.8237082066869301 0.46904761904761905 0.7241641337386018 0.4670068027210884 0.6504559270516718 0.46462585034013604 0.6299392097264438 0.4568027210884354 0.6147416413373861
26 0.43231292517006803 0.6147416413373861 0.42517006802721086 0.6238601823708206 0.42142857142857143 0.662613981762918 0.42551020408163265 0.702887537993921 0.4275510204081633 0.7750759878419453 0.4275510204081633 0.8525835866261399 0.4326530612244898 0.9019756838905775 0.4448979591836735 0.9065349544072948 0.45170068027210886 0.8320668693009119 0.45034013605442175 0.7203647416413373 0.44829931972789117 0.6808510638297872 0.45136054421768707 0.6344984802431611 0.4493197278911565 0.6170212765957447 0.4421768707482993 0.6109422492401215 0.4380952380952381 0.6086626139817629
27 0.4129251700680272 0.6094224924012158 0.40680272108843535 0.6139817629179332 0.40374149659863945 0.6253799392097265 0.4020408163265306 0.6702127659574468 0.40782312925170067 0.7370820668693009 0.40374149659863945 0.8123100303951368 0.4057823129251701 0.8609422492401215 0.4159863945578231 0.8738601823708206 0.42517006802721086 0.8503039513677811 0.4272108843537415 0.7682370820668692 0.4316326530612245 0.6854103343465046 0.4336734693877551 0.6572948328267477 0.43605442176870746 0.628419452887538 0.43299319727891156 0.6162613981762918 0.4272108843537415 0.6170212765957447 0.4193877551020408 0.6147416413373861
28 0.39965986394557823 0.6003039513677811 0.38979591836734695 0.6033434650455927 0.3836734693877551 0.6299392097264438 0.38639455782312926 0.675531914893617 0.38571428571428573 0.756838905775076 0.37993197278911567 0.8161094224924013 0.37857142857142856 0.8487841945288754 0.3952380952380952 0.8556231003039514 0.4013605442176871 0.8267477203647416 0.4091836734693878 0.709726443768997 0.41360544217687073 0.6648936170212766 0.4227891156462585 0.6276595744680851 0.42108843537414964 0.6170212765957447 0.41258503401360547 0.60790273556231
29 0.3653061224489796 0.5972644376899696 0.3513605442176871 0.5972644376899696 0.3469387755102041 0.6094224924012158 0.3469387755102041 0.6382978723404256 0.3438775510204082 0.6785714285714286 0.33503401360544216 0.729483282674772 0.3272108843537415 0.7735562310030395 0.32755102040816325 0.8085106382978723 0.33843537414965985 0.8358662613981763 0.3574829931972789 0.8328267477203647 0.37789115646258503 0.7773556231003039 0.3891156462585034 0.702887537993921 0.39387755102040817 0.6580547112462006 0.39931972789115644 0.6185410334346505 0.3976190476190476 0.6003039513677811 0.3952380952380952 0.5889057750759878 0.38945578231292516 0.5889057750759878
30 0.32346938775510203 0.5737082066869301 0.3159863945578231 0.5775075987841946 0.3112244897959184 0.6041033434650456 0.3 0.6474164133738601 0.2816326530612245 0.6732522796352584 0.2761904761904762 0.6952887537993921 0.2727891156462585 0.7272036474164134 0.27721088435374147 0.743161094224924 0.29217687074829934 0.7507598784194529 0.3173469387755102 0.7264437689969605 0.3370748299319728 0.6914893617021277 0.3465986394557823 0.6641337386018237 0.358843537414966 0.6436170212765957 0.3629251700680272 0.6268996960486323 0.36054421768707484 0.60790273556231 0.35578231292517004 0.5965045592705167 0.34523809523809523 0.5949848024316109 0.33129251700680273 0.5919452887537994