0 0.47675602307431286 0.5417933130699089 0.503223617237869 0.5372340425531915 0.501187648456057 0.4399696048632219 0.49745503902273497 0.2811550151975684 0.4791313199864269 0.2872340425531915 0.47743467933491684 0.45288753799392095 0.47472005429250086 0.5106382978723404
1 0.4553783508652867 0.540273556231003 0.47675602307431286 0.5417933130699089 0.4781133355955209 0.45288753799392095 0.47845266372582285 0.2796352583586626 0.4648795385137428 0.2811550151975684 0.45605700712589076 0.4316109422492401 0.4540210383440787 0.49772036474164133 0.4530030539531727 0.5250759878419453
2 0.43603664743807263 0.5372340425531915 0.45469969460468274 0.5440729483282675 0.4574143196470987 0.4696048632218845 0.4472344757380387 0.25455927051671734 0.44146589752290466 0.2591185410334346 0.43603664743807263 0.4574468085106383
3 0.4163556158805565 0.5372340425531915 0.4333220223956566 0.5417933130699089 0.44418052256532065 0.5334346504559271 0.44519850695622665 0.4490881458966565 0.43909060061079064 0.24620060790273557 0.4207668815744825 0.2591185410334346 0.4200882253138785 0.42325227963525835 0.4163556158805565 0.5075987841945289
4 0.39565659993213437 0.5319148936170213 0.4105870376654225 0.5372340425531915 0.4221241940956905 0.5288753799392097 0.42382083474720056 0.520516717325228 0.42348150661689854 0.4430091185410334 0.4190702409229725 0.2773556231003039 0.4000678656260604 0.29711246200607905 0.40074652188666443 0.4308510638297872 0.39769256871394637 0.46580547112462006 0.3963352561927384 0.5007598784194529
5 0.36240244316253817 0.5189969604863222 0.37869019341703425 0.5334346504559271 0.3854767560230743 0.5288753799392097 0.40074652188666443 0.5334346504559271 0.40821174075330846 0.5174772036474165 0.40821174075330846 0.4673252279635258 0.4000678656260604 0.2712765957446808 0.37190363081099426 0.2826747720364742 0.35731252120800816 0.35030395136778114 0.3661350525958602 0.4490881458966565 0.36749236511706823 0.5037993920972644
6 0.32575500508992195 0.5007598784194529 0.34034611469290804 0.5121580547112462 0.3556158805564981 0.5159574468085106 0.37258228707159824 0.5091185410334347 0.37190363081099426 0.4696048632218845 0.3647777400746522 0.2978723404255319 0.336613505259586 0.30243161094224924 0.32405836443841196 0.31382978723404253 0.3254156769596199 0.371580547112462 0.32982694265354595 0.4316109422492401 0.32405836443841196 0.4870820668693009
8 0.506956226671191 0.5372340425531915 0.5313878520529352 0.540273556231003 0.5307091957923312 0.4810030395136778 0.5195113674923652 0.2826747720364742 0.502544960977265 0.2857142857142857 0.501866304716661 0.46580547112462006 0.49949100780454697 0.5220364741641338
9 0.5300305395317272 0.5334346504559271 0.5497115710892433 0.5349544072948328 0.5520868680013573 0.4688449848024316 0.5425856803529012 0.27279635258358664 0.5276552426196132 0.27887537993920974 0.5276552426196132 0.4430091185410334 0.5276552426196132 0.513677811550152
10 0.5483542585680353 0.5288753799392097 0.5646420088225313 0.5387537993920972 0.5727858839497795 0.520516717325228 0.5761791652527994 0.479483282674772 0.5710892432982694 0.27887537993920974 0.5463182897862233 0.2796352583586626 0.5483542585680353 0.42325227963525835 0.5463182897862233 0.4726443768996961 0.5463182897862233 0.513677811550152
11 0.5595520868680014 0.4908814589665654 0.5676959619952494 0.5273556231003039 0.5853410247709535 0.5349544072948328 0.5917882592466915 0.5258358662613982 0.5934848998982015 0.4825227963525836 0.5880556498133696 0.3768996960486322 0.5802511028164234 0.2530395136778115 0.5585341024770953 0.2560790273556231 0.5595520868680014 0.4065349544072948 0.5595520868680014 0.45288753799392095
12 0.5829657278588395 0.4908814589665654 0.5880556498133696 0.5174772036474165 0.5941635561588056 0.5319148936170213 0.6023074312860536 0.5319148936170213 0.6124872751951137 0.5121580547112462 0.6124872751951137 0.47720364741641336 0.6036647438072617 0.27583586626139817 0.5809297590770275 0.2796352583586626 0.5843230403800475 0.44148936170212766 0.5836443841194435 0.4642857142857143
13 0.6016287750254496 0.4870820668693009 0.6087546657617916 0.5174772036474165 0.6199524940617577 0.5220364741641338 0.6331862911435358 0.5159574468085106 0.6426874787919918 0.4908814589665654 0.6399728537495758 0.4331306990881459 0.6413301662707839 0.25759878419452886 0.6199524940617577 0.26443768996960487 0.6043434000678656 0.4209726443768997 0.5999321343739396 0.45972644376899696
14 0.6369189005768578 0.44984802431610943 0.6355615880556498 0.4908814589665654 0.6508313539192399 0.5075987841945289 0.658975229046488 0.5007598784194529 0.670851713607058 0.4939209726443769 0.6789955887343061 0.47416413373860183 0.6745843230403801 0.42325227963525835 0.675262979300984 0.40805471124620063 0.6803529012555141 0.2773556231003039 0.6552426196131659 0.27279635258358664 0.6399728537495758 0.33890577507598785 0.6396335256192739 0.37537993920972645 0.6369189005768578 0.4278115501519757
16 0.504920257889379 0.5767477203647416 0.5252799457074991 0.5752279635258358 0.5239226331862912 0.7811550151975684 0.5042416016287751 0.776595744680851
17 0.5212080081438751 0.5668693009118541 0.5432643366135053 0.5653495440729484 0.5459789616559213 0.7864741641337386 0.5256192738378012 0.7819148936170213
18 0.5446216491347132 0.5585106382978723 0.5697319307770614 0.5797872340425532 0.5683746182558534 0.8191489361702128 0.5503902273498473 0.8199088145896657
19 0.5615880556498134 0.6094224924012158 0.5551408211740754 0.5683890577507599 0.5615880556498134 0.5569908814589666 0.5866983372921615 0.5699088145896657 0.5897522904648795 0.621580547112462 0.5887343060739735 0.6610942249240122 0.5928062436375976 0.8031914893617021 0.5778758059043094 0.8016717325227963
22 0.6389548693586699 0.6109422492401215 0.6226671191041737 0.5539513677811551 0.6325076348829318 0.5235562310030395 0.670173057346454 0.5091185410334347 0.67967424499491 0.5554711246200608 0.7275195113674924 0.7150455927051672 0.6884967763827621 0.7332826747720365 0.656939260264676 0.6679331306990881
24 0.4855785544621649 0.5752279635258358 0.5062775704105871 0.5714285714285714 0.501187648456057 0.7712765957446809 0.4872751951136749 0.7697568389057751
25 0.47234475738038684 0.5638297872340425 0.48795385137427894 0.5699088145896657 0.48286392941974887 0.7667173252279635 0.4648795385137428 0.776595744680851
26 0.4479131319986427 0.5630699088145896 0.4648795385137428 0.5600303951367781 0.4686121479470648 0.5965045592705167 0.46929080420766883 0.6641337386018237 0.4686121479470648 0.8130699088145896 0.44655581947743467 0.8077507598784195 0.44451985069562266 0.6193009118541033
27 0.4221241940956905 0.621580547112462 0.4326433661350526 0.5638297872340425 0.44859178825924667 0.5630699088145896 0.4553783508652867 0.5797872340425532 0.44859178825924667 0.621580547112462 0.44859178825924667 0.8077507598784195 0.4295894129623346 0.8092705167173252
29 0.3461146929080421 0.7188449848024316 0.3681710213776722 0.6048632218844985 0.36749236511706823 0.5600303951367781 0.3919239904988123 0.5455927051671733 0.4014251781472684 0.547112462006079 0.41330166270783847 0.5638297872340425 0.4146589752290465 0.5965045592705167 0.4105870376654225 0.6261398176291794 0.40685442823210044 0.6474164133738601 0.38615541228367833 0.7819148936170213
30 0.29589412962334577 0.7218844984802432 0.31150322361723787 0.6413373860182371 0.32202239565659996 0.5949848024316109 0.32779097387173395 0.5288753799392097 0.34475738038683407 0.5189969604863222 0.35934848998982016 0.5303951367781155 0.3712249745503902 0.5455927051671733 0.37665422463522225 0.5714285714285714 0.3668137088564642 0.6261398176291794 0.3556158805564981 0.689209726443769 0.3172718018323719 0.7613981762917933