0 0.46184163382300253 0.5129179331306991 0.48298101039054103 0.5113981762917933 0.4976710856323898 0.5098784194528876 0.4976710856323898 0.4635258358662614 0.4976710856323898 0.3047112462006079 0.4779648871372268 0.3047112462006079 0.4711572912934432 0.41185410334346506 0.4675743461125045 0.44072948328267475 0.4636331064134719 0.4848024316109423
1 0.4553923324973128 0.4992401215805471 0.4647079899677535 0.49544072948328266 0.4700824077391616 0.479483282674772 0.46936581870297384 0.4194528875379939 0.47294876388391255 0.25151975683890576 0.44679326406305986 0.27583586626139817 0.44786814761734145 0.3252279635258359 0.4446434969544966 0.40197568389057753 0.4392690791830885 0.4316109422492401 0.4353278394840559 0.46580547112462006 0.4353278394840559 0.5007598784194529
2 0.41347187388032963 0.5045592705167173 0.42780365460408454 0.493161094224924 0.4421354353278395 0.4688449848024316 0.44536008599068433 0.4369300911854103 0.4471515585811537 0.3791793313069909 0.4421354353278395 0.23024316109422494 0.42386241490505194 0.24772036474164133 0.41633823002508064 0.3844984802431611 0.415263346470799 0.42325227963525835 0.41203869580795416 0.446048632218845 0.40594768900035827 0.4848024316109423
3 0.386958079541383 0.5075987841945289 0.4002149767108563 0.5045592705167173 0.42099605876030094 0.5075987841945289 0.4220709423145826 0.47416413373860183 0.4213543532783948 0.44224924012158057 0.4145467574346112 0.2439209726443769 0.3962737370118237 0.256838905775076 0.3894661411680401 0.37537993920972645 0.3844500179147259 0.43009118541033436 0.3819419562880688 0.4551671732522796 0.3819419562880688 0.4825227963525836
4 0.36116087423862414 0.5045592705167173 0.3726262988176281 0.5113981762917933 0.3819419562880688 0.5075987841945289 0.3951988534575421 0.5045592705167173 0.3962737370118237 0.48328267477203646 0.39304908634897884 0.446048632218845 0.3826585453242565 0.256838905775076 0.3694016481547832 0.2743161094224924 0.36008599068434255 0.31534954407294835 0.36366893586528126 0.3898176291793313 0.3618774632748119 0.4278115501519757 0.358652812611967 0.44984802431610943 0.3579362235757793 0.4703647416413374
5 0.32282336080257973 0.4992401215805471 0.3346470798996775 0.5007598784194529 0.3593694016481548 0.4969604863221885 0.3618774632748119 0.47796352583586627 0.364385524901469 0.44376899696048633 0.3618774632748119 0.4088145896656535 0.358652812611967 0.36246200607902734 0.3579362235757793 0.31382978723404253 0.34682909351486924 0.2925531914893617 0.33285560730920816 0.3252279635258359 0.33034754568255104 0.371580547112462 0.3271228950197062 0.42249240121580545 0.32210677176639196 0.44452887537993924 0.3203152991759226 0.45972644376899696 0.31959871013973484 0.479483282674772
6 0.2844858473665353 0.479483282674772 0.2920100322465066 0.48328267477203646 0.2988176280902902 0.48328267477203646 0.3109996417054819 0.4878419452887538 0.31852382658545325 0.47416413373860183 0.32139018273020425 0.4513677811550152 0.32282336080257973 0.42629179331306993 0.3203152991759226 0.3913373860182371 0.3170906485130778 0.33966565349544076 0.30777499104263706 0.25987841945288753 0.29129344321031886 0.2811550151975684 0.2884270870655679 0.3525835866261398 0.2895019706198495 0.38753799392097266 0.285202436402723 0.4072948328267477 0.28054460766750267 0.42325227963525835 0.2780365460408456 0.44452887537993924 0.2826943747760659 0.46580547112462006
8 0.4976710856323898 0.5151975683890577 0.5077033321390183 0.5151975683890577 0.5238265854532426 0.5151975683890577 0.5327839484055894 0.5167173252279635 0.53099247581512 0.47416413373860183 0.5295592977427446 0.43844984802431614 0.5209602293084916 0.256838905775076 0.5109279828018631 0.26367781155015196 0.5026872088857041 0.30775075987841943 0.5005374417771408 0.3731003039513678 0.4994625582228592 0.41413373860182373 0.4976710856323898 0.45440729483282677 0.4937298459333572 0.47796352583586627
9 0.5320673593694016 0.5022796352583586 0.5492654962379075 0.5007598784194529 0.5528484414188463 0.49544072948328266 0.5560730920816912 0.47796352583586627 0.5560730920816912 0.44984802431610943 0.5528484414188463 0.42249240121580545 0.547832318165532 0.2621580547112462 0.5378000716589036 0.2674772036474164 0.533858831959871 0.32598784194528874 0.5335005374417772 0.3822188449848024 0.5313507703332139 0.41033434650455924 0.5284844141884629 0.4331306990881459 0.5277678251522752 0.46200607902735563 0.5259763525618057 0.48632218844984804
10 0.5542816194912218 0.49012158054711247 0.5578645646721605 0.49544072948328266 0.5668219276245073 0.5037993920972644 0.5721963453959155 0.4992401215805471 0.5854532425653888 0.4726443768996961 0.5825868864206377 0.44452887537993924 0.5754209960587603 0.3837386018237082 0.5754209960587603 0.3100303951367781 0.5800788247939807 0.24924012158054712 0.5653887495521318 0.25455927051671734 0.5553565030455034 0.35030395136778114 0.5567896811178789 0.3898176291793313 0.5560730920816912 0.4247720364741641 0.5521318523826585 0.4582066869300912 0.5521318523826585 0.4756838905775076
11 0.5775707631673236 0.4992401215805471 0.5729129344321032 0.48632218844984804 0.5696882837692583 0.4566869300911854 0.5729129344321032 0.41717325227963525 0.5750627015406664 0.38069908814589665 0.5793622357577929 0.3047112462006079 0.5893944822644214 0.24240121580547114 0.6055177355786456 0.2651975683890577 0.6069509136510212 0.33282674772036475 0.6062343246148334 0.41185410334346506 0.6055177355786456 0.4673252279635258 0.6069509136510212 0.49544072948328266 0.5944106055177356 0.5022796352583586 0.5879613041920458 0.5022796352583586
12 0.6037262629881763 0.5007598784194529 0.5994267287710499 0.4726443768996961 0.5987101397348621 0.44376899696048633 0.6012182013615192 0.4194528875379939 0.6055177355786456 0.24240121580547114 0.6219992834109638 0.24088145896656535 0.6262988176280903 0.29027355623100304 0.6252239340738087 0.36854103343465044 0.6262988176280903 0.4072948328267477 0.6295234682909352 0.44756838905775076 0.6320315299175923 0.479483282674772 0.6295234682909352 0.5022796352583586 0.6194912217843067 0.4969604863221885
13 0.6313149408814045 0.4878419452887538 0.624507345037621 0.4688449848024316 0.618774632748119 0.4338905775075988 0.6209243998566822 0.4072948328267477 0.6262988176280903 0.38753799392097266 0.6309566463633106 0.331306990881459 0.63274811895378 0.2811550151975684 0.6334647079899678 0.2553191489361702 0.641347187388033 0.25 0.649587961304192 0.2811550151975684 0.6546040845575063 0.3252279635258359 0.6560372626298817 0.371580547112462 0.6571121461841634 0.40501519756838905 0.6621282694374776 0.4369300911854103 0.6646363310641347 0.4635258358662614 0.6628448584736654 0.47796352583586627 0.6460050161232533 0.4810030395136778 0.638480831243282 0.4848024316109423
14 0.6660695091365102 0.47720364741641336 0.6642780365460409 0.446048632218845 0.6635614475098531 0.4126139817629179 0.6653529201003224 0.35030395136778114 0.6642780365460409 0.27583586626139817 0.6696524543174489 0.24240121580547114 0.6796847008240774 0.24924012158054712 0.6875671802221426 0.30775075987841943 0.6900752418487998 0.36854103343465044 0.6961662486563955 0.3981762917933131 0.7001074883554281 0.42629179331306993 0.6950913651021139 0.45440729483282677 0.6861340021497672 0.45972644376899696 0.6710856323898244 0.4673252279635258
15 0.6968828376925833 0.4490881458966565 0.6918667144392691 0.42249240121580545 0.6875671802221426 0.3662613981762918 0.6879254747402365 0.32370820668693007 0.6861340021497672 0.270516717325228 0.6918667144392691 0.25 0.7112146184163383 0.2712765957446808 0.7176639197420279 0.3343465045592705 0.7262629881762809 0.3731003039513678 0.7370118237190971 0.39285714285714285 0.7352203511286277 0.42629179331306993 0.728771049802938 0.4338905775075988 0.7162307416696525 0.44452887537993924 0.7029738445001792 0.45972644376899696
16 0.4994625582228592 0.5326747720364742 0.5062701540666428 0.5303951367781155 0.5120028663561448 0.5326747720364742 0.5163024005732713 0.5417933130699089 0.5177355786456467 0.6170212765957447 0.517018989609459 0.6527355623100304 0.5177355786456467 0.7378419452887538 0.5012540308133285 0.7355623100303952 0.5051952705123611 0.6565349544072948 0.49874596918667147 0.5638297872340425
17 0.5209602293084916 0.5995440729483282 0.5184521676818344 0.5699088145896657 0.5163024005732713 0.5448328267477204 0.5234682909351487 0.5250759878419453 0.5352920100322465 0.5250759878419453 0.5471157291293444 0.541033434650456 0.5392332497312791 0.6246200607902735 0.5363668935865281 0.7591185410334347 0.5213185238265855 0.7553191489361702
18 0.545324256538875 0.6246200607902735 0.5428161949122179 0.5965045592705167 0.5410247223217485 0.5623100303951368 0.5460408455750627 0.520516717325228 0.5553565030455034 0.5098784194528876 0.5693299892511644 0.5151975683890577 0.5718380508778216 0.567629179331307 0.5696882837692583 0.6101823708206687 0.5661053385883196 0.64209726443769 0.5618058043711931 0.71580547112462 0.553565030455034 0.7446808510638298 0.5410247223217485 0.723404255319149 0.5428161949122179 0.6648936170212766
19 0.5718380508778216 0.6451367781155015 0.567896811178789 0.6063829787234043 0.5646721605159442 0.5767477203647416 0.562164098889287 0.5592705167173252 0.5671802221426012 0.5303951367781155 0.5768541741311358 0.5151975683890577 0.5854532425653888 0.5129179331306991 0.5944106055177356 0.5303951367781155 0.5944106055177356 0.5729483282674772 0.5936940164815478 0.6238601823708206 0.590469365818703 0.6914893617021277 0.6019347903977069 0.763677811550152 0.5775707631673236 0.7515197568389058 0.5743461125044786 0.7021276595744681 0.5729129344321032 0.6580547112462006
20 0.6005016123253314 0.6367781155015197 0.5954854890720171 0.6101823708206687 0.5861698316015765 0.5661094224924013 0.5854532425653888 0.5303951367781155 0.5861698316015765 0.520516717325228 0.6055177355786456 0.5151975683890577 0.6169831601576495 0.5220364741641338 0.6202078108204945 0.567629179331307 0.6219992834109638 0.6048632218844985 0.6202078108204945 0.6664133738601824 0.6209243998566822 0.7408814589665653 0.6094589752776782 0.7355623100303952 0.6019347903977069 0.668693009118541
22 0.6542457900394124 0.5927051671732523 0.6467216051594411 0.5729483282674772 0.6434969544965962 0.5531914893617021 0.6427803654604085 0.5364741641337386 0.6427803654604085 0.5250759878419453 0.6445718380508778 0.5098784194528876 0.6560372626298817 0.5037993920972644 0.6721605159441061 0.4939209726443769 0.6761017556431387 0.4939209726443769 0.6850591185954855 0.5129179331306991 0.6868505911859548 0.5486322188449848 0.6929415979935507 0.5957446808510638 0.7051236116087424 0.6504559270516718 0.7130060910068076 0.6831306990881459 0.6943747760659262 0.682370820668693 0.6861340021497672 0.6458966565349544 0.677893228233608 0.6238601823708206 0.6735936940164815 0.6124620060790273
23 0.6911501254030813 0.5486322188449848 0.6829093514869222 0.5303951367781155 0.6771766391974203 0.5037993920972644 0.6746685775707632 0.49164133738601823 0.6875671802221426 0.47188449848024316 0.6975994267287711 0.46580547112462006 0.7036904335363668 0.45972644376899696 0.7162307416696525 0.44984802431610943 0.7226800429953422 0.4551671732522796 0.7233966320315299 0.48328267477203646 0.7244715155858116 0.5129179331306991 0.745969186671444 0.6740121580547113 0.7309208169115012 0.6983282674772037 0.6936581870297385 0.5645896656534954
24 0.4811895378000717 0.5303951367781155 0.5026872088857041 0.5357142857142857 0.5001791472590469 0.6352583586626139 0.4976710856323898 0.7515197568389058 0.4836975994267288 0.7408814589665653 0.48262271587244715 0.6436170212765957 0.4804729487638839 0.5957446808510638 0.48011465424579003 0.5554711246200608
25 0.45109279828018634 0.53419452887538 0.460408455750627 0.5288753799392097 0.4743819419562881 0.5303951367781155 0.48011465424579003 0.5326747720364742 0.4836975994267288 0.5531914893617021 0.48298101039054103 0.601063829787234 0.4819061268362594 0.6702127659574468 0.48011465424579003 0.756838905775076 0.4647079899677535 0.7325227963525835 0.4629165173772841 0.6702127659574468 0.4593335721963454 0.6139817629179332
26 0.42708706556789683 0.5911854103343465 0.42637047653170906 0.5729483282674772 0.42780365460408454 0.5433130699088146 0.43604442852024367 0.5220364741641338 0.4485847366535292 0.5167173252279635 0.4568255105696883 0.5417933130699089 0.4579003941239699 0.587386018237082 0.4647079899677535 0.776595744680851 0.4446434969544966 0.7697568389057751 0.43425295592977425 0.7218844984802432 0.4328197778573988 0.6595744680851063 0.43031171623074166 0.6170212765957447
27 0.4084557506270154 0.6238601823708206 0.40630598351845215 0.5858662613981763 0.4020064493013257 0.5448328267477204 0.4009315657470441 0.5357142857142857 0.4113221067717664 0.5258358662613982 0.4245790039412397 0.5273556231003039 0.4288785381583662 0.5379939209726444 0.42959512719455395 0.5699088145896657 0.42708706556789683 0.6291793313069909 0.42027946972411323 0.7659574468085106 0.41024722321748475 0.7484802431610942
28 0.37764242207094234 0.6702127659574468 0.3762092439985668 0.6261398176291794 0.3726262988176281 0.5835866261398176 0.3726262988176281 0.5645896656534954 0.3762092439985668 0.5531914893617021 0.3830168398423504 0.5326747720364742 0.39842350412038696 0.5235562310030395 0.40594768900035827 0.53419452887538 0.4070225725546399 0.5661094224924013 0.40379792189179503 0.601823708206687 0.39878179863848084 0.6352583586626139 0.3962737370118237 0.7477203647416414 0.3837334288785382 0.7591185410334347 0.37764242207094234 0.7477203647416414
30 0.2862773199570047 0.7264437689969605 0.3102830526692942 0.6846504559270516 0.32533142242923685 0.6314589665653495 0.3378717305625224 0.6086626139817629 0.34682909351486924 0.5957446808510638 0.3554281619491222 0.5752279635258358 0.35721963453959155 0.5364741641337386 0.3554281619491222 0.5151975683890577 0.341812970261555 0.506079027355623 0.33034754568255104 0.5091185410334347 0.32210677176639196 0.5075987841945289 0.3138659978502329 0.5395136778115501 0.2988176280902902 0.5904255319148937 0.2687208885704049 0.7249240121580547
31 0.25259763525618056 0.6671732522796353 0.2669294159799355 0.567629179331307 0.2669294159799355 0.5288753799392097 0.26549623790756 0.5037993920972644 0.2680042995342171 0.48632218844984804 0.2755284844141885 0.4703647416413374 0.28771049802938015 0.47188449848024316 0.30634181297026153 0.4756838905775076 0.3178072375492655 0.48328267477203646 0.32282336080257973 0.49544072948328266 0.3178072375492655 0.5258358662613982 0.3070584020064493 0.5729483282674772 0.2794697241132211 0.6876899696048632