0 0.5 0.45592705167173253 0.5034626038781164 0.5303951367781155 0.4729916897506925 0.5364741641337386 0.46883656509695293 0.4878419452887538 0.46814404432132967 0.4072948328267477 0.4626038781163435 0.35106382978723405 0.4577562326869806 0.30243161094224924 0.453601108033241 0.2553191489361702 0.4619113573407202 0.22036474164133737 0.47991689750692523 0.2629179331306991
1 0.4452908587257618 0.4908814589665654 0.44944598337950137 0.5273556231003039 0.4605263157894737 0.5319148936170213 0.46814404432132967 0.5 0.46745152354570635 0.41793313069908816 0.46814404432132967 0.35714285714285715 0.46814404432132967 0.31458966565349544 0.46814404432132967 0.2735562310030395 0.46814404432132967 0.23252279635258358 0.46398891966759004 0.21428571428571427 0.44944598337950137 0.21732522796352582 0.44182825484764543 0.2689969604863222 0.4445983379501385 0.3525835866261398 0.44598337950138506 0.47112462006079026
2 0.4196675900277008 0.48632218844984804 0.41759002770083103 0.5182370820668692 0.42590027700831024 0.5425531914893617 0.435595567867036 0.547112462006079 0.4466759002770083 0.5106382978723404 0.44806094182825484 0.4635258358662614 0.44806094182825484 0.4027355623100304 0.4473684210526316 0.34802431610942247 0.4445983379501385 0.30547112462006076 0.4390581717451524 0.2689969604863222 0.4362880886426593 0.23860182370820668 0.4342105263157895 0.21428571428571427 0.42174515235457066 0.2127659574468085 0.41412742382271467 0.22340425531914893 0.41066481994459836 0.2507598784194529 0.41412742382271467 0.2948328267477204
3 0.3940443213296399 0.513677811550152 0.4002770083102493 0.5395136778115501 0.41066481994459836 0.5501519756838906 0.42174515235457066 0.5334346504559271 0.4307479224376731 0.5288753799392097 0.43490304709141275 0.48328267477203646 0.4328254847645429 0.4376899696048632 0.4328254847645429 0.39361702127659576 0.43005540166204986 0.34194528875379937 0.42728531855955676 0.31458966565349544 0.42382271468144045 0.2826747720364742 0.42105263157894735 0.2629179331306991 0.41759002770083103 0.2507598784194529 0.4092797783933518 0.24468085106382978 0.4023545706371191 0.27203647416413373 0.3981994459833795 0.3221884498480243
4 0.3739612188365651 0.4635258358662614 0.37257617728531855 0.4817629179331307 0.3760387811634349 0.5288753799392097 0.38227146814404434 0.5364741641337386 0.39473684210526316 0.5243161094224924 0.40443213296398894 0.5243161094224924 0.4099722991689751 0.5167173252279635 0.4120498614958449 0.4848024316109423 0.4085872576177285 0.4376899696048632 0.40443213296398894 0.36930091185410335 0.4037396121883656 0.31762917933130697 0.3981994459833795 0.2507598784194529 0.39335180055401664 0.23404255319148937 0.3808864265927978 0.24012158054711247 0.3760387811634349 0.2674772036474164
7 0.2659279778393352 0.45440729483282677 0.29293628808864264 0.4817629179331307 0.3109418282548476 0.4817629179331307 0.3171745152354571 0.4194528875379939 0.31786703601108035 0.32978723404255317 0.3206371191135734 0.29027355623100304 0.3171745152354571 0.25227963525835867 0.30055401662049863 0.24620060790273557 0.2853185595567867 0.2933130699088146 0.27285318559556787 0.3708206686930091 0.26385041551246535 0.439209726443769
8 0.502770083102493 0.4513677811550152 0.5013850415512465 0.4817629179331307 0.5041551246537396 0.5182370820668692 0.5200831024930748 0.5273556231003039 0.5332409972299169 0.5243161094224924 0.5408587257617729 0.4878419452887538 0.5353185595567868 0.42249240121580545 0.5346260387811634 0.3373860182370821 0.5346260387811634 0.27811550151975684 0.5346260387811634 0.21732522796352582 0.5304709141274239 0.16717325227963525 0.5159279778393352 0.1778115501519757 0.5062326869806094 0.24012158054711247
10 0.5457063711911357 0.4331306990881459 0.5443213296398892 0.46200607902735563 0.5495152354570637 0.49544072948328266 0.5554016620498615 0.5250759878419453 0.5633656509695291 0.5296352583586627 0.5754847645429363 0.5037993920972644 0.5803324099722992 0.4627659574468085 0.5768698060941828 0.3974164133738602 0.5813711911357341 0.3161094224924012 0.5841412742382271 0.270516717325228 0.5869113573407202 0.24696048632218845 0.5869113573407202 0.21732522796352582 0.5869113573407202 0.16869300911854104 0.5827562326869806 0.15881458966565348 0.5740997229916898 0.1534954407294833 0.568213296398892 0.1831306990881459
11 0.5695983379501385 0.4627659574468085 0.5702908587257618 0.4946808510638298 0.5837950138504155 0.506079027355623 0.5917590027700831 0.5197568389057751 0.6000692520775623 0.5144376899696048 0.6035318559556787 0.49240121580547114 0.6028393351800554 0.4452887537993921 0.6038781163434903 0.33814589665653494 0.6080332409972299 0.2864741641337386 0.6090720221606648 0.2553191489361702 0.6104570637119113 0.22340425531914893 0.6063019390581718 0.19680851063829788 0.5917590027700831 0.19376899696048633 0.5869113573407202 0.25151975683890576 0.5713296398891967 0.44832826747720367
12 0.5976454293628809 0.4270516717325228 0.5938365650969529 0.44832826747720367 0.5924515235457064 0.48328267477203646 0.5962603878116344 0.5129179331306991 0.6042243767313019 0.5129179331306991 0.6125346260387812 0.5220364741641338 0.6253462603878116 0.5129179331306991 0.628808864265928 0.4886018237082067 0.628808864265928 0.4270516717325228 0.6284626038781164 0.33966565349544076 0.628808864265928 0.27583586626139817 0.628808864265928 0.25379939209726443 0.628808864265928 0.22340425531914893 0.6215373961218836 0.17933130699088146 0.6166897506925207 0.1778115501519757 0.6097645429362881 0.19984802431610943
13 0.6198060941828255 0.42401215805471126 0.6149584487534626 0.46504559270516715 0.6191135734072022 0.5030395136778115 0.6295013850415513 0.526595744680851 0.6461218836565097 0.5167173252279635 0.6492382271468145 0.5197568389057751 0.66101108033241 0.5243161094224924 0.6641274238227147 0.5053191489361702 0.6641274238227147 0.479483282674772 0.6582409972299169 0.4247720364741641 0.6547783933518005 0.3533434650455927 0.653393351800554 0.31762917933130697 0.653393351800554 0.28495440729483285 0.6547783933518005 0.26595744680851063 0.650623268698061 0.23252279635258358 0.6471606648199446 0.2135258358662614 0.6419667590027701 0.20972644376899696 0.6360803324099723 0.20972644376899696 0.6295013850415513 0.22948328267477203
14 0.6617036011080333 0.4027355623100304 0.66101108033241 0.4126139817629179 0.6578947368421053 0.4399696048632219 0.6644736842105263 0.4946808510638298 0.6838642659279779 0.49772036474164133 0.6980609418282548 0.49012158054711247 0.6994459833795014 0.4513677811550152 0.6994459833795014 0.41033434650455924 0.6963296398891967 0.32598784194528874 0.6966759002770083 0.29103343465045595 0.6952908587257618 0.2454407294832827 0.6804016620498615 0.23708206686930092 0.6710526315789473 0.24772036474164133 0.6634349030470914 0.30775075987841943
15 0.6990997229916898 0.4156534954407295 0.6994459833795014 0.43844984802431614 0.7056786703601108 0.4696048632218845 0.715027700831025 0.4749240121580547 0.7278393351800554 0.4703647416413374 0.7371883656509696 0.4506079027355623 0.7375346260387812 0.4217325227963526 0.7309556786703602 0.378419452887538 0.7274930747922438 0.32674772036474165 0.7274930747922438 0.303951367781155 0.7271468144044322 0.2864741641337386 0.7226454293628809 0.24316109422492402 0.7174515235457064 0.22112462006079028 0.7081024930747922 0.21808510638297873 0.7011772853185596 0.22644376899696048 0.693213296398892 0.26443768996960487
16 0.4989612188365651 0.5547112462006079 0.49722991689750695 0.5835866261398176 0.5048476454293629 0.6937689969604863 0.5096952908587258 0.7424012158054711 0.5152354570637119 0.7712765957446809 0.525623268698061 0.7720364741641338 0.5311634349030471 0.7203647416413373 0.5207756232686981 0.6041033434650456 0.5183518005540166 0.5699088145896657 0.5186980609418282 0.547112462006079 0.5135041551246537 0.5433130699088146
17 0.5173130193905817 0.5623100303951368 0.5193905817174516 0.5987841945288754 0.5249307479224377 0.6717325227963525 0.5325484764542936 0.7416413373860182 0.5367036011080333 0.7712765957446809 0.5422437673130194 0.7819148936170213 0.5529778393351801 0.7743161094224924 0.5547091412742382 0.7218844984802432 0.5446675900277008 0.6200607902735562 0.5429362880886427 0.5737082066869301 0.5394736842105263 0.5554711246200608 0.5311634349030471 0.5433130699088146
18 0.5460526315789473 0.541033434650456 0.5412049861495845 0.5661094224924013 0.5457063711911357 0.6117021276595744 0.5505540166204986 0.6785714285714286 0.5640581717451524 0.763677811550152 0.5730609418282548 0.7986322188449848 0.5827562326869806 0.8130699088145896 0.5952216066481995 0.8100303951367781 0.5986842105263158 0.776595744680851 0.5865650969529086 0.7165653495440729 0.5792936288088643 0.668693009118541 0.5754847645429363 0.6147416413373861 0.5713296398891967 0.5661094224924013 0.567174515235457 0.5486322188449848 0.5592105263157895 0.5357142857142857 0.5509002770083102 0.5273556231003039
19 0.5803324099722992 0.5197568389057751 0.5727146814404432 0.5569908814589666 0.5702908587257618 0.5843465045592705 0.5751385041551247 0.6063829787234043 0.5792936288088643 0.6664133738601824 0.5855263157894737 0.7165653495440729 0.5924515235457064 0.7492401215805471 0.6024930747922438 0.7849544072948328 0.6114958448753463 0.7667173252279635 0.600415512465374 0.6899696048632219 0.600415512465374 0.6177811550151976 0.6011080332409973 0.5592705167173252 0.5907202216066482 0.5319148936170213
20 0.5979916897506925 0.5357142857142857 0.5917590027700831 0.5569908814589666 0.599376731301939 0.5904255319148937 0.6121883656509696 0.6633738601823708 0.6177285318559557 0.7127659574468085 0.6308864265927978 0.7697568389057751 0.6436980609418282 0.7682370820668692 0.6450831024930748 0.7454407294832827 0.6333102493074793 0.6770516717325228 0.6295013850415513 0.5972644376899696 0.6232686980609419 0.540273556231003 0.6114958448753463 0.5227963525835866
22 0.6585872576177285 0.5334346504559271 0.6582409972299169 0.5737082066869301 0.685595567867036 0.6329787234042553 0.7087950138504155 0.7006079027355623 0.7184903047091413 0.7165653495440729 0.7351108033240997 0.7279635258358662 0.747229916897507 0.6770516717325228 0.7222991689750693 0.6003039513677811 0.7081024930747922 0.5303951367781155 0.7004847645429363 0.4969604863221885 0.6807479224376731 0.49848024316109424 0.6765927977839336 0.5129179331306991 0.6648199445983379 0.5212765957446809
23 0.7053324099722992 0.4939209726443769 0.7067174515235457 0.5243161094224924 0.7153739612188366 0.5653495440729484 0.7420360110803325 0.6572948328267477 0.7576177285318559 0.6717325227963525 0.778393351800554 0.6557750759878419 0.7790858725761773 0.6193009118541033 0.7576177285318559 0.5387537993920972 0.7531163434903048 0.506079027355623 0.7423822714681441 0.4642857142857143 0.7347645429362881 0.4642857142857143 0.7240304709141274 0.4817629179331307
24 0.48164819944598336 0.5509118541033434 0.4761080332409972 0.5645896656534954 0.47818559556786705 0.6762917933130699 0.4826869806094183 0.75 0.48614958448753465 0.7788753799392097 0.4989612188365651 0.7879939209726444 0.5020775623268698 0.763677811550152 0.49757617728531855 0.6268996960486323 0.5 0.5463525835866262
25 0.4629501385041551 0.5554711246200608 0.4587950138504155 0.5683890577507599 0.4619113573407202 0.6413373860182371 0.4626038781163435 0.709726443768997 0.46087257617728533 0.7553191489361702 0.4626038781163435 0.7796352583586627 0.4726454293628809 0.7879939209726444 0.4826869806094183 0.7545592705167173 0.4774930747922438 0.6474164133738601 0.48026315789473684 0.5737082066869301 0.4792243767313019 0.5592705167173252
26 0.4421745152354571 0.5623100303951368 0.43663434903047094 0.5767477203647416 0.4359418282548476 0.6094224924012158 0.435595567867036 0.6838905775075987 0.43213296398891965 0.7773556231003039 0.435595567867036 0.817629179331307 0.4456371191135734 0.8267477203647416 0.4546398891966759 0.8062310030395137 0.4577562326869806 0.6800911854103343 0.4632963988919668 0.60790273556231 0.46398891966759004 0.5790273556231003 0.45637119113573404 0.541033434650456 0.44909972299168976 0.5433130699088146
27 0.42209141274238227 0.5516717325227963 0.4172437673130194 0.560790273556231 0.41101108033240996 0.5843465045592705 0.40962603878116344 0.6200607902735562 0.4085872576177285 0.7317629179331308 0.40443213296398894 0.8069908814589666 0.41759002770083103 0.8229483282674772 0.42590027700831024 0.8009118541033434 0.43490304709141275 0.7408814589665653 0.43836565096952906 0.6603343465045592 0.4445983379501385 0.5919452887537994 0.4445983379501385 0.5714285714285714 0.43836565096952906 0.5539513677811551 0.4297091412742382 0.5455927051671733
28 0.40477839335180055 0.5387537993920972 0.39508310249307477 0.5455927051671733 0.38954293628808867 0.5524316109422492 0.3846952908587258 0.5699088145896657 0.3801939058171745 0.6360182370820668 0.37430747922437674 0.7310030395136778 0.37119113573407203 0.7682370820668692 0.37257617728531855 0.8016717325227963 0.3829639889196676 0.8115501519756839 0.3981994459833795 0.7993920972644377 0.4113573407202216 0.6854103343465046 0.42070637119113574 0.6025835866261399 0.42728531855955676 0.574468085106383 0.4193213296398892 0.5433130699088146 0.4134349030470914 0.5463525835866262 0.40962603878116344 0.5440729483282675
29 0.34314404432132967 0.5296352583586627 0.3344875346260388 0.5600303951367781 0.3382963988919668 0.6170212765957447 0.3234072022160665 0.7036474164133738 0.3185595567867036 0.736322188449848 0.3369113573407202 0.7689969604863222 0.35941828254847646 0.7613981762917933 0.37222991689750695 0.709726443768997 0.3850415512465374 0.6193009118541033 0.39646814404432135 0.5767477203647416 0.39369806094182824 0.5303951367781155 0.3798476454293629 0.5349544072948328 0.3649584487534626 0.526595744680851 0.35006925207756234 0.5303951367781155
30 0.2974376731301939 0.5083586626139818 0.2912049861495845 0.5797872340425532 0.2839335180055402 0.6193009118541033 0.2711218836565097 0.6762917933130699 0.2711218836565097 0.709726443768997 0.29259002770083103 0.7370820668693009 0.3157894736842105 0.6960486322188449 0.33587257617728533 0.6086626139817629 0.3524930747922438 0.5220364741641338 0.3382963988919668 0.5 0.3306786703601108 0.5091185410334347 0.324792243767313 0.48936170212765956 0.30817174515235457 0.4946808510638298
31 0.25415512465373963 0.4726443768996961 0.24757617728531855 0.49848024316109424 0.23441828254847646 0.5486322188449848 0.22056786703601108 0.5896656534954408 0.21052631578947367 0.6246200607902735 0.21675900277008311 0.6595744680851063 0.22957063711911357 0.6816109422492401 0.2517313019390582 0.662613981762918 0.26973684210526316 0.6276595744680851 0.2894736842105263 0.5592705167173252 0.3109418282548476 0.5326747720364742 0.310595567867036 0.5075987841945289 0.28878116343490307 0.4817629179331307 0.2849722991689751 0.479483282674772 0.2738919667590028 0.4673252279635258 0.26177285318559557 0.4642857142857143