0 0.45445344129554655 0.5286885245901639 0.4605263157894737 0.555327868852459 0.4868421052631579 0.5491803278688525 0.4868421052631579 0.4713114754098361 0.46710526315789475 0.30225409836065575 0.45445344129554655 0.29918032786885246 0.45293522267206476 0.4108606557377049 0.4559716599190283 0.4733606557377049
1 0.4342105263157895 0.46311475409836067 0.4291497975708502 0.5174180327868853 0.4331983805668016 0.5358606557377049 0.4392712550607287 0.548155737704918 0.4534412955465587 0.5512295081967213 0.45799595141700405 0.5051229508196722 0.45394736842105265 0.41700819672131145 0.4483805668016194 0.3206967213114754 0.4326923076923077 0.32581967213114754 0.430668016194332 0.4047131147540984
2 0.402834008097166 0.48155737704918034 0.4008097165991903 0.5379098360655737 0.4159919028340081 0.5604508196721312 0.4311740890688259 0.5348360655737705 0.43016194331983804 0.48155737704918034 0.423582995951417 0.2725409836065574 0.4063765182186235 0.27459016393442626 0.4048582995951417 0.382172131147541
3 0.3729757085020243 0.3206967213114754 0.38208502024291496 0.4026639344262295 0.37803643724696356 0.4713114754098361 0.3729757085020243 0.5286885245901639 0.38309716599190285 0.5563524590163934 0.39473684210526316 0.5440573770491803 0.40536437246963564 0.5450819672131147 0.4139676113360324 0.5204918032786885 0.4104251012145749 0.4569672131147541 0.39878542510121456 0.3155737704918033
4 0.3491902834008097 0.33299180327868855 0.3567813765182186 0.46311475409836067 0.3547570850202429 0.5051229508196722 0.3547570850202429 0.5327868852459017 0.36285425101214575 0.5430327868852459 0.3724696356275304 0.5440573770491803 0.3805668016194332 0.5348360655737705 0.38208502024291496 0.507172131147541 0.38208502024291496 0.42520491803278687 0.3684210526315789 0.319672131147541
5 0.31376518218623484 0.32991803278688525 0.31983805668016196 0.4057377049180328 0.3173076923076923 0.4415983606557377 0.30870445344129555 0.4733606557377049 0.3061740890688259 0.48770491803278687 0.3102226720647773 0.5204918032786885 0.319331983805668 0.5399590163934426 0.3248987854251012 0.5286885245901639 0.34210526315789475 0.5379098360655737 0.35728744939271256 0.5327868852459017 0.35728744939271256 0.48360655737704916 0.35728744939271256 0.4016393442622951 0.3426113360323887 0.3176229508196721
6 0.28643724696356276 0.32479508196721313 0.2823886639676113 0.4026639344262295 0.27631578947368424 0.42110655737704916 0.27125506072874495 0.4375 0.26720647773279355 0.45184426229508196 0.26568825910931176 0.48258196721311475 0.26720647773279355 0.5040983606557377 0.2793522267206478 0.5102459016393442 0.2889676113360324 0.5194672131147541 0.3076923076923077 0.5133196721311475 0.3092105263157895 0.492827868852459 0.31123481781376516 0.4487704918032787 0.3188259109311741 0.41290983606557374 0.3097165991902834 0.3206967213114754
7 0.2606275303643725 0.3155737704918033 0.25860323886639675 0.3463114754098361 0.2520242914979757 0.3801229508196721 0.24898785425101214 0.40061475409836067 0.25860323886639675 0.41700819672131145 0.26417004048583 0.42213114754098363 0.2758097165991903 0.4354508196721312 0.28643724696356276 0.4067622950819672 0.2874493927125506 0.3790983606557377 0.2889676113360324 0.33299180327868855 0.2889676113360324 0.3094262295081967 0.2834008097165992 0.30020491803278687
8 0.49190283400809715 0.5461065573770492 0.5197368421052632 0.5491803278688525 0.5222672064777328 0.5235655737704918 0.5192307692307693 0.45799180327868855 0.49949392712550605 0.2827868852459016 0.48431174089068824 0.2838114754098361 0.48228744939271256 0.319672131147541 0.4868421052631579 0.45184426229508196 0.4883603238866397 0.5235655737704918
9 0.5177125506072875 0.4672131147540984 0.5187246963562753 0.5204918032786885 0.5268218623481782 0.5379098360655737 0.5318825910931174 0.5399590163934426 0.5430161943319838 0.5379098360655737 0.5475708502024291 0.5286885245901639 0.5465587044534413 0.4887295081967213 0.542004048582996 0.4456967213114754 0.5222672064777328 0.29405737704918034 0.5116396761133604 0.29815573770491804 0.5116396761133604 0.382172131147541
10 0.5268218623481782 0.3145491803278688 0.5354251012145749 0.4016393442622951 0.5379554655870445 0.4661885245901639 0.541497975708502 0.5051229508196722 0.5455465587044535 0.5245901639344263 0.5546558704453441 0.5399590163934426 0.5607287449392713 0.5409836065573771 0.5678137651821862 0.5297131147540983 0.5703441295546559 0.5081967213114754 0.5708502024291497 0.48975409836065575 0.5470647773279352 0.26229508196721313 0.5273279352226721 0.2817622950819672
11 0.5571862348178138 0.32889344262295084 0.5576923076923077 0.4026639344262295 0.5576923076923077 0.44774590163934425 0.5571862348178138 0.4887295081967213 0.5566801619433198 0.5184426229508197 0.5647773279352226 0.5286885245901639 0.5718623481781376 0.5245901639344263 0.5743927125506073 0.5399590163934426 0.5885627530364372 0.5409836065573771 0.5931174089068826 0.5245901639344263 0.5936234817813765 0.492827868852459 0.5910931174089069 0.4569672131147541 0.5754048582995951 0.2766393442622951 0.5581983805668016 0.2827868852459016
12 0.5779352226720648 0.33401639344262296 0.5794534412955465 0.4077868852459016 0.5819838056680162 0.46311475409836067 0.5860323886639676 0.5020491803278688 0.5885627530364372 0.5133196721311475 0.5981781376518218 0.5184426229508197 0.6072874493927125 0.5204918032786885 0.6174089068825911 0.48770491803278687 0.6138663967611336 0.4672131147540984 0.6062753036437247 0.42315573770491804 0.6022267206477733 0.30020491803278687 0.5875506072874493 0.305327868852459
13 0.6229757085020243 0.3391393442622951 0.6189271255060729 0.3555327868852459 0.6153846153846154 0.39959016393442626 0.6133603238866396 0.4375 0.6077935222672065 0.4713114754098361 0.6057692307692307 0.5051229508196722 0.617914979757085 0.5245901639344263 0.6336032388663968 0.5133196721311475 0.6518218623481782 0.5092213114754098 0.6619433198380567 0.5051229508196722 0.6604251012145749 0.4692622950819672 0.6518218623481782 0.42725409836065575 0.6482793522267206 0.4016393442622951 0.6482793522267206 0.3094262295081967
14 0.652834008097166 0.3094262295081967 0.65334008097166 0.3463114754098361 0.6568825910931174 0.4016393442622951 0.6568825910931174 0.4456967213114754 0.6589068825910931 0.4713114754098361 0.6629554655870445 0.4918032786885246 0.6715587044534413 0.49385245901639346 0.680668016194332 0.48975409836065575 0.6887651821862348 0.48668032786885246 0.6968623481781376 0.4764344262295082 0.6998987854251012 0.4323770491803279 0.6923076923076923 0.41290983606557374 0.6837044534412956 0.382172131147541 0.6639676113360324 0.2694672131147541 0.6518218623481782 0.2848360655737705
15 0.6680161943319838 0.28688524590163933 0.6690283400809717 0.29508196721311475 0.6756072874493927 0.3432377049180328 0.6781376518218624 0.3709016393442623 0.6918016194331984 0.3944672131147541 0.7009109311740891 0.38934426229508196 0.7044534412955465 0.375 0.7140688259109311 0.3709016393442623 0.7171052631578947 0.32479508196721313 0.7039473684210527 0.305327868852459 0.6892712550607287 0.24692622950819673
16 0.49139676113360325 0.5717213114754098 0.5091093117408907 0.569672131147541 0.5222672064777328 0.7735655737704918 0.5045546558704453 0.7797131147540983 0.4898785425101215 0.6065573770491803
17 0.5091093117408907 0.5840163934426229 0.5121457489878543 0.569672131147541 0.5339068825910931 0.5686475409836066 0.5354251012145749 0.632172131147541 0.5354251012145749 0.7704918032786885 0.5247975708502024 0.7735655737704918 0.513663967611336 0.6372950819672131
18 0.534919028340081 0.6229508196721312 0.5298582995951417 0.5799180327868853 0.5364372469635628 0.5604508196721312 0.5506072874493927 0.5604508196721312 0.5607287449392713 0.5901639344262295 0.569838056680162 0.701844262295082 0.5657894736842105 0.7797131147540983 0.5475708502024291 0.7920081967213115 0.5465587044534413 0.735655737704918 0.5450404858299596 0.6577868852459017
19 0.5602226720647774 0.6270491803278688 0.5531376518218624 0.5901639344262295 0.555668016194332 0.5706967213114754 0.5683198380566802 0.555327868852459 0.5759109311740891 0.555327868852459 0.5850202429149798 0.569672131147541 0.5860323886639676 0.6024590163934426 0.5870445344129555 0.7817622950819673 0.5723684210526315 0.7868852459016393
20 0.5850202429149798 0.6219262295081968 0.5794534412955465 0.6024590163934426 0.5743927125506073 0.5799180327868853 0.5723684210526315 0.5594262295081968 0.5850202429149798 0.5512295081967213 0.5996963562753036 0.5512295081967213 0.6077935222672065 0.555327868852459 0.6098178137651822 0.610655737704918 0.6148785425101214 0.7540983606557377 0.5926113360323887 0.7663934426229508
21 0.6153846153846154 0.617827868852459 0.6057692307692307 0.5993852459016393 0.6007085020242915 0.569672131147541 0.6007085020242915 0.5502049180327869 0.6098178137651822 0.5399590163934426 0.6513157894736842 0.5297131147540983 0.6553643724696356 0.5952868852459017 0.687246963562753 0.7090163934426229 0.65334008097166 0.7438524590163934 0.6305668016194332 0.6793032786885246
22 0.666497975708502 0.5973360655737705 0.6518218623481782 0.5758196721311475 0.6482793522267206 0.5594262295081968 0.6482793522267206 0.5358606557377049 0.6563765182186235 0.5122950819672131 0.6609311740890689 0.5092213114754098 0.6690283400809717 0.5133196721311475 0.6745951417004049 0.4989754098360656 0.6887651821862348 0.4989754098360656 0.6968623481781376 0.5133196721311475 0.7064777327935222 0.5799180327868853 0.7348178137651822 0.6670081967213115 0.7140688259109311 0.6895491803278688 0.6897773279352226 0.6618852459016393 0.6705465587044535 0.610655737704918
23 0.7160931174089069 0.5973360655737705 0.7039473684210527 0.5860655737704918 0.6988866396761133 0.5717213114754098 0.7024291497975709 0.5430327868852459 0.7100202429149798 0.5204918032786885 0.7236842105263158 0.492827868852459 0.736336032388664 0.5 0.7494939271255061 0.5491803278688525 0.7575910931174089 0.5747950819672131 0.7550607287449392 0.6055327868852459 0.7403846153846154 0.625 0.72165991902834 0.6045081967213115
24 0.46710526315789475 0.5737704918032787 0.49190283400809715 0.569672131147541 0.49898785425101216 0.7704918032786885 0.48633603238866396 0.7704918032786885 0.472165991902834 0.6434426229508197
25 0.44534412955465585 0.6168032786885246 0.44281376518218624 0.5850409836065574 0.46710526315789475 0.5747950819672131 0.4681174089068826 0.6311475409836066 0.4706477732793522 0.764344262295082 0.4564777327935223 0.7694672131147541
26 0.4159919028340081 0.6413934426229508 0.4200404858299595 0.5809426229508197 0.4326923076923077 0.569672131147541 0.4458502024291498 0.5993852459016393 0.44281376518218624 0.6485655737704918 0.4311740890688259 0.8012295081967213 0.4185222672064777 0.7971311475409836 0.4124493927125506 0.7223360655737705
27 0.3952429149797571 0.7223360655737705 0.38866396761133604 0.625 0.39119433198380565 0.576844262295082 0.4048582995951417 0.5635245901639344 0.4215587044534413 0.5891393442622951 0.4185222672064777 0.6331967213114754 0.4124493927125506 0.7377049180327869 0.3977732793522267 0.7899590163934426 0.3856275303643725 0.7786885245901639
28 0.340080971659919 0.7704918032786885 0.3618421052631579 0.6362704918032787 0.3648785425101215 0.5604508196721312 0.3982793522267207 0.569672131147541 0.39473684210526316 0.617827868852459 0.37955465587044535 0.6721311475409836 0.3557692307692308 0.7797131147540983
29 0.2925101214574899 0.7397540983606558 0.31224696356275305 0.6270491803278688 0.31376518218623484 0.5635245901639344 0.31781376518218624 0.5440573770491803 0.35526315789473684 0.5502049180327869 0.37449392712550605 0.5665983606557377 0.3648785425101215 0.6147540983606558 0.347165991902834 0.6936475409836066 0.3269230769230769 0.7592213114754098
30 0.23026315789473684 0.6844262295081968 0.24898785425101214 0.6209016393442623 0.26366396761133604 0.5788934426229508 0.2717611336032389 0.5389344262295082 0.2823886639676113 0.5256147540983607 0.2940283400809717 0.5245901639344263 0.3097165991902834 0.5358606557377049 0.319331983805668 0.5706967213114754 0.3041497975708502 0.6209016393442623 0.26214574898785425 0.7243852459016393
31 0.20091093117408906 0.6075819672131147 0.22064777327935223 0.555327868852459 0.23076923076923078 0.5286885245901639 0.24848178137651822 0.5245901639344263 0.2646761133603239 0.5635245901639344 0.27479757085020245 0.5952868852459017 0.2535425101214575 0.6229508196721312 0.2388663967611336 0.6465163934426229 0.22621457489878544 0.6588114754098361 0.21305668016194332 0.6567622950819673