0 0.488061797752809 0.2629179331306991 0.47928370786516855 0.3069908814589666 0.47366573033707865 0.3427051671732523 0.47155898876404495 0.3829787234042553 0.4705056179775281 0.42325227963525835 0.4705056179775281 0.4612462006079027 0.4785814606741573 0.48632218844984804 0.48735955056179775 0.49240121580547114 0.5017556179775281 0.4992401215805471 0.5066713483146067 0.48024316109422494 0.5028089887640449 0.42325227963525835 0.5017556179775281 0.3639817629179331 0.5028089887640449 0.3305471124620061 0.5066713483146067 0.2925531914893617 0.5098314606741573 0.2689969604863222
1 0.4627808988764045 0.2393617021276596 0.4627808988764045 0.2712765957446808 0.4589185393258427 0.31534954407294835 0.4550561797752809 0.3472644376899696 0.45224719101123595 0.3913373860182371 0.45224719101123595 0.45440729483282677 0.4529494382022472 0.4696048632218845 0.46383426966292135 0.47796352583586627 0.47366573033707865 0.47188449848024316 0.4764747191011236 0.40197568389057753 0.47542134831460675 0.3594224924012158 0.47752808988764045 0.31990881458966564 0.4785814606741573 0.2735562310030395 0.48139044943820225 0.2454407294832827
2 0.43644662921348315 0.2439209726443769 0.43469101123595505 0.2735562310030395 0.43082865168539325 0.3282674772036474 0.42661516853932585 0.3723404255319149 0.42099719101123595 0.41033434650455924 0.42275280898876405 0.45288753799392095 0.44241573033707865 0.47796352583586627 0.4473314606741573 0.43541033434650456 0.4571629213483146 0.38753799392097266 0.4648876404494382 0.30243161094224924 0.4550561797752809 0.20972644376899696 0.4375 0.21656534954407294
3 0.41713483146067415 0.2454407294832827 0.4122191011235955 0.3009118541033435 0.4044943820224719 0.3723404255319149 0.4044943820224719 0.4065349544072948 0.40519662921348315 0.4376899696048632 0.4178370786516854 0.4376899696048632 0.42872191011235955 0.4316109422492401 0.4336376404494382 0.41641337386018235 0.43469101123595505 0.3890577507598784 0.43082865168539325 0.33206686930091184 0.43082865168539325 0.29407294832826747 0.43855337078651685 0.23100303951367782
4 0.38202247191011235 0.2689969604863222 0.3827247191011236 0.3009118541033435 0.3827247191011236 0.32370820668693007 0.3809691011235955 0.35790273556231 0.38202247191011235 0.39969604863221886 0.3809691011235955 0.4316109422492401 0.3886938202247191 0.45896656534954405 0.3985252808988764 0.4612462006079027 0.40730337078651685 0.4566869300911854 0.4139747191011236 0.44452887537993924 0.4139747191011236 0.425531914893617 0.4160814606741573 0.39969604863221886 0.41502808988764045 0.36854103343465044 0.4101123595505618 0.3472644376899696 0.4101123595505618 0.31534954407294835 0.4101123595505618 0.29027355623100304 0.40625 0.25 0.3908005617977528 0.2439209726443769 0.37991573033707865 0.2439209726443769
5 0.35252808988764045 0.2454407294832827 0.34691011235955055 0.30243161094224924 0.34375 0.32370820668693007 0.34480337078651685 0.3700607902735562 0.34094101123595505 0.40805471124620063 0.3398876404494382 0.4376899696048632 0.3419943820224719 0.45288753799392095 0.3518258426966292 0.45440729483282677 0.3634129213483146 0.4566869300911854 0.3711376404494382 0.45896656534954405 0.38974719101123595 0.4126139817629179 0.3886938202247191 0.3700607902735562 0.38202247191011235 0.3047112462006079 0.3732443820224719 0.2454407294832827
6 0.32935393258426965 0.25 0.31741573033707865 0.2796352583586626 0.30582865168539325 0.32598784194528874 0.29810393258426965 0.3768996960486322 0.2910814606741573 0.4126139817629179 0.29599719101123595 0.4376899696048632 0.30582865168539325 0.4376899696048632 0.32127808988764045 0.45440729483282677 0.3283005617977528 0.44832826747720367 0.3360252808988764 0.39361702127659576 0.3419943820224719 0.34498480243161095 0.34480337078651685 0.2750759878419453 0.3458567415730337 0.25
7 0.27457865168539325 0.26671732522796354 0.26685393258426965 0.3009118541033435 0.26299157303370785 0.32370820668693007 0.2559691011235955 0.3556231003039514 0.2542134831460674 0.38069908814589665 0.2696629213483146 0.4126139817629179 0.27668539325842695 0.418693009118541 0.2910814606741573 0.4209726443768997 0.3068820224719101 0.3556231003039514 0.3107443820224719 0.31534954407294835 0.3125 0.28343465045592703 0.3125 0.25835866261398177 0.30582865168539325 0.2439209726443769 0.29213483146067415 0.2393617021276596
8 0.5115870786516854 0.2750759878419453 0.5105337078651685 0.31155015197568386 0.5077247191011236 0.34498480243161095 0.5066713483146067 0.38753799392097266 0.5066713483146067 0.418693009118541 0.5038623595505618 0.4696048632218845 0.5038623595505618 0.48632218844984804 0.5203651685393258 0.4908814589665654 0.5351123595505618 0.4825227963525836 0.5407303370786517 0.45896656534954405 0.5368679775280899 0.40805471124620063 0.5330056179775281 0.33206686930091184 0.5368679775280899 0.2925531914893617 0.5340589887640449 0.2629179331306991 0.5291432584269663 0.2454407294832827 0.5154494382022472 0.2454407294832827
9 0.5488061797752809 0.25835866261398177 0.5407303370786517 0.2857142857142857 0.5379213483146067 0.32142857142857145 0.5361657303370787 0.3472644376899696 0.5361657303370787 0.37462006079027355 0.5361657303370787 0.418693009118541 0.5361657303370787 0.4506079027355623 0.5428370786516854 0.47188449848024316 0.5603932584269663 0.4673252279635258 0.5603932584269663 0.43541033434650456 0.5614466292134831 0.40805471124620063 0.5603932584269663 0.3829787234042553 0.5593398876404494 0.3343465045592705 0.5593398876404494 0.29635258358662614 0.5593398876404494 0.26443768996960487 0.5565308988764045 0.2439209726443769
10 0.5758426966292135 0.24772036474164133 0.5625 0.35790273556231 0.5625 0.4316109422492401 0.5663623595505618 0.4825227963525836 0.5768960674157303 0.48404255319148937 0.5846207865168539 0.4566869300911854 0.5888342696629213 0.41641337386018235 0.5916432584269663 0.3829787234042553 0.5926966292134831 0.3533434650455927 0.5926966292134831 0.30927051671732525 0.5944522471910112 0.2560790273556231 0.5926966292134831 0.23556231003039513
11 0.598314606741573 0.23556231003039513 0.5976123595505618 0.2857142857142857 0.5965589887640449 0.31990881458966564 0.5944522471910112 0.35790273556231 0.5905898876404494 0.4065349544072948 0.5905898876404494 0.42933130699088146 0.5895365168539326 0.4612462006079027 0.6004213483146067 0.4673252279635258 0.6141151685393258 0.4673252279635258 0.6218398876404494 0.4399696048632219 0.6218398876404494 0.3890577507598784 0.6218398876404494 0.3472644376899696 0.6278089887640449 0.2689969604863222 0.6285112359550562 0.22872340425531915
12 0.6365870786516854 0.26063829787234044 0.6344803370786517 0.32142857142857145 0.6197331460674157 0.38753799392097266 0.6197331460674157 0.43541033434650456 0.6239466292134831 0.4612462006079027 0.644311797752809 0.4756838905775076 0.6481741573033708 0.44832826747720367 0.6481741573033708 0.40805471124620063 0.6481741573033708 0.3472644376899696 0.6471207865168539 0.29027355623100304 0.6481741573033708 0.22492401215805471 0.6327247191011236 0.23100303951367782
13 0.6618679775280899 0.25227963525835867 0.6558988764044944 0.3130699088145897 0.6453651685393258 0.3662613981762918 0.6471207865168539 0.4270516717325228 0.6590589887640449 0.45896656534954405 0.6745084269662921 0.45896656534954405 0.6860955056179775 0.45440729483282677 0.6959269662921348 0.44224924012158057 0.6899578651685393 0.3700607902735562 0.6871488764044944 0.29635258358662614 0.6853932584269663 0.2560790273556231 0.6853932584269663 0.23100303951367782
14 0.6882022471910112 0.23556231003039513 0.6871488764044944 0.2735562310030395 0.6882022471910112 0.3305471124620061 0.6910112359550562 0.378419452887538 0.692064606741573 0.40805471124620063 0.6997893258426966 0.44832826747720367 0.7194522471910112 0.42325227963525835 0.7310393258426966 0.40805471124620063 0.7282303370786517 0.3533434650455927 0.7155898876404494 0.3009118541033435 0.7096207865168539 0.2796352583586626 0.7047050561797753 0.2439209726443769
15 0.7173455056179775 0.24772036474164133 0.7310393258426966 0.22492401215805471 0.7387640449438202 0.22036474164133737 0.7475421348314607 0.25455927051671734 0.7514044943820225 0.3047112462006079 0.7622893258426966 0.3427051671732523 0.7672050561797753 0.36854103343465044 0.7622893258426966 0.3913373860182371 0.7514044943820225 0.40805471124620063 0.7419241573033708 0.41033434650455924 0.7271769662921348 0.3829787234042553 0.7222612359550562 0.3472644376899696 0.7162921348314607 0.3009118541033435
16 0.5038623595505618 0.5288753799392097 0.5 0.5585106382978723 0.5126404494382022 0.6808510638297872 0.519311797752809 0.7059270516717325 0.5273876404494382 0.6846504559270516 0.5291432584269663 0.6550151975683891 0.5252808988764045 0.6063829787234043 0.5242275280898876 0.5455927051671733 0.5242275280898876 0.5220364741641338
17 0.5242275280898876 0.5288753799392097 0.5351123595505618 0.5075987841945289 0.5449438202247191 0.5182370820668692 0.5488061797752809 0.5623100303951368 0.5466994382022472 0.5790273556231003 0.5456460674157303 0.6193009118541033 0.5456460674157303 0.6679331306990881 0.547752808988764 0.7082066869300911 0.5407303370786517 0.7120060790273556 0.5319522471910112 0.6724924012158054 0.5280898876404494 0.6193009118541033
18 0.5526685393258427 0.5220364741641338 0.5526685393258427 0.5075987841945289 0.5625 0.5053191489361702 0.5702247191011236 0.5349544072948328 0.5719803370786517 0.5706686930091185 0.5719803370786517 0.6109422492401215 0.5740870786516854 0.6512158054711246 0.5768960674157303 0.6869300911854104 0.5758426966292135 0.7484802431610942 0.5632022471910112 0.7674772036474165 0.5575842696629213 0.7120060790273556 0.5537219101123596 0.6762917933130699 0.5544241573033708 0.6170212765957447 0.5544241573033708 0.5706686930091185
19 0.5702247191011236 0.526595744680851 0.5740870786516854 0.4992401215805471 0.5839185393258427 0.4946808510638298 0.5926966292134831 0.5075987841945289 0.5993679775280899 0.5433130699088146 0.5993679775280899 0.587386018237082 0.5993679775280899 0.6170212765957447 0.6042837078651685 0.6724924012158054 0.6091994382022472 0.7226443768996961 0.6021769662921348 0.7249240121580547 0.5905898876404494 0.6785714285714286 0.5895365168539326 0.6360182370820668 0.5779494382022472 0.5729483282674772
20 0.5933988764044944 0.5015197568389058 0.6021769662921348 0.49240121580547114 0.6091994382022472 0.4886018237082067 0.6218398876404494 0.4992401215805471 0.6306179775280899 0.526595744680851 0.6316713483146067 0.5645896656534954 0.6316713483146067 0.6048632218844985 0.6334269662921348 0.648936170212766 0.6372893258426966 0.689209726443769 0.6365870786516854 0.7104863221884499 0.6190308988764045 0.6952887537993921 0.6109550561797753 0.6443768996960486 0.6032303370786517 0.5942249240121581 0.5976123595505618 0.5349544072948328
21 0.6218398876404494 0.5053191489361702 0.6278089887640449 0.4825227963525836 0.6404494382022472 0.4734042553191489 0.6569522471910112 0.4734042553191489 0.6706460674157303 0.48024316109422494 0.6773174157303371 0.5015197568389058 0.6804775280898876 0.5516717325227963 0.6871488764044944 0.5980243161094225 0.692064606741573 0.6428571428571429 0.6899578651685393 0.6740121580547113 0.6685393258426966 0.6808510638297872 0.6492275280898876 0.6656534954407295 0.6355337078651685 0.5729483282674772
22 0.6724016853932584 0.48024316109422494 0.6860955056179775 0.45896656534954405 0.7075140449438202 0.45440729483282677 0.723314606741573 0.47188449848024316 0.7282303370786517 0.5030395136778115 0.7387640449438202 0.5516717325227963 0.7507022471910112 0.587386018237082 0.7601825842696629 0.6170212765957447 0.7507022471910112 0.6466565349544073 0.7271769662921348 0.6618541033434651 0.7145365168539326 0.6512158054711246 0.6969803370786517 0.5965045592705167 0.6773174157303371 0.526595744680851
23 0.7205056179775281 0.4635258358662614 0.7320926966292135 0.425531914893617 0.7584269662921348 0.4148936170212766 0.7682584269662921 0.47796352583586627 0.7759831460674157 0.5243161094224924 0.7787921348314607 0.5775075987841946 0.7643960674157303 0.6086626139817629 0.7447331460674157 0.5729483282674772 0.7370084269662921 0.5288753799392097
24 0.4940308988764045 0.513677811550152 0.4785814606741573 0.5288753799392097 0.47928370786516855 0.5455927051671733 0.49122191011235955 0.7059270516717325 0.49683988764044945 0.7226443768996961 0.5038623595505618 0.7104863221884499 0.5049157303370787 0.6534954407294833 0.4922752808988764 0.5858662613981763 0.5 0.5775075987841946 0.5017556179775281 0.5433130699088146
25 0.45997191011235955 0.5113981762917933 0.45610955056179775 0.5600303951367781 0.45610955056179775 0.5835866261398176 0.45610955056179775 0.6132218844984803 0.4571629213483146 0.6534954407294833 0.46383426966292135 0.682370820668693 0.4705056179775281 0.7013677811550152 0.4764747191011236 0.682370820668693 0.4785814606741573 0.6382978723404256 0.4785814606741573 0.6003039513677811 0.4803370786516854 0.5539513677811551 0.4803370786516854 0.5243161094224924 0.47155898876404495 0.513677811550152
26 0.4511938202247191 0.5030395136778115 0.44030898876404495 0.5623100303951368 0.43644662921348315 0.6048632218844985 0.4375 0.6595744680851063 0.43644662921348315 0.7082066869300911 0.44838483146067415 0.7629179331306991 0.4571629213483146 0.7583586626139818 0.46172752808988765 0.7059270516717325 0.4571629213483146 0.6360182370820668 0.45997191011235955 0.5752279635258358 0.4610252808988764 0.526595744680851
27 0.4199438202247191 0.5015197568389058 0.41327247191011235 0.541033434650456 0.4101123595505618 0.581306990881459 0.41116573033707865 0.6253799392097265 0.41327247191011235 0.6679331306990881 0.4199438202247191 0.7036474164133738 0.4336376404494382 0.682370820668693 0.43644662921348315 0.6466565349544073 0.4396067415730337 0.5858662613981763 0.44030898876404495 0.541033434650456 0.44030898876404495 0.513677811550152
28 0.4044943820224719 0.4969604863221885 0.3946629213483146 0.520516717325228 0.39360955056179775 0.5349544072948328 0.38764044943820225 0.581306990881459 0.38202247191011235 0.6466565349544073 0.38202247191011235 0.6808510638297872 0.3964185393258427 0.6930091185410334 0.40730337078651685 0.6428571428571429 0.41889044943820225 0.5645896656534954 0.4259129213483146 0.5053191489361702
29 0.355688202247191 0.48632218844984804 0.3476123595505618 0.5098784194528876 0.34480337078651685 0.5326747720364742 0.3398876404494382 0.6193009118541033 0.3300561797752809 0.6360182370820668 0.3300561797752809 0.6762917933130699 0.34375 0.689209726443769 0.36060393258426965 0.6846504559270516 0.36832865168539325 0.648936170212766 0.37816011235955055 0.6170212765957447 0.3848314606741573 0.5683890577507599 0.3964185393258427 0.5326747720364742 0.38974719101123595 0.4946808510638298 0.3771067415730337 0.4825227963525836
30 0.3107443820224719 0.4635258358662614 0.29810393258426965 0.4756838905775076 0.29213483146067415 0.5053191489361702 0.28230337078651685 0.541033434650456 0.2696629213483146 0.6048632218844985 0.26299157303370785 0.6405775075987842 0.28230337078651685 0.6702127659574468 0.2991573033707865 0.6595744680851063 0.3125 0.6155015197568389 0.324438202247191 0.5668693009118541 0.34866573033707865 0.5030395136778115 0.3360252808988764 0.4734042553191489 0.32338483146067415 0.4756838905775076
31 0.2521067415730337 0.4399696048632219 0.2580758426966292 0.418693009118541 0.27071629213483145 0.41641337386018235 0.2833567415730337 0.42933130699088146 0.29424157303370785 0.44452887537993924 0.3009129213483146 0.4506079027355623 0.3009129213483146 0.4756838905775076 0.2893258426966292 0.5098784194528876 0.28054775280898875 0.5455927051671733 0.2735252808988764 0.5775075987841946 0.25526685393258425 0.6003039513677811 0.24157303370786518 0.6048632218844985 0.22682584269662923 0.5980243161094225 0.21910112359550563 0.5706686930091185 0.2208567415730337 0.5303951367781155 0.22787921348314608 0.5113981762917933 0.2384129213483146 0.4886018237082067 0.2482443820224719 0.4612462006079027