0 0.4649459365190094 0.5334346504559271 0.5012207882804325 0.5334346504559271 0.5005231949773282 0.4513677811550152 0.487966515521451 0.256838905775076 0.4708754795953959 0.256838905775076 0.4670387164283223 0.3882978723404255 0.46424834321590513 0.4886018237082067
1 0.44297174747122425 0.4513677811550152 0.4401813742588071 0.5083586626139818 0.44297174747122425 0.5167173252279635 0.45692361353331007 0.5182370820668692 0.4618067666550401 0.5106382978723404 0.4670387164283223 0.4749240121580547 0.47401464945936517 0.270516717325228 0.4555284269271015 0.2735562310030395
2 0.4129752354377398 0.4430091185410334 0.4129752354377398 0.513677811550152 0.4262295081967213 0.5220364741641338 0.44227415416812 0.5121580547112462 0.4440181374258807 0.4886018237082067 0.4485524938960586 0.4270516717325228 0.4314614579700035 0.22948328267477203 0.4168119986048134 0.22644376899696048 0.41437042204394836 0.3601823708206687
4 0.36239972096267875 0.4004559270516717 0.35472619462853155 0.4764437689969605 0.3564701778862923 0.5015197568389058 0.3704220439483781 0.513677811550152 0.3812347401464946 0.513677811550152 0.3927450296477154 0.4946808510638298 0.3983257760725497 0.446048632218845 0.3983257760725497 0.41717325227963525 0.3903034530868504 0.21808510638297873 0.36623648412975235 0.22492401215805471
5 0.3362399720962679 0.2750759878419453 0.32752005580746424 0.40425531914893614 0.31984652947331704 0.4642857142857143 0.3229856993372864 0.48632218844984804 0.3306592256714336 0.4886018237082067 0.34530868503662365 0.5 0.3603069410533659 0.5053191489361702 0.3665852807813045 0.4969604863221885 0.36867806069061737 0.46656534954407297 0.3672828740844088 0.36854103343465044 0.35612138123474013 0.23632218844984804 0.33763515870247646 0.2530395136778115
6 0.28950122078828044 0.27203647416413373 0.28880362748517613 0.32750759878419455 0.2898500174398326 0.3731003039513678 0.2828740844087897 0.4194528875379939 0.2828740844087897 0.446048632218845 0.28566445762120685 0.4627659574468085 0.2898500174398326 0.4726443768996961 0.3069410533658877 0.4764437689969605 0.3191489361702128 0.4764437689969605 0.32682246250436 0.4270516717325228 0.32682246250436 0.3890577507598784 0.3285664457621207 0.24012158054711247 0.3114754098360656 0.2317629179331307
8 0.4973840251133589 0.5273556231003039 0.5092431112661319 0.5288753799392097 0.5214509940704569 0.5250759878419453 0.5322636902685735 0.5220364741641338 0.5322636902685735 0.44756838905775076 0.5207534007673527 0.2651975683890577 0.4980816184164632 0.2682370820668693 0.4980816184164632 0.4270516717325228 0.4966864318102546 0.48024316109422494
9 0.5315660969654691 0.45592705167173253 0.5322636902685735 0.520516717325228 0.5399372166027206 0.5258358662613982 0.5580746424834322 0.49544072948328266 0.5587722357865365 0.4696048632218845 0.5587722357865365 0.425531914893617 0.5416811998604814 0.24468085106382978 0.5291245204046041 0.24848024316109424 0.5238925706313219 0.36854103343465044
10 0.5570282525287757 0.40577507598784196 0.5570282525287757 0.44984802431610943 0.5517963027554935 0.49164133738601823 0.5640041855598186 0.5030395136778115 0.5755144750610394 0.5083586626139818 0.581792814788978 0.5106382978723404 0.5873735612138123 0.4886018237082067 0.5856295779560516 0.4209726443768997 0.5880711545169166 0.22796352583586627 0.572026508545518 0.22644376899696048
11 0.5734216951517266 0.41413373860182373 0.5734216951517266 0.4582066869300912 0.5758632717125916 0.49848024316109424 0.584234391349843 0.506838905775076 0.5929543076386466 0.5083586626139818 0.6006278339727938 0.5083586626139818 0.6121381234740146 0.5106382978723404 0.6166724799441925 0.4817629179331307 0.6138821067317753 0.3229483282674772 0.6135333100802233 0.1945288753799392 0.5856295779560516 0.2127659574468085
12 0.6037670038367632 0.3533434650455927 0.603418207185211 0.39893617021276595 0.6006278339727938 0.45592705167173253 0.6089989536100453 0.4726443768996961 0.6215556330659225 0.479483282674772 0.634809905824904 0.46504559270516715 0.6382978723404256 0.42249240121580545 0.6382978723404256 0.3670212765957447 0.6292291594000697 0.2066869300911854 0.6027206138821067 0.23480243161094225
13 0.6386466689919776 0.29407294832826747 0.6313219393093826 0.41033434650455924 0.6285315660969655 0.439209726443769 0.6316707359609348 0.4612462006079027 0.6494593651900942 0.4726443768996961 0.6616672479944192 0.4764437689969605 0.6773630973142658 0.4734042553191489 0.6825950470875479 0.45972644376899696 0.6724799441925358 0.3951367781155015 0.6766655040111615 0.26671732522796354 0.6456226020230206 0.256838905775076
14 0.67317753749564 0.27887537993920974 0.6672479944192535 0.3191489361702128 0.6686431810254622 0.3799392097264438 0.6749215207534007 0.43617021276595747 0.6857342169515173 0.4696048632218845 0.709103592605511 0.4582066869300912 0.7251482385769097 0.425531914893617 0.7213114754098361 0.3768996960486322 0.7080572026508546 0.310790273556231 0.7073596093477502 0.21504559270516718 0.6766655040111615 0.2454407294832827
16 0.4973840251133589 0.5539513677811551 0.5197070108126962 0.5524316109422492 0.5221485873735612 0.8092705167173252 0.5019183815835367 0.8138297872340425
17 0.5176142309033833 0.6200607902735562 0.5151726543425184 0.5661094224924013 0.5266829438437391 0.5425531914893617 0.5329612835716777 0.5455927051671733 0.5430763864666899 0.5577507598784195 0.5437739797697942 0.5949848024316109 0.5308685036623648 0.8495440729483282 0.5130798744332055 0.8495440729483282
18 0.5441227764213463 0.64209726443769 0.5340076735263342 0.5896656534954408 0.5329612835716777 0.5539513677811551 0.5378444366934078 0.5258358662613982 0.5531914893617021 0.5303951367781155 0.56260899895361 0.5729483282674772 0.5810952214858738 0.6876899696048632 0.5835367980467387 0.8206686930091185 0.5545866759679107 0.8328267477203647
19 0.5835367980467387 0.6838905775075987 0.5741192884548308 0.64209726443769 0.565050575514475 0.5949848024316109 0.56260899895361 0.5645896656534954 0.5702825252877572 0.5303951367781155 0.5758632717125916 0.520516717325228 0.5943494942448553 0.540273556231003 0.5964422741541682 0.5797872340425532 0.6037670038367632 0.6854103343465046 0.6076037670038368 0.7834346504559271 0.5912103243808859 0.7834346504559271
20 0.6037670038367632 0.6838905775075987 0.6006278339727938 0.6329787234042553 0.5926055109870946 0.6094224924012158 0.5835367980467387 0.5775075987841946 0.5779560516219044 0.541033434650456 0.5957446808510638 0.5357142857142857 0.6103941402162539 0.53419452887538 0.6208580397628183 0.5425531914893617 0.6278339727938612 0.6094224924012158 0.6484129752354377 0.7834346504559271 0.629926752703174 0.7872340425531915
21 0.6337635158702476 0.6633738601823708 0.6292291594000697 0.621580547112462 0.6166724799441925 0.5896656534954408 0.6058597837460761 0.5509118541033434 0.6027206138821067 0.5250759878419453 0.608301360306941 0.513677811550152 0.6292291594000697 0.5106382978723404 0.6501569584931984 0.5053191489361702 0.6662016044645971 0.5121580547112462 0.6693407743285664 0.5927051671732523 0.6975933031042902 0.7127659574468085 0.6766655040111615 0.7583586626139818 0.639344262295082 0.702887537993921
22 0.6864318102546215 0.6246200607902735 0.6693407743285664 0.5843465045592705 0.6616672479944192 0.5524316109422492 0.660969654691315 0.5053191489361702 0.6641088245552843 0.49012158054711247 0.6766655040111615 0.4886018237082067 0.6864318102546215 0.4878419452887538 0.6989884897104988 0.48024316109422494 0.7136379490756889 0.4969604863221885 0.7174747122427625 0.5220364741641338 0.7586327171259156 0.7059270516717325 0.7111963725148238 0.7348024316109423 0.6871294035577259 0.6405775075987842
24 0.4747122427624695 0.5493920972644377 0.4987792117195675 0.5486322188449848 0.5036623648412976 0.8001519756838906 0.4802929891873038 0.8054711246200608
25 0.45308685036623647 0.5623100303951368 0.4764562260202302 0.5486322188449848 0.4809905824904081 0.6466565349544073 0.4883153121730031 0.797112462006079 0.468782699686083 0.8077507598784195
26 0.4332054412277642 0.6132218844984803 0.4408789675619114 0.5440729483282675 0.4502964771538193 0.5357142857142857 0.4593651900941751 0.5896656534954408 0.4593651900941751 0.8206686930091185 0.43983257760725497 0.831306990881459 0.4339030345308685 0.6861702127659575
27 0.4053017091035926 0.7887537993920972 0.41437042204394836 0.6268996960486323 0.4098360655737705 0.5995440729483282 0.4098360655737705 0.5592705167173252 0.4150680153470527 0.5425531914893617 0.42588071154516915 0.5425531914893617 0.4314614579700035 0.5425531914893617 0.43913498430415066 0.5661094224924013 0.43913498430415066 0.6382978723404256 0.4199511684687827 0.817629179331307
28 0.36867806069061737 0.7750759878419453 0.3770491803278688 0.729483282674772 0.3770491803278688 0.6876899696048632 0.3770491803278688 0.6382978723404256 0.377397976979421 0.5965045592705167 0.3826299267527032 0.5623100303951368 0.39134984304150683 0.5387537993920972 0.4004185559818626 0.53419452887538 0.4244855249389606 0.5562310030395137 0.4189047785141263 0.5843465045592705 0.41437042204394836 0.6253799392097265 0.4059993024066969 0.6740121580547113 0.3812347401464946 0.7940729483282675
29 0.2581095221485874 0.6793313069908815 0.28113010115102893 0.6246200607902735 0.2867108475758633 0.5866261398176292 0.2964771538193233 0.5372340425531915 0.29752354377397977 0.5189969604863222 0.3058946634112312 0.5053191489361702 0.32612486920125566 0.5083586626139818 0.3463550749912801 0.5250759878419453 0.3494942448552494 0.567629179331307 0.3418207185211022 0.6048632218844985 0.2765957446808511 0.7180851063829787