30 0.3269428277986991 0.5911854103343465 0.32043820609380347 0.601823708206687 0.31359123587812393 0.6276595744680851 0.3064019171516604 0.709726443768997 0.29818555289284493 0.7446808510638298 0.2923656282095173 0.7849544072948328 0.30023964395754876 0.8328267477203647 0.31153714481342004 0.8404255319148937 0.3406367682300582 0.7803951367781155 0.35261896610749743 0.7120060790273556 0.36494351249572066 0.6550151975683891 0.36802464909277643 0.6231003039513677 0.3604929818555289 0.6094224924012158 0.34440260184868193 0.5972644376899696 0.3341321465251626 0.5965045592705167
29 0.36015063334474495 0.6155015197568389 0.35090722355357756 0.6306990881458967 0.35261896610749743 0.6800911854103343 0.34474495035946595 0.763677811550152 0.34474495035946595 0.8206686930091185 0.3515919205751455 0.8601823708206687 0.3731598767545361 0.8480243161094225 0.39507018144471073 0.7682370820668692 0.4015748031496063 0.689209726443769 0.406025333789798 0.6443768996960486 0.4043135912358781 0.6231003039513677 0.3984936665525505 0.6086626139817629 0.38514207463197536 0.6139817629179332 0.3669976035604245 0.6132218844984803
28 0.40260184868195825 0.6101823708206687 0.39438548442314275 0.6177811550151976 0.39027730229373503 0.6436170212765957 0.4008901061280383 0.7165653495440729 0.3988360150633345 0.8031914893617021 0.3981513180417665 0.8381458966565349 0.4049982882574461 0.8677811550151976 0.4169804861348853 0.8434650455927052 0.4282779869907566 0.7241641337386018 0.4282779869907566 0.6504559270516718 0.4303320780554605 0.6208206686930091 0.4265662444368367 0.6048632218844985 0.4186922286888052 0.6063829787234043
27 0.4330708661417323 0.6003039513677811 0.41937692571037316 0.6101823708206687 0.4176651831564533 0.6413373860182371 0.4255391989044848 0.7355623100303952 0.4245121533721328 0.8267477203647416 0.4323861691201643 0.8746200607902735 0.4440260184868196 0.871580547112462 0.44881889763779526 0.8062310030395137 0.4505306401917152 0.7188449848024316 0.452584731256419 0.6550151975683891 0.4566929133858268 0.6291793313069909 0.44881889763779526 0.6132218844984803 0.4419719274221157 0.6033434650455927
26 0.45703526189661076 0.5911854103343465 0.44436836699760357 0.6063829787234043 0.44779185210544337 0.6572948328267477 0.452584731256419 0.723404255319149 0.4498459431701472 0.8016717325227963 0.4498459431701472 0.8396656534954408 0.45429647381033894 0.8670212765957447 0.4655939746662102 0.8670212765957447 0.46833276275248203 0.7925531914893617 0.47381033892502566 0.6785714285714286 0.4768914755220815 0.6139817629179332 0.47244094488188976 0.5904255319148937 0.46490927764464224 0.5896656534954408
25 0.4762067785005135 0.601823708206687 0.47038685381718587 0.6048632218844985 0.4669633687093461 0.6208206686930091 0.46970215679561794 0.6588145896656535 0.47928791509756935 0.7887537993920972 0.48202670318384117 0.8320668693009119 0.4888736733995207 0.8434650455927052 0.4943512495720644 0.8252279635258358 0.4943512495720644 0.7272036474164134 0.49332420403971244 0.6344984802431611 0.49332420403971244 0.60790273556231 0.48990071893187265 0.5942249240121581
24 0.50085587127696 0.5957446808510638 0.4922971585073605 0.5949848024316109 0.4881889763779528 0.5980243161094225 0.48716193084560083 0.6124620060790273 0.4909277644642246 0.6869300911854104 0.4964053406367682 0.8009118541033434 0.4964053406367682 0.8252279635258358 0.5066757959602876 0.8442249240121581 0.5142074631975351 0.831306990881459 0.5100992810681274 0.7408814589665653 0.5100992810681274 0.6496960486322189 0.5100992810681274 0.6117021276595744 0.5090722355357754 0.5957446808510638
16 0.514892160219103 0.5949848024316109 0.5087298870249914 0.5987841945288754 0.5094145840465594 0.64209726443769 0.5077028414926396 0.7522796352583586 0.5100992810681274 0.8191489361702128 0.5121533721328312 0.831306990881459 0.5210544334132147 0.824468085106383 0.5241355700102704 0.6869300911854104 0.531667237247518 0.6200607902735562 0.531324888736734 0.601823708206687 0.5265320095857583 0.5904255319148937
17 0.5248202670318384 0.7120060790273556 0.5251626155426223 0.7879939209726444 0.5251626155426223 0.837386018237082 0.5289284491612462 0.8586626139817629 0.5391989044847655 0.8632218844984803 0.546388223211229 0.7629179331306991 0.547072920232797 0.6846504559270516 0.5487846627867169 0.6322188449848024 0.5498117083190688 0.6177811550151976 0.5415953440602533 0.6003039513677811 0.5357754193769257 0.5866261398176292 0.5289284491612462 0.5904255319148937 0.5244779185210544 0.5949848024316109 0.5258473125641904 0.628419452887538
18 0.5539198904484766 0.6101823708206687 0.5450188291680931 0.6170212765957447 0.5450188291680931 0.6580547112462006 0.5457035261896611 0.7537993920972644 0.5484423142759329 0.8267477203647416 0.5522081478945566 0.8738601823708206 0.5587127695994523 0.8905775075987842 0.5662444368366998 0.8738601823708206 0.5682985279014037 0.7651975683890577 0.5703526189661074 0.6869300911854104 0.5720643615200274 0.6466565349544073 0.5717220130092434 0.621580547112462 0.5648750427935638 0.6094224924012158
19 0.5854159534406025 0.6117021276595744 0.5662444368366998 0.6352583586626139 0.5628209517288599 0.6572948328267477 0.5689832249229716 0.7317629179331308 0.5696679219445395 0.817629179331307 0.5717220130092434 0.8449848024316109 0.5871276959945224 0.8708206686930091 0.593974666210202 0.8457446808510638 0.5946593632317699 0.6884498480243161 0.5994522423827456 0.6496960486322189 0.5967134542964738 0.6253799392097265 0.5908935296131462 0.6177811550151976
20 0.6015063334474495 0.6329787234042553 0.59294762067785 0.628419452887538 0.5891817870592263 0.662613981762918 0.5970558028072578 0.7758358662613982 0.6018486819582335 0.8419452887537994 0.6114344402601849 0.871580547112462 0.6241013351591921 0.878419452887538 0.6306059568640876 0.8465045592705167 0.62478603218076 0.7325227963525835 0.6264977747346799 0.6899696048632219 0.6268401232454639 0.662613981762918 0.625128380691544 0.6329787234042553 0.6189661074974324 0.6193009118541033 0.6107497432386169 0.6246200607902735
21 0.6299212598425197 0.6276595744680851 0.6220472440944882 0.6314589665653495 0.6145155768572407 0.6534954407294833 0.6217048955837042 0.7150455927051672 0.6319753509072236 0.8138297872340425 0.6395070181444711 0.8457446808510638 0.6470386853817186 0.8670212765957447 0.656282095172886 0.8746200607902735 0.6696336870934612 0.8685410334346505 0.6764806573091408 0.8054711246200608 0.6655255049640534 0.7188449848024316 0.6641561109209175 0.6854103343465046 0.6651831564532694 0.6443768996960486 0.6610749743238616 0.6253799392097265 0.6504621704895583 0.6177811550151976 0.6367682300581993 0.6261398176291794
22 0.6648408079424855 0.6177811550151976 0.65662444368367 0.6268996960486323 0.6532009585758302 0.6709726443768997 0.6658678534748373 0.7462006079027356 0.6771653543307087 0.8252279635258358 0.6850393700787402 0.8556231003039514 0.6983909619993153 0.8571428571428571 0.7052379322149949 0.776595744680851 0.7021567956179391 0.6808510638297872 0.6973639164669634 0.6398176291793313 0.6925710373159877 0.6139817629179332 0.6884628551865799 0.6056231003039514 0.671687778158165 0.6139817629179332
15 0.6781923998630606 0.5395136778115501 0.6846970215679562 0.5896656534954408 0.6983909619993153 0.6117021276595744 0.7209859637110578 0.5683890577507599 0.7120849024306745 0.5174772036474165 0.7018144471071551 0.47720364741641336 0.702841492639507 0.44452887537993924 0.7045532351934269 0.4148936170212766 0.6987333105100992 0.3829787234042553 0.6881205066757959 0.3822188449848024 0.6747689147552208 0.44224924012158057 0.671003081136597 0.48632218844984804
14 0.6521739130434783 0.5562310030395137 0.6508045190003423 0.587386018237082 0.6583361862375898 0.6094224924012158 0.6826429305032523 0.6033434650455927 0.6905169462512838 0.5668693009118541 0.6833276275248202 0.5045592705167173 0.6799041424169805 0.439209726443769 0.6781923998630606 0.4034954407294833 0.6751112632660048 0.39285714285714285 0.6610749743238616 0.3974164133738602 0.6538856555973982 0.4338905775075988 0.6508045190003423 0.4969604863221885
13 0.6134885313248888 0.541033434650456 0.6069839096199932 0.5554711246200608 0.6042451215337213 0.5889057750759878 0.6145155768572407 0.6139817629179332 0.6436152002738789 0.6117021276595744 0.6521739130434783 0.6048632218844985 0.6514892160219103 0.5448328267477204 0.6490927764464225 0.4338905775075988 0.6508045190003423 0.3974164133738602 0.6408764121876069 0.38069908814589665 0.6288942143101678 0.3951367781155015 0.6213625470729203 0.46048632218844987 0.6169120164327285 0.5288753799392097
12 0.5813077713111948 0.5493920972644377 0.5806230742896269 0.6003039513677811 0.6015063334474495 0.6117021276595744 0.6162273194111606 0.5957446808510638 0.6179390619650804 0.5151975683890577 0.6179390619650804 0.4270516717325228 0.6131461828141047 0.3905775075987842 0.6062992125984252 0.37537993920972645 0.5960287572749059 0.3890577507598784 0.5902088325915782 0.44680851063829785
11 0.5559739815131804 0.5448328267477204 0.5552892844916124 0.5835866261398176 0.5638479972612119 0.5949848024316109 0.5741184525847313 0.5911854103343465 0.5895241355700103 0.5987841945288754 0.593974666210202 0.5653495440729484 0.5950017117425539 0.46048632218844987 0.592605272167066 0.3829787234042553 0.5905511811023622 0.3601823708206687 0.5840465593974666 0.34574468085106386 0.5724067100308113 0.3799392097264438
10 0.5391989044847655 0.5212765957446809 0.5364601163984937 0.5509118541033434 0.5511811023622047 0.6003039513677811 0.5648750427935638 0.5889057750759878 0.5727490585415953 0.5585106382978723 0.5710373159876755 0.479483282674772 0.5706949674768915 0.3586626139817629 0.5686408764121876 0.3290273556231003 0.5614515576857241 0.3168693009118541 0.5525504964053406 0.32978723404255317
9 0.5231085244779186 0.5151975683890577 0.5251626155426223 0.5592705167173252 0.5368024649092776 0.5759878419452887 0.5460458747004451 0.5729483282674772 0.548099965765149 0.49240121580547114 0.5433070866141733 0.35790273556231 0.5422800410818213 0.32066869300911854 0.5330366312906539 0.30015197568389057 0.5279014036288943 0.3069908814589666 0.5248202670318384 0.33586626139817627 0.5248202670318384 0.41185410334346506
8 0.49811708319068815 0.5022796352583586 0.49127011297500855 0.5281155015197568 0.4909277644642246 0.5562310030395137 0.5231085244779186 0.5729483282674772 0.5261896610749743 0.5250759878419453 0.5265320095857583 0.3958966565349544 0.5282437521396782 0.3047112462006079 0.5282437521396782 0.26671732522796354 0.5172885997945909 0.2560790273556231 0.5111263266004793 0.2765957446808511 0.5077028414926396 0.3586626139817629 0.5066757959602876 0.41109422492401215
0 0.4714138993495378 0.5053191489361702 0.46901745977404996 0.5379939209726444 0.4714138993495378 0.5759878419452887 0.4943512495720644 0.5706686930091185 0.50085587127696 0.5630699088145896 0.499828825744608 0.4870820668693009 0.5018829168093119 0.3890577507598784 0.5042793563847997 0.32142857142857145 0.5049640534063676 0.2917933130699088 0.49811708319068815 0.26443768996960487 0.49332420403971244 0.2712765957446808
1 0.4512153372132831 0.5106382978723404 0.45292707976720303 0.5630699088145896 0.46045874700445055 0.5835866261398176 0.4700445053064019 0.5782674772036475 0.47723382403286546 0.5440729483282675 0.48065730914070526 0.48632218844984804 0.484080794248545 0.41413373860182373 0.484423142759329 0.3373860182370821 0.48647723382403285 0.30927051671732525 0.4813420061622732 0.2826747720364742 0.47175624786032183 0.303951367781155 0.4628551865799384 0.3966565349544073 0.4553235193426909 0.47188449848024316
2 0.42725094145840464 0.5288753799392097 0.43204382060938035 0.5752279635258358 0.44299897295446766 0.587386018237082 0.45224238274563505 0.581306990881459 0.46045874700445055 0.5501519756838906 0.4611434440260185 0.4969604863221885 0.45361177678877096 0.38753799392097266 0.4512153372132831 0.3525835866261398 0.44608010955152344 0.2993920972644377 0.4406025333789798 0.28951367781155013 0.4251968503937008 0.31155015197568386 0.42725094145840464 0.49848024316109424
3 0.40260184868195825 0.5440729483282675 0.406025333789798 0.5828267477203647 0.42280041081821296 0.5949848024316109 0.43615200273878807 0.5881458966565349 0.4423142759328997 0.5516717325227963 0.4388907908250599 0.47188449848024316 0.43478260869565216 0.3670212765957447 0.4234851078397809 0.32066869300911854 0.4142416980486135 0.3351063829787234 0.40876412187606986 0.42325227963525835 0.406367682300582 0.5144376899696048
5 0.3683669976035604 0.5379939209726444 0.36768230058199247 0.5866261398176292 0.38514207463197536 0.5987841945288754 0.4121876069839096 0.5980243161094225 0.4197192742211571 0.5721884498480243 0.41013351591920577 0.46656534954407297 0.406710030811366 0.42249240121580545 0.4032865457035262 0.3837386018237082 0.3889079082505991 0.3829787234042553 0.37555631633002395 0.41185410334346506 0.3724751797329682 0.48632218844984804
6 0.32454638822321125 0.5281155015197568 0.32454638822321125 0.5554711246200608 0.3262581307771311 0.5752279635258358 0.3361862375898665 0.5911854103343465 0.35261896610749743 0.5987841945288754 0.36323176994180073 0.5949848024316109 0.3673399520712085 0.5759878419452887 0.3700787401574803 0.5372340425531915 0.36768230058199247 0.46200607902735563 0.36802464909277643 0.41413373860182373 0.36494351249572066 0.3738601823708207 0.3457719958918179 0.36246200607902734 0.3389250256761383 0.3822188449848024 0.33378979801437864 0.45896656534954405