0 0.46659443842542436 0.506838905775076 0.49548573492235465 0.4908814589665654 0.49042975803539185 0.3966565349544073 0.48284579270494765 0.22264437689969604 0.4633441675695197 0.22264437689969604 0.4626218851570964 0.41793313069908816 0.4608161791260383 0.4946808510638298
1 0.4398699891657638 0.4886018237082067 0.4575659082701336 0.48936170212765956 0.46406644998194296 0.4734042553191489 0.4633441675695197 0.3966565349544073 0.4550379198266522 0.21504559270516718 0.434814012278801 0.22720364741641338 0.4405922715781871 0.41109422492401215 0.4387865655471289 0.44680851063829785
2 0.41025641025641024 0.46808510638297873 0.41639581076200793 0.4908814589665654 0.43661971830985913 0.48328267477203646 0.4413145539906103 0.4376899696048632 0.4373420007222824 0.38677811550151975 0.4171180931744312 0.18161094224924013 0.39797760924521486 0.1952887537993921 0.409534127843987 0.39893617021276595
3 0.38028169014084506 0.4612462006079027 0.39111592632719394 0.48328267477203646 0.4080895630191405 0.4787234042553192 0.4207295052365475 0.44680851063829785 0.41531238714337304 0.3905775075987842 0.4080895630191405 0.32674772036474165 0.39544962080173346 0.18009118541033434 0.3658360418923799 0.21124620060790272 0.38280967858432646 0.40425531914893614
4 0.3607800650054171 0.4308510638297872 0.3607800650054171 0.4612462006079027 0.3694474539544962 0.4787234042553192 0.37955940772842184 0.4749240121580547 0.38678223185265437 0.4452887537993921 0.38172625496569157 0.4133738601823708 0.37016973636691947 0.20972644376899696 0.35500180570603107 0.22264437689969604 0.36005778259299387 0.41641337386018235
6 0.27699530516431925 0.43617021276595747 0.28855182376309135 0.44680851063829785 0.2979414951245937 0.45364741641337386 0.31708197905381 0.45592705167173253 0.3206933911159263 0.41641337386018235 0.3156374142289635 0.36854103343465044 0.3080534488985193 0.19072948328267478 0.27699530516431925 0.19756838905775076 0.27338389310220296 0.32978723404255317 0.27338389310220296 0.3723404255319149
7 0.2300469483568075 0.41109422492401215 0.23510292524377033 0.42401215805471126 0.24918743228602383 0.4338905775075988 0.26579992777175876 0.43465045592705165 0.27446731672083785 0.36322188449848025 0.27338389310220296 0.30319148936170215 0.26182737450343085 0.2066869300911854 0.2347417840375587 0.2188449848024316 0.24268689057421453 0.3533434650455927
8 0.49187432286023836 0.4886018237082067 0.5240158902130733 0.49772036474164133 0.5240158902130733 0.1778115501519757 0.5034308414590105 0.17933130699088146 0.49693029974720115 0.36322188449848025
9 0.520404478150957 0.48328267477203646 0.526182737450343 0.4148936170212766 0.5279884434814013 0.3791793313069909 0.5431563741422897 0.19072948328267478 0.5597688696280245 0.19224924012158054 0.5482123510292525 0.4133738601823708 0.5539906103286385 0.48328267477203646 0.526182737450343 0.48936170212765956
10 0.5471289274106176 0.46580547112462006 0.5684362585771037 0.4870820668693009 0.5825207656193572 0.47112462006079026 0.5792704947634525 0.42857142857142855 0.581798483206934 0.36322188449848025 0.5893824485373781 0.16717325227963525 0.5691585409895269 0.17097264437689969 0.5507403394727338 0.38677811550151975 0.5471289274106176 0.4308510638297872
11 0.5734922354640665 0.42021276595744683 0.5734922354640665 0.4430091185410334 0.5861321776814734 0.4627659574468085 0.5944384254243409 0.4749240121580547 0.6045503791982665 0.4749240121580547 0.605994944023113 0.4148936170212766 0.6222462983026363 0.1762917933130699 0.600216684723727 0.18009118541033434 0.5756590827013363 0.38145896656534956
12 0.5984109786926688 0.40805471124620063 0.5951607078367642 0.4506079027355623 0.6052726616106898 0.46808510638297873 0.6204405922715782 0.4726443768996961 0.6323582520765619 0.46808510638297873 0.6348862405200434 0.4270516717325228 0.6323582520765619 0.3905775075987842 0.6338028169014085 0.32674772036474165 0.6395810762007945 0.18541033434650456 0.6143011917659805 0.21732522796352582
14 0.6785843264716505 0.4430091185410334 0.6735283495846877 0.4133738601823708 0.6785843264716505 0.36322188449848025 0.6800288912964969 0.32142857142857145 0.6782231852654388 0.2006079027355623 0.7269772481040087 0.21732522796352582 0.7136150234741784 0.34194528875379937 0.7143373058866017 0.3829787234042553 0.7161430119176598 0.418693009118541 0.7161430119176598 0.43465045592705165 0.6977248104008668 0.4430091185410334 0.6915854098952691 0.4452887537993921
15 0.717948717948718 0.41109422492401215 0.7226435536294691 0.4148936170212766 0.7407006139400506 0.41793313069908816 0.7533405561574575 0.41109422492401215 0.7598410978692669 0.40425531914893614 0.7565908270133622 0.3639817629179331 0.7522571325388226 0.3161094224924012 0.7407006139400506 0.19072948328267478 0.7172264355362947 0.21124620060790272 0.7121704586493319 0.32978723404255317 0.7143373058866017 0.35790273556231 0.7136150234741784 0.3951367781155015
16 0.48429035752979416 0.5319148936170213 0.5005417118093174 0.526595744680851 0.5052365474900686 0.5653495440729484 0.5052365474900686 0.7750759878419453 0.47923438064283136 0.7788753799392097
17 0.5034308414590105 0.5189969604863222 0.5222101841820151 0.520516717325228 0.5222101841820151 0.5987841945288754 0.5236547490068617 0.7682370820668692 0.5034308414590105 0.756079027355623
18 0.5254604550379198 0.5949848024316109 0.520404478150957 0.5212765957446809 0.5489346334416757 0.5349544072948328 0.5525460455037919 0.5440729483282675 0.5489346334416757 0.6109422492401215 0.5557963163596966 0.7933130699088146 0.5381003972553269 0.8054711246200608
19 0.5500180570603106 0.601823708206687 0.5413506681112314 0.5387537993920972 0.5474900686168291 0.526595744680851 0.5597688696280245 0.520516717325228 0.5716865294330084 0.5311550151975684 0.5792704947634525 0.5752279635258358 0.5781870711448176 0.6588145896656535 0.580715059588299 0.7879939209726444 0.5601300108342362 0.7857142857142857
20 0.5767425063199711 0.5911854103343465 0.5673528349584688 0.5615501519756839 0.5626579992777175 0.5364741641337386 0.5756590827013363 0.520516717325228 0.5886601661249549 0.5281155015197568 0.5958829902491874 0.5364741641337386 0.6009389671361502 0.5699088145896657 0.6218851570964247 0.7507598784194529 0.600216684723727 0.7575987841945289
21 0.6013001083423619 0.5721884498480243 0.5926327193932828 0.5189969604863222 0.5901047309498014 0.5015197568389058 0.5926327193932828 0.4870820668693009 0.6218851570964247 0.48556231003039513 0.6388587937883713 0.4870820668693009 0.6464427591188154 0.5151975683890577 0.6489707475622969 0.5737082066869301 0.681834597327555 0.709726443768997 0.6464427591188154 0.7416413373860182 0.6117732033224991 0.6390577507598785
22 0.6558324304803178 0.5752279635258358 0.6413867822318526 0.5311550151975684 0.6370530877573131 0.5015197568389058 0.6388587937883713 0.48936170212765956 0.6684723726977249 0.48328267477203646 0.6876128566269412 0.4787234042553192 0.6991693752257132 0.48024316109422494 0.7035030697002528 0.520516717325228 0.7103647526182737 0.5699088145896657 0.7464788732394366 0.736322188449848 0.7009750812567714 0.7386018237082067
23 0.7092813289996388 0.5372340425531915 0.6970025279884435 0.5030395136778115 0.6915854098952691 0.4870820668693009 0.6944745395449621 0.46656534954407297 0.717948717948718 0.4506079027355623 0.7446731672083785 0.44680851063829785 0.7540628385698809 0.46656534954407297 0.7540628385698809 0.5281155015197568 0.7764535933550019 0.6496960486322189 0.7464788732394366 0.6671732522796353
24 0.4608161791260383 0.5227963525835866 0.48790176959191045 0.5311550151975684 0.4749006861682918 0.770516717325228 0.4593716143011918 0.7697568389057751
25 0.4463705308775731 0.5212765957446809 0.46912242686890576 0.5243161094224924 0.4676778620440592 0.6185410334346505 0.46153846153846156 0.7803951367781155 0.4463705308775731 0.7788753799392097
26 0.4182015167930661 0.6246200607902735 0.42036836403033584 0.5311550151975684 0.4438425424340917 0.5174772036474165 0.4517876489707476 0.6109422492401215 0.4337305886601661 0.8252279635258358 0.41386782231852653 0.8092705167173252
27 0.39292163235825206 0.6390577507598785 0.39869989165763814 0.5759878419452887 0.3994221740700614 0.5425531914893617 0.40628385698808234 0.5281155015197568 0.4156735283495847 0.5227963525835866 0.42542434091729864 0.5425531914893617 0.4312026002166847 0.5592705167173252 0.4272300469483568 0.601823708206687 0.40520043336944744 0.78419452887538 0.38786565547128926 0.7682370820668692
28 0.35752979414951247 0.7484802431610942 0.3658360418923799 0.648176291793313 0.37269772481040087 0.5615501519756839 0.37703141928494044 0.5281155015197568 0.38714337305886604 0.520516717325228 0.40628385698808234 0.526595744680851 0.41386782231852653 0.5387537993920972 0.40628385698808234 0.5775075987841946 0.39508847959552185 0.6352583586626139 0.37703141928494044 0.7682370820668692 0.3633080534488985 0.756079027355623
29 0.29974720115565184 0.7203647416413373 0.31238714337305884 0.648176291793313 0.3228602383531961 0.5972644376899696 0.3232213795594077 0.5683890577507599 0.3264716504153124 0.4908814589665654 0.35500180570603107 0.4992401215805471 0.38208739617190324 0.4992401215805471 0.39292163235825206 0.5151975683890577 0.37414228963524737 0.5592705167173252 0.36836403033586135 0.6124620060790273 0.361863488624052 0.6785714285714286 0.3355001805706031 0.7697568389057751
30 0.25424340917298666 0.6816109422492401 0.2600216684723727 0.6299392097264438 0.263633080534489 0.6025835866261399 0.27374503430841457 0.5364741641337386 0.27338389310220296 0.5053191489361702 0.28132899963885877 0.4817629179331307 0.3188876850848682 0.4908814589665654 0.3329721921271217 0.5030395136778115 0.3391115926327194 0.506838905775076 0.3257493680028891 0.5539513677811551 0.26941133983387505 0.7165653495440729
31 0.20296135789093536 0.6231003039513677 0.2112676056338028 0.5790273556231003 0.2224629830263633 0.5372340425531915 0.22571325388226796 0.5030395136778115 0.2275189599133261 0.48024316109422494 0.22896352473817264 0.47112462006079026 0.23329721921271218 0.4574468085106383 0.25677139761646806 0.4574468085106383 0.2701336222462983 0.4574468085106383 0.28132899963885877 0.46656534954407297 0.28530155290718673 0.4787234042553192 0.27771758757674253 0.5053191489361702 0.26688335139039365 0.5425531914893617 0.25063199711087036 0.6109422492401215 0.2174070061394005 0.6550151975683891