0 0.48430962343096234 0.5977393617021277 0.5170850767085077 0.5977393617021277 0.5146443514644351 0.5106382978723404 0.497907949790795 0.3703457446808511 0.4829149232914923 0.3690159574468085
1 0.4595536959553696 0.5871010638297872 0.4850069735006973 0.5877659574468085 0.4825662482566248 0.3690159574468085 0.46827057182705717 0.3690159574468085
2 0.43375174337517436 0.5831117021276596 0.46443514644351463 0.5871010638297872 0.46338912133891214 0.5159574468085106 0.451534170153417 0.363031914893617 0.4361924686192469 0.36436170212765956
5 0.34344490934449096 0.5625 0.38598326359832635 0.5691489361702128 0.3915620641562064 0.5139627659574468 0.3591352859135286 0.3670212765957447 0.3423988842398884 0.3670212765957447 0.349721059972106 0.46675531914893614
6 0.30404463040446306 0.5418882978723404 0.34553695955369595 0.555186170212766 0.34902370990237097 0.5059840425531915 0.3392608089260809 0.3371010638297872 0.3169456066945607 0.33976063829787234 0.32252440725244075 0.42220744680851063 0.30718270571827055 0.49867021276595747
8 0.5146443514644351 0.5964095744680851 0.551255230125523 0.5930851063829787 0.544281729428173 0.5093085106382979 0.5271966527196653 0.3783244680851064 0.5129009762900977 0.3803191489361702
9 0.551255230125523 0.5844414893617021 0.5739191073919108 0.5738031914893617 0.5700836820083682 0.5246010638297872 0.5488145048814504 0.3816489361702128 0.5334728033472803 0.3803191489361702
10 0.5711297071129707 0.5711436170212766 0.6032078103207811 0.5678191489361702 0.600418410041841 0.49601063829787234 0.5791492329149233 0.35771276595744683 0.5648535564853556 0.36103723404255317 0.5686889818688982 0.550531914893617
12 0.6094839609483961 0.5378989361702128 0.6317991631799164 0.5571808510638298 0.6506276150627615 0.5378989361702128 0.6450488145048815 0.4833776595744681 0.6426080892608089 0.3663563829787234 0.6237796373779637 0.3204787234042553 0.6122733612273361 0.32313829787234044 0.6220362622036262 0.386968085106383 0.6168061366806137 0.4833776595744681 0.608786610878661 0.504654255319149
14 0.6398186889818689 0.5093085106382979 0.6614365411436541 0.5438829787234043 0.6889818688981869 0.5398936170212766 0.6963040446304045 0.49933510638297873 0.6872384937238494 0.4321808510638298 0.6910739191073919 0.3324468085106383 0.6781729428172942 0.331781914893617
15 0.6882845188284519 0.504654255319149 0.7088563458856346 0.5305851063829787 0.7210599721059973 0.5152925531914894 0.7325662482566249 0.5099734042553191 0.7353556485355649 0.4767287234042553 0.703626220362622 0.3351063829787234 0.6928172942817294 0.3390957446808511 0.6949093444909344 0.42819148936170215 0.6882845188284519 0.4740691489361702
16 0.5149930264993027 0.6349734042553191 0.5352161785216178 0.6263297872340425 0.5373082287308228 0.6781914893617021 0.5373082287308228 0.8111702127659575 0.5254532775453278 0.8131648936170213
17 0.5355648535564853 0.6336436170212766 0.5610181311018131 0.6263297872340425 0.5578800557880056 0.6868351063829787 0.5568340306834031 0.8085106382978723 0.5400976290097629 0.8118351063829787
18 0.555439330543933 0.6309840425531915 0.5714783821478382 0.6150265957446809 0.5857740585774058 0.617686170212766 0.5906555090655509 0.8238031914893617 0.5753138075313807 0.8271276595744681
19 0.5826359832635983 0.6303191489361702 0.5892608089260809 0.6063829787234043 0.6133193863319386 0.6103723404255319 0.6178521617852162 0.800531914893617 0.601813110181311 0.8085106382978723
20 0.6098326359832636 0.5944148936170213 0.645397489539749 0.601063829787234 0.6426080892608089 0.6549202127659575 0.646094839609484 0.8158244680851063 0.6324965132496513 0.817154255319149 0.6070432357043236 0.5950797872340425
22 0.6366806136680614 0.6077127659574468 0.6823570432357043 0.5565159574468085 0.7517433751743375 0.7632978723404256 0.7353556485355649 0.776595744680851 0.6419107391910739 0.632313829787234
23 0.6844490934449093 0.5897606382978723 0.6868898186889819 0.5611702127659575 0.7025801952580195 0.5545212765957447 0.7074616457461645 0.5452127659574468 0.7322175732217573 0.53125 0.7412831241283124 0.5525265957446809 0.7841701534170153 0.7440159574468085 0.7712691771269177 0.7526595744680851
24 0.49372384937238495 0.6316489361702128 0.5177824267782427 0.6363031914893617 0.5142956764295676 0.8031914893617021 0.4989539748953975 0.8011968085106383
25 0.47419804741980476 0.6283244680851063 0.49686192468619245 0.6316489361702128 0.49546722454672243 0.8071808510638298 0.4801255230125523 0.8045212765957447
26 0.44700139470013944 0.6363031914893617 0.451534170153417 0.6210106382978723 0.46687587168758715 0.6163563829787234 0.47733612273361226 0.6396276595744681 0.46478382147838215 0.8224734042553191 0.4490934449093445 0.8184840425531915
27 0.42398884239888424 0.6110372340425532 0.44142259414225943 0.6063829787234043 0.453626220362622 0.6283244680851063 0.4389818688981869 0.8218085106382979 0.4211994421199442 0.8158244680851063 0.4246861924686193 0.6722074468085106
28 0.398884239888424 0.6063829787234043 0.41527196652719667 0.5950797872340425 0.4292189679218968 0.6170212765957447 0.42329149232914925 0.6735372340425532 0.4177126917712692 0.7699468085106383 0.398884239888424 0.8324468085106383 0.38493723849372385 0.8191489361702128 0.39609483960948394 0.7712765957446809 0.398884239888424 0.668218085106383 0.39295676429567644 0.6469414893617021
30 0.3183403068340307 0.5738031914893617 0.3688981868898187 0.6030585106382979 0.3601813110181311 0.6555851063829787 0.3500697350069735 0.6642287234042553 0.29114365411436544 0.7792553191489362 0.2778940027894003 0.7593085106382979 0.30474198047419804 0.6668882978723404
31 0.2684797768479777 0.5531914893617021 0.28277545327754533 0.5405585106382979 0.3023012552301255 0.5545212765957447 0.32322175732217573 0.5757978723404256 0.3068340306834031 0.6396276595744681 0.249302649930265 0.7367021276595744 0.23291492329149233 0.71875 0.2625523012552301 0.5964095744680851 0.2615062761506276 0.5884308510638298