0 0.47859531772575253 0.5668693009118541 0.5033444816053512 0.5706686930091185 0.5050167224080268 0.5235562310030395 0.49933110367892974 0.4430091185410334 0.4963210702341137 0.32978723404255317 0.4806020066889632 0.3373860182370821 0.4779264214046823 0.4688449848024316 0.47926421404682273 0.520516717325228
1 0.4665551839464883 0.5683890577507599 0.48127090301003345 0.5653495440729484 0.47926421404682273 0.4992401215805471 0.477257525083612 0.3533434650455927 0.4635451505016722 0.3601823708206687 0.4608695652173913 0.4817629179331307 0.4608695652173913 0.520516717325228 0.4591973244147157 0.560790273556231
2 0.437123745819398 0.5592705167173252 0.4545150501672241 0.5668693009118541 0.46220735785953176 0.5509118541033434 0.459866220735786 0.42933130699088146 0.4551839464882943 0.32978723404255317 0.4387959866220736 0.34194528875379937 0.4387959866220736 0.4817629179331307 0.437123745819398 0.5250759878419453
3 0.4160535117056856 0.5493920972644377 0.4193979933110368 0.5569908814589666 0.4270903010033445 0.5668693009118541 0.4354515050167224 0.5547112462006079 0.43846153846153846 0.5683890577507599 0.4468227424749164 0.5638297872340425 0.451505016722408 0.526595744680851 0.44949832775919735 0.4810030395136778 0.4424749163879599 0.32142857142857145 0.4234113712374582 0.33358662613981765 0.42006688963210703 0.47188449848024316 0.4177257525083612 0.5129179331306991
4 0.40267558528428093 0.5714285714285714 0.4076923076923077 0.5699088145896657 0.41638795986622074 0.5554711246200608 0.42107023411371236 0.5645896656534954 0.4280936454849498 0.5600303951367781 0.43277591973244145 0.5379939209726444 0.43043478260869567 0.4939209726443769 0.42207357859531774 0.3191489361702128 0.40267558528428093 0.32370820668693007 0.39832775919732444 0.48404255319148937 0.3969899665551839 0.5220364741641338 0.3986622073578595 0.5615501519756839
5 0.3765886287625418 0.5737082066869301 0.3839464882943144 0.5699088145896657 0.39297658862876256 0.5767477203647416 0.4006688963210702 0.5714285714285714 0.4107023411371237 0.5729483282674772 0.4137123745819398 0.5592705167173252 0.4153846153846154 0.5417933130699089 0.4137123745819398 0.5 0.3882943143812709 0.31155015197568386 0.3632107023411371 0.31534954407294835 0.3729096989966555 0.47796352583586627 0.37190635451505016 0.5098784194528876 0.368561872909699 0.5433130699088146 0.3705685618729097 0.5668693009118541
6 0.3421404682274248 0.5425531914893617 0.3511705685618729 0.5448328267477204 0.3622073578595318 0.5554711246200608 0.37090301003344484 0.5615501519756839 0.37926421404682276 0.540273556231003 0.38461538461538464 0.5129179331306991 0.3842809364548495 0.4574468085106383 0.3732441471571906 0.30927051671732525 0.35183946488294315 0.31458966565349544 0.34548494983277594 0.4012158054711246 0.3414715719063545 0.4521276595744681 0.33812709030100335 0.4817629179331307 0.33812709030100335 0.4969604863221885 0.3367892976588629 0.520516717325228 0.3374581939799331 0.5349544072948328
7 0.3157190635451505 0.5045592705167173 0.3250836120401338 0.5121580547112462 0.32976588628762543 0.520516717325228 0.33612040133779264 0.5220364741641338 0.3448160535117057 0.5227963525835866 0.3558528428093645 0.5235562310030395 0.35785953177257523 0.5144376899696048 0.3565217391304348 0.46200607902735563 0.3551839464882943 0.4217325227963526 0.34347826086956523 0.32066869300911854 0.3274247491638796 0.32750759878419455 0.33277591973244147 0.385258358662614 0.3311036789297659 0.41641337386018235 0.325752508361204 0.4376899696048632 0.3173913043478261 0.4582066869300912 0.31438127090301005 0.4817629179331307
8 0.5053511705685618 0.5691489361702128 0.5294314381270903 0.5699088145896657 0.531438127090301 0.5281155015197568 0.5280936454849499 0.506079027355623 0.5274247491638796 0.4521276595744681 0.5217391304347826 0.30775075987841943 0.505685618729097 0.31458966565349544 0.5107023411371238 0.4749240121580547 0.5043478260869565 0.5220364741641338 0.5040133779264214 0.5516717325227963
9 0.5324414715719064 0.5638297872340425 0.5374581939799331 0.5683890577507599 0.5434782608695652 0.5653495440729484 0.5478260869565217 0.5547112462006079 0.5474916387959866 0.5319148936170213 0.5488294314381271 0.5022796352583586 0.5394648829431438 0.31458966565349544 0.5274247491638796 0.32142857142857145 0.5307692307692308 0.48556231003039513 0.5294314381270903 0.53419452887538
10 0.5471571906354515 0.5630699088145896 0.5561872909698997 0.5790273556231003 0.5672240802675586 0.574468085106383 0.5705685618729097 0.5547112462006079 0.57123745819398 0.540273556231003 0.5682274247491639 0.5030395136778115 0.5692307692307692 0.45364741641337386 0.5642140468227425 0.3404255319148936 0.5531772575250836 0.34194528875379937 0.551170568561873 0.4316109422492401 0.5498327759197325 0.48024316109422494 0.5461538461538461 0.5364741641337386
11 0.5729096989966556 0.5767477203647416 0.579933110367893 0.5615501519756839 0.585953177257525 0.5790273556231003 0.5906354515050167 0.5835866261398176 0.5963210702341137 0.5531914893617021 0.5973244147157191 0.5220364741641338 0.5949832775919732 0.4521276595744681 0.5976588628762541 0.3465045592705167 0.5719063545150501 0.3487841945288754 0.5692307692307692 0.45896656534954405 0.5678929765886288 0.5159574468085106 0.5648829431438127 0.5372340425531915 0.5648829431438127 0.5615501519756839 0.5695652173913044 0.5767477203647416
12 0.5886287625418061 0.5835866261398176 0.5959866220735786 0.5775075987841946 0.6120401337792643 0.5858662613981763 0.6160535117056856 0.5448328267477204 0.6177257525083613 0.49544072948328266 0.61438127090301 0.34574468085106386 0.5963210702341137 0.3518237082066869 0.5889632107023411 0.49164133738601823 0.585953177257525 0.5448328267477204 0.585953177257525 0.5767477203647416
13 0.6093645484949832 0.5866261398176292 0.6183946488294314 0.5934650455927052 0.6287625418060201 0.5957446808510638 0.6321070234113713 0.5881458966565349 0.6411371237458194 0.5934650455927052 0.6468227424749163 0.5858662613981763 0.6484949832775919 0.5615501519756839 0.6454849498327759 0.5372340425531915 0.6484949832775919 0.3601823708206687 0.6157190635451505 0.36246200607902734 0.6167224080267558 0.4886018237082067 0.6140468227424749 0.5167173252279635 0.6080267558528428 0.5524316109422492 0.6080267558528428 0.581306990881459
14 0.6474916387959866 0.5691489361702128 0.6541806020066889 0.5759878419452887 0.6675585284280936 0.567629179331307 0.6705685618729097 0.560790273556231 0.6795986622073579 0.5615501519756839 0.6832775919732441 0.5478723404255319 0.6832775919732441 0.5319148936170213 0.6812709030100335 0.5037993920972644 0.6775919732441471 0.47416413373860183 0.6739130434782609 0.4148936170212766 0.6755852842809364 0.34498480243161095 0.6518394648829432 0.35638297872340424 0.6494983277591974 0.45288753799392095 0.6474916387959866 0.49240121580547114 0.645819397993311 0.5167173252279635 0.6444816053511706 0.5425531914893617 0.6444816053511706 0.560790273556231
15 0.6792642140468227 0.541033434650456 0.6849498327759197 0.5478723404255319 0.6929765886287625 0.5463525835866262 0.6966555183946488 0.5319148936170213 0.703010033444816 0.5334346504559271 0.7110367892976589 0.5174772036474165 0.7133779264214046 0.5091185410334347 0.7083612040133779 0.48024316109422494 0.705685618729097 0.46580547112462006 0.6936454849498328 0.44072948328267475 0.6866220735785953 0.3305471124620061 0.6732441471571906 0.33814589665653494 0.6725752508361204 0.4506079027355623 0.6722408026755853 0.4946808510638298 0.6742474916387959 0.5243161094224924
16 0.5036789297658862 0.5927051671732523 0.5217391304347826 0.5927051671732523 0.520066889632107 0.6428571428571429 0.5140468227424749 0.7803951367781155 0.505685618729097 0.7781155015197568
17 0.5240802675585284 0.5957446808510638 0.5361204013377926 0.5942249240121581 0.5421404682274248 0.6101823708206687 0.539799331103679 0.6306990881458967 0.5311036789297658 0.8016717325227963 0.5160535117056856 0.8077507598784195
18 0.5448160535117057 0.6025835866261399 0.5585284280936454 0.5995440729483282 0.5638795986622074 0.6223404255319149 0.5615384615384615 0.6580547112462006 0.5481605351170569 0.8282674772036475 0.5334448160535117 0.8320668693009119 0.5391304347826087 0.6762917933130699 0.5411371237458193 0.6193009118541033
19 0.559866220735786 0.6147416413373861 0.5652173913043478 0.6185410334346505 0.5695652173913044 0.6025835866261399 0.5765886287625418 0.6048632218844985 0.5876254180602006 0.6185410334346505 0.5839464882943144 0.675531914893617 0.5816053511705686 0.7127659574468085 0.5849498327759197 0.8411854103343465 0.5719063545150501 0.8427051671732523 0.5635451505016722 0.7066869300911854 0.5608695652173913 0.6557750759878419 0.5581939799331104 0.6268996960486323
20 0.579933110367893 0.621580547112462 0.5906354515050167 0.6117021276595744 0.5986622073578596 0.6101823708206687 0.6053511705685619 0.6139817629179332 0.6070234113712375 0.6253799392097265 0.6100334448160535 0.6466565349544073 0.611371237458194 0.689209726443769 0.6137123745819398 0.8305471124620061 0.6023411371237458 0.8328267477203647 0.5836120401337793 0.6694528875379939 0.5795986622073579 0.6633738601823708 0.5785953177257525 0.6519756838905775 0.5792642140468227 0.6299392097264438
22 0.6387959866220736 0.6162613981762918 0.6464882943143813 0.5957446808510638 0.6585284280936455 0.5957446808510638 0.6745819397993311 0.5858662613981763 0.6862876254180602 0.5995440729483282 0.688628762541806 0.6208206686930091 0.691638795986622 0.6443768996960486 0.7294314381270903 0.756079027355623 0.7003344481605351 0.8024316109422492 0.6709030100334448 0.7310030395136778 0.6545150501672241 0.6808510638297872 0.6468227424749163 0.6656534954407295 0.6424749163879598 0.6641337386018237 0.637123745819398 0.6314589665653495
23 0.6765886287625418 0.5919452887537994 0.6812709030100335 0.5775075987841946 0.6889632107023411 0.5683890577507599 0.6939799331103679 0.5638297872340425 0.6986622073578596 0.5547112462006079 0.7023411371237458 0.5433130699088146 0.7090301003344481 0.5364741641337386 0.7167224080267559 0.5433130699088146 0.7250836120401338 0.5668693009118541 0.7692307692307693 0.7226443768996961 0.7588628762541806 0.7340425531914894 0.7183946488294315 0.6793313069908815 0.7036789297658863 0.6588145896656535 0.6943143812709031 0.6382978723404256 0.68561872909699 0.6238601823708206 0.6779264214046823 0.60790273556231
24 0.4862876254180602 0.5980243161094225 0.49698996655518396 0.5934650455927052 0.5033444816053512 0.5949848024316109 0.5030100334448161 0.6405775075987842 0.49765886287625416 0.7819148936170213 0.48561872909698994 0.7834346504559271
25 0.4652173913043478 0.5904255319148937 0.48294314381270903 0.5934650455927052 0.4842809364548495 0.648936170212766 0.48327759197324416 0.7864741641337386 0.4729096989966555 0.7826747720364742 0.4652173913043478 0.621580547112462
26 0.44581939799331105 0.5911854103343465 0.45183946488294313 0.5911854103343465 0.45585284280936456 0.5889057750759878 0.46020066889632105 0.5980243161094225 0.46387959866220735 0.6139817629179332 0.4668896321070234 0.6352583586626139 0.46956521739130436 0.8168693009118541 0.45484949832775917 0.8191489361702128 0.44581939799331105 0.6975683890577508 0.44414715719063547 0.6648936170212766 0.44381270903010034 0.6193009118541033
27 0.41906354515050165 0.5927051671732523 0.4280936454849498 0.5820668693009119 0.43444816053511703 0.5843465045592705 0.4377926421404682 0.5942249240121581 0.442809364548495 0.5995440729483282 0.4468227424749164 0.6003039513677811 0.44782608695652176 0.6253799392097265 0.44581939799331105 0.6512158054711246 0.44481605351170567 0.7044072948328267 0.4387959866220736 0.8214285714285714 0.4260869565217391 0.810790273556231 0.42675585284280937 0.7135258358662614 0.4230769230769231 0.6610942249240122 0.41906354515050165 0.6268996960486323
28 0.3979933110367893 0.6033434650455927 0.4043478260869565 0.5889057750759878 0.411371237458194 0.5820668693009119 0.42040133779264216 0.5889057750759878 0.42675585284280937 0.5835866261398176 0.43043478260869567 0.6025835866261399 0.4307692307692308 0.6398176291793313 0.4254180602006689 0.6595744680851063 0.42207357859531774 0.6907294832826748 0.4013377926421405 0.8214285714285714 0.3896321070234114 0.8085106382978723 0.39899665551839464 0.7188449848024316 0.40100334448160535 0.6983282674772037 0.4013377926421405 0.6595744680851063 0.3986622073578595 0.6474164133738601 0.3969899665551839 0.6268996960486323
30 0.34013377926421406 0.5699088145896657 0.3491638795986622 0.5737082066869301 0.3585284280936455 0.5790273556231003 0.36822742474916387 0.5797872340425532 0.37558528428093646 0.5866261398176292 0.3802675585284281 0.5980243161094225 0.3745819397993311 0.6193009118541033 0.3739130434782609 0.6496960486322189 0.3695652173913043 0.6618541033434651 0.3588628762541806 0.6641337386018237 0.35351170568561874 0.6770516717325228 0.342809364548495 0.7059270516717325 0.31070234113712375 0.756838905775076 0.2899665551839465 0.7165653495440729 0.30869565217391304 0.6618541033434651 0.31605351170568563 0.6436170212765957 0.3267558528428094 0.6101823708206687 0.325752508361204 0.5919452887537994 0.3311036789297659 0.5782674772036475
31 0.30501672240802674 0.5167173252279635 0.31505016722408025 0.5281155015197568 0.3153846153846154 0.5349544072948328 0.32240802675585284 0.5372340425531915 0.32976588628762543 0.5569908814589666 0.3391304347826087 0.5585106382978723 0.3394648829431438 0.574468085106383 0.3294314381270903 0.6170212765957447 0.31605351170568563 0.6428571428571429 0.2782608695652174 0.7082066869300911 0.2535117056856187 0.6648936170212766 0.2819397993311037 0.5866261398176292 0.28695652173913044 0.5569908814589666 0.3 0.526595744680851