0 0.4763250883392226 0.4696048632218845 0.472791519434629 0.5129179331306991 0.4851590106007067 0.5303951367781155 0.5028268551236749 0.5303951367781155 0.5123674911660777 0.520516717325228 0.5134275618374559 0.41641337386018235 0.523321554770318 0.3290273556231003 0.5215547703180212 0.24924012158054712 0.5159010600706714 0.22112462006079028 0.5035335689045937 0.21732522796352582 0.4851590106007067 0.4126139817629179
1 0.45229681978798586 0.47720364741641336 0.4526501766784452 0.5098784194528876 0.46325088339222614 0.5319148936170213 0.47985865724381627 0.5326747720364742 0.4886925795053004 0.4642857142857143 0.48975265017667846 0.3898176291793313 0.4929328621908127 0.31155015197568386 0.48975265017667846 0.256838905775076 0.4787985865724382 0.23252279635258358 0.46819787985865724 0.22872340425531915 0.46325088339222614 0.26063829787234044 0.465017667844523 0.3495440729483283 0.4579505300353357 0.44832826747720367
2 0.42968197879858655 0.46580547112462006 0.4293286219081272 0.5098784194528876 0.43568904593639574 0.5326747720364742 0.4575971731448763 0.5319148936170213 0.4674911660777385 0.4870820668693009 0.46219081272084805 0.39361702127659576 0.45936395759717313 0.3161094224924012 0.4551236749116608 0.2621580547112462 0.4480565371024735 0.2317629179331307 0.43498233215547705 0.24696048632218845 0.42968197879858655 0.30775075987841943
3 0.3996466431095406 0.46808510638297873 0.40388692579505303 0.5243161094224924 0.42579505300353354 0.5364741641337386 0.4420494699646643 0.526595744680851 0.43851590106007066 0.4756838905775076 0.42968197879858655 0.3860182370820669 0.42968197879858655 0.3427051671732523 0.42968197879858655 0.2887537993920973 0.42862190812720846 0.26443768996960487 0.42402826855123676 0.23404255319148937 0.4098939929328622 0.23252279635258358 0.40141342756183745 0.2682370820668693 0.4021201413427562 0.3822188449848024
6 0.3014134275618375 0.47720364741641336 0.30070671378091873 0.5091185410334347 0.3254416961130742 0.5379939209726444 0.34558303886925795 0.5395136778115501 0.35159010600706714 0.5288753799392097 0.3526501766784452 0.43009118541033436 0.3420494699646643 0.3556231003039514 0.3254416961130742 0.31155015197568386 0.3127208480565371 0.2887537993920973 0.2989399293286219 0.2872340425531915 0.276678445229682 0.31762917933130697 0.2742049469964664 0.3617021276595745 0.28833922261484096 0.4217325227963526
8 0.5176678445229682 0.5015197568389058 0.5176678445229682 0.53419452887538 0.550530035335689 0.53419452887538 0.5515901060070671 0.47720364741641336 0.5568904593639576 0.3882978723404255 0.5568904593639576 0.31990881458966564 0.5558303886925795 0.25151975683890576 0.5477031802120141 0.22416413373860183 0.5339222614840989 0.26063829787234044 0.5293286219081272 0.3351063829787234
9 0.5522968197879858 0.47112462006079026 0.549469964664311 0.5189969604863222 0.5593639575971732 0.5319148936170213 0.5759717314487632 0.5243161094224924 0.5798586572438162 0.5075987841945289 0.5805653710247349 0.4148936170212766 0.5840989399293286 0.35790273556231 0.5911660777385159 0.31155015197568386 0.5957597173144876 0.256838905775076 0.5929328621908128 0.2188449848024316 0.5795053003533569 0.19756838905775076 0.5639575971731449 0.303951367781155
10 0.5795053003533569 0.47188449848024316 0.5770318021201414 0.4939209726443769 0.5795053003533569 0.5258358662613982 0.5897526501766784 0.5334346504559271 0.6 0.526595744680851 0.6053003533568905 0.5022796352583586 0.607773851590106 0.4369300911854103 0.6088339222614841 0.3411854103343465 0.6148409893992933 0.2803951367781155 0.6148409893992933 0.2454407294832827 0.6109540636042403 0.21124620060790272 0.5992932862190813 0.21124620060790272 0.5968197879858658 0.23708206686930092 0.5826855123674912 0.3594224924012158
12 0.6035335689045936 0.4612462006079027 0.6003533568904593 0.479483282674772 0.6042402826855123 0.5151975683890577 0.6123674911660777 0.5212765957446809 0.6303886925795052 0.5098784194528876 0.6332155477031802 0.44452887537993924 0.6321554770318021 0.39361702127659576 0.6318021201413427 0.3427051671732523 0.6318021201413427 0.31382978723404253 0.6318021201413427 0.28343465045592703 0.6307420494699647 0.26063829787234044 0.6257950530035336 0.24240121580547114 0.615547703180212 0.2507598784194529
15 0.6872791519434629 0.446048632218845 0.6893992932862191 0.49012158054711247 0.7031802120141343 0.5022796352583586 0.7173144876325088 0.5022796352583586 0.7293286219081272 0.493161094224924 0.7318021201413427 0.45288753799392095 0.7321554770318022 0.41185410334346506 0.742756183745583 0.3601823708206687 0.7484098939929329 0.31382978723404253 0.7473498233215548 0.27583586626139817 0.73886925795053 0.24924012158054712 0.7067137809187279 0.32750759878419455 0.6908127208480566 0.4004559270516717
17 0.5519434628975265 0.5417933130699089 0.5448763250883393 0.5516717325227963 0.5480565371024735 0.6094224924012158 0.5519434628975265 0.6990881458966566 0.5501766784452297 0.7386018237082067 0.5508833922261485 0.7507598784194529 0.5519434628975265 0.763677811550152 0.5586572438162544 0.7667173252279635 0.5646643109540636 0.7104863221884499 0.5639575971731449 0.5843465045592705 0.5597173144876325 0.540273556231003 0.5551236749116608 0.541033434650456
18 0.5749116607773852 0.5395136778115501 0.5674911660777385 0.5592705167173252 0.5742049469964664 0.6542553191489362 0.5710247349823322 0.7241641337386018 0.5678445229681979 0.7591185410334347 0.5738515901060071 0.776595744680851 0.5848056537102474 0.7743161094224924 0.592226148409894 0.6861702127659575 0.5939929328621908 0.5987841945288754 0.5876325088339223 0.5440729483282675 0.5787985865724382 0.5379939209726444
19 0.5943462897526501 0.526595744680851 0.5890459363957598 0.5516717325227963 0.6024734982332155 0.6398176291793313 0.6081272084805653 0.6960486322188449 0.6127208480565371 0.7241641337386018 0.6169611307420495 0.7416413373860182 0.6250883392226149 0.7477203647416414 0.627208480565371 0.7279635258358662 0.6219081272084805 0.5828267477203647 0.6197879858657244 0.5303951367781155 0.6148409893992933 0.5167173252279635 0.6056537102473498 0.513677811550152 0.6010600706713781 0.5106382978723404
20 0.620494699646643 0.513677811550152 0.6141342756183745 0.5174772036474165 0.6166077738515902 0.5585106382978723 0.6293286219081272 0.6390577507598785 0.6385159010600707 0.7180851063829787 0.6473498233215548 0.7507598784194529 0.6522968197879858 0.7545592705167173 0.6628975265017668 0.7477203647416414 0.6505300353356891 0.6398176291793313 0.6469964664310954 0.5562310030395137 0.6448763250883393 0.5220364741641338 0.6402826855123674 0.506079027355623 0.6318021201413427 0.5045592705167173
22 0.6784452296819788 0.5075987841945289 0.6734982332155477 0.5151975683890577 0.6833922261484099 0.5797872340425532 0.7060070671378091 0.6679331306990881 0.7190812720848057 0.7165653495440729 0.7208480565371025 0.7226443768996961 0.7480565371024736 0.7188449848024316 0.7646643109540636 0.6914893617021277 0.7590106007067138 0.6542553191489362 0.7445229681978799 0.5919452887537994 0.7318021201413427 0.5524316109422492 0.7265017667844523 0.5144376899696048 0.7180212014134275 0.49772036474164133 0.6982332155477032 0.48936170212765956 0.6830388692579505 0.5007598784194529
25 0.47950530035335687 0.5425531914893617 0.4717314487632509 0.540273556231003 0.472791519434629 0.5737082066869301 0.4717314487632509 0.6094224924012158 0.4833922261484099 0.6975683890577508 0.4911660777385159 0.7507598784194529 0.5007067137809187 0.7682370820668692 0.5091872791519435 0.7651975683890577 0.5070671378091873 0.6990881458966566 0.49328621908127207 0.5851063829787234 0.48798586572438163 0.5486322188449848 0.4826855123674912 0.5440729483282675
26 0.45441696113074204 0.5357142857142857 0.44840989399293285 0.541033434650456 0.4462897526501767 0.6109422492401215 0.4526501766784452 0.6937689969604863 0.468904593639576 0.7803951367781155 0.48091872791519436 0.7879939209726444 0.49151943462897524 0.770516717325228 0.4802120141342756 0.6869300911854104 0.47491166077738517 0.5797872340425532 0.4706713780918728 0.5547112462006079
27 0.43780918727915197 0.5486322188449848 0.42862190812720846 0.5524316109422492 0.42473498233215545 0.5911854103343465 0.4254416961130742 0.6299392097264438 0.43498233215547705 0.7317629179331308 0.4371024734982332 0.7575987841945289 0.4452296819787986 0.7651975683890577 0.4540636042402827 0.7454407294832827 0.45618374558303887 0.7066869300911854 0.45229681978798586 0.6344984802431611 0.4519434628975265 0.5790273556231003 0.45371024734982335 0.5554711246200608 0.4491166077738516 0.547112462006079 0.4416961130742049 0.5455927051671733
28 0.4109540636042403 0.5273556231003039 0.3996466431095406 0.5372340425531915 0.3982332155477032 0.5957446808510638 0.3992932862190813 0.6732522796352584 0.3855123674911661 0.7469604863221885 0.3869257950530035 0.7887537993920972 0.4060070671378092 0.7796352583586627 0.42367491166077736 0.6762917933130699 0.4321554770318021 0.5927051671732523 0.43462897526501765 0.5425531914893617 0.43003533568904595 0.5372340425531915 0.419434628975265 0.5303951367781155
31 0.2964664310954064 0.5106382978723404 0.2855123674911661 0.5212765957446809 0.2780918727915194 0.560790273556231 0.2441696113074205 0.6322188449848024 0.23674911660777384 0.689209726443769 0.2657243816254417 0.7051671732522796 0.31448763250883394 0.6223404255319149 0.3371024734982332 0.5699088145896657 0.3353356890459364 0.5417933130699089 0.3275618374558304 0.5379939209726444 0.3197879858657244 0.5326747720364742 0.3010600706713781 0.5174772036474165