0 0.48633603238866396 0.3043032786885246 0.48380566801619435 0.548155737704918 0.45951417004048584 0.5461065573770492 0.4509109311740891 0.5379098360655737 0.45293522267206476 0.49077868852459017 0.4676113360323887 0.29713114754098363
1 0.46558704453441296 0.2930327868852459 0.45799595141700405 0.45184426229508196 0.4483805668016194 0.5430327868852459 0.42864372469635625 0.5256147540983607 0.430668016194332 0.4918032786885246 0.43218623481781376 0.4661885245901639 0.4392712550607287 0.4344262295081967 0.4524291497975709 0.32479508196721313
2 0.4316801619433198 0.24180327868852458 0.4509109311740891 0.39036885245901637 0.4524291497975709 0.4047131147540984 0.4549595141700405 0.41598360655737704 0.4549595141700405 0.4262295081967213 0.4524291497975709 0.4385245901639344 0.4493927125506073 0.45081967213114754 0.44686234817813764 0.45799180327868855 0.44281376518218624 0.4672131147540984 0.4276315789473684 0.45081967213114754 0.4240890688259109 0.42725409836065575 0.4215587044534413 0.34938524590163933 0.4124493927125506 0.23565573770491804 0.42864372469635625 0.2223360655737705
3 0.42206477732793524 0.3350409836065574 0.4230769230769231 0.3944672131147541 0.42864372469635625 0.4661885245901639 0.4311740890688259 0.48565573770491804 0.430668016194332 0.4979508196721312 0.42965587044534415 0.507172131147541 0.4251012145748988 0.5204918032786885 0.4200404858299595 0.5266393442622951 0.4144736842105263 0.5235655737704918 0.409919028340081 0.5092213114754098 0.4073886639676113 0.4989754098360656 0.4068825910931174 0.48668032786885246 0.4089068825910931 0.4702868852459016 0.4058704453441296 0.4375 0.4033400809716599 0.32684426229508196 0.4185222672064777 0.3206967213114754
4 0.3785425101214575 0.3165983606557377 0.3856275303643725 0.39651639344262296 0.3866396761133603 0.44364754098360654 0.38360323886639675 0.4672131147540984 0.38208502024291496 0.4805327868852459 0.38309716599190285 0.4918032786885246 0.38714574898785425 0.5010245901639344 0.3942307692307692 0.507172131147541 0.3992914979757085 0.5092213114754098 0.4068825910931174 0.507172131147541 0.4109311740890688 0.5 0.40941295546558704 0.4682377049180328 0.402834008097166 0.31864754098360654 0.38714574898785425 0.3043032786885246
5 0.37398785425101216 0.28790983606557374 0.3841093117408907 0.35860655737704916 0.3861336032388664 0.4180327868852459 0.38917004048583 0.44774590163934425 0.39068825910931176 0.4682377049180328 0.39068825910931176 0.4774590163934426 0.39068825910931176 0.4887295081967213 0.3881578947368421 0.5 0.3810728744939271 0.5092213114754098 0.37449392712550605 0.5092213114754098 0.36538461538461536 0.5051229508196722 0.3517206477732793 0.5030737704918032 0.3441295546558704 0.4969262295081967 0.3431174089068826 0.47848360655737704 0.3456477732793522 0.45901639344262296 0.3476720647773279 0.4375 0.35121457489878544 0.39241803278688525 0.35374493927125505 0.3555327868852459 0.354251012145749 0.32479508196721313 0.35526315789473684 0.3012295081967213 0.3618421052631579 0.29098360655737704
6 0.34868421052631576 0.29200819672131145 0.354251012145749 0.3555327868852459 0.35374493927125505 0.38524590163934425 0.3532388663967611 0.40061475409836067 0.3491902834008097 0.4334016393442623 0.3481781376518219 0.44774590163934425 0.3466599190283401 0.4661885245901639 0.3436234817813765 0.48155737704918034 0.3410931174089069 0.48975409836065575 0.3314777327935223 0.4918032786885246 0.32186234817813764 0.4918032786885246 0.31629554655870445 0.48565573770491804 0.3081983805668016 0.4774590163934426 0.30465587044534415 0.4661885245901639 0.30364372469635625 0.4487704918032787 0.30465587044534415 0.4293032786885246 0.3102226720647773 0.41188524590163933 0.3152834008097166 0.3975409836065574 0.31983805668016196 0.3831967213114754 0.3248987854251012 0.36168032786885246 0.3259109311740891 0.33811475409836067 0.32793522267206476 0.3084016393442623 0.3314777327935223 0.29815573770491804
7 0.29706477732793524 0.27561475409836067 0.2773279352226721 0.3719262295081967 0.3041497975708502 0.42110655737704916 0.31781376518218624 0.3985655737704918 0.32540485829959515 0.3709016393442623 0.3274291497975709 0.3463114754098361 0.32894736842105265 0.32274590163934425 0.3259109311740891 0.3073770491803279 0.3107287449392713 0.2838114754098361
8 0.48785425101214575 0.30225409836065575 0.48633603238866396 0.555327868852459 0.513663967611336 0.5491803278688525 0.5146761133603239 0.492827868852459 0.5096153846153846 0.3043032786885246
9 0.5091093117408907 0.3073770491803279 0.5156882591093117 0.5399590163934426 0.5328947368421053 0.5409836065573771 0.5364372469635628 0.5174180327868853 0.5334008097165992 0.47438524590163933 0.5298582995951417 0.3145491803278688
10 0.5308704453441295 0.32172131147540983 0.5339068825910931 0.5092213114754098 0.5440283400809717 0.5450819672131147 0.5521255060728745 0.5440573770491803 0.5592105263157895 0.5204918032786885 0.5571862348178138 0.4651639344262295 0.548582995951417 0.3104508196721312 0.5298582995951417 0.3125
11 0.5521255060728745 0.3125 0.5541497975708503 0.4364754098360656 0.5521255060728745 0.4805327868852459 0.5511133603238867 0.5051229508196722 0.5541497975708503 0.5194672131147541 0.5607287449392713 0.5317622950819673 0.5662955465587044 0.5338114754098361 0.5748987854251012 0.5307377049180327 0.5794534412955465 0.5225409836065574 0.5804655870445344 0.5133196721311475 0.5799595141700404 0.4969262295081967 0.5748987854251012 0.45389344262295084 0.5632591093117408 0.3104508196721312
12 0.5652834008097166 0.3073770491803279 0.5703441295546559 0.3862704918032787 0.5748987854251012 0.4610655737704918 0.5733805668016194 0.4692622950819672 0.5728744939271255 0.4774590163934426 0.5728744939271255 0.48770491803278687 0.5733805668016194 0.4979508196721312 0.5759109311740891 0.5092213114754098 0.5794534412955465 0.5184426229508197 0.5855263157894737 0.5256147540983607 0.5910931174089069 0.5235655737704918 0.5986842105263158 0.5040983606557377 0.5986842105263158 0.48565573770491804 0.5926113360323887 0.44979508196721313 0.5865384615384616 0.3729508196721312 0.5855263157894737 0.29610655737704916 0.5662955465587044 0.29508196721311475
13 0.5951417004048583 0.29713114754098363 0.5875506072874493 0.35655737704918034 0.5910931174089069 0.430327868852459 0.5921052631578947 0.44774590163934425 0.5915991902834008 0.4600409836065574 0.590080971659919 0.4723360655737705 0.590080971659919 0.48565573770491804 0.5921052631578947 0.5 0.5946356275303644 0.5092213114754098 0.6002024291497976 0.5174180327868853 0.6163967611336032 0.514344262295082 0.6310728744939271 0.5061475409836066 0.6361336032388664 0.492827868852459 0.6325910931174089 0.4661885245901639 0.6260121457489879 0.42827868852459017 0.618421052631579 0.40061475409836067 0.6163967611336032 0.3206967213114754 0.6199392712550608 0.3012295081967213
14 0.6189271255060729 0.30020491803278687 0.6163967611336032 0.3524590163934426 0.6199392712550608 0.4088114754098361 0.6290485829959515 0.4487704918032787 0.6351214574898786 0.48975409836065575 0.6538461538461539 0.4918032786885246 0.6685222672064778 0.4723360655737705 0.6751012145748988 0.444672131147541 0.6695344129554656 0.4180327868852459 0.6629554655870445 0.4067622950819672 0.6563765182186235 0.3975409836065574 0.6492914979757085 0.38934426229508196 0.6411943319838057 0.3780737704918033 0.6381578947368421 0.35758196721311475 0.6366396761133604 0.3350409836065574 0.632085020242915 0.3145491803278688 0.6265182186234818 0.3084016393442623
16 0.4848178137651822 0.5727459016393442 0.4832995951417004 0.7448770491803278 0.4984817813765182 0.7418032786885246 0.5030364372469636 0.5973360655737705 0.5030364372469636 0.5717213114754098
17 0.5080971659919028 0.5727459016393442 0.5030364372469636 0.5850409836065574 0.5035425101214575 0.7479508196721312 0.5182186234817814 0.7479508196721312 0.5197368421052632 0.6137295081967213 0.5197368421052632 0.5706967213114754
18 0.5242914979757085 0.5604508196721312 0.5197368421052632 0.5911885245901639 0.520242914979757 0.6475409836065574 0.5369433198380567 0.7961065573770492 0.5607287449392713 0.7797131147540983 0.5435222672064778 0.6157786885245902 0.5425101214574899 0.5983606557377049 0.5404858299595142 0.5911885245901639 0.5399797570850202 0.5840163934426229 0.5404858299595142 0.5758196721311475 0.5409919028340081 0.5706967213114754 0.5374493927125507 0.5655737704918032 0.5339068825910931 0.5625 0.5298582995951417 0.5604508196721312
19 0.5475708502024291 0.5563524590163934 0.5445344129554656 0.5737704918032787 0.5394736842105263 0.5799180327868853 0.5399797570850202 0.5922131147540983 0.5450404858299596 0.617827868852459 0.5521255060728745 0.7131147540983607 0.5652834008097166 0.7879098360655737 0.5819838056680162 0.7674180327868853 0.5642712550607287 0.6055327868852459 0.5632591093117408 0.5860655737704918 0.5642712550607287 0.5727459016393442 0.5617408906882592 0.5625 0.5587044534412956 0.5584016393442623 0.5541497975708503 0.5532786885245902
20 0.5738866396761133 0.555327868852459 0.5632591093117408 0.5717213114754098 0.5642712550607287 0.6034836065573771 0.5774291497975709 0.7038934426229508 0.5890688259109311 0.7838114754098361 0.617914979757085 0.7674180327868853 0.59665991902834 0.6219262295081968 0.5915991902834008 0.5799180327868853 0.5895748987854251 0.5676229508196722 0.5860323886639676 0.5584016393442623 0.5809716599190283 0.5522540983606558 0.576417004048583 0.5532786885245902
21 0.5926113360323887 0.5327868852459017 0.5845141700404858 0.5379098360655737 0.5845141700404858 0.5440573770491803 0.5840080971659919 0.5563524590163934 0.5845141700404858 0.5665983606557377 0.5880566801619433 0.576844262295082 0.5915991902834008 0.5870901639344263 0.5941295546558705 0.5973360655737705 0.5956477732793523 0.6147540983606558 0.5976720647773279 0.6331967213114754 0.6002024291497976 0.6485655737704918 0.603744939271255 0.6700819672131147 0.6088056680161943 0.6997950819672131 0.6214574898785425 0.7438524590163934 0.6346153846153846 0.7633196721311475 0.6715587044534413 0.7079918032786885 0.6346153846153846 0.6004098360655737 0.6285425101214575 0.5614754098360656 0.6290485829959515 0.5502049180327869 0.6275303643724697 0.5430327868852459 0.6265182186234818 0.5307377049180327 0.6234817813765182 0.5225409836065574 0.6189271255060729 0.5215163934426229 0.611336032388664 0.5235655737704918 0.604757085020243 0.5276639344262295 0.5976720647773279 0.5286885245901639
22 0.6371457489878543 0.5010245901639344 0.6214574898785425 0.5194672131147541 0.6204453441295547 0.5327868852459017 0.6234817813765182 0.5450819672131147 0.6265182186234818 0.5543032786885246 0.6310728744939271 0.5635245901639344 0.6437246963562753 0.6331967213114754 0.6852226720647774 0.7305327868852459 0.7186234817813765 0.6670081967213115 0.687246963562753 0.6137295081967213 0.6740890688259109 0.5645491803278688 0.6725708502024291 0.5194672131147541 0.6690283400809717 0.4979508196721312 0.6624493927125507 0.48975409836065575 0.6573886639676113 0.48975409836065575 0.6503036437246964 0.4948770491803279 0.6427125506072875 0.5010245901639344
24 0.48431174089068824 0.5706967213114754 0.48431174089068824 0.7684426229508197 0.4681174089068826 0.7694672131147541 0.4665991902834008 0.5973360655737705 0.4665991902834008 0.5737704918032787
25 0.46558704453441296 0.569672131147541 0.44686234817813764 0.5686475409836066 0.4458502024291498 0.5881147540983607 0.43775303643724695 0.7909836065573771 0.4665991902834008 0.7879098360655737 0.46710526315789475 0.6024590163934426
26 0.4382591093117409 0.5584016393442623 0.44686234817813764 0.5778688524590164 0.4357287449392713 0.7971311475409836 0.4043522267206478 0.7817622950819673 0.4230769230769231 0.5993852459016393 0.4230769230769231 0.5860655737704918 0.4230769230769231 0.576844262295082 0.4256072874493927 0.5686475409836066 0.4291497975708502 0.5594262295081968 0.4331983805668016 0.5543032786885246
27 0.4190283400809717 0.5440573770491803 0.4271255060728745 0.5717213114754098 0.4276315789473684 0.5799180327868853 0.4266194331983806 0.5870901639344263 0.423582995951417 0.5942622950819673 0.4225708502024291 0.5993852459016393 0.4018218623481781 0.7899590163934426 0.3765182186234818 0.764344262295082 0.40131578947368424 0.5891393442622951 0.40131578947368424 0.5778688524590164 0.4018218623481781 0.5676229508196722 0.4023279352226721 0.5594262295081968 0.4063765182186235 0.5512295081967213 0.4104251012145749 0.5450819672131147 0.41548582995951416 0.5430327868852459
28 0.39271255060728744 0.5307377049180327 0.4043522267206478 0.5409836065573771 0.4073886639676113 0.5491803278688525 0.4073886639676113 0.5594262295081968 0.40536437246963564 0.5676229508196722 0.402834008097166 0.5747950819672131 0.39979757085020245 0.5829918032786885 0.37196356275303644 0.7766393442622951 0.3481781376518219 0.7633196721311475 0.3714574898785425 0.617827868852459 0.3765182186234818 0.5778688524590164 0.3765182186234818 0.5635245901639344 0.3770242914979757 0.5522540983606558 0.3790485829959514 0.5461065573770492 0.38208502024291496 0.5348360655737705 0.3866396761133603 0.5307377049180327
29 0.3775303643724696 0.5215163934426229 0.3456477732793522 0.5122950819672131 0.3395748987854251 0.5194672131147541 0.33805668016194335 0.5286885245901639 0.33704453441295545 0.5420081967213115 0.33653846153846156 0.5584016393442623 0.29048582995951416 0.7202868852459017 0.3314777327935223 0.7633196721311475 0.3643724696356275 0.6629098360655737 0.37601214574898784 0.5860655737704918 0.37955465587044535 0.5706967213114754 0.38208502024291496 0.5614754098360656 0.38360323886639675 0.5491803278688525 0.3856275303643725 0.5379098360655737 0.38208502024291496 0.5276639344262295 0.37955465587044535 0.5266393442622951
30 0.2975708502024291 0.48770491803278687 0.29200404858299595 0.5010245901639344 0.2894736842105263 0.5184426229508197 0.28795546558704455 0.5358606557377049 0.2874493927125506 0.5522540983606558 0.28441295546558704 0.5665983606557377 0.2823886639676113 0.5758196721311475 0.2783400809716599 0.5901639344262295 0.24544534412955465 0.6690573770491803 0.2798582995951417 0.7100409836065574 0.3188259109311741 0.6229508196721312 0.33856275303643724 0.5471311475409836 0.3426113360323887 0.5286885245901639 0.3431174089068826 0.5133196721311475 0.3410931174089069 0.5051229508196722 0.333502024291498 0.5 0.3233805668016194 0.4989754098360656 0.3132591093117409 0.49385245901639346 0.3076923076923077 0.48770491803278687 0.30313765182186236 0.48360655737704916
31 0.2717611336032389 0.5153688524590164 0.2601214574898785 0.5010245901639344 0.25050607287449395 0.4959016393442623 0.23987854251012145 0.5061475409836066 0.22722672064777327 0.5348360655737705 0.201417004048583 0.5809426229508197 0.18269230769230768 0.6219262295081968 0.23228744939271256 0.6834016393442623 0.26619433198380565 0.617827868852459 0.2808704453441296 0.5870901639344263 0.2854251012145749 0.5665983606557377 0.2859311740890688 0.548155737704918 0.2798582995951417 0.5276639344262295
23 0.7201417004048583 0.48668032786885246 0.701417004048583 0.48565573770491804 0.6918016194331984 0.5020491803278688 0.6928137651821862 0.5399590163934426 0.701417004048583 0.6024590163934426 0.715080971659919 0.6629098360655737 0.7489878542510121 0.6485655737704918 0.7449392712550608 0.5358606557377049 0.7424089068825911 0.48565573770491804
15 0.6381578947368421 0.3135245901639344 0.6437246963562753 0.29610655737704916 0.6589068825910931 0.30020491803278687 0.6680161943319838 0.3135245901639344 0.6786437246963563 0.3514344262295082 0.6745951417004049 0.38422131147540983 0.6680161943319838 0.41598360655737704 0.6401821862348178 0.38422131147540983 0.6346153846153846 0.3422131147540984