0 0.47219413549039435 0.324468085106383 0.47219413549039435 0.34422492401215804 0.4752275025278059 0.3822188449848024 0.4752275025278059 0.4133738601823708 0.4752275025278059 0.47416413373860183 0.47320525783619816 0.49620060790273557 0.47320525783619816 0.5189969604863222 0.4930906639703404 0.5250759878419453 0.5038759689922481 0.5250759878419453 0.5048870913380519 0.48556231003039513 0.4998314796090327 0.4430091185410334 0.49679811257162115 0.4095744680851064 0.49578699022581735 0.3731003039513678 0.4930906639703404 0.3373860182370821 0.4930906639703404 0.3221884498480243
1 0.4563532187394675 0.3130699088145897 0.45331985170205596 0.3487841945288754 0.45331985170205596 0.3844984802431611 0.45331985170205596 0.41109422492401215 0.4523087293562521 0.4452887537993921 0.4523087293562521 0.48936170212765956 0.45433097404785977 0.5167173252279635 0.46309403437815977 0.5364741641337386 0.47792382878328277 0.5098784194528876 0.47792382878328277 0.45592705167173253 0.47320525783619816 0.4133738601823708 0.47219413549039435 0.3822188449848024 0.4711830131445905 0.3373860182370821 0.4711830131445905 0.30851063829787234
2 0.4334344455679137 0.30623100303951367 0.4304010785305022 0.34194528875379937 0.42938995618469833 0.3913373860182371 0.42938995618469833 0.4338905775075988 0.42938995618469833 0.4673252279635258 0.4304010785305022 0.5167173252279635 0.45028648466464444 0.5364741641337386 0.4563532187394675 0.5273556231003039 0.46006066734074824 0.47188449848024316 0.4563532187394675 0.41793313069908816 0.45028648466464444 0.3731003039513678 0.4472531176272329 0.34422492401215804
3 0.40950455005055614 0.30623100303951367 0.40950455005055614 0.31990881458966564 0.40950455005055614 0.34422492401215804 0.40950455005055614 0.37537993920972645 0.40950455005055614 0.41109422492401215 0.40950455005055614 0.43617021276595747 0.40950455005055614 0.47416413373860183 0.4115267947421638 0.5144376899696048 0.4206268958543984 0.5296352583586627 0.4384900572969329 0.49620060790273557 0.4344455679137176 0.4696048632218845 0.43242332322210986 0.4430091185410334 0.43242332322210986 0.41793313069908816 0.43242332322210986 0.3844984802431611 0.4354566902595214 0.3373860182370821 0.4374789349511291 0.31534954407294835
4 0.3838894506235254 0.31990881458966564 0.3828783282777216 0.37537993920972645 0.3788338388945062 0.4027355623100304 0.3741152679474216 0.4627659574468085 0.37209302325581395 0.48936170212765956 0.37681159420289856 0.5075987841945289 0.38894506235254467 0.5144376899696048 0.40074148972025614 0.5144376899696048 0.416582406471183 0.4870820668693009 0.4155712841253792 0.4673252279635258 0.41354903943377147 0.43844984802431614 0.41354903943377147 0.4027355623100304 0.41051567239635994 0.35790273556231 0.40950455005055614 0.31762917933130697
5 0.3522076171216717 0.32674772036474165 0.3522076171216717 0.3465045592705167 0.35018537243006403 0.38677811550151975 0.34614088304684865 0.4027355623100304 0.34041118975396023 0.4270516717325228 0.3343444556791372 0.4490881458966565 0.3333333333333333 0.47416413373860183 0.3420963936636333 0.5030395136778115 0.35995955510616784 0.5121580547112462 0.3741152679474216 0.5121580547112462 0.3778227165487024 0.48936170212765956 0.37681159420289856 0.4513677811550152 0.37681159420289856 0.4095744680851064 0.38085608358611395 0.36930091185410335 0.38186720593191775 0.32674772036474165
6 0.3282777216043141 0.310790273556231 0.32625547691270645 0.3290273556231003 0.3154701718907988 0.39361702127659576 0.3114256825075834 0.4133738601823708 0.30266262217728346 0.4316109422492401 0.29760701044826426 0.4452887537993921 0.2965958881024604 0.4627659574468085 0.3016514998314796 0.4810030395136778 0.3134479271991911 0.48936170212765956 0.3252443545669026 0.49848024316109424 0.3333333333333333 0.5030395136778115 0.3414223120997641 0.47416413373860183 0.3420963936636333 0.4338905775075988 0.3414223120997641 0.4072948328267477 0.3431075160094371 0.3799392097264438 0.3471520053926525 0.33358662613981765 0.3491742500842602 0.30623100303951367
8 0.5069093360296596 0.310790273556231 0.5048870913380519 0.3533434650455927 0.5048870913380519 0.40501519756838905 0.5048870913380519 0.4430091185410334 0.5038759689922481 0.4787234042553192 0.5099427030670711 0.5007598784194529 0.5207280080889788 0.5007598784194529 0.5284799460734749 0.4627659574468085 0.5237613751263903 0.4156534954407295 0.5227502527805864 0.371580547112462 0.5217391304347826 0.30167173252279633
9 0.5264577013818672 0.30623100303951367 0.5247724974721941 0.3556231003039514 0.5227502527805864 0.3958966565349544 0.5227502527805864 0.4316109422492401 0.5227502527805864 0.47188449848024316 0.5247724974721941 0.5075987841945289 0.5365689248399056 0.5144376899696048 0.5426356589147286 0.4939209726443769 0.5443208628244017 0.45592705167173253 0.5433097404785979 0.4004559270516717 0.5385911695315133 0.36246200607902734 0.5433097404785979 0.303951367781155
10 0.5544320862824402 0.310790273556231 0.5483653522076172 0.34194528875379937 0.5453319851702056 0.3822188449848024 0.5453319851702056 0.4270516717325228 0.5453319851702056 0.4764437689969605 0.549376474553421 0.5121580547112462 0.5662285136501517 0.5212765957446809 0.5722952477249748 0.49620060790273557 0.5692618806875632 0.44756838905775076 0.5672396359959555 0.39361702127659576 0.5662285136501517 0.3290273556231003
11 0.5763397371081901 0.3130699088145897 0.570273003033367 0.3465045592705167 0.564206268958544 0.3958966565349544 0.5611729019211324 0.44072948328267475 0.5611729019211324 0.48556231003039513 0.5662285136501517 0.5098784194528876 0.5770138186720594 0.5144376899696048 0.5830805527468824 0.5053191489361702 0.58510279743849 0.4490881458966565 0.58510279743849 0.41109422492401215 0.58510279743849 0.3601823708206687 0.58510279743849 0.2887537993920973
12 0.5871250421300978 0.2933130699088146 0.5830805527468824 0.31762917933130697 0.5830805527468824 0.33586626139817627
13 0.5931917762049208 0.3123100303951368 0.5901584091675093 0.36854103343465044 0.58510279743849 0.43541033434650456 0.5800471857094709 0.4848024316109423 0.6019548365352207 0.506838905775076 0.6137512639029322 0.4908814589665654 0.6090326929558476 0.42857142857142855 0.6019548365352207 0.3731003039513678 0.6039770812268285 0.3282674772036474 0.60701044826424 0.28799392097264437
13 0.6049882035726323 0.2978723404255319 0.6039770812268285 0.33358662613981765 0.6039770812268285 0.3799392097264438 0.60701044826424 0.4452887537993921 0.6117290192113246 0.48556231003039513 0.6417256488035052 0.48328267477203646 0.6474553420963937 0.45364741641337386 0.6316144253454669 0.3890577507598784 0.6285810583080553 0.34194528875379937 0.6268958543983822 0.29559270516717323
14 0.6268958543983822 0.2864741641337386 0.6326255476912707 0.34422492401215804 0.6417256488035052 0.4133738601823708 0.6454330974047859 0.4452887537993921 0.658577687900236 0.4490881458966565 0.6744186046511628 0.4430091185410334 0.6744186046511628 0.3890577507598784 0.6545331985170205 0.32674772036474165 0.6545331985170205 0.2750759878419453
15 0.6552072800808898 0.2674772036474164 0.6572295247724975 0.2978723404255319 0.661948095719582 0.33586626139817627 0.6653185035389282 0.3586626139817629 0.6720593191776205 0.4012158054711246 0.6774519716885743 0.4376899696048632 0.6828446241995282 0.46504559270516715 0.6895854398382204 0.44680851063829785 0.6929558476575666 0.43617021276595747 0.6996966632962589 0.43009118541033436 0.709133805190428 0.41793313069908816 0.7118301314459049 0.4088145896656535 0.7057633973710818 0.3799392097264438 0.6990225817323896 0.3525835866261398 0.6936299292214358 0.32978723404255317 0.6835187057633973 0.2917933130699088 0.6781260532524436 0.270516717325228 0.6713852376137512 0.25987841945288753
17 0.5048870913380519 0.7036474164133738 0.5055611729019212 0.6732522796352584 0.5042130097741827 0.6565349544072948 0.5042130097741827 0.6170212765957447 0.5055611729019212 0.5957446808510638 0.5075834175935288 0.5592705167173252 0.5109538254128749 0.5379939209726444 0.5203909673070441 0.5334346504559271 0.5291540276373441 0.5395136778115501 0.5305021907650825 0.5516717325227963 0.5284799460734749 0.5775075987841946 0.5251095382541288 0.5972644376899696 0.5237613751263903 0.6170212765957447 0.523087293562521 0.6337386018237082 0.5197168857431749 0.6595744680851063 0.5197168857431749 0.6945288753799392 0.5176946410515673 0.7188449848024316 0.5096056622851365 0.7279635258358662 0.502190765082575 0.7218844984802432
18 0.531850353892821 0.547112462006079 0.5271317829457365 0.5835866261398176 0.5257836198179979 0.6200607902735562 0.5251095382541288 0.682370820668693 0.5291540276373441 0.7249240121580547 0.5358948432760364 0.723404255319149 0.5426356589147286 0.7036474164133738 0.5446579036063364 0.662613981762918 0.5446579036063364 0.6337386018237082 0.5446579036063364 0.5896656534954408 0.5453319851702056 0.5653495440729484 0.5412874957869902 0.5440729483282675
19 0.5412874957869902 0.5395136778115501 0.5412874957869902 0.541033434650456 0.5439838220424671 0.6094224924012158 0.5480283114256825 0.6322188449848024 0.5534209639366363 0.6717325227963525 0.5561172901921132 0.7173252279635258 0.5628581058308055 0.7310030395136778 0.5709470845972363 0.7173252279635258 0.5716211661611055 0.6762917933130699 0.5695989214694978 0.6398176291793313 0.5682507583417593 0.5942249240121581 0.5682507583417593 0.560790273556231 0.5648803505224133 0.5501519756838906 0.5601617795753286 0.5440729483282675 0.5500505561172901 0.541033434650456
20 0.5817323896191439 0.5319148936170213 0.5695989214694978 0.5440729483282675 0.5675766767778901 0.560790273556231 0.5729693292888439 0.5805471124620061 0.5783619817997978 0.60790273556231 0.5797101449275363 0.6337386018237082 0.5864509605662285 0.6717325227963525 0.5918436130771824 0.6945288753799392 0.5985844287158746 0.7112462006079028 0.6046511627906976 0.7066869300911854 0.6066734074823054 0.6778115501519757 0.6033029996629592 0.6306990881458967 0.5985844287158746 0.5896656534954408 0.5952140208965285 0.5425531914893617
21 0.596562184024267 0.5030395136778115 0.5884732052578362 0.5075987841945289 0.5911695315133131 0.5334346504559271 0.5958881024603977 0.5638297872340425 0.599932591843613 0.6063829787234043 0.60262891809909 0.6276595744680851 0.6053252443545669 0.668693009118541 0.6147623862487361 0.6854103343465046 0.6316144253454669 0.6869300911854104 0.6444219750589821 0.6869300911854104 0.6518368722615436 0.668693009118541 0.6525109538254129 0.6398176291793313 0.6491405460060667 0.6109422492401215 0.6423997303673744 0.5835866261398176 0.6390293225480284 0.547112462006079 0.6383552409841591 0.513677811550152 0.6289180990899899 0.48936170212765956 0.6147623862487361 0.49240121580547114
16 0.4914054600606673 0.5334346504559271 0.48870913380519043 0.5425531914893617 0.4900572969329289 0.5866261398176292 0.4914054600606673 0.6231003039513677 0.4927536231884058 0.6702127659574468 0.4927536231884058 0.7173252279635258 0.4947758678800135 0.7279635258358662 0.5062352544657903 0.6960486322188449 0.508257499157398 0.6474164133738601 0.508257499157398 0.5835866261398176 0.5075834175935288 0.5501519756838906 0.5055611729019212 0.5319148936170213
22 0.6504887091338052 0.4878419452887538 0.6390293225480284 0.4908814589665654 0.6316144253454669 0.5151975683890577 0.6444219750589821 0.5531914893617021 0.6545331985170205 0.6094224924012158 0.6579036063363667 0.6398176291793313 0.6693629929221436 0.6580547112462006 0.6848668688911358 0.6610942249240122 0.6936299292214358 0.6595744680851063 0.7017189079878665 0.6398176291793313 0.7023929895517358 0.6155015197568389 0.6970003370407819 0.5851063829787234 0.6922817660936973 0.560790273556231 0.6895854398382204 0.5182370820668692 0.6841927873272666 0.48632218844984804 0.6720593191776205 0.47416413373860183 0.6572295247724975 0.4817629179331307
24 0.4806201550387597 0.5319148936170213 0.47320525783619816 0.5364741641337386 0.47320525783619816 0.5638297872340425 0.47253117627232893 0.5881458966565349 0.4765756656555443 0.6109422492401215 0.478597910347152 0.6641337386018237 0.4792719919110212 0.7173252279635258 0.4826423997303674 0.7462006079027356 0.4880350522413212 0.7218844984802432 0.48938321536905965 0.6930091185410334 0.4900572969329289 0.648936170212766 0.4907313784967981 0.6003039513677811 0.4900572969329289 0.5562310030395137 0.48870913380519043 0.541033434650456 0.487360970677452 0.5319148936170213
25 0.46511627906976744 0.5303951367781155 0.4597236265588136 0.5364741641337386 0.45567913717559827 0.560790273556231 0.455005055611729 0.5790273556231003 0.4590495449949444 0.601823708206687 0.4603977081226828 0.6398176291793313 0.4617458712504213 0.6914893617021277 0.463768115942029 0.7310030395136778 0.4678126053252444 0.7370820668693009 0.47387933940006743 0.6930091185410334 0.47455342096393666 0.6534954407294833 0.47320525783619816 0.6155015197568389 0.4718570947084597 0.5683890577507599 0.4718570947084597 0.5425531914893617
26 0.4408493427704752 0.5364741641337386 0.43815301651499833 0.5486322188449848 0.4361307718233906 0.5623100303951368 0.4395011796427368 0.6033434650455927 0.4408493427704752 0.6443768996960486 0.4408493427704752 0.6808510638297872 0.4408493427704752 0.7370820668693009 0.4482642399730367 0.7416413373860182 0.45365689248399055 0.7051671732522796 0.455005055611729 0.6656534954407295 0.455005055611729 0.6352583586626139 0.455005055611729 0.5835866261398176 0.4570273003033367 0.547112462006079 0.455005055611729 0.5349544072948328 0.4496124031007752 0.5303951367781155
27 0.425345466801483 0.5486322188449848 0.41793056959892144 0.5699088145896657 0.41793056959892144 0.6155015197568389 0.41793056959892144 0.662613981762918 0.41793056959892144 0.71580547112462 0.4233232221098753 0.7477203647416414 0.4354566902595214 0.6960486322188449 0.4354566902595214 0.6413373860182371 0.4395011796427368 0.5957446808510638 0.44152342433434444 0.5486322188449848 0.4320862824401753 0.5334346504559271
28 0.4091675092686215 0.547112462006079 0.39973036737445233 0.5562310030395137 0.3896191439164139 0.5851063829787234 0.38894506235254467 0.6170212765957447 0.3862487360970677 0.6762917933130699 0.3855746545331985 0.743161094224924 0.3970340411189754 0.7386018237082067 0.41051567239635994 0.6762917933130699 0.41456016177957533 0.6276595744680851 0.41927873272665994 0.5835866261398176 0.42197505898213683 0.560790273556231
29 0.38085608358611395 0.5364741641337386 0.36535220761712167 0.5319148936170213 0.35658914728682173 0.5379939209726444 0.35591506572295245 0.5486322188449848 0.35591506572295245 0.5699088145896657 0.35524098415908323 0.6063829787234043 0.3505224132119987 0.6428571428571429 0.34512976070104484 0.6762917933130699 0.3471520053926525 0.7051671732522796 0.3592854735422986 0.7218844984802432 0.3822042467138524 0.6899696048632219 0.3849005729693293 0.6671732522796353 0.39096730704415233 0.6033434650455927 0.39298955173576 0.5714285714285714 0.39568587799123695 0.5379939209726444