0 0.5215877437325905 0.3916223404255319 0.5250696378830083 0.5851063829787234 0.4958217270194986 0.5897606382978723 0.49512534818941506 0.5598404255319149 0.49164345403899723 0.3809840425531915 0.5236768802228412 0.37632978723404253
1 0.49129526462395545 0.37632978723404253 0.49512534818941506 0.5837765957446809 0.4697075208913649 0.5771276595744681 0.4697075208913649 0.5531914893617021 0.4717966573816156 0.5113031914893617 0.47040389972144847 0.3796542553191489
2 0.45647632311977715 0.3650265957446808 0.4717966573816156 0.5325797872340425 0.4724930362116992 0.5458776595744681 0.4724930362116992 0.555186170212766 0.47214484679665736 0.5664893617021277 0.4662256267409471 0.574468085106383 0.4557799442896936 0.5771276595744681 0.4516016713091922 0.574468085106383 0.4481197771587744 0.5605053191489362 0.44463788300835655 0.5339095744680851 0.43697771587743733 0.37433510638297873
3 0.4373259052924791 0.3696808510638298 0.44637883008356544 0.5132978723404256 0.44637883008356544 0.5319148936170213 0.44603064066852366 0.5438829787234043 0.4449860724233983 0.5591755319148937 0.4401114206128134 0.567154255319149 0.43419220055710306 0.5678191489361702 0.42896935933147634 0.5684840425531915 0.423050139275766 0.5691489361702128 0.41991643454038996 0.5631648936170213 0.41643454038997213 0.5518617021276596 0.4171309192200557 0.5339095744680851 0.42270194986072424 0.37566489361702127
4 0.42026462395543174 0.37566489361702127 0.41852367688022285 0.5232712765957447 0.4178272980501393 0.5398936170212766 0.4178272980501393 0.5492021276595744 0.4153899721448468 0.5605053191489362 0.40842618384401114 0.5664893617021277 0.3997214484679666 0.5664893617021277 0.3948467966573816 0.5638297872340425 0.39240947075208915 0.5525265957446809 0.3906685236768802 0.53125 0.3972841225626741 0.37632978723404253
5 0.39032033426183843 0.3663563829787234 0.39380222841225626 0.44481382978723405 0.39240947075208915 0.5086436170212766 0.3889275766016713 0.555186170212766 0.37604456824512533 0.5585106382978723 0.3645543175487465 0.5571808510638298 0.3568941504178273 0.550531914893617 0.3527158774373259 0.5438829787234043 0.35236768802228413 0.5299202127659575 0.35201949860724235 0.5132978723404256 0.35376044568245124 0.4348404255319149 0.35097493036211697 0.37300531914893614
6 0.3492339832869081 0.35904255319148937 0.35341225626740946 0.4634308510638298 0.35341225626740946 0.5013297872340425 0.3513231197771588 0.519281914893617 0.34818941504178275 0.5305851063829787 0.3384401114206128 0.5332446808510638 0.33147632311977715 0.5325797872340425 0.32381615598885793 0.5292553191489362 0.3178969359331476 0.5212765957446809 0.3147632311977716 0.5132978723404256 0.3147632311977716 0.5006648936170213 0.3185933147632312 0.4753989361702128 0.3241643454038997 0.4228723404255319 0.3255571030640669 0.3617021276595745
7 0.326949860724234 0.36103723404255317 0.32346796657381616 0.44680851063829785 0.3123259052924791 0.5139627659574468 0.2970055710306407 0.5099734042553191 0.28725626740947074 0.4933510638297872 0.2823816155988858 0.48138297872340424 0.28168523676880225 0.46476063829787234 0.2862116991643454 0.4488031914893617 0.2917827298050139 0.4328457446808511 0.306058495821727 0.3570478723404255
8 0.5327298050139275 0.3703457446808511 0.5233286908077994 0.5565159574468085 0.524025069637883 0.5844414893617021 0.5532729805013927 0.5851063829787234 0.5543175487465181 0.5492021276595744 0.5574512534818942 0.3683510638297872
9 0.5584958217270195 0.37300531914893614 0.5550139275766016 0.5425531914893617 0.5539693593314763 0.5804521276595744 0.5759052924791086 0.5877659574468085 0.5793871866295265 0.5558510638297872 0.5786908077994429 0.5285904255319149 0.5797353760445683 0.46476063829787234 0.583217270194986 0.3723404255319149
10 0.5887883008356546 0.3816489361702128 0.5762534818941504 0.5259308510638298 0.5779944289693594 0.5618351063829787 0.5866991643454039 0.581781914893617 0.592966573816156 0.581781914893617 0.5981894150417827 0.5738031914893617 0.6037604456824512 0.5565159574468085 0.6068941504178273 0.5378989361702128 0.608983286908078 0.48271276595744683 0.6107242339832869 0.38231382978723405
11 0.6152506963788301 0.38231382978723405 0.6048050139275766 0.48736702127659576 0.6027158774373259 0.5086436170212766 0.6020194986072424 0.5259308510638298 0.6016713091922006 0.5405585106382979 0.6037604456824512 0.557845744680851 0.6117688022284122 0.574468085106383 0.621866295264624 0.5831117021276596 0.6291782729805014 0.5777925531914894 0.633008356545961 0.5678191489361702 0.6340529247910863 0.550531914893617 0.6350974930362117 0.5339095744680851 0.6347493036211699 0.5039893617021277 0.6340529247910863 0.3863031914893617
12 0.633008356545961 0.3829787234042553 0.6319637883008357 0.47007978723404253 0.6326601671309192 0.5066489361702128 0.6291782729805014 0.519281914893617 0.6284818941504178 0.5319148936170213 0.6295264623955432 0.5445478723404256 0.6319637883008357 0.5585106382978723 0.6389275766016713 0.5704787234042553 0.6469359331476323 0.5764627659574468 0.6528551532033426 0.5751329787234043 0.6598189415041783 0.5678191489361702 0.6612116991643454 0.5591755319148937 0.6608635097493036 0.5472074468085106 0.6594707520891365 0.5305851063829787 0.6594707520891365 0.5146276595744681 0.6594707520891365 0.4946808510638298 0.6598189415041783 0.46143617021276595 0.6591225626740947 0.4128989361702128 0.6566852367688022 0.37632978723404253
13 0.6664345403899722 0.3703457446808511 0.6605153203342619 0.49867021276595747 0.658774373259053 0.5179521276595744 0.6584261838440112 0.5319148936170213 0.6591225626740947 0.5472074468085106 0.665041782729805 0.5605053191489362 0.6761838440111421 0.5691489361702128 0.6904596100278552 0.569813829787234 0.6981197771587744 0.5678191489361702 0.7029944289693594 0.5485372340425532 0.7005571030640668 0.5212765957446809 0.700208913649025 0.4900265957446808 0.7016016713091922 0.37898936170212766
14 0.700208913649025 0.3683510638297872 0.6988161559888579 0.47007978723404253 0.7005571030640668 0.5319148936170213 0.7123955431754875 0.5485372340425532 0.7235376044568245 0.5472074468085106 0.7357242339832869 0.5339095744680851 0.7409470752089137 0.519281914893617 0.7409470752089137 0.5079787234042553 0.7367688022284122 0.4920212765957447 0.7322423398328691 0.4734042553191489 0.7308495821727019 0.355718085106383 0.7005571030640668 0.3523936170212766
15 0.7284122562674095 0.3517287234042553 0.7329387186629527 0.48603723404255317 0.733983286908078 0.5026595744680851 0.7385097493036211 0.5159574468085106 0.7479108635097493 0.5246010638297872 0.7611420612813371 0.5232712765957447 0.774025069637883 0.5099734042553191 0.7768105849582173 0.4913563829787234 0.770891364902507 0.45944148936170215 0.7663649025069638 0.4175531914893617 0.7642757660167131 0.37632978723404253 0.7611420612813371 0.3583776595744681 0.7437325905292479 0.3464095744680851
16 0.5222841225626741 0.6097074468085106 0.5226323119777159 0.6602393617021277 0.5205431754874652 0.7978723404255319 0.5466573816155988 0.7985372340425532 0.5428272980501393 0.6363031914893617 0.541782729805014 0.6023936170212766
17 0.5414345403899722 0.6030585106382979 0.5438718662952646 0.6555851063829787 0.5477019498607242 0.8231382978723404 0.5703342618384402 0.8158244680851063 0.5692896935933147 0.6648936170212766 0.5647632311977716 0.6396276595744681 0.5647632311977716 0.6210106382978723 0.5647632311977716 0.6017287234042553
18 0.572075208913649 0.605718085106383 0.567200557103064 0.6123670212765957 0.5647632311977716 0.6196808510638298 0.564066852367688 0.6303191489361702 0.5647632311977716 0.6416223404255319 0.5772980501392758 0.7333776595744681 0.5807799442896936 0.8384308510638298 0.6055013927576601 0.8344414893617021 0.6034122562674095 0.7007978723404256 0.5936629526462396 0.6529255319148937 0.5919220055710307 0.6316489361702128 0.5908774373259053 0.6123670212765957 0.5866991643454039 0.6063829787234043 0.5779944289693594 0.605718085106383
19 0.5971448467966574 0.6017287234042553 0.5901810584958217 0.629654255319149 0.5981894150417827 0.6768617021276596 0.6173398328690808 0.805186170212766 0.6417130919220055 0.7878989361702128 0.6246518105849582 0.6622340425531915 0.6239554317548747 0.644281914893617 0.6208217270194986 0.6289893617021277 0.6187325905292479 0.6183510638297872 0.6155988857938719 0.6077127659574468 0.6103760445682451 0.5990691489361702 0.6013231197771588 0.5970744680851063
20 0.6253481894150418 0.5977393617021277 0.6204735376044568 0.6043882978723404 0.6155988857938719 0.6090425531914894 0.6131615598885793 0.620345744680851 0.6155988857938719 0.6336436170212766 0.6236072423398329 0.6462765957446809 0.6504178272980501 0.8138297872340425 0.6782729805013927 0.7865691489361702 0.6528551532033426 0.6456117021276596 0.6493732590529248 0.6230053191489362 0.6465877437325905 0.6123670212765957 0.6417130919220055 0.5997340425531915 0.6361420612813371 0.59375 0.629874651810585 0.5924202127659575 0.6291782729805014 0.5924202127659575
21 0.6580779944289693 0.5844414893617021 0.6476323119777159 0.5857712765957447 0.6444986072423399 0.5877659574468085 0.6431058495821727 0.5970744680851063 0.6427576601671309 0.6050531914893617 0.6462395543175488 0.620345744680851 0.6504178272980501 0.629654255319149 0.6821030640668524 0.7978723404255319 0.7287604456824512 0.7579787234042553 0.6995125348189415 0.6349734042553191 0.6949860724233984 0.6103723404255319 0.6908077994428969 0.5930851063829787 0.6855849582172702 0.5797872340425532 0.6796657381615598 0.5724734042553191 0.6716573816155988 0.5731382978723404 0.6636490250696379 0.5777925531914894
22 0.7036908077994429 0.5691489361702128 0.6942896935933147 0.574468085106383 0.6908077994428969 0.581781914893617 0.6925487465181058 0.5957446808510638 0.7022980501392758 0.6376329787234043 0.7412952646239555 0.7785904255319149 0.7858635097493036 0.7207446808510638 0.7405988857938719 0.5917553191489362 0.7346796657381616 0.5764627659574468 0.7322423398328691 0.5638297872340425 0.7263231197771588 0.5538563829787234 0.7193593314763231 0.5525265957446809 0.713091922005571 0.5598404255319149
23 0.746866295264624 0.53125 0.7392061281337048 0.5418882978723404 0.7336350974930362 0.5492021276595744 0.7322423398328691 0.557845744680851 0.733983286908078 0.5658244680851063 0.7343314763231198 0.5784574468085106 0.7388579387186629 0.5910904255319149 0.7977019498607242 0.7227393617021277 0.8314763231197771 0.6429521276595744 0.7931754874651811 0.574468085106383 0.7834261838440112 0.5392287234042553 0.770891364902507 0.5259308510638298 0.762883008356546 0.5219414893617021 0.7566155988857939 0.5252659574468085
24 0.5229805013927576 0.6097074468085106 0.524025069637883 0.6835106382978723 0.5212395543175488 0.8138297872340425 0.49512534818941506 0.807845744680851 0.5017409470752089 0.65625 0.5038300835654597 0.629654255319149 0.5055710306406686 0.6183510638297872 0.5135793871866295 0.6150265957446809
25 0.5003481894150418 0.6097074468085106 0.4829387186629526 0.605718085106383 0.4794568245125348 0.6449468085106383 0.4637883008356546 0.7978723404255319 0.49129526462395545 0.8071808510638298 0.5024373259052924 0.644281914893617 0.5087047353760445 0.6110372340425532
26 0.4738857938718663 0.6030585106382979 0.4578690807799443 0.6017287234042553 0.4557799442896936 0.632313829787234 0.45229805013927576 0.6502659574468085 0.4272284122562674 0.8111702127659575 0.4491643454038997 0.8218085106382979 0.4763231197771588 0.6569148936170213 0.4818941504178273 0.6343085106382979 0.48119777158774374 0.6156914893617021 0.47701949860724235 0.6037234042553191
27 0.44881615598885793 0.5950797872340425 0.4411559888579387 0.5950797872340425 0.4352367688022284 0.5990691489361702 0.4331476323119777 0.6037234042553191 0.4321030640668524 0.6097074468085106 0.4321030640668524 0.6150265957446809 0.42896935933147634 0.6230053191489362 0.4268802228412256 0.6289893617021277 0.4254874651810585 0.6376329787234043 0.39623955431754876 0.7845744680851063 0.4192200557103064 0.8025265957446809 0.44846796657381616 0.6555851063829787 0.45473537604456826 0.6349734042553191 0.4571727019498607 0.6269946808510638 0.4568245125348189 0.6156914893617021 0.451949860724234 0.5997340425531915
28 0.42270194986072424 0.5930851063829787 0.4011142061281337 0.601063829787234 0.3972841225626741 0.629654255319149 0.36629526462395545 0.7759308510638298 0.3854456824512535 0.7952127659574468 0.4157381615598886 0.6662234042553191 0.42618384401114207 0.6356382978723404 0.43036211699164345 0.6183510638297872 0.43245125348189417 0.6037234042553191 0.4275766016713092 0.5924202127659575 0.42513927576601673 0.5910904255319149
29 0.39763231197771587 0.5771276595744681 0.3896239554317549 0.5771276595744681 0.37987465181058494 0.5718085106382979 0.37047353760445684 0.5664893617021277 0.3631615598885794 0.5658244680851063 0.3582869080779944 0.5684840425531915 0.35724233983286907 0.5824468085106383 0.35480501392757663 0.6017287234042553 0.3161559888579387 0.7526595744680851 0.35967966573816157 0.7772606382978723 0.38231197771587744 0.6894946808510638 0.39623955431754876 0.6276595744680851 0.40006963788300837 0.6136968085106383 0.40424791086350975 0.5977393617021277 0.4032033426183844 0.586436170212766
30 0.3373955431754875 0.5531914893617021 0.3266016713091922 0.5511968085106383 0.32172701949860727 0.5511968085106383 0.3185933147632312 0.5591755319148937 0.3161559888579387 0.5664893617021277 0.26253481894150416 0.723404255319149 0.30536211699164345 0.7566489361702128 0.3408774373259053 0.6429521276595744 0.3527158774373259 0.6090425531914894 0.3555013927576602 0.6003989361702128 0.3582869080779944 0.574468085106383 0.35201949860724235 0.5631648936170213 0.34540389972144847 0.5571808510638298
31 0.30675487465181056 0.523936170212766 0.28969359331476324 0.5086436170212766 0.2802924791086351 0.5059840425531915 0.27123955431754876 0.5299202127659575 0.2600974930362117 0.5558510638297872 0.24965181058495822 0.5784574468085106 0.23537604456824512 0.6043882978723404 0.25835654596100277 0.6742021276595744 0.29352367688022285 0.6196808510638298 0.310933147632312 0.5844414893617021 0.3165041782729805 0.5691489361702128 0.3203342618384401 0.5545212765957447 0.32103064066852366 0.5445478723404256 0.31580779944289694 0.5339095744680851