0 0.46440677966101696 0.5197568389057751 0.46372881355932205 0.5721884498480243 0.47796610169491527 0.5911854103343465 0.4871186440677966 0.574468085106383 0.4901694915254237 0.5121580547112462 0.4911864406779661 0.4506079027355623 0.49491525423728816 0.378419452887538 0.4935593220338983 0.34802431610942247 0.48542372881355933 0.3252279635258359 0.4711864406779661 0.3404255319148936 0.4732203389830508 0.39285714285714285 0.46576271186440676 0.48632218844984804
1 0.44542372881355935 0.513677811550152 0.4427118644067797 0.5653495440729484 0.44372881355932203 0.5775075987841946 0.45152542372881355 0.5904255319148937 0.4654237288135593 0.5759878419452887 0.4654237288135593 0.5334346504559271 0.4667796610169492 0.4726443768996961 0.4738983050847458 0.3981762917933131 0.4752542372881356 0.36854103343465044 0.47491525423728814 0.3411854103343465 0.46983050847457625 0.33282674772036475 0.4603389830508475 0.34802431610942247 0.45864406779661016 0.36854103343465044 0.4542372881355932 0.43009118541033436 0.4464406779661017 0.5022796352583586
2 0.42203389830508475 0.526595744680851 0.42203389830508475 0.5516717325227963 0.4230508474576271 0.5790273556231003 0.4342372881355932 0.5866261398176292 0.44745762711864406 0.574468085106383 0.4542372881355932 0.5440729483282675 0.45084745762711864 0.4939209726443769 0.45220338983050845 0.42857142857142855 0.4545762711864407 0.3844984802431611 0.4549152542372881 0.3495440729483283 0.44745762711864406 0.3252279635258359 0.4328813559322034 0.3351063829787234
8 0.4894915254237288 0.5091185410334347 0.48745762711864404 0.5638297872340425 0.48745762711864404 0.5843465045592705 0.5057627118644068 0.5896656534954408 0.5169491525423728 0.5866261398176292 0.5183050847457628 0.5121580547112462 0.5183050847457628 0.44756838905775076 0.5166101694915254 0.40425531914893614 0.5159322033898305 0.32066869300911854 0.5084745762711864 0.31155015197568386 0.49796610169491523 0.3252279635258359 0.4952542372881356 0.38069908814589665
10 0.5318644067796611 0.5319148936170213 0.5315254237288135 0.5600303951367781 0.5423728813559322 0.5927051671732523 0.5545762711864407 0.5957446808510638 0.56 0.5759878419452887 0.5603389830508475 0.5197568389057751 0.5627118644067797 0.44680851063829785 0.5630508474576271 0.4072948328267477 0.5654237288135593 0.3617021276595745 0.560677966101695 0.34498480243161095 0.5522033898305084 0.34194528875379937 0.5457627118644067 0.38069908814589665
12 0.5701694915254237 0.541033434650456 0.5698305084745763 0.560790273556231 0.5725423728813559 0.581306990881459 0.5789830508474576 0.5911854103343465 0.5877966101694915 0.5934650455927052 0.5966101694915255 0.5759878419452887 0.5938983050847457 0.5243161094224924 0.5938983050847457 0.4506079027355623 0.5938983050847457 0.43465045592705165 0.5938983050847457 0.3958966565349544 0.5864406779661017 0.3655015197568389 0.5783050847457627 0.36930091185410335 0.5769491525423729 0.3958966565349544
13 0.5955932203389831 0.5357142857142857 0.5928813559322034 0.5759878419452887 0.6023728813559323 0.5866261398176292 0.6128813559322034 0.5972644376899696 0.6240677966101695 0.5805471124620061 0.6298305084745762 0.5661094224924013 0.6322033898305085 0.5053191489361702 0.6338983050847458 0.45364741641337386 0.6338983050847458 0.378419452887538 0.6332203389830509 0.36246200607902734 0.6250847457627119 0.3525835866261398 0.6176271186440678 0.3594224924012158 0.6088135593220338 0.40501519756838905 0.6010169491525423 0.4939209726443769
21 0.579322033898305 0.5927051671732523 0.5725423728813559 0.6109422492401215 0.5779661016949152 0.64209726443769 0.579322033898305 0.6945288753799392 0.5810169491525424 0.7332826747720365 0.5864406779661017 0.770516717325228 0.5959322033898306 0.7879939209726444 0.6132203389830508 0.7872340425531915 0.6230508474576271 0.7598784194528876 0.615593220338983 0.6907294832826748 0.615593220338983 0.6337386018237082 0.6115254237288136 0.5942249240121581 0.6050847457627119 0.5782674772036475 0.5935593220338983 0.5828267477203647 0.584406779661017 0.5927051671732523
20 0.5623728813559322 0.587386018237082 0.5501694915254237 0.5942249240121581 0.5528813559322034 0.6223404255319149 0.5566101694915254 0.6922492401215805 0.5569491525423729 0.756079027355623 0.5623728813559322 0.8039513677811551 0.5715254237288135 0.8221884498480243 0.5789830508474576 0.7933130699088146 0.58 0.7370820668693009 0.58 0.6474164133738601 0.5833898305084746 0.5987841945288754 0.5783050847457627 0.5904255319148937 0.5684745762711865 0.5790273556231003
19 0.5457627118644067 0.5683890577507599 0.5369491525423729 0.5942249240121581 0.5372881355932203 0.6314589665653495 0.5396610169491526 0.7044072948328267 0.5393220338983051 0.7401215805471124 0.5386440677966101 0.7697568389057751 0.5433898305084746 0.7986322188449848 0.5508474576271186 0.7986322188449848 0.5583050847457627 0.7378419452887538 0.5603389830508475 0.662613981762918 0.5613559322033899 0.6117021276595744 0.5596610169491525 0.5835866261398176 0.551864406779661 0.5668693009118541
18 0.523728813559322 0.5782674772036475 0.5179661016949153 0.5965045592705167 0.5223728813559322 0.6679331306990881 0.5216949152542373 0.736322188449848 0.5257627118644068 0.7803951367781155 0.5372881355932203 0.7857142857142857 0.5406779661016949 0.7249240121580547 0.5440677966101695 0.6132218844984803 0.5352542372881356 0.5737082066869301 0.5318644067796611 0.5721884498480243
17 0.5037288135593221 0.5737082066869301 0.5047457627118644 0.6603343465045592 0.5050847457627119 0.6945288753799392 0.5061016949152543 0.7332826747720365 0.5098305084745762 0.7727963525835866 0.5169491525423728 0.7689969604863222 0.52 0.7196048632218845 0.5193220338983051 0.6671732522796353 0.5223728813559322 0.6170212765957447 0.5244067796610169 0.5881458966565349 0.5233898305084745 0.5729483282674772
16 0.48983050847457626 0.5683890577507599 0.48745762711864404 0.5828267477203647 0.48677966101694914 0.6337386018237082 0.48779661016949155 0.6838905775075987 0.4888135593220339 0.7241641337386018 0.4888135593220339 0.75 0.49050847457627117 0.7689969604863222 0.49830508474576274 0.7750759878419453 0.5030508474576271 0.7492401215805471 0.5050847457627119 0.6344984802431611 0.5054237288135593 0.601063829787234 0.5074576271186441 0.5752279635258358 0.5054237288135593 0.5683890577507599
24 0.47491525423728814 0.5699088145896657 0.47152542372881356 0.5919452887537994 0.4725423728813559 0.6268996960486323 0.4745762711864407 0.6922492401215805 0.4745762711864407 0.7287234042553191 0.4745762711864407 0.7834346504559271 0.47694915254237286 0.8009118541033434 0.48745762711864404 0.7948328267477204 0.4888135593220339 0.6998480243161094 0.48915254237288136 0.5737082066869301 0.48338983050847456 0.567629179331307
25 0.4603389830508475 0.5683890577507599 0.4549152542372881 0.574468085106383 0.44949152542372883 0.5843465045592705 0.4491525423728814 0.6109422492401215 0.4549152542372881 0.6557750759878419 0.45559322033898303 0.7006079027355623 0.45559322033898303 0.7401215805471124 0.45559322033898303 0.7651975683890577 0.4606779661016949 0.7895136778115501 0.4694915254237288 0.7879939209726444 0.4735593220338983 0.7173252279635258 0.47220338983050847 0.6253799392097265 0.4725423728813559 0.5699088145896657
26 0.4413559322033898 0.574468085106383 0.4342372881355932 0.587386018237082 0.4369491525423729 0.601063829787234 0.43627118644067797 0.6162613981762918 0.43322033898305085 0.648176291793313 0.4352542372881356 0.6876899696048632 0.4359322033898305 0.7355623100303952 0.43559322033898307 0.7591185410334347 0.43559322033898307 0.7803951367781155 0.43559322033898307 0.8009118541033434 0.44101694915254236 0.8168693009118541 0.4491525423728814 0.8115501519756839 0.456271186440678 0.7477203647416414 0.456271186440678 0.6398176291793313 0.45661016949152544 0.5972644376899696 0.45559322033898303 0.5797872340425532 0.44949152542372883 0.567629179331307
27 0.41796610169491527 0.5858662613981763 0.41728813559322037 0.5881458966565349 0.4145762711864407 0.6033434650455927 0.41152542372881357 0.6428571428571429 0.4006779661016949 0.7803951367781155 0.4006779661016949 0.8031914893617021 0.40576271186440677 0.8130699088145896 0.41694915254237286 0.8016717325227963 0.43728813559322033 0.6428571428571429 0.4427118644067797 0.6056231003039514 0.44 0.5866261398176292 0.4359322033898305 0.5828267477203647 0.43457627118644065 0.5737082066869301 0.4322033898305085 0.5661094224924013 0.42847457627118646 0.5638297872340425 0.424406779661017 0.5661094224924013 0.42338983050847456 0.5721884498480243 0.41966101694915253 0.5797872340425532
28 0.4128813559322034 0.5668693009118541 0.4033898305084746 0.5767477203647416 0.4016949152542373 0.5889057750759878 0.3983050847457627 0.6231003039513677 0.3983050847457627 0.6664133738601824 0.3935593220338983 0.7196048632218845 0.3911864406779661 0.7674772036474165 0.39084745762711864 0.7849544072948328 0.39322033898305087 0.8039513677811551 0.4016949152542373 0.7986322188449848 0.4061016949152542 0.7659574468085106 0.41322033898305083 0.7142857142857143 0.4223728813559322 0.6550151975683891 0.43050847457627117 0.6132218844984803 0.4335593220338983 0.5942249240121581 0.4322033898305085 0.5851063829787234 0.4277966101694915 0.581306990881459 0.42338983050847456 0.5782674772036475 0.4183050847457627 0.5683890577507599
5 0.36847457627118646 0.5151975683890577 0.36474576271186443 0.5440729483282675 0.36542372881355933 0.5752279635258358 0.3766101694915254 0.5828267477203647 0.3864406779661017 0.5858662613981763 0.40203389830508474 0.5775075987841946 0.4105084745762712 0.560790273556231 0.4088135593220339 0.5167173252279635 0.4010169491525424 0.49240121580547114 0.3976271186440678 0.4787234042553192 0.39728813559322035 0.4513677811550152 0.39728813559322035 0.41793313069908816 0.3949152542372881 0.3837386018237082 0.39220338983050845 0.3738601823708207 0.3783050847457627 0.3662613981762918 0.36338983050847457 0.39209726443769 0.36338983050847457 0.42933130699088146 0.3657627118644068 0.4756838905775076
4 0.4105084745762712 0.506838905775076 0.40983050847457625 0.5463525835866262 0.408135593220339 0.5767477203647416 0.4138983050847458 0.5896656534954408 0.42203389830508475 0.5843465045592705 0.4301694915254237 0.5645896656534954 0.4322033898305085 0.5433130699088146 0.42745762711864405 0.493161094224924 0.4308474576271186 0.45364741641337386 0.43322033898305085 0.43465045592705165 0.4342372881355932 0.41033434650455924 0.4294915254237288 0.3913373860182371 0.42406779661016947 0.385258358662614 0.41966101694915253 0.3974164133738602 0.4166101694915254 0.4209726443768997 0.4138983050847458 0.4399696048632219 0.411864406779661 0.47188449848024316