0 0.4665728360309641 0.35790273556231 0.4665728360309641 0.43541033434650456 0.4686840253342716 0.541033434650456 0.4725545390570021 0.5539513677811551 0.49507389162561577 0.5516717325227963 0.4989444053483462 0.5288753799392097 0.4989444053483462 0.47796352583586627 0.4968332160450387 0.4316109422492401 0.49612948627726955 0.39361702127659576 0.49612948627726955 0.3487841945288754 0.4792399718508093 0.3472644376899696
1 0.44616467276565797 0.3533434650455927 0.44616467276565797 0.3723404255319149 0.44616467276565797 0.3974164133738602 0.44510907811400424 0.44376899696048633 0.44018296973962 0.4886018237082067 0.43912737508796623 0.5349544072948328 0.44405348346235046 0.5600303951367781 0.45883180858550315 0.5600303951367781 0.4637579169598874 0.5372340425531915 0.4665728360309641 0.45288753799392095 0.4725545390570021 0.3829787234042553 0.4676284306826179 0.34498480243161095
2 0.4275158339197748 0.3487841945288754 0.4247009148486981 0.3662613981762918 0.4247009148486981 0.40197568389057753 0.4215341308937368 0.42325227963525835 0.41977480647431387 0.4506079027355623 0.41695988740323714 0.47796352583586627 0.41379310344827586 0.4946808510638298 0.4127375087966221 0.5197568389057751 0.4127375087966221 0.5455927051671733 0.4257565095003519 0.5562310030395137 0.43912737508796623 0.5478723404255319 0.4433497536945813 0.5182370820668692 0.44405348346235046 0.4734042553191489 0.4500351864883885 0.41641337386018235 0.452146375791696 0.378419452887538 0.4479239971850809 0.34498480243161095
3 0.40112596762843067 0.34498480243161095 0.40112596762843067 0.378419452887538 0.40218156228008445 0.4148936170212766 0.40218156228008445 0.44376899696048633 0.3972554539057002 0.4817629179331307 0.39338494018296977 0.5030395136778115 0.392329345531316 0.5478723404255319 0.4049964813511612 0.5562310030395137 0.4120337790288529 0.5387537993920972 0.4127375087966221 0.48632218844984804 0.4176636171710063 0.4148936170212766 0.4257565095003519 0.3768996960486322 0.4275158339197748 0.3427051671732523
4 0.37579169598874035 0.33890577507598785 0.37579169598874035 0.3723404255319149 0.37192118226600984 0.4209726443768997 0.37086558761435606 0.45896656534954405 0.37086558761435606 0.4992401215805471 0.3736805066854328 0.541033434650456 0.38740323715693176 0.5433130699088146 0.3944405348346235 0.5182370820668692 0.40218156228008445 0.46504559270516715 0.40816326530612246 0.40197568389057753 0.40816326530612246 0.3533434650455927 0.39057002111189304 0.3282674772036474
6 0.31210415200562985 0.3282674772036474 0.31210415200562985 0.3472644376899696 0.31210415200562985 0.3829787234042553 0.3131597466572836 0.4399696048632219 0.31421534130893736 0.48024316109422494 0.3131597466572836 0.5007598784194529 0.32688247712878254 0.5098784194528876 0.3377902885292048 0.5075987841945289 0.34447572132301196 0.4946808510638298 0.3472906403940887 0.4673252279635258 0.3494018296973962 0.4338905775075988 0.3483462350457424 0.40577507598784196 0.34553131597466574 0.3723404255319149 0.34553131597466574 0.32598784194528874 0.3279380717804363 0.3130699088145897
7 0.28184377199155525 0.31990881458966564 0.2800844475721323 0.3556231003039514 0.27515833919774807 0.3829787234042553 0.2719915552427868 0.40577507598784196 0.26917663617171006 0.42933130699088146 0.26636171710063333 0.45896656534954405 0.276917663617171 0.48024316109422494 0.2867698803659395 0.48632218844984804 0.30823363828289935 0.48632218844984804 0.3064743138634764 0.378419452887538 0.3071780436312456 0.30243161094224924 0.2895847994370162 0.29027355623100304
8 0.5007037297677692 0.33890577507598785 0.4989444053483462 0.3639817629179331 0.4989444053483462 0.418693009118541 0.4989444053483462 0.4612462006079027 0.4978888106966925 0.5007598784194529 0.5 0.5220364741641338 0.5007037297677692 0.5478723404255319 0.513722730471499 0.5539513677811551 0.5270935960591133 0.5539513677811551 0.5313159746657283 0.5288753799392097 0.5313159746657283 0.48632218844984804 0.5253342716396904 0.4126139817629179 0.5242786769880365 0.3594224924012158
9 0.5232230823363828 0.3404255319148936 0.5232230823363828 0.3768996960486322 0.5232230823363828 0.40425531914893614 0.5253342716396904 0.4696048632218845 0.5270935960591133 0.4946808510638298 0.5313159746657283 0.5288753799392097 0.5408163265306123 0.5455927051671733 0.5534834623504574 0.5478723404255319 0.5622800844475722 0.5197568389057751 0.555594651653765 0.4817629179331307 0.5527797325826882 0.4209726443768997 0.5527797325826882 0.3556231003039514 0.5467980295566502 0.32142857142857145
10 0.5534834623504574 0.3404255319148936 0.5534834623504574 0.37462006079027355 0.5534834623504574 0.42933130699088146 0.5545390570021111 0.4756838905775076 0.5566502463054187 0.5159574468085106 0.5665024630541872 0.5478723404255319 0.5752990851513019 0.5493920972644377 0.5798733286418015 0.5220364741641338 0.5819845179451091 0.4506079027355623 0.5819845179451091 0.39361702127659576 0.5791695988740324 0.3427051671732523 0.5731878958479943 0.310790273556231 0.5566502463054187 0.310790273556231
11 0.5791695988740324 0.29635258358662614 0.5791695988740324 0.35790273556231 0.5798733286418015 0.3974164133738602 0.5798733286418015 0.45440729483282677 0.5819845179451091 0.5159574468085106 0.587966220971147 0.5303951367781155 0.6023926812104152 0.541033434650456 0.5995777621393384 0.47796352583586627 0.597466572836031 0.42325227963525835 0.5985221674876847 0.3723404255319149 0.5985221674876847 0.32370820668693007 0.5935960591133005 0.28799392097264437
12 0.5995777621393384 0.3130699088145897 0.597466572836031 0.3958966565349544 0.5995777621393384 0.47796352583586627 0.6062631949331456 0.5303951367781155 0.6270232230823364 0.5159574468085106 0.6270232230823364 0.48404255319148937 0.6220971147079521 0.40425531914893614 0.6182266009852216 0.32370820668693007 0.6182266009852216 0.2796352583586626 0.6006333567909923 0.2773556231003039
14 0.6544686840253343 0.2986322188449848 0.6534130893736805 0.34498480243161095 0.6502463054187192 0.39969604863221886 0.6495425756509501 0.4316109422492401 0.6484869809992962 0.45440729483282677 0.6551724137931034 0.4992401215805471 0.6748768472906403 0.5075987841945289 0.6896551724137931 0.4946808510638298 0.6903589021815623 0.47188449848024316 0.6864883884588318 0.446048632218845 0.685432793807178 0.4148936170212766 0.6847290640394089 0.3768996960486322 0.6836734693877551 0.32598784194528874 0.6815622800844475 0.28343465045592703 0.6660802251935257 0.28191489361702127
15 0.685432793807178 0.3069908814589666 0.6885995777621393 0.3677811550151976 0.6914144968332161 0.3829787234042553 0.6914144968332161 0.40197568389057753 0.6903589021815623 0.44224924012158057 0.6885995777621393 0.49240121580547114 0.7072484166080225 0.4992401215805471 0.7325826882477129 0.4734042553191489 0.7227304714989444 0.4209726443768997 0.7160450387051372 0.3677811550151976 0.705137227304715 0.2796352583586626 0.6896551724137931 0.27279635258358664
16 0.5105559465165377 0.7462006079027356 0.5144264602392681 0.7203647416413373 0.5116115411681914 0.6740121580547113 0.5087966220971147 0.6299392097264438 0.5028149190710767 0.5858662613981763 0.5077410274454609 0.5706686930091185 0.5165376495425756 0.5752279635258358 0.5242786769880365 0.5896656534954408 0.5253342716396904 0.6147416413373861 0.5263898662913441 0.648936170212766 0.5242786769880365 0.756838905775076
17 0.5429275158339197 0.5706686930091185 0.5225193525686137 0.5767477203647416 0.5253342716396904 0.621580547112462 0.528149190710767 0.6702127659574468 0.5330752990851513 0.7120060790273556 0.541871921182266 0.7522796352583586 0.5467980295566502 0.7378419452887538 0.5457424349049965 0.6527355623100304
18 0.5622800844475722 0.5577507598784195 0.547853624208304 0.5752279635258358 0.547853624208304 0.6147416413373861 0.5545390570021111 0.6808510638297872 0.5577058409570724 0.7142857142857143 0.5594651653764954 0.756838905775076 0.569317382125264 0.7667173252279635 0.5721323011963406 0.7355623100303952 0.5721323011963406 0.7036474164133738 0.5742434904996482 0.6466565349544073 0.5752990851513019 0.6086626139817629
19 0.5830401125967628 0.5683890577507599 0.5752990851513019 0.5767477203647416 0.5731878958479943 0.5942249240121581 0.5752990851513019 0.6276595744680851 0.5770584095707249 0.6550151975683891 0.5791695988740324 0.709726443768997 0.5819845179451091 0.7522796352583586 0.5886699507389163 0.7606382978723404 0.5935960591133005 0.7393617021276596 0.5946516537649542 0.6785714285714286 0.595707248416608 0.6466565349544073 0.595707248416608 0.6132218844984803 0.595707248416608 0.587386018237082
20 0.601688951442646 0.5516717325227963 0.5935960591133005 0.5623100303951368 0.58972554539057 0.5980243161094225 0.597466572836031 0.6382978723404256 0.6023926812104152 0.6633738601823708 0.609429978888107 0.709726443768997 0.6171710063335679 0.756838905775076 0.629838142153413 0.75 0.6259676284306827 0.7203647416413373 0.6231527093596059 0.6930091185410334 0.6182266009852216 0.6428571428571429 0.6150598170302604 0.6003039513677811
21 0.6199859254046446 0.5349544072948328 0.6073187895847995 0.5478723404255319 0.609429978888107 0.5896656534954408 0.6199859254046446 0.6238601823708206 0.629838142153413 0.682370820668693 0.6368754398311048 0.7142857142857143 0.6523574947220268 0.7287234042553191 0.6748768472906403 0.7120060790273556 0.6776917663617171 0.6679331306990881 0.6660802251935257 0.6253799392097265 0.657283603096411 0.587386018237082 0.651301900070373 0.5455927051671733 0.6495425756509501 0.526595744680851 0.6319493314567206 0.526595744680851
22 0.6600985221674877 0.5182370820668692 0.651301900070373 0.5243161094224924 0.6562280084447573 0.5645896656534954 0.6671358198451794 0.6003039513677811 0.6766361717100633 0.6299392097264438 0.685432793807178 0.6550151975683891 0.6963406052076003 0.6952887537993921 0.705137227304715 0.709726443768997 0.7188599577762139 0.6998480243161094 0.7178043631245602 0.6572948328267477 0.7090077410274455 0.5919452887537994 0.7061928219563688 0.5668693009118541 0.697396199859254 0.5197568389057751 0.6935256861365235 0.5053191489361702 0.6787473610133709 0.5197568389057751
24 0.4989444053483462 0.7287234042553191 0.501759324419423 0.6512158054711246 0.5049261083743842 0.5767477203647416 0.4978888106966925 0.5706686930091185 0.4852216748768473 0.5790273556231003 0.48416608022519353 0.6063829787234043 0.48416608022519353 0.6322188449848024 0.488036593947924 0.7393617021276596
25 0.4873328641801548 0.5752279635258358 0.46481351161154116 0.5683890577507599 0.4637579169598874 0.6238601823708206 0.4637579169598874 0.6405775075987842 0.4616467276565799 0.6930091185410334 0.4616467276565799 0.7249240121580547 0.4665728360309641 0.78419452887538 0.4792399718508093 0.7142857142857143 0.488036593947924 0.6132218844984803
26 0.44510907811400424 0.5645896656534954 0.43912737508796623 0.6238601823708206 0.4363124560168895 0.6595744680851063 0.43455313159746656 0.6975683890577508 0.43349753694581283 0.7393617021276596 0.43349753694581283 0.7879939209726444 0.44722026741731175 0.7583586626139818 0.45285010555946514 0.7226443768996961 0.45883180858550315 0.6550151975683891 0.46270232230823366 0.5957446808510638 0.4609429978888107 0.5645896656534954
27 0.4257565095003519 0.5729483282674772 0.4159042927515834 0.6147416413373861 0.4120337790288529 0.6656534954407295 0.4120337790288529 0.6907294832826748 0.4120337790288529 0.7651975683890577 0.4236453201970443 0.7667173252279635 0.4296270232230823 0.7310030395136778 0.43455313159746656 0.6869300911854104 0.43912737508796623 0.6443768996960486 0.44722026741731175 0.5980243161094225 0.4500351864883885 0.5706686930091185
28 0.4039408866995074 0.5668693009118541 0.3993666432090077 0.581306990881459 0.39514426460239266 0.6360182370820668 0.38740323715693176 0.6952887537993921 0.38458831808585503 0.7287234042553191 0.3972554539057002 0.7416413373860182 0.40112596762843067 0.7013677811550152 0.4120337790288529 0.6382978723404256 0.41977480647431387 0.5957446808510638 0.4236453201970443 0.5683890577507599
29 0.3641801548205489 0.5372340425531915 0.35608726249120337 0.5455927051671733 0.3483462350457424 0.5623100303951368 0.34553131597466574 0.587386018237082 0.34236453201970446 0.6086626139817629 0.3318085855031668 0.6428571428571429 0.32582688247712877 0.6633738601823708 0.330752990851513 0.6808510638297872 0.3434201266713582 0.7059270516717325 0.36312456016889516 0.709726443768997 0.378606615059817 0.6998480243161094 0.38740323715693176 0.6679331306990881 0.3993666432090077 0.6063829787234043 0.4071076706544687 0.5645896656534954 0.3817733990147783 0.5493920972644377
30 0.3219563687543983 0.5243161094224924 0.3159746657283603 0.5455927051671733 0.3071780436312456 0.5729483282674772 0.30049261083743845 0.6109422492401215 0.29662209711470794 0.6428571428571429 0.29943701618578467 0.682370820668693 0.31421534130893736 0.6907294832826748 0.3289936664320901 0.6702127659574468 0.33954961294862773 0.6428571428571429 0.3483462350457424 0.6132218844984803 0.3599577762139338 0.5683890577507599 0.3620689655172414 0.5516717325227963 0.35327234342012664 0.5303951367781155 0.34236453201970446 0.5288753799392097
31 0.276917663617171 0.48632218844984804 0.2681210415200563 0.5075987841945289 0.25756509500351865 0.5478723404255319 0.2536945812807882 0.5767477203647416 0.2526389866291344 0.6048632218844985 0.26319493314567205 0.6512158054711246 0.2927515833919775 0.6405775075987842 0.30260380014074595 0.621580547112462 0.31527093596059114 0.5706686930091185 0.31808585503166786 0.5478723404255319 0.3092892329345531 0.5182370820668692 0.30154820548909217 0.5007598784194529 0.28782547501759326 0.4992401215805471