0 0.46866485013623976 0.5273556231003039 0.46662125340599453 0.5691489361702128 0.46866485013623976 0.5790273556231003 0.4938692098092643 0.5714285714285714 0.49591280653950953 0.5220364741641338 0.4935286103542234 0.4270516717325228 0.4935286103542234 0.3791793313069909 0.49318801089918257 0.3069908814589666 0.4887602179836512 0.26595744680851063 0.4792234332425068 0.24848024316109424 0.47002724795640327 0.2629179331306991 0.470708446866485 0.4034954407294833
1 0.4482288828337875 0.5159574468085106 0.4485694822888283 0.5721884498480243 0.45844686648501365 0.5775075987841946 0.46423705722070846 0.5585106382978723 0.46866485013623976 0.5334346504559271 0.47036784741144416 0.41033434650455924 0.46900544959128065 0.34574468085106386 0.46900544959128065 0.30775075987841943 0.4673024523160763 0.2857142857142857 0.4608310626702997 0.2803951367781155 0.45333787465940056 0.3609422492401216
2 0.4274523160762943 0.5151975683890577 0.42949591280653954 0.5615501519756839 0.4390326975476839 0.5797872340425532 0.45095367847411444 0.5668693009118541 0.454700272479564 0.49240121580547114 0.45095367847411444 0.3525835866261398 0.44959128065395093 0.30927051671732525 0.444141689373297 0.26975683890577506 0.4332425068119891 0.24620060790273557 0.4274523160762943 0.27279635258358664 0.4264305177111717 0.33814589665653494
4 0.39134877384196187 0.4939209726443769 0.3923705722070845 0.5767477203647416 0.4025885558583106 0.587386018237082 0.4162125340599455 0.5516717325227963 0.414850136239782 0.44376899696048633 0.40701634877384196 0.3594224924012158 0.4025885558583106 0.3100303951367781 0.3981607629427793 0.2689969604863222 0.3869209809264305 0.2629179331306991 0.3797683923705722 0.29559270516717323 0.38930517711171664 0.45288753799392095
5 0.3566076294277929 0.5113981762917933 0.3630790190735695 0.5775075987841946 0.37840599455040874 0.5927051671732523 0.39134877384196187 0.5668693009118541 0.3906675749318801 0.4756838905775076 0.3814713896457766 0.38677811550151975 0.36716621253405995 0.3183890577507599 0.3521798365122616 0.2857142857142857 0.32697547683923706 0.24316109422492402 0.32118528610354224 0.24088145896656535 0.3126702997275204 0.26595744680851063 0.3232288828337875 0.32750759878419455 0.3337874659400545 0.3738601823708207 0.34434604904632155 0.4331306990881459
6 0.3232288828337875 0.5562310030395137 0.3252724795640327 0.5980243161094225 0.35354223433242504 0.6094224924012158 0.3630790190735695 0.6041033434650456 0.36716621253405995 0.5554711246200608 0.35456403269754766 0.4696048632218845 0.34366485013623976 0.4126139817629179 0.335149863760218 0.39209726443769 0.3201634877384196 0.34574468085106386 0.3116485013623978 0.33966565349544076 0.3007493188010899 0.3609422492401216 0.3017711171662125 0.40425531914893614 0.31028610354223435 0.47416413373860183 0.3181198910081744 0.526595744680851
8 0.4942098092643052 0.5182370820668692 0.4935286103542234 0.5729483282674772 0.5180517711171662 0.5699088145896657 0.5231607629427792 0.547112462006079 0.5207765667574932 0.439209726443769 0.5194141689373297 0.3609422492401216 0.5190735694822888 0.31155015197568386 0.5177111716621253 0.2689969604863222 0.5112397820163488 0.24848024316109424 0.5017029972752044 0.25379939209726443 0.4986376021798365 0.2773556231003039 0.49829700272479566 0.3366261398176292
9 0.5200953678474114 0.4946808510638298 0.5217983651226158 0.5486322188449848 0.5289509536784741 0.5623100303951368 0.537125340599455 0.5668693009118541 0.5470027247956403 0.5509118541033434 0.5435967302452316 0.46200607902735563 0.5439373297002725 0.3822188449848024 0.5439373297002725 0.32370820668693007 0.5429155313351499 0.29103343465045595 0.5381471389645777 0.25227963525835867 0.5313351498637602 0.24848024316109424 0.5255449591280654 0.29635258358662614 0.5228201634877384 0.48556231003039513
10 0.542574931880109 0.5030395136778115 0.5449591280653951 0.5547112462006079 0.5517711171662125 0.5661094224924013 0.5575613079019074 0.567629179331307 0.5698228882833788 0.5516717325227963 0.5670980926430518 0.48556231003039513 0.5660762942779292 0.4034954407294833 0.5681198910081744 0.33814589665653494 0.5711852861035422 0.303951367781155 0.5701634877384196 0.26671732522796354 0.5582425068119891 0.24316109422492402 0.5527929155313351 0.2621580547112462 0.545299727520436 0.39361702127659576
12 0.5858310626702997 0.4886018237082067 0.5916212534059946 0.5547112462006079 0.6052452316076294 0.560790273556231 0.6171662125340599 0.540273556231003 0.6100136239782016 0.45364741641337386 0.6154632152588556 0.34574468085106386 0.6171662125340599 0.30927051671732525 0.6161444141689373 0.24468085106382978 0.6069482288828338 0.23480243161094225 0.5994550408719346 0.25835866261398177 0.5953678474114441 0.3221884498480243 0.5871934604904632 0.44148936170212766
13 0.6103542234332425 0.4673252279635258 0.6076294277929155 0.506079027355623 0.6093324250681199 0.5319148936170213 0.6192098092643051 0.5455927051671733 0.6365803814713896 0.541033434650456 0.6440735694822888 0.5364741641337386 0.6556539509536785 0.5258358662613982 0.6553133514986376 0.4673252279635258 0.6631471389645777 0.3822188449848024 0.667574931880109 0.3343465045592705 0.6696185286103542 0.27583586626139817 0.6662125340599455 0.23556231003039513 0.6416893732970027 0.23404255319148937 0.638283378746594 0.27887537993920974 0.6328337874659401 0.35714285714285715 0.6243188010899182 0.40577507598784196
23 0.6624659400544959 0.541033434650456 0.6556539509536785 0.5562310030395137 0.6628065395095368 0.5911854103343465 0.6805177111716622 0.6648936170212766 0.696866485013624 0.709726443768997 0.7142370572207084 0.7408814589665653 0.7333106267029973 0.7462006079027356 0.7414850136239782 0.7302431610942249 0.7278610354223434 0.6519756838905775 0.7138964577656676 0.6086626139817629 0.7070844686648501 0.5562310030395137 0.6995912806539509 0.5212765957446809 0.6832425068119891 0.5212765957446809 0.6689373297002725 0.5357142857142857
22 0.622275204359673 0.5866261398176292 0.6219346049046321 0.6193009118541033 0.6399863760217984 0.6907294832826748 0.6723433242506812 0.7689969604863222 0.6829019073569482 0.7872340425531915 0.7043596730245232 0.7978723404255319 0.7108310626702997 0.756079027355623 0.6883514986376021 0.682370820668693 0.6699591280653951 0.6086626139817629 0.6662125340599455 0.5775075987841946 0.6587193460490464 0.5668693009118541 0.6471389645776566 0.5615501519756839 0.6335149863760218 0.5767477203647416
20 0.5834468664850136 0.587386018237082 0.5688010899182562 0.5896656534954408 0.5647138964577657 0.6132218844984803 0.577316076294278 0.6937689969604863 0.5950272479564033 0.8145896656534954 0.6096730245231607 0.8457446808510638 0.6209128065395095 0.8442249240121581 0.6089918256130791 0.7697568389057751 0.5997956403269755 0.6656534954407295 0.5940054495912807 0.6048632218844985
19 0.5500681198910081 0.5820668693009119 0.5429155313351499 0.601063829787234 0.5418937329700273 0.6261398176291794 0.5561989100817438 0.729483282674772 0.5660762942779292 0.8069908814589666 0.5752724795640327 0.8442249240121581 0.582425068119891 0.8358662613981763 0.5783378746594006 0.7454407294832827 0.571866485013624 0.621580547112462 0.5705040871934605 0.5919452887537994 0.5647138964577657 0.5797872340425532
18 0.5248637602179836 0.5828267477203647 0.5190735694822888 0.5919452887537994 0.5286103542234333 0.668693009118541 0.5405313351498637 0.7879939209726444 0.5490463215258855 0.8343465045592705 0.5647138964577657 0.8457446808510638 0.5589237057220708 0.7553191489361702 0.5490463215258855 0.6474164133738601 0.5470027247956403 0.6056231003039514 0.5432561307901907 0.5828267477203647 0.5361035422343324 0.581306990881459
17 0.5163487738419619 0.5911854103343465 0.5074931880108992 0.5911854103343465 0.502724795640327 0.5957446808510638 0.5020435967302452 0.6253799392097265 0.5129427792915532 0.7348024316109423 0.5180517711171662 0.797112462006079 0.5245231607629428 0.8161094224924013 0.5340599455040872 0.8145896656534954 0.526566757493188 0.6762917933130699 0.5217983651226158 0.5980243161094225
16 0.4928474114441417 0.5995440729483282 0.48569482288828336 0.6003039513677811 0.4822888283378747 0.6086626139817629 0.49148501362397823 0.6990881458966566 0.4993188010899183 0.7895136778115501 0.5034059945504087 0.8123100303951368 0.5139645776566758 0.8343465045592705 0.5190735694822888 0.8328267477203647 0.5194141689373297 0.7864741641337386 0.5095367847411444 0.6808510638297872 0.502724795640327 0.6253799392097265 0.5013623978201635 0.6025835866261399 0.4976158038147139 0.5911854103343465
24 0.476158038147139 0.5934650455927052 0.4635558583106267 0.5949848024316109 0.4635558583106267 0.6337386018237082 0.4771798365122616 0.7644376899696048 0.48365122615803813 0.8191489361702128 0.49148501362397823 0.8214285714285714 0.4993188010899183 0.8077507598784195 0.4928474114441417 0.7302431610942249 0.48501362397820164 0.6329787234042553 0.4826294277929155 0.601063829787234
25 0.45333787465940056 0.5957446808510638 0.44959128065395093 0.6003039513677811 0.4451634877384196 0.6101823708206687 0.45163487738419617 0.6496960486322189 0.45674386920980925 0.7613981762917933 0.4564032697547684 0.7955927051671733 0.46900544959128065 0.8419452887537994 0.4768392370572207 0.837386018237082 0.4775204359673024 0.7720364741641338 0.4696866485013624 0.6861702127659575 0.47002724795640327 0.6063829787234043 0.46764305177111715 0.5980243161094225 0.46287465940054495 0.5896656534954408 0.45776566757493187 0.5919452887537994
26 0.43358310626702995 0.5972644376899696 0.4267711171662125 0.6200607902735562 0.4332425068119891 0.708966565349544 0.43528610354223435 0.8290273556231003 0.4482288828337875 0.8700607902735562 0.4550408719346049 0.8693009118541033 0.454700272479564 0.7226443768996961 0.454700272479564 0.6337386018237082 0.45674386920980925 0.601823708206687 0.4478882833787466 0.5911854103343465 0.44005449591280654 0.5889057750759878
27 0.4220027247956403 0.5972644376899696 0.4100817438692098 0.6033434650455927 0.4094005449591281 0.6656534954407295 0.40463215258855584 0.7864741641337386 0.40224795640326977 0.8290273556231003 0.40463215258855584 0.8609422492401215 0.41246594005449594 0.8632218844984803 0.43460490463215257 0.723404255319149 0.4431198910081744 0.6466565349544073 0.4451634877384196 0.6041033434650456 0.4366485013623978 0.5942249240121581
29 0.35865122615803813 0.6474164133738601 0.3405994550408719 0.7120060790273556 0.32731607629427795 0.763677811550152 0.3228882833787466 0.8024316109422492 0.3293596730245232 0.8358662613981763 0.351158038147139 0.8130699088145896 0.3797683923705722 0.7477203647416414 0.40224795640326977 0.6914893617021277 0.4094005449591281 0.6588145896656535 0.41178474114441416 0.6360182370820668 0.40701634877384196 0.6155015197568389 0.3944141689373297 0.5995440729483282 0.37840599455040874 0.5896656534954408 0.37227520435967304 0.5995440729483282 0.36205722070844687 0.6246200607902735