0 0.49358517462580187 0.42401215805471126 0.49572344975053456 0.4870820668693009 0.4796863863150392 0.5 0.46650035637918746 0.48404255319148937 0.46650035637918746 0.4004559270516717 0.4654312188168211 0.30623100303951367 0.4625801853171775 0.24316109422492402 0.4625801853171775 0.20288753799392098 0.47505345687811834 0.19224924012158054 0.4942979330007128 0.30243161094224924
1 0.44868139700641485 0.42629179331306993 0.4465431218816821 0.45896656534954405 0.44868139700641485 0.48024316109422494 0.46650035637918746 0.48404255319148937 0.47042052744119744 0.45440729483282677 0.466143977191732 0.3541033434650456 0.4643620812544547 0.2925531914893617 0.4643620812544547 0.23480243161094225 0.4615110477548111 0.20288753799392098 0.451176051318603 0.19072948328267478 0.44226657163221667 0.24316109422492402
2 0.421240199572345 0.41109422492401215 0.42230933713471136 0.45288753799392095 0.42516037063435497 0.4764437689969605 0.4280114041339986 0.4870820668693009 0.436208125445474 0.4886018237082067 0.4476122594440485 0.47112462006079026 0.44975053456878117 0.4331306990881459 0.44476122594440487 0.36246200607902734 0.43941553813257306 0.2925531914893617 0.4390591589451176 0.21504559270516718 0.43727726300784037 0.20440729483282674 0.436208125445474 0.1770516717325228 0.43193157519600855 0.1405775075987842 0.42516037063435497 0.13069908814589665 0.4155381325730577 0.12917933130699089 0.41019244476122596 0.13905775075987842 0.4112615823235923 0.20288753799392098 0.4148253741981468 0.3343465045592705
3 0.391304347826087 0.43237082066869303 0.3923734853884533 0.46808510638297873 0.4080541696364932 0.49240121580547114 0.421240199572345 0.4749240121580547 0.43264433357091947 0.44832826747720367 0.42159657875980044 0.36246200607902734 0.4148253741981468 0.29635258358662614 0.41304347826086957 0.2689969604863222 0.4109052031361369 0.24620060790273557 0.4073414112615823 0.22796352583586627 0.3884533143264433 0.22796352583586627 0.3856022808267997 0.24848024316109424 0.3827512473271561 0.3183890577507599
5 0.32679971489665005 0.4247720364741641 0.3257305773342837 0.46200607902735563 0.33713471133285816 0.4688449848024316 0.34925160370634356 0.46656534954407297 0.36136849607982896 0.46200607902735563 0.3706343549536707 0.4247720364741641 0.3741981468282252 0.40805471124620063 0.3649322879543835 0.3639817629179331 0.3624376336421953 0.3100303951367781 0.3624376336421953 0.27279635258358664 0.3624376336421953 0.24316109422492402 0.36065573770491804 0.22264437689969604 0.34925160370634356 0.21428571428571427 0.34176764076977906 0.21656534954407294 0.3360655737704918 0.23252279635258358 0.32002851033499646 0.24468085106382978 0.31539558089807557 0.27279635258358664 0.32751247327156097 0.3708206686930091
6 0.2804704205274412 0.4027355623100304 0.2833214540270848 0.42629179331306993 0.2879543834640057 0.4399696048632219 0.3029223093371347 0.44452887537993924 0.31076265146115467 0.46048632218844987 0.32501781895937276 0.446048632218845 0.3292943692088382 0.3943768996960486 0.31931575196008555 0.3601823708206687 0.3161083392729865 0.2925531914893617 0.3164647184604419 0.25835866261398177 0.3136136849607983 0.23860182370820668 0.30042765502494656 0.22872340425531915 0.28831076265146116 0.22416413373860183 0.2776193870277976 0.23100303951367782 0.27049180327868855 0.25835866261398177 0.26870990734141126 0.29103343465045595 0.27904490377761937 0.35106382978723405 0.2826086956521739 0.37462006079027355
8 0.4953670705630791 0.4369300911854103 0.4953670705630791 0.4506079027355623 0.4964362081254455 0.4946808510638298 0.5092658588738418 0.5007598784194529 0.5245901639344263 0.4908814589665654 0.5263720598717035 0.4566869300911854 0.5210263720598717 0.4126139817629179 0.5210263720598717 0.3404255319148936 0.5210263720598717 0.29027355623100304 0.5217391304347826 0.2560790273556231 0.5256593014967926 0.21048632218844984 0.5245901639344263 0.1884498480243161 0.5131860299358517 0.17097264437689969 0.5 0.17477203647416414 0.4971489665003564 0.256838905775076 0.4953670705630791 0.3662613981762918
9 0.5235210263720599 0.44452887537993924 0.5253029223093372 0.47416413373860183 0.5310049893086244 0.4848024316109423 0.5459729151817534 0.46656534954407297 0.5459729151817534 0.4209726443768997 0.5459729151817534 0.3366261398176292 0.5441910192444761 0.2811550151975684 0.5388453314326443 0.21656534954407294 0.5356379187455452 0.1770516717325228 0.5256593014967926 0.17857142857142858 0.5196008553100498 0.22112462006079028 0.5217391304347826 0.30243161094224924
10 0.5441910192444761 0.3829787234042553 0.544903777619387 0.41413373860182373 0.5463292943692089 0.46048632218844987 0.5545260156806843 0.4787234042553192 0.5730577334283677 0.4810030395136778 0.5780470420527442 0.4399696048632219 0.5762651461154669 0.3525835866261398 0.5805416963649322 0.27203647416413373 0.5798289379900213 0.19832826747720364 0.5805416963649322 0.14513677811550152 0.5787598004276551 0.09270516717325228 0.5694939415538133 0.08890577507598785 0.5552387740555952 0.12006079027355623 0.552744119743407 0.17401215805471124 0.5498930862437633 0.2689969604863222
11 0.5630791161796151 0.39285714285714285 0.5620099786172488 0.4369300911854103 0.5712758374910906 0.4749240121580547 0.5833927298645759 0.46048632218844987 0.5883820384889522 0.47416413373860183 0.6051318602993585 0.46048632218844987 0.6097647897362795 0.4209726443768997 0.6108339272986457 0.35714285714285715 0.6200997861724875 0.2689969604863222 0.617248752672844 0.21428571428571427 0.6097647897362795 0.1899696048632219 0.5969351389878831 0.18693009118541035 0.5798289379900213 0.22796352583586627 0.5780470420527442 0.27203647416413373 0.571632216678546 0.3601823708206687
12 0.5997861724875267 0.3601823708206687 0.5969351389878831 0.3981762917933131 0.5940841054882395 0.44224924012158057 0.612615823235923 0.46656534954407297 0.617248752672844 0.45896656534954405 0.6304347826086957 0.46808510638297873 0.6407697790449037 0.45440729483282677 0.6429080541696365 0.4209726443768997 0.6389878831076266 0.3723404255319149 0.642551674982181 0.310790273556231 0.6482537419814682 0.22264437689969604 0.6389878831076266 0.18617021276595744 0.6190306486101211 0.19072948328267478 0.6129722024233785 0.21808510638297873 0.6040627227369921 0.2743161094224924
13 0.6332858161083392 0.3822188449848024 0.6297220242337848 0.40425531914893614 0.6304347826086957 0.42857142857142855 0.6389878831076266 0.45592705167173253 0.6635780470420527 0.4430091185410334 0.6781895937277262 0.45288753799392095 0.6838916607270136 0.43617021276595747 0.6878118317890235 0.41109422492401215 0.6813970064148254 0.3700607902735562 0.684248039914469 0.33282674772036475 0.6913756236635781 0.29407294832826747 0.6917320028510335 0.24696048632218845 0.6906628652886672 0.21048632218844984 0.6828225231646472 0.19072948328267478 0.6632216678545972 0.1899696048632219 0.6475409836065574 0.21200607902735563 0.6443335709194583 0.24316109422492402 0.6443335709194583 0.2864741641337386
14 0.680327868852459 0.3670212765957447 0.6813970064148254 0.39893617021276595 0.6903064861012117 0.4247720364741641 0.7052744119743407 0.42401215805471126 0.7195295794725588 0.41109422492401215 0.7320028510334996 0.3905775075987842 0.729864575908767 0.3404255319148936 0.7316464718460441 0.29635258358662614 0.7423378474697078 0.2507598784194529 0.7437633642195296 0.22112462006079028 0.7437633642195296 0.196048632218845 0.7412687099073414 0.16869300911854104 0.7362794012829651 0.15501519756838905 0.7198859586600143 0.14893617021276595 0.6988595866001426 0.18009118541033434 0.6924447612259444 0.2188449848024316 0.6949394155381325 0.27279635258358664 0.6917320028510335 0.3221884498480243
16 0.49607982893799 0.5144376899696048 0.4982181040627227 0.6322188449848024 0.4982181040627227 0.6648936170212766 0.49964362081254454 0.7135258358662614 0.5021382751247327 0.7424012158054711 0.5138987883107626 0.7591185410334347 0.5210263720598717 0.7302431610942249 0.514967925873129 0.6390577507598785 0.5146115466856735 0.6314589665653495 0.5128296507483963 0.5683890577507599 0.5114041339985744 0.5273556231003039 0.5089094796863863 0.5174772036474165
17 0.5156806842480399 0.5805471124620061 0.5160370634354954 0.6550151975683891 0.5185317177476836 0.7051671732522796 0.5199572344975053 0.7408814589665653 0.529935851746258 0.7583586626139818 0.5349251603706343 0.7424012158054711 0.5352815395580898 0.6588145896656535 0.5313613684960798 0.567629179331307 0.5306486101211689 0.5311550151975684 0.5317177476835353 0.5053191489361702 0.5235210263720599 0.5 0.5128296507483963 0.506838905775076 0.5074839629365645 0.5144376899696048 0.5138987883107626 0.5691489361702128
18 0.5324305060584462 0.49772036474164133 0.5292230933713471 0.5250759878419453 0.5324305060584462 0.5638297872340425 0.5349251603706343 0.6398176291793313 0.5409836065573771 0.7454407294832827 0.5434782608695652 0.7682370820668692 0.5520313613684961 0.790273556231003 0.5623663578047042 0.7834346504559271 0.5684248039914469 0.7462006079027356 0.5612972202423379 0.6648936170212766 0.5538132573057734 0.5615501519756839 0.5552387740555952 0.5174772036474165 0.5491803278688525 0.4992401215805471
19 0.5552387740555952 0.4878419452887538 0.5484675694939416 0.5174772036474165 0.5477548111190307 0.5433130699088146 0.5577334283677833 0.5866261398176292 0.5648610121168923 0.6527355623100304 0.5719885958660014 0.7173252279635258 0.5780470420527442 0.7477203647416414 0.5887384176764077 0.7682370820668692 0.5990734141126158 0.7575987841945289 0.5994297933000713 0.7006079027355623 0.589807555238774 0.6375379939209727 0.5841054882394868 0.5805471124620061 0.5823235923022095 0.5296352583586627 0.5780470420527442 0.49544072948328266 0.5691375623663578 0.4870820668693009 0.5620099786172488 0.48404255319148937
20 0.5741268709907341 0.47796352583586627 0.5719885958660014 0.49772036474164133 0.5751960085531005 0.5281155015197568 0.582679971489665 0.5448328267477204 0.590520313613685 0.6162613981762918 0.5980042765502495 0.682370820668693 0.6040627227369921 0.7256838905775076 0.6133285816108339 0.7515197568389058 0.6254454739843193 0.756079027355623 0.6304347826086957 0.7173252279635258 0.6154668567355667 0.5934650455927052 0.6147540983606558 0.5448328267477204 0.6122594440484675 0.5197568389057751 0.6040627227369921 0.48024316109422494 0.594440484675695 0.4749240121580547
22 0.6550249465431219 0.4848024316109423 0.6607270135424091 0.5379939209726444 0.6714183891660727 0.5782674772036475 0.6774768353528154 0.6246200607902735 0.7013542409123307 0.6778115501519757 0.7134711332858161 0.6968085106382979 0.7287954383464006 0.6998480243161094 0.7455452601568069 0.6831306990881459 0.751960085531005 0.6542553191489362 0.7491090520313614 0.621580547112462 0.736992159657876 0.5934650455927052 0.7166785459729151 0.5433130699088146 0.7106200997861725 0.5106382978723404 0.7059871703492516 0.4688449848024316 0.6988595866001426 0.44984802431610943 0.6870990734141126 0.44452887537993924 0.6778332145402709 0.4490881458966565 0.6642908054169636 0.4642857142857143
23 0.6977904490377762 0.42857142857142855 0.695295794725588 0.4566869300911854 0.7145402708481825 0.5045592705167173 0.7312900926585887 0.5455927051671733 0.7751247327156094 0.6261398176291794 0.7982893799002139 0.6041033434650456 0.804704205274412 0.5630699088145896 0.7915181753385603 0.5159574468085106 0.7655024946543122 0.4726443768996961 0.7548111190306486 0.44452887537993924 0.7430506058446187 0.3882978723404255 0.7230933713471134 0.3966565349544073 0.7131147540983607 0.41793313069908816
24 0.4885958660014255 0.5144376899696048 0.48182466143977193 0.5326747720364742 0.48182466143977193 0.6474164133738601 0.4793300071275837 0.6907294832826748 0.4828937990021383 0.7348024316109423 0.49002138275124735 0.7507598784194529 0.5003563791874555 0.7378419452887538 0.49607982893799 0.567629179331307 0.49857448325017817 0.5334346504559271 0.49572344975053456 0.5129179331306991
25 0.466143977191732 0.5053191489361702 0.46578759800427655 0.541033434650456 0.46578759800427655 0.6162613981762918 0.4625801853171775 0.6588145896656535 0.46507483962936563 0.702887537993921 0.46507483962936563 0.7408814589665653 0.4722024233784747 0.7651975683890577 0.48146828225231647 0.7530395136778115 0.4828937990021383 0.7082066869300911 0.48182466143977193 0.5782674772036475 0.4843193157519601 0.5258358662613982 0.4843193157519601 0.5106382978723404 0.4782608695652174 0.5045592705167173
26 0.44119743406985035 0.5281155015197568 0.43727726300784037 0.5980243161094225 0.43727726300784037 0.6702127659574468 0.43193157519600855 0.7104863221884499 0.4305060584461867 0.7667173252279635 0.44476122594440487 0.7857142857142857 0.45759087669280113 0.7591185410334347 0.4625801853171775 0.6451367781155015 0.46650035637918746 0.5174772036474165 0.46044191019244474 0.4848024316109423 0.4522451888809694 0.4870820668693009 0.44618674269422665 0.5053191489361702
27 0.4337134711332858 0.49164133738601823 0.4269422665716322 0.5 0.42088382038488953 0.5151975683890577 0.417320028510335 0.5501519756838906 0.41625089094796863 0.6193009118541033 0.41161796151104774 0.6740121580547113 0.4030648610121169 0.7302431610942249 0.4016393442622951 0.7583586626139818 0.4069850320741269 0.7864741641337386 0.42444761225944405 0.7879939209726444 0.43193157519600855 0.736322188449848 0.4379900213827512 0.6565349544072948 0.44689950106913756 0.5562310030395137 0.45153243050605846 0.5273556231003039 0.44868139700641485 0.5121580547112462
28 0.40270848182466146 0.49012158054711247 0.39736279401282965 0.48936170212765956 0.3937990021382751 0.5098784194528876 0.3923734853884533 0.5881458966565349 0.3866714183891661 0.6588145896656535 0.38025659301496795 0.7135258358662614 0.3820384889522452 0.7424012158054711 0.3909479686386315 0.75 0.4091233071988596 0.7120060790273556 0.421240199572345 0.5767477203647416 0.4269422665716322 0.5311550151975684 0.43193157519600855 0.49772036474164133 0.42729864575908766 0.48404255319148937 0.4187455452601568 0.479483282674772 0.41161796151104774 0.48556231003039513
29 0.36885245901639346 0.47416413373860183 0.3660014255167498 0.47720364741641336 0.36065573770491804 0.4939209726443769 0.3563791874554526 0.5387537993920972 0.34319315751960083 0.5972644376899696 0.32965074839629366 0.6679331306990881 0.32965074839629366 0.7287234042553191 0.35067712045616534 0.7621580547112462 0.37205987170349253 0.7104863221884499 0.38453314326443333 0.6572948328267477 0.3959372772630078 0.5934650455927052 0.4030648610121169 0.5159574468085106 0.40662865288667144 0.48328267477203646 0.4005702066999287 0.47796352583586627 0.3895224518888097 0.4726443768996961
30 0.3096935138987883 0.47796352583586627 0.30648610121168923 0.5189969604863222 0.30256593014967925 0.5737082066869301 0.28082679971489666 0.6375379939209727 0.2751247327156094 0.6664133738601824 0.28225231646471843 0.7135258358662614 0.3039914468995011 0.7218844984802432 0.32679971489665005 0.6899696048632219 0.3414112615823236 0.6238601823708206 0.3556664290805417 0.5516717325227963 0.3617248752672844 0.4908814589665654 0.3602993585174626 0.46504559270516715 0.34319315751960083 0.4642857142857143 0.3264433357091946 0.47112462006079026
31 0.2786885245901639 0.4209726443768997 0.2676407697790449 0.4331306990881459 0.25837491090520315 0.4726443768996961 0.25017818959372773 0.5030395136778115 0.2284390591589451 0.5288753799392097 0.21133285816108338 0.5554711246200608 0.20776906628652886 0.6101823708206687 0.22024233784746972 0.6443768996960486 0.2505345687811832 0.6413373860182371 0.29116179615110477 0.5585106382978723 0.2965074839629366 0.5334346504559271 0.3178902352102637 0.49848024316109424 0.32501781895937276 0.46200607902735563 0.3061297220242338 0.4506079027355623 0.29864575908766927 0.4369300911854103 0.289736279401283 0.42629179331306993