0 0.476707530647986 0.3890577507598784 0.47390542907180383 0.44376899696048633 0.4746059544658494 0.4886018237082067 0.4746059544658494 0.5113981762917933 0.4756567425569177 0.526595744680851 0.4777583187390543 0.541033434650456 0.5029772329246935 0.5433130699088146 0.5057793345008756 0.4734042553191489 0.49702276707530646 0.4247720364741641 0.49632224168126093 0.3662613981762918 0.49702276707530646 0.35106382978723405 0.4669001751313485 0.3282674772036474
1 0.44938704028021015 0.3343465045592705 0.44658493870402804 0.385258358662614 0.44658493870402804 0.44224924012158057 0.4437828371278459 0.5113981762917933 0.4437828371278459 0.5562310030395137 0.45814360770577933 0.5577507598784195 0.4669001751313485 0.541033434650456 0.4669001751313485 0.4992401215805471 0.4679509632224168 0.42933130699088146 0.4690017513134851 0.38677811550151975 0.4669001751313485 0.34498480243161095
2 0.4192644483362522 0.35106382978723405 0.410507880910683 0.385258358662614 0.4038528896672504 0.45288753799392095 0.40945709281961473 0.5030395136778115 0.4115586690017513 0.5539513677811551 0.4280210157618214 0.5623100303951368 0.4350262697022767 0.5478723404255319 0.4395796847635727 0.4946808510638298 0.4427320490367776 0.4376899696048632 0.4455341506129597 0.3768996960486322 0.43887915936952715 0.3472644376899696
3 0.3950963222416813 0.32142857142857145 0.38704028021015763 0.3639817629179331 0.380385288966725 0.42325227963525835 0.38248686514886165 0.4673252279635258 0.38143607705779337 0.541033434650456 0.38528896672504376 0.5577507598784195 0.4038528896672504 0.5577507598784195 0.41436077057793347 0.5349544072948328 0.41751313485113833 0.4908814589665654 0.41751313485113833 0.4338905775075988 0.4115586690017513 0.37462006079027355 0.4115586690017513 0.3047112462006079
4 0.357968476357268 0.31762917933130697 0.3656742556917688 0.34498480243161095 0.35901926444833626 0.40425531914893614 0.3551663747810858 0.48024316109422494 0.3551663747810858 0.5197568389057751 0.3649737302977233 0.5562310030395137 0.380385288966725 0.5478723404255319 0.38248686514886165 0.4969604863221885 0.38248686514886165 0.42933130699088146 0.38528896672504376 0.3662613981762918 0.38704028021015763 0.3282674772036474 0.37828371278458844 0.30927051671732525
6 0.28896672504378285 0.3130699088145897 0.2861646234676007 0.42933130699088146 0.2851138353765324 0.4886018237082067 0.3043782837127846 0.5113981762917933 0.32189141856392295 0.5220364741641338 0.3299474605954466 0.4969604863221885 0.3180385288966725 0.4506079027355623 0.3180385288966725 0.34498480243161095 0.3162872154115587 0.3130699088145897
7 0.2861646234676007 0.3130699088145897 0.2774080560420315 0.3404255319148936 0.2637478108581436 0.38677811550151975 0.2490367775831874 0.4316109422492401 0.2469352014010508 0.46504559270516715 0.2637478108581436 0.4946808510638298 0.2774080560420315 0.4969604863221885 0.2830122591943958 0.4612462006079027 0.2830122591943958 0.40197568389057753 0.28896672504378285 0.35106382978723405
8 0.5096322241681261 0.3487841945288754 0.512784588441331 0.385258358662614 0.5029772329246935 0.4908814589665654 0.5145359019264448 0.5493920972644377 0.5243432574430823 0.5493920972644377 0.5352014010507881 0.5182370820668692 0.5352014010507881 0.4673252279635258 0.5401050788091069 0.3890577507598784 0.5446584938704028 0.3556231003039514
9 0.5495621716287216 0.3556231003039514 0.5418563922942207 0.39361702127659576 0.5457092819614711 0.4316109422492401 0.5439579684763572 0.4992401215805471 0.5401050788091069 0.5303951367781155 0.5527145359019264 0.5539513677811551 0.565323992994746 0.5349544072948328 0.5681260945709282 0.4969604863221885 0.5740805604203152 0.4506079027355623 0.5730297723292469 0.4148936170212766 0.5691768826619965 0.3533434650455927
10 0.578984238178634 0.3677811550151976 0.5691768826619965 0.41033434650455924 0.5709281961471103 0.4566869300911854 0.5702276707530648 0.5075987841945289 0.5719789842381786 0.5326747720364742 0.578984238178634 0.5539513677811551 0.5915936952714536 0.5433130699088146 0.5971978984238179 0.4992401215805471 0.5971978984238179 0.4756838905775076 0.5964973730297723 0.418693009118541 0.5964973730297723 0.3768996960486322 0.5982486865148862 0.33890577507598785 0.5768826619964974 0.3427051671732523
11 0.611908931698774 0.3677811550151976 0.5964973730297723 0.39361702127659576 0.5954465849387041 0.44224924012158057 0.5915936952714536 0.5220364741641338 0.5933450087565674 0.5562310030395137 0.6129597197898424 0.5478723404255319 0.6206654991243432 0.5243161094224924 0.6227670753064799 0.4734042553191489 0.6322241681260946 0.3974164133738602 0.6294220665499124 0.35106382978723405 0.6101576182136602 0.3366261398176292
12 0.6364273204903678 0.3487841945288754 0.6322241681260946 0.37462006079027355 0.6304728546409807 0.4338905775075988 0.6266199649737303 0.4969604863221885 0.6283712784588441 0.541033434650456 0.6507880910683013 0.541033434650456 0.6567425569176882 0.5197568389057751 0.6567425569176882 0.49240121580547114 0.6507880910683013 0.4612462006079027 0.6507880910683013 0.40197568389057753 0.6518388791593696 0.3723404255319149 0.6518388791593696 0.3366261398176292
13 0.6626970227670753 0.33890577507598785 0.6518388791593696 0.38677811550151975 0.6528896672504378 0.45288753799392095 0.6539404553415061 0.4969604863221885 0.6633975481611208 0.526595744680851 0.691768826619965 0.5326747720364742 0.697723292469352 0.5243161094224924 0.702276707530648 0.48404255319148937 0.7005253940455342 0.418693009118541 0.6935201401050788 0.34498480243161095 0.6879159369527146 0.3282674772036474
14 0.6994746059544659 0.32142857142857145 0.6935201401050788 0.3700607902735562 0.6889667250437829 0.42933130699088146 0.6966725043782838 0.4946808510638298 0.7218914185639229 0.5159574468085106 0.738353765323993 0.4992401215805471 0.7415061295971979 0.4734042553191489 0.7334500875656742 0.43541033434650456 0.7267950963222417 0.35790273556231 0.7239929947460595 0.32978723404255317
15 0.7316987740805604 0.30927051671732525 0.7180385288966725 0.3662613981762918 0.7267950963222417 0.43541033434650456 0.7422066549912434 0.4566869300911854 0.7558669001751314 0.47188449848024316 0.7677758318739054 0.4756838905775076 0.7723292469352014 0.4506079027355623 0.7716287215411559 0.3974164133738602 0.76077057793345 0.37462006079027355 0.7481611208406305 0.3487841945288754
16 0.5204903677758319 0.5790273556231003 0.49702276707530646 0.5706686930091185 0.4980735551663748 0.6048632218844985 0.500875656742557 0.6428571428571429 0.500875656742557 0.6740121580547113 0.5068301225919439 0.7120060790273556 0.5068301225919439 0.7629179331306991 0.5166374781085814 0.7545592705167173 0.5166374781085814 0.7287234042553191 0.5264448336252189 0.6618541033434651 0.5204903677758319 0.6322188449848024
17 0.5439579684763572 0.5835866261398176 0.5352014010507881 0.5835866261398176 0.5264448336252189 0.6063829787234043 0.5225919439579685 0.6253799392097265 0.5225919439579685 0.6443768996960486 0.5243432574430823 0.7203647416413373 0.5271453590192644 0.7545592705167173 0.5302977232924694 0.7712765957446809 0.5369527145359019 0.7378419452887538 0.5352014010507881 0.6785714285714286 0.5352014010507881 0.6443768996960486 0.5380035026269703 0.6086626139817629
18 0.5544658493870402 0.5896656534954408 0.5495621716287216 0.6086626139817629 0.5467600700525395 0.6550151975683891 0.5467600700525395 0.6907294832826748 0.5478108581436077 0.743920972644377 0.5495621716287216 0.7651975683890577 0.559369527145359 0.756838905775076 0.5614711033274956 0.6762917933130699 0.5621716287215411 0.6337386018237082 0.5670753064798599 0.587386018237082
19 0.5779334500875657 0.5790273556231003 0.5740805604203152 0.6147416413373861 0.5719789842381786 0.6702127659574468 0.5730297723292469 0.7120060790273556 0.5796847635726795 0.7667173252279635 0.5877408056042032 0.8092705167173252 0.5905429071803853 0.7606382978723404 0.5905429071803853 0.7036474164133738 0.5926444833625218 0.6762917933130699 0.5971978984238179 0.6299392097264438 0.5971978984238179 0.6063829787234043 0.5877408056042032 0.5767477203647416
20 0.6227670753064799 0.5767477203647416 0.6140105078809107 0.5790273556231003 0.603152364273205 0.5919452887537994 0.6003502626970227 0.6193009118541033 0.603152364273205 0.6740121580547113 0.6052539404553415 0.7142857142857143 0.6052539404553415 0.7583586626139818 0.611908931698774 0.790273556231003 0.6189141856392294 0.7986322188449848 0.6245183887915937 0.78419452887538 0.6276707530647986 0.7522796352583586 0.6266199649737303 0.6846504559270516 0.6276707530647986 0.6527355623100304 0.6332749562171629 0.5896656534954408
21 0.6605954465849387 0.5835866261398176 0.6458844133099825 0.5980243161094225 0.6458844133099825 0.6360182370820668 0.6528896672504378 0.6846504559270516 0.6577933450087565 0.75 0.6654991243432574 0.7796352583586627 0.6791593695271454 0.7857142857142857 0.6935201401050788 0.7606382978723404 0.6879159369527146 0.689209726443769 0.6819614711033275 0.6238601823708206 0.6753064798598949 0.5767477203647416
22 0.697723292469352 0.5600303951367781 0.6840630472854641 0.5767477203647416 0.6830122591943958 0.6063829787234043 0.7005253940455342 0.6702127659574468 0.72784588441331 0.75 0.7366024518388792 0.7629179331306991 0.7460595446584939 0.7477203647416414 0.7422066549912434 0.7036474164133738 0.7285464098073555 0.6382978723404256 0.7267950963222417 0.5980243161094225 0.7190893169877408 0.5668693009118541 0.7152364273204904 0.541033434650456
23 0.7366024518388792 0.5288753799392097 0.7197898423817863 0.5387537993920972 0.7306479859894921 0.6025835866261399 0.7471103327495622 0.6633738601823708 0.750262697022767 0.7036474164133738 0.7635726795096323 0.7036474164133738 0.7677758318739054 0.6740121580547113 0.7684763572679509 0.6003039513677811 0.7716287215411559 0.5623100303951368 0.7716287215411559 0.541033434650456 0.7569176882661997 0.5243161094224924 0.7460595446584939 0.5288753799392097
24 0.4893169877408056 0.5729483282674772 0.482661996497373 0.6109422492401215 0.48651488616462346 0.6572948328267477 0.4882661996497373 0.7332826747720365 0.4903677758318739 0.7583586626139818 0.49632224168126093 0.7142857142857143 0.4980735551663748 0.6086626139817629
25 0.47390542907180383 0.5835866261398176 0.4669001751313485 0.587386018237082 0.46129597197898425 0.6063829787234043 0.4602451838879159 0.6512158054711246 0.4602451838879159 0.7188449848024316 0.47390542907180383 0.7606382978723404 0.4816112084063047 0.7272036474164134 0.4777583187390543 0.6656534954407295 0.482661996497373 0.6003039513677811
26 0.44938704028021015 0.581306990881459 0.44063047285464096 0.5752279635258358 0.4339754816112084 0.6360182370820668 0.44063047285464096 0.7203647416413373 0.4437828371278459 0.7667173252279635 0.44763572679509633 0.7879939209726444 0.4591943957968476 0.7416413373860182 0.4553415061295972 0.6846504559270516 0.4553415061295972 0.5980243161094225
27 0.43887915936952715 0.5896656534954408 0.42311733800350265 0.581306990881459 0.4126094570928196 0.5896656534954408 0.4056042031523643 0.6276595744680851 0.4056042031523643 0.682370820668693 0.40945709281961473 0.7393617021276596 0.410507880910683 0.7963525835866262 0.4329246935201401 0.7142857142857143 0.43012259194395797 0.6572948328267477
28 0.4066549912434326 0.5942249240121581 0.3957968476357268 0.5835866261398176 0.38143607705779337 0.581306990881459 0.3775831873905429 0.6253799392097265 0.3754816112084063 0.6717325227963525 0.3754816112084063 0.7082066869300911 0.3754816112084063 0.7416413373860182 0.3726795096322242 0.8047112462006079 0.3863397548161121 0.7651975683890577 0.39019264448336255 0.7203647416413373 0.3968476357267951 0.6512158054711246 0.4 0.621580547112462
29 0.36952714535901926 0.587386018237082 0.3404553415061296 0.5562310030395137 0.3211908931698774 0.5858662613981763 0.32504378283712787 0.6527355623100304 0.32189141856392295 0.7142857142857143 0.31523642732049034 0.7689969604863222 0.33660245183887916 0.7689969604863222 0.3492119089316988 0.743920972644377 0.357968476357268 0.682370820668693 0.3656742556917688 0.6253799392097265
30 0.32889667250437826 0.5539513677811551 0.30052539404553413 0.5478723404255319 0.29071803852889666 0.5478723404255319 0.2840630472854641 0.5835866261398176 0.27425569176882664 0.6382978723404256 0.26444833625218916 0.7059270516717325 0.26654991243432574 0.7272036474164134 0.28126094570928195 0.743920972644377 0.29772329246935203 0.6869300911854104 0.3043782837127846 0.6656534954407295 0.3162872154115587 0.621580547112462 0.3327495621716287 0.581306990881459 0.3394045534150613 0.5539513677811551
31 0.2868651488616462 0.5197568389057751 0.26654991243432574 0.5113981762917933 0.2469352014010508 0.5053191489361702 0.23537653239929948 0.513677811550152 0.23257443082311735 0.5433130699088146 0.23432574430823117 0.6003039513677811 0.23362521891418564 0.6299392097264438 0.22942206654991243 0.6762917933130699 0.23257443082311735 0.6952887537993921 0.251138353765324 0.6808510638297872 0.25884413309982485 0.6109422492401215 0.2704028021015762 0.5706686930091185