8 0.5254178272980501 0.6163563829787234 0.5275069637883009 0.375 0.5630222841225627 0.37699468085106386 0.5612813370473537 0.5152925531914894 0.5699860724233984 0.6143617021276596
0 0.5264623955431755 0.6143617021276596 0.5264623955431755 0.375 0.49442896935933145 0.37898936170212766 0.49547353760445684 0.47007978723404253 0.48467966573816157 0.6183510638297872
1 0.4857242339832869 0.5990691489361702 0.5013927576601671 0.375 0.4815459610027855 0.37101063829787234 0.4596100278551532 0.5019946808510638 0.4568245125348189 0.6050531914893617
2 0.4557799442896936 0.5917553191489362 0.4648328690807799 0.49069148936170215 0.45264623955431754 0.35970744680851063 0.41190807799442897 0.36569148936170215 0.42792479108635095 0.5059840425531915 0.4338440111420613 0.59375
3 0.435933147632312 0.5837765957446809 0.44080779944289694 0.5252659574468085 0.4091225626740947 0.3617021276595745 0.391016713091922 0.37300531914893614 0.4011142061281337 0.5305851063829787 0.4049442896935933 0.6083776595744681
4 0.40285515320334264 0.5950797872340425 0.40215877437325903 0.5232712765957447 0.391016713091922 0.3617021276595745 0.3673398328690808 0.3690159574468085 0.3732590529247911 0.5970744680851063
5 0.3722144846796657 0.5950797872340425 0.37012534818941506 0.3617021276595745 0.33530640668523676 0.3636968085106383 0.3245125348189415 0.59375
6 0.32346796657381616 0.5970744680851063 0.3373955431754875 0.3690159574468085 0.30536211699164345 0.37101063829787234 0.2945682451253482 0.4853723404255319 0.2785515320334262 0.5724734042553191
7 0.2785515320334262 0.5684840425531915 0.241991643454039 0.5405585106382979 0.24268802228412256 0.48138297872340424 0.2775069637883008 0.36569148936170215 0.30536211699164345 0.375 0.2956128133704735 0.49268617021276595
9 0.5699860724233984 0.6083776595744681 0.5591922005571031 0.5252659574468085 0.5602367688022284 0.375 0.583217270194986 0.37300531914893614 0.588091922005571 0.5172872340425532 0.592966573816156 0.5950797872340425
10 0.6138579387186629 0.5877659574468085 0.6239554317548747 0.5099734042553191 0.6545961002785515 0.37898936170212766 0.6256963788300836 0.3636968085106383 0.5919220055710307 0.49268617021276595 0.5870473537604457 0.5272606382978723 0.592966573816156 0.5970744680851063
11 0.6138579387186629 0.5857712765957447 0.6079387186629527 0.5458776595744681 0.6545961002785515 0.37300531914893614 0.6946378830083565 0.3863031914893617 0.6796657381615598 0.5152925531914894 0.6727019498607242 0.5498670212765957 0.6737465181058496 0.6103723404255319
12 0.6737465181058496 0.6103723404255319 0.6737465181058496 0.5498670212765957 0.6974233983286908 0.39029255319148937 0.7252785515320335 0.39561170212765956 0.7263231197771588 0.43018617021276595 0.7204038997214485 0.5252659574468085 0.724233983286908 0.6063829787234043
13 0.7252785515320335 0.59375 0.7214484679665738 0.5172872340425532 0.7284122562674095 0.39228723404255317 0.7493036211699164 0.39029255319148937 0.7541782729805014 0.4753989361702128 0.7691504178272981 0.5804521276595744
14 0.7712395543175488 0.5764627659574468 0.753133704735376 0.5059840425531915 0.7461699164345403 0.39361702127659576 0.7799442896935933 0.39029255319148937 0.8147632311977716 0.5478723404255319
16 0.5114902506963789 0.6143617021276596 0.5125348189415042 0.8444148936170213 0.5372562674094707 0.836436170212766 0.5383008356545961 0.6143617021276596
17 0.5383008356545961 0.6103723404255319 0.5393454038997214 0.8424202127659575 0.5623259052924791 0.8404255319148937 0.5612813370473537 0.6083776595744681
18 0.5591922005571031 0.6183510638297872 0.5651114206128134 0.8517287234042553 0.6030640668523677 0.836436170212766 0.5919220055710307 0.682845744680851 0.5891364902506964 0.6143617021276596
19 0.5891364902506964 0.6163563829787234 0.5908774373259053 0.6941489361702128 0.604108635097493 0.8404255319148937 0.637883008356546 0.8384308510638298 0.6197771587743732 0.699468085106383 0.6229108635097493 0.6103723404255319
20 0.6208217270194986 0.6981382978723404 0.6577298050139275 0.8763297872340425 0.6946378830083565 0.8763297872340425 0.6925487465181058 0.8311170212765957 0.6636490250696379 0.7074468085106383 0.6486768802228412 0.6276595744680851 0.6277855153203342 0.6329787234042553
21 0.650766016713092 0.6316489361702128 0.6626044568245125 0.7147606382978723 0.6935933147632312 0.8424202127659575 0.753133704735376 0.8025265957446809 0.7113509749303621 0.7094414893617021 0.7005571030640668 0.6216755319148937
22 0.7005571030640668 0.6236702127659575 0.7064763231197771 0.6941489361702128 0.7583565459610028 0.8058510638297872 0.807799442896936 0.7872340425531915 0.7653203342618384 0.6901595744680851 0.7493036211699164 0.6030585106382979
23 0.7472144846796658 0.5990691489361702 0.7632311977715878 0.6861702127659575 0.810933147632312 0.7719414893617021 0.8408774373259053 0.7300531914893617 0.8008356545961003 0.5631648936170213
24 0.5114902506963789 0.6143617021276596 0.5125348189415042 0.8424202127659575 0.4895543175487465 0.8457446808510638 0.48642061281337046 0.6163563829787234
25 0.48746518105849584 0.6143617021276596 0.4895543175487465 0.8517287234042553 0.4648328690807799 0.8457446808510638 0.4616991643454039 0.6728723404255319 0.46274373259052926 0.6050531914893617
26 0.4616991643454039 0.6063829787234043 0.4616991643454039 0.8477393617021277 0.42792479108635095 0.8457446808510638 0.43279944289693595 0.7127659574468085 0.4348885793871866 0.601063829787234
27 0.4348885793871866 0.6063829787234043 0.4348885793871866 0.7147606382978723 0.42479108635097496 0.8670212765957447 0.38997214484679665 0.8537234042553191 0.40285515320334264 0.6808510638297872 0.40006963788300837 0.6030585106382979
28 0.4011142061281337 0.6063829787234043 0.4049442896935933 0.6901595744680851 0.3920612813370474 0.8577127659574468 0.3631615598885794 0.8404255319148937 0.36420612813370473 0.6748670212765957 0.36629526462395545 0.6050531914893617
29 0.3603760445682451 0.6941489361702128 0.3025766016713092 0.8211436170212766 0.2576601671309192 0.773936170212766 0.31162952646239556 0.6595744680851063 0.3203342618384401 0.6050531914893617 0.37012534818941506 0.6163563829787234
30 0.27263231197771587 0.5611702127659575 0.31928969359331477 0.6083776595744681 0.31162952646239556 0.6675531914893617 0.24686629526462395 0.7759308510638298 0.21413649025069637 0.7167553191489362