0 0.502056202878684 0.567629179331307 0.5037697052775874 0.5045592705167173 0.502056202878684 0.43541033434650456 0.5027416038382454 0.39209726443769 0.5027416038382454 0.34422492401215804 0.5010281014393421 0.30927051671732525 0.48149417409184375 0.3069908814589666 0.4794379712131597 0.3525835866261398 0.47738176833447565 0.42021276595744683 0.47532556545579163 0.45896656534954405 0.4725839616175463 0.5 0.46778615490061687 0.5501519756838906 0.4736120630568883 0.5805471124620061 0.49108978752570254 0.5828267477203647
1 0.4725839616175463 0.4939209726443769 0.4715558601782042 0.5501519756838906 0.46470185058259084 0.5699088145896657 0.4568197395476354 0.5767477203647416 0.45099383139136395 0.5501519756838906 0.44722412611377654 0.4939209726443769 0.44996572995202194 0.44832826747720367 0.44996572995202194 0.4156534954407295 0.45407813570939 0.37462006079027355 0.45407813570939 0.3373860182370821 0.45407813570939 0.30927051671732525 0.46264564770390676 0.3009118541033435 0.47738176833447565 0.31155015197568386 0.47738176833447565 0.34802431610942247 0.47738176833447565 0.3981762917933131 0.47635366689513364 0.4506079027355623
2 0.45407813570939 0.4787234042553192 0.4578478409869774 0.5243161094224924 0.44893762851267993 0.5592705167173252 0.4383139136394791 0.574468085106383 0.4266620973269363 0.5569908814589666 0.4225496915695682 0.5022796352583586 0.4225496915695682 0.446048632218845 0.4225496915695682 0.3981762917933131 0.4225496915695682 0.3465045592705167 0.42563399588759426 0.3161094224924012 0.4420836189170665 0.3009118541033435 0.45099383139136395 0.331306990881459 0.45099383139136395 0.3723404255319149 0.44893762851267993 0.42021276595744683
3 0.43145990404386564 0.4787234042553192 0.43728581220013707 0.5303951367781155 0.43145990404386564 0.5699088145896657 0.42460589444825225 0.5782674772036475 0.4156956819739548 0.567629179331307 0.4030157642220699 0.587386018237082 0.39410555174777245 0.5569908814589666 0.39513365318711446 0.5 0.3999314599040439 0.42857142857142855 0.3999314599040439 0.3723404255319149 0.40610006854009595 0.34802431610942247 0.4156956819739548 0.34194528875379937 0.4225496915695682 0.38753799392097266 0.4235777930089102 0.44376899696048633
4 0.40610006854009595 0.4939209726443769 0.41089787525702537 0.5372340425531915 0.40781357093899934 0.5721884498480243 0.4009595613433859 0.5851063829787234 0.387251542152159 0.5721884498480243 0.3766278272789582 0.5896656534954408 0.37354352296093213 0.5478723404255319 0.37354352296093213 0.5022796352583586 0.37971213159698425 0.44148936170212766 0.37971213159698425 0.3981762917933131 0.37971213159698425 0.3617021276595745 0.39410555174777245 0.34802431610942247 0.3992460589444825 0.378419452887538 0.4040438656614119 0.42401215805471126
5 0.3766278272789582 0.4376899696048632 0.3824537354352296 0.5 0.38930774503084303 0.5524316109422492 0.3814256339958876 0.574468085106383 0.3728581220013708 0.5957446808510638 0.3560657984921179 0.5980243161094225 0.339273474982865 0.5851063829787234 0.33550376970527757 0.5417933130699089 0.342357779300891 0.5045592705167173 0.34715558601782043 0.4787234042553192 0.34715558601782043 0.439209726443769 0.35126799177518847 0.39209726443769 0.3560657984921179 0.3617021276595745 0.3697738176833448 0.3594224924012158 0.37868403015764224 0.38753799392097266
6 0.32385195339273476 0.4004559270516717 0.31768334475668264 0.46580547112462006 0.3108293351610692 0.5045592705167173 0.3012337217272104 0.5303951367781155 0.30808773132282385 0.567629179331307 0.3128855380397533 0.5699088145896657 0.3265935572309801 0.5919452887537994 0.340301576422207 0.5805471124620061 0.34818368745716244 0.5372340425531915 0.34818368745716244 0.4939209726443769 0.34818368745716244 0.44832826747720367 0.34921178889650445 0.42401215805471126 0.3522960932145305 0.39209726443769 0.35298149417409186 0.3525835866261398 0.3461274845784784 0.31762917933130697 0.33344756682659354 0.31990881458966564 0.3276216586703221 0.3525835866261398
8 0.502056202878684 0.49620060790273557 0.5 0.5592705167173252 0.5116518163125429 0.5805471124620061 0.5311857436600411 0.5828267477203647 0.5363262508567512 0.5699088145896657 0.5332419465387251 0.5091185410334347 0.5332419465387251 0.46808510638297873 0.5363262508567512 0.42629179331306993 0.5390678546949965 0.385258358662614 0.5411240575736807 0.33966565349544076 0.5311857436600411 0.31382978723404253 0.5205620287868403 0.3161094224924012 0.5157642220699109 0.3525835866261398 0.5089102124742975 0.41109422492401215 0.5078821110349554 0.47188449848024316
9 0.5311857436600411 0.4787234042553192 0.5332419465387251 0.5288753799392097 0.5363262508567512 0.5699088145896657 0.549006168608636 0.574468085106383 0.5548320767649074 0.5303951367781155 0.5548320767649074 0.4787234042553192 0.5586017820424949 0.42857142857142855 0.5606579849211789 0.38753799392097266 0.5606579849211789 0.34422492401215804 0.5568882796435916 0.3221884498480243 0.54592186429061 0.3221884498480243 0.5400959561343386 0.3525835866261398 0.5370116518163125 0.40501519756838905
10 0.5548320767649074 0.4764437689969605 0.5507196710075394 0.5349544072948328 0.5596298834818368 0.5699088145896657 0.5723098012337218 0.5782674772036475 0.5822481151473612 0.5349544072948328 0.5801919122686772 0.45896656534954405 0.5801919122686772 0.42021276595744683 0.5832762165867033 0.3768996960486322 0.5832762165867033 0.33282674772036475 0.5695681973954764 0.32674772036474165 0.5616860863605209 0.3723404255319149 0.5606579849211789 0.42249240121580545
11 0.5764222069910898 0.48328267477203646 0.5705962988348183 0.5288753799392097 0.5753941055517477 0.5699088145896657 0.5849897189856066 0.5653495440729484 0.592871830020562 0.5828267477203647 0.6048663468128855 0.5524316109422492 0.609664153529815 0.5 0.6048663468128855 0.4308510638297872 0.6048663468128855 0.4072948328267477 0.6055517477724469 0.3700607902735562 0.6038382453735435 0.34422492401215804 0.5880740233036327 0.34422492401215804 0.5801919122686772 0.3958966565349544 0.5781357093899931 0.44832826747720367
12 0.5959561343385881 0.47188449848024316 0.5891021247429746 0.5243161094224924 0.5891021247429746 0.5653495440729484 0.59184372858122 0.5851063829787234 0.6048663468128855 0.574468085106383 0.6185743660041124 0.5896656534954408 0.6254283755997259 0.5569908814589666 0.6261137765592872 0.506838905775076 0.6281699794379713 0.4612462006079027 0.6244002741603838 0.4156534954407295 0.6312542837559972 0.3700607902735562 0.6244002741603838 0.34194528875379937 0.611720356408499 0.34802431610942247 0.6028101439342015 0.3958966565349544
13 0.6254283755997259 0.4810030395136778 0.611720356408499 0.5288753799392097 0.611720356408499 0.5721884498480243 0.6185743660041124 0.5980243161094225 0.6302261823166553 0.5896656534954408 0.6439342015078822 0.5957446808510638 0.6576422206991089 0.5934650455927052 0.6603838245373543 0.5524316109422492 0.6518163125428376 0.4764437689969605 0.6507882111034955 0.44148936170212766 0.6528444139821796 0.41109422492401215 0.6528444139821796 0.3768996960486322 0.6497601096641535 0.35714285714285715 0.6391363947909527 0.34802431610942247 0.6312542837559972 0.3768996960486322 0.6261137765592872 0.41793313069908816
14 0.6497601096641535 0.42249240121580545 0.6507882111034955 0.4696048632218845 0.6487320082248115 0.526595744680851 0.6507882111034955 0.5524316109422492 0.6576422206991089 0.5828267477203647 0.6682659355723098 0.5934650455927052 0.6802604523646333 0.5805471124620061 0.6830020562028787 0.5653495440729484 0.6956819739547635 0.574468085106383 0.7008224811514736 0.5524316109422492 0.6929403701165182 0.49164133738601823 0.6860863605209048 0.4506079027355623 0.6802604523646333 0.4004559270516717 0.6692940370116518 0.36322188449848025 0.6634681288553804 0.3351063829787234 0.6518163125428376 0.33966565349544076 0.6487320082248115 0.3898176291793313
16 0.5078821110349554 0.6109422492401215 0.5089102124742975 0.6527355623100304 0.5068540095956134 0.7150455927051672 0.5068540095956134 0.7651975683890577 0.5058259081562714 0.8039513677811551 0.5078821110349554 0.8563829787234043 0.5095956134338588 0.8913373860182371 0.5215901302261823 0.8974164133738601 0.5233036326250857 0.8541033434650456 0.5243317340644277 0.8130699088145896 0.5243317340644277 0.7545592705167173 0.5284441398217957 0.6656534954407295 0.5274160383824538 0.6071428571428571
17 0.5274160383824538 0.6109422492401215 0.5263879369431117 0.6458966565349544 0.5263879369431117 0.6914893617021277 0.5243317340644277 0.7279635258358662 0.5233036326250857 0.7697568389057751 0.5215901302261823 0.8130699088145896 0.5215901302261823 0.8495440729483282 0.5233036326250857 0.8822188449848024 0.5311857436600411 0.8913373860182371 0.5421521590130226 0.8586626139817629 0.5400959561343386 0.8039513677811551 0.5400959561343386 0.743161094224924 0.5431802604523647 0.6960486322188449 0.5517477724468814 0.648176291793313 0.5538039753255655 0.6109422492401215 0.5431802604523647 0.6025835866261399
18 0.54592186429061 0.6109422492401215 0.5411240575736807 0.6610942249240122 0.5421521590130226 0.7393617021276596 0.5438656614119259 0.8039513677811551 0.5438656614119259 0.8586626139817629 0.5438656614119259 0.8996960486322189 0.5517477724468814 0.912613981762918 0.5606579849211789 0.9042553191489362 0.5654557916381083 0.8609422492401215 0.5664838930774503 0.810790273556231 0.5685400959561343 0.7522796352583586 0.5723098012337218 0.7021276595744681 0.5743660041124058 0.6458966565349544 0.5654557916381083 0.6086626139817629 0.5575736806031528 0.6025835866261399
19 0.5654557916381083 0.6436170212765957 0.5644276901987663 0.7066869300911854 0.5644276901987663 0.7735562310030395 0.5712816997943797 0.8343465045592705 0.5774503084304318 0.8890577507598785 0.5880740233036327 0.9019756838905775 0.593899931459904 0.871580547112462 0.59184372858122 0.8328267477203647 0.5891021247429746 0.7955927051671733 0.5901302261823167 0.7629179331306991 0.593899931459904 0.7112462006079028 0.5959561343385881 0.6740121580547113 0.5959561343385881 0.6390577507598785 0.5880740233036327 0.6132218844984803 0.5774503084304318 0.6177811550151976
20 0.5791638108293352 0.6527355623100304 0.5822481151473612 0.6975683890577508 0.5911583276216587 0.7583586626139818 0.594928032899246 0.8191489361702128 0.6048663468128855 0.8647416413373861 0.611720356408499 0.8913373860182371 0.6213159698423578 0.8951367781155015 0.6312542837559972 0.8822188449848024 0.6213159698423578 0.8191489361702128 0.6185743660041124 0.7758358662613982 0.6175462645647704 0.7173252279635258 0.6185743660041124 0.682370820668693 0.609664153529815 0.6238601823708206 0.5997258396161754 0.6155015197568389 0.5901302261823167 0.6261398176291794 0.5774503084304318 0.6048632218844985
21 0.6017820424948594 0.6504559270516718 0.6048663468128855 0.7044072948328267 0.6165181631254284 0.7522796352583586 0.6322823851953393 0.8214285714285714 0.6535298149417409 0.8738601823708206 0.6713502398903358 0.8647416413373861 0.6830020562028787 0.8389057750759878 0.6761480466072652 0.7872340425531915 0.6624400274160384 0.7302431610942249 0.6555860178204249 0.7044072948328267 0.6555860178204249 0.6656534954407295 0.6507882111034955 0.6375379939209727 0.6302261823166553 0.6375379939209727
22 0.6466758053461275 0.6413373860182371 0.6518163125428376 0.6960486322188449 0.6665524331734064 0.7477203647416414 0.6860863605209048 0.810790273556231 0.705620287868403 0.8389057750759878 0.7193283070596299 0.8328267477203647 0.7320082248115147 0.7933130699088146 0.7292666209732693 0.7522796352583586 0.7155586017820424 0.7173252279635258 0.706648389307745 0.6808510638297872 0.6997943797121315 0.6504559270516718 0.6908841672378341 0.6048632218844985 0.6771761480466073 0.5980243161094225 0.6692940370116518 0.6109422492401215 0.654557916381083 0.6109422492401215
24 0.5095956134338588 0.6109422492401215 0.5089102124742975 0.648176291793313 0.5089102124742975 0.6785714285714286 0.5078821110349554 0.7606382978723404 0.5078821110349554 0.8434650455927052 0.5078821110349554 0.8822188449848024 0.5010281014393421 0.8890577507598785 0.49417409184372857 0.8609422492401215 0.4900616860863605 0.7325227963525835 0.4900616860863605 0.6633738601823708 0.4900616860863605 0.6086626139817629
25 0.49108978752570254 0.6132218844984803 0.49108978752570254 0.6717325227963525 0.49108978752570254 0.8085106382978723 0.49108978752570254 0.8632218844984803 0.47840986977381766 0.8799392097264438 0.4746401644962303 0.817629179331307 0.4705277587388622 0.708966565349544 0.46675805346127486 0.6223404255319149 0.4725839616175463 0.5980243161094225
26 0.4684715558601782 0.6238601823708206 0.4684715558601782 0.682370820668693 0.4684715558601782 0.7325227963525835 0.4684715558601782 0.8039513677811551 0.46675805346127486 0.8495440729483282 0.46161754626456475 0.8936170212765957 0.45099383139136395 0.9042553191489362 0.4441398217957505 0.8434650455927052 0.4451679232350925 0.6656534954407295 0.44722412611377654 0.6238601823708206 0.45202193283070596 0.6048632218844985 0.4588759424263194 0.6025835866261399
27 0.43145990404386564 0.6177811550151976 0.4225496915695682 0.6238601823708206 0.4167237834132968 0.6679331306990881 0.42049348869088415 0.7302431610942249 0.42460589444825225 0.7955927051671733 0.4235777930089102 0.8609422492401215 0.4294037011651816 0.9042553191489362 0.4441398217957505 0.8761398176291794 0.4441398217957505 0.8191489361702128 0.4431117203564085 0.756838905775076 0.44619602467443453 0.7150455927051672 0.44722412611377654 0.6679331306990881 0.4479095270733379 0.6329787234042553
28 0.40507196710075394 0.6436170212765957 0.3982179575051405 0.6869300911854104 0.4040438656614119 0.7264437689969605 0.3934201507882111 0.7978723404255319 0.3845099383139136 0.8457446808510638 0.3845099383139136 0.8799392097264438 0.39136394790952705 0.8913373860182371 0.4030157642220699 0.8670212765957447 0.4119259766963674 0.817629179331307 0.42049348869088415 0.7651975683890577 0.4294037011651816 0.7241641337386018 0.4403701165181631 0.6717325227963525 0.44619602467443453 0.6413373860182371 0.4393420150788211 0.6238601823708206 0.43145990404386564 0.6086626139817629
29 0.36600411240575736 0.6261398176291794 0.3618917066483893 0.6656534954407295 0.36497601096641535 0.6975683890577508 0.3581220013708019 0.75 0.35298149417409186 0.7803951367781155 0.34715558601782043 0.8062310030395137 0.3461274845784784 0.8305471124620061 0.3461274845784784 0.8647416413373861 0.3570938999314599 0.8738601823708206 0.36771761480466075 0.8693009118541033 0.37868403015764224 0.851823708206687 0.39239204934886907 0.817629179331307 0.40781357093899934 0.7325227963525835 0.40781357093899934 0.7021276595744681 0.41980808773132283 0.6656534954407295 0.41980808773132283 0.6306990881458967 0.4067854694996573 0.628419452887538 0.39239204934886907 0.6200607902735562
30 0.3365318711446196 0.6086626139817629 0.32179575051405074 0.6413373860182371 0.3197395476353667 0.6762917933130699 0.30705962988348184 0.7112462006079028 0.296435915010281 0.743161094224924 0.2895819054146676 0.7826747720364742 0.29026730637422893 0.8130699088145896 0.3039753255654558 0.8328267477203647 0.3197395476353667 0.8214285714285714 0.33755997258396164 0.8001519756838906 0.34818368745716244 0.756838905775076 0.3550376970527759 0.7325227963525835 0.36600411240575736 0.708966565349544 0.37457162440027414 0.6846504559270516 0.37868403015764224 0.6527355623100304 0.3591501028101439 0.6329787234042553
31 0.30603152844413983 0.5767477203647416 0.2834132967786155 0.5934650455927052 0.2796435915010281 0.628419452887538 0.2738176833447567 0.648176291793313 0.26593557230980125 0.6694528875379939 0.2542837559972584 0.689209726443769 0.24845784784098698 0.7264437689969605 0.2590815627141878 0.75 0.2738176833447567 0.7416413373860182 0.28855380397532554 0.7173252279635258 0.30705962988348184 0.6975683890577508 0.32282385195339275 0.6762917933130699 0.3365318711446196 0.6352583586626139 0.33344756682659354 0.6223404255319149 0.31871144619602465 0.5957446808510638