0 0.4728761514841351 0.2621580547112462 0.4687819856704197 0.2948328267477204 0.4677584442169908 0.3601823708206687 0.4677584442169908 0.4034954407294833 0.46673490276356194 0.4642857142857143 0.4756055953599454 0.49240121580547114 0.49334698055271237 0.48404255319148937 0.4950528829750938 0.4642857142857143 0.4950528829750938 0.418693009118541 0.49402934152166494 0.3533434650455927 0.4950528829750938 0.28419452887537994 0.4854998294097578 0.24468085106382978 0.4718526100307062 0.23860182370820668
1 0.4687819856704197 0.25987841945288753 0.46400545888775163 0.22948328267477203 0.44933469805527126 0.22948328267477203 0.43773456158307744 0.2750759878419453 0.4425110883657455 0.33358662613981765 0.4425110883657455 0.41641337386018235 0.44353462981917435 0.48404255319148937 0.4582053906516547 0.48556231003039513 0.4619583759808939 0.41641337386018235 0.46093483452746503 0.3404255319148936
2 0.433640395769362 0.25151975683890576 0.4230638007505971 0.2317629179331307 0.4083930399181167 0.28191489361702127 0.41146366427840325 0.3533434650455927 0.41521664960764243 0.4270516717325228 0.4220402592971682 0.4749240121580547 0.4425110883657455 0.44680851063829785 0.4387581030365063 0.3731003039513678 0.4326168543159331 0.30547112462006076
3 0.4053224155578301 0.23404255319148937 0.40156943022859093 0.25379939209726443 0.3995223473217332 0.30775075987841943 0.39781644489935175 0.3556231003039514 0.39201637666325484 0.4012158054711246 0.3926987376322074 0.46200607902735563 0.4104401228249744 0.46200607902735563 0.4131695667007847 0.4209726443768997 0.41419310815421356 0.3229483282674772 0.41419310815421356 0.2560790273556231
4 0.3831456840668714 0.24088145896656535 0.37427499147048787 0.25379939209726443 0.36472193790515184 0.3168693009118541 0.36745138178096215 0.3905775075987842 0.3705220061412487 0.4338905775075988 0.3926987376322074 0.44224924012158057 0.395769361992494 0.40577507598784196 0.3937222790856363 0.3123100303951368 0.390992835209826 0.26671732522796354
5 0.3422040259297168 0.1838905775075988 0.33538041624019105 0.24468085106382978 0.3265097236438076 0.3100303951367781 0.323439099283521 0.39285714285714285 0.33230979187990445 0.4316109422492401 0.3490276356192426 0.44224924012158057 0.36369839645172297 0.41185410334346506 0.36472193790515184 0.34498480243161095 0.3626748549982941 0.25987841945288753 0.3626748549982941 0.22340425531914893 0.3558512453087683 0.19756838905775076
6 0.3265097236438076 0.1952887537993921 0.29921528488570454 0.27279635258358664 0.280791538723985 0.33358662613981765 0.28556806550665303 0.3905775075987842 0.3002388263391334 0.4338905775075988 0.3166154895939952 0.41641337386018235 0.3196861139542818 0.3556231003039514 0.32753326509723646 0.28419452887537994 0.3343568747867622 0.22340425531914893
7 0.30126236779256227 0.1884498480243161 0.28454452405322417 0.23404255319148937 0.2719208461276015 0.26443768996960487 0.2603207096554077 0.2773556231003039 0.25042647560559533 0.30319148936170215 0.2494029341521665 0.33586626139817627 0.25349709996588193 0.3639817629179331 0.2719208461276015 0.3966565349544073 0.2766973729102695 0.3731003039513678 0.28761514841351077 0.3487841945288754 0.29819174343227567 0.3183890577507599 0.3060388945752303 0.2712765957446808 0.3091095189355169 0.24240121580547114 0.31490958717161377 0.2127659574468085 0.31490958717161377 0.19756838905775076
8 0.5049471170249061 0.24468085106382978 0.5039235755714773 0.26671732522796354 0.5008529512111907 0.3487841945288754 0.4991470487888093 0.4247720364741641 0.4960764244285227 0.46200607902735563 0.5029000341180484 0.4946808510638298 0.5223473217331969 0.5053191489361702 0.5243944046400546 0.47720364741641336 0.5233708631866257 0.44680851063829785 0.521323780279768 0.3943768996960486 0.5243944046400546 0.32066869300911854 0.5264414875469123 0.2712765957446808 0.5175707949505288 0.24924012158054712
9 0.5332650972364381 0.2712765957446808 0.5322415557830092 0.24924012158054712 0.5322415557830092 0.33206686930091184 0.5233708631866257 0.39893617021276595 0.5274650290003412 0.4574468085106383 0.5370180825656773 0.48404255319148937 0.5516888433981576 0.49240121580547114 0.5547594677584442 0.4513677811550152 0.5496417604912999 0.3860182370820669 0.543841692255203 0.30319148936170215 0.543841692255203 0.25151975683890576 0.5411122483793926 0.22340425531914893
10 0.5684066871374958 0.22340425531914893 0.5595359945411122 0.24088145896656535 0.5585124530876834 0.2925531914893617 0.5574889116342545 0.3487841945288754 0.5527123848515865 0.40805471124620063 0.5537359263050153 0.45364741641337386 0.5752302968270215 0.48404255319148937 0.5779597407028318 0.44224924012158057 0.5878539747526441 0.3791793313069909 0.5868304332992152 0.3123100303951368 0.5837598089389286 0.25759878419452886 0.5858068918457864 0.2127659574468085 0.5779597407028318 0.19908814589665655
11 0.6032070965540771 0.2188449848024316 0.5926305015353122 0.23404255319148937 0.5847833503923575 0.31458966565349544 0.5847833503923575 0.36854103343465044 0.5837598089389286 0.42325227963525835 0.5820539065165472 0.4574468085106383 0.5946775844421699 0.4688449848024316 0.6052541794609348 0.4513677811550152 0.6062777209143637 0.3776595744680851 0.6120777891504606 0.2712765957446808 0.6161719549641761 0.22948328267477203
12 0.6236779256226543 0.19072948328267478 0.620948481746844 0.22340425531914893 0.6141248720573184 0.2864741641337386 0.6062777209143637 0.32978723404255317 0.5994541112248379 0.41413373860182373 0.6032070965540771 0.44224924012158057 0.6257250085295121 0.4513677811550152 0.6305015353121801 0.4247720364741641 0.6325486182190379 0.33814589665653494 0.6383486864551348 0.2621580547112462 0.6414193108154214 0.20820668693009117
13 0.6530194472876152 0.20592705167173253 0.6424428522688502 0.24240121580547114 0.6356192425793245 0.28191489361702127 0.6305015353121801 0.33358662613981765 0.6298191743432275 0.3943768996960486 0.6366427840327533 0.4247720364741641 0.6618901398839986 0.44680851063829785 0.6803138860457182 0.4095744680851064 0.6734902763561924 0.38145896656534956 0.6646195837598089 0.33586626139817627 0.6639372227908563 0.29711246200607905 0.6676902081200955 0.22340425531914893 0.6646195837598089 0.18617021276595744 0.6577959740702832 0.18617021276595744
14 0.6891845786421017 0.19908814589665655 0.681337427499147 0.21048632218844984 0.6775844421699079 0.25379939209726443 0.676560900716479 0.28799392097264437 0.6714431934493347 0.34498480243161095 0.6724667349027635 0.3905775075987842 0.6803138860457182 0.418693009118541 0.6980552712384852 0.44224924012158057 0.7175025588536336 0.3966565349544073 0.7175025588536336 0.3837386018237082 0.7059024223814397 0.33358662613981765 0.6990788126919141 0.2925531914893617 0.6990788126919141 0.22796352583586627
15 0.7134083930399181 0.2188449848024316 0.7065847833503923 0.22796352583586627 0.6960081883316275 0.25987841945288753 0.7048788809280109 0.32750759878419455 0.7127260320709655 0.36854103343465044 0.7291026953258274 0.39893617021276595 0.7407028317980211 0.3882978723404255 0.7468440805185943 0.35790273556231 0.7427499147048788 0.32750759878419455 0.7280791538723985 0.2750759878419453
16 0.5127942681678608 0.743920972644377 0.510747185261003 0.7249240121580547 0.5076765609007164 0.6595744680851063 0.49129989764585463 0.5942249240121581 0.49402934152166494 0.5379939209726444 0.5069941999317639 0.5296352583586627 0.510747185261003 0.5661094224924013 0.5145001705902422 0.5942249240121581 0.5155237120436711 0.6291793313069909 0.5196178778573866 0.6770516717325228 0.5206414193108154 0.709726443768997
17 0.5312180143295804 0.7507598784194529 0.5281473899692938 0.7310030395136778 0.5155237120436711 0.6922492401215805 0.5138178096212896 0.6314589665653495 0.5145001705902422 0.5858662613981763 0.5145001705902422 0.5463525835866262 0.5243944046400546 0.5357142857142857 0.5370180825656773 0.5531914893617021 0.5380416240191062 0.5927051671732523 0.5400887069259638 0.6337386018237082 0.5400887069259638 0.668693009118541 0.5411122483793926 0.709726443768997
18 0.5506653019447287 0.7507598784194529 0.548618219037871 0.7120060790273556 0.543841692255203 0.6816109422492401 0.5380416240191062 0.6398176291793313 0.539065165472535 0.5775075987841946 0.5448652337086318 0.540273556231003 0.5554418287273968 0.5273556231003039 0.5684066871374958 0.5554711246200608 0.5684066871374958 0.6033434650455927 0.5684066871374958 0.6382978723404256 0.5684066871374958 0.6747720364741642 0.5711361310133061 0.7272036474164134 0.5711361310133061 0.7575987841945289 0.5622654384169226 0.7727963525835866
19 0.593654042988741 0.743920972644377 0.5810303650631183 0.6702127659574468 0.5752302968270215 0.64209726443769 0.5752302968270215 0.5835866261398176 0.5701125895598772 0.5531914893617021 0.5779597407028318 0.5273556231003039 0.588877516206073 0.5463525835866262 0.5946775844421699 0.5987841945288754 0.5957011258955988 0.64209726443769 0.6015011941316957 0.6945288753799392 0.6093483452746503 0.7575987841945289 0.6015011941316957 0.7743161094224924
20 0.6168543159331287 0.7355623100303952 0.6110542476970318 0.7006079027355623 0.5974070283179802 0.6512158054711246 0.5957011258955988 0.6139817629179332 0.593654042988741 0.5729483282674772 0.5916069600818833 0.5448328267477204 0.5963834868645513 0.5296352583586627 0.6093483452746503 0.5250759878419453 0.6168543159331287 0.5311550151975684 0.6189013988399864 0.5790273556231003 0.6219720232002729 0.6360182370820668 0.6298191743432275 0.6838905775075987 0.6356192425793245 0.7203647416413373 0.6345957011258956 0.7378419452887538
21 0.6530194472876152 0.7074468085106383 0.649266461958376 0.6664133738601824 0.6414193108154214 0.6443768996960486 0.6345957011258956 0.6185410334346505 0.6287956328897987 0.5683890577507599 0.6247014670760832 0.5334346504559271 0.6219720232002729 0.5159574468085106 0.6345957011258956 0.5007598784194529 0.6472193790515183 0.5007598784194529 0.6618901398839986 0.5379939209726444 0.6724667349027635 0.6094224924012158 0.6792903445922893 0.648936170212766 0.6782668031388605 0.6922492401215805 0.6714431934493347 0.7120060790273556
22 0.6997611736608667 0.7006079027355623 0.6980552712384852 0.6838905775075987 0.6881610371886728 0.6291793313069909 0.681337427499147 0.5904255319148937 0.6714431934493347 0.5425531914893617 0.6618901398839986 0.5007598784194529 0.6745138178096213 0.4726443768996961 0.6929375639713409 0.4688449848024316 0.70863186625725 0.520516717325228 0.7175025588536336 0.5752279635258358 0.7212555441828727 0.6117021276595744 0.7164790174002047 0.6443768996960486
23 0.7407028317980211 0.6094224924012158 0.74172637325145 0.5927051671732523 0.7253497099965882 0.540273556231003 0.7096554077106789 0.4946808510638298 0.7059024223814397 0.4703647416413374 0.7202320027294439 0.44224924012158057 0.7458205390651654 0.42933130699088146 0.7584442169907881 0.45972644376899696 0.764244285226885 0.5357142857142857 0.77482088024565 0.5752279635258358 0.7720914363698397 0.60790273556231
24 0.5087001023541453 0.7424012158054711 0.5018764926646195 0.71580547112462 0.4960764244285227 0.6550151975683891 0.4923234390992835 0.5927051671732523 0.48652337086318664 0.5509118541033434 0.48038212214261344 0.5448328267477204 0.47765267826680313 0.5858662613981763 0.4728761514841351 0.64209726443769 0.478676219720232 0.7249240121580547 0.4844762879563289 0.7963525835866262 0.4923234390992835 0.7507598784194529
25 0.47458205390651653 0.7986322188449848 0.47355851245308767 0.770516717325228 0.4756055953599454 0.7135258358662614 0.4756055953599454 0.6398176291793313 0.47458205390651653 0.5729483282674772 0.46980552712384854 0.5425531914893617 0.4619583759808939 0.5486322188449848 0.4582053906516547 0.5904255319148937 0.4582053906516547 0.6314589665653495 0.456158307744797 0.6968085106382979 0.4582053906516547 0.7424012158054711 0.46298191743432277 0.7895136778115501 0.46673490276356194 0.8115501519756839
26 0.4455817127260321 0.7834346504559271 0.44728761514841353 0.7575987841945289 0.4524053224155578 0.7051671732522796 0.45411122483793925 0.6382978723404256 0.45411122483793925 0.5904255319148937 0.45138178096212894 0.5425531914893617 0.4326168543159331 0.5334346504559271 0.4230638007505971 0.5706686930091185 0.4230638007505971 0.6268996960486323 0.4230638007505971 0.6945288753799392 0.4326168543159331 0.7575987841945289
27 0.42101671784373934 0.7591185410334347 0.41828727396792903 0.7272036474164134 0.4189696349368816 0.6268996960486323 0.4230638007505971 0.5706686930091185 0.4189696349368816 0.5357142857142857 0.4025929716820198 0.5273556231003039 0.39781644489935175 0.5615501519756839 0.40156943022859093 0.6162613981762918 0.4053224155578301 0.6876899696048632 0.4053224155578301 0.7378419452887538 0.40736949846468784 0.7553191489361702
28 0.38416922552030025 0.7272036474164134 0.38689866939611056 0.6983282674772037 0.3995223473217332 0.6382978723404256 0.4094165813715456 0.5531914893617021 0.4025929716820198 0.5053191489361702 0.3851927669737291 0.5030395136778115 0.3773456158307745 0.5273556231003039 0.373251450017059 0.5835866261398176 0.373251450017059 0.64209726443769 0.373251450017059 0.6922492401215805 0.373251450017059 0.7401215805471124
29 0.3401569430228591 0.7135258358662614 0.3538041624019106 0.6724924012158054 0.3654042988741044 0.6268996960486323 0.3694984646878199 0.601063829787234 0.373251450017059 0.5509118541033434 0.373251450017059 0.5098784194528876 0.35789832821562606 0.4969604863221885 0.34493346980552714 0.49012158054711247 0.3343568747867622 0.5159574468085106 0.3333333333333333 0.5858662613981763 0.3285568065506653 0.6534954407294833 0.3091095189355169 0.6899696048632219 0.3207096554077107 0.7180851063829787
30 0.30228590924599114 0.6664133738601824 0.30501535312180145 0.6466565349544073 0.3176390310474241 0.5942249240121581 0.32753326509723646 0.5425531914893617 0.3343568747867622 0.5053191489361702 0.3254861821903787 0.4817629179331307 0.31183896281132717 0.4817629179331307 0.30126236779256227 0.4574468085106383 0.28863868986693964 0.479483282674772 0.2835209825997953 0.5357142857142857 0.2766973729102695 0.5881458966565349 0.2719208461276015 0.6360182370820668 0.280791538723985 0.6664133738601824
31 0.26509723643807576 0.6360182370820668 0.2671443193449335 0.6139817629179332 0.28181508017741386 0.5509118541033434 0.28863868986693964 0.48556231003039513 0.2708973046741726 0.44452887537993924 0.2436028659160696 0.44452887537993924 0.23302627089730468 0.4749240121580547 0.22995564653701808 0.5463525835866262 0.23404981235073355 0.601063829787234 0.24769703172978505 0.6382978723404256