0 0.48695030389703253 0.3183890577507599 0.4801573114050769 0.3738601823708207 0.47229174115123346 0.44148936170212766 0.46657132642116556 0.48404255319148937 0.48873793350017875 0.5235562310030395 0.5023239184840901 0.4946808510638298 0.5023239184840901 0.4148936170212766 0.5091169109760457 0.3487841945288754 0.49731855559528065 0.3161094224924012
1 0.45405791919914196 0.31382978723404253 0.4519127636753665 0.34498480243161095 0.44726492670718626 0.4331306990881459 0.4365391490883089 0.5007598784194529 0.4587057561673221 0.5189969604863222 0.47229174115123346 0.47416413373860183 0.47443689667500893 0.3100303951367781 0.4733643189131212 0.2978723404255319 0.45119771183410795 0.28495440729483285
2 0.430818734358241 0.2750759878419453 0.4268859492313193 0.303951367781155 0.4183053271362174 0.3898176291793313 0.41151233464426173 0.45972644376899696 0.4161601716124419 0.4946808510638298 0.4376117268501966 0.49848024316109424 0.448337504469074 0.4369300911854103 0.4451197711834108 0.36322188449848025 0.44225956381837683 0.29559270516717323 0.4501251340722202 0.2560790273556231
3 0.3997139792634966 0.2933130699088146 0.3979263496603504 0.3366261398176292 0.39613872005720413 0.418693009118541 0.39399356453342865 0.4886018237082067 0.410439756882374 0.5212765957446809 0.42223811226313906 0.4908814589665654 0.42402574186628533 0.4513677811550152 0.42581337146943155 0.3898176291793313 0.425098319628173 0.31155015197568386 0.4143725420092957 0.2872340425531915
4 0.37182695745441546 0.3161094224924012 0.36503396496245977 0.35714285714285715 0.3582409724705041 0.41033434650455924 0.35931355023239187 0.46580547112462006 0.36896675008938146 0.5113981762917933 0.38827314980336075 0.5091185410334347 0.39399356453342865 0.44984802431610943 0.39399356453342865 0.371580547112462 0.3979263496603504 0.324468085106383 0.3911333571683947 0.28951367781155013 0.3736145870575617 0.29103343465045595
5 0.33500178762960314 0.3343465045592705 0.32248838040757954 0.3609422492401216 0.3128351805505899 0.40425531914893614 0.3089023954236682 0.4574468085106383 0.30818734358240973 0.5045592705167173 0.3371469431533786 0.5189969604863222 0.35645334286735786 0.506838905775076 0.35645334286735786 0.4369300911854103 0.3603861279942796 0.3738601823708207 0.3661065427243475 0.324468085106383 0.34751519485162674 0.30775075987841943
6 0.29924919556667856 0.3282674772036474 0.28888094386843044 0.31990881458966564 0.2702895959957097 0.37537993920972645 0.2695745441544512 0.44756838905775076 0.26349660350375403 0.4946808510638298 0.2820879513764748 0.5189969604863222 0.3053271362173758 0.5045592705167173 0.307114765820522 0.44984802431610943 0.3196281730425456 0.3738601823708207 0.3178405434393994 0.324468085106383
8 0.5176975330711476 0.31382978723404253 0.5091169109760457 0.38753799392097266 0.5012513407222023 0.47416413373860183 0.5091169109760457 0.5151975683890577 0.528423310690025 0.49240121580547114 0.5273507329281373 0.4065349544072948 0.5352163031819807 0.3525835866261398 0.5330711476582052 0.31155015197568386 0.5273507329281373 0.29103343465045595
9 0.5466571326421166 0.31155015197568386 0.5398641401501609 0.31155015197568386 0.5294958884519128 0.3594224924012158 0.5273507329281373 0.4308510638297872 0.5273507329281373 0.48404255319148937 0.5391490883089024 0.5113981762917933 0.55452270289596 0.47416413373860183 0.5534501251340722 0.3958966565349544 0.5555952806578477 0.3427051671732523
10 0.5563103324991062 0.2993920972644377 0.5505899177690382 0.3366261398176292 0.545942080800858 0.4308510638297872 0.5505899177690382 0.48404255319148937 0.5620307472291741 0.506838905775076 0.5795495173400071 0.5007598784194529 0.5824097247050412 0.47188449848024316 0.5824097247050412 0.41641337386018235 0.5902752949588845 0.3343465045592705 0.5845548802288166 0.29103343465045595 0.574901680371827 0.28495440729483285
11 0.5977833392920987 0.28951367781155013 0.5902752949588845 0.31990881458966564 0.5881301394351091 0.371580547112462 0.5845548802288166 0.4126139817629179 0.5834823024669289 0.46200607902735563 0.5913478727207723 0.5007598784194529 0.6067214873078298 0.49240121580547114 0.6085091169109761 0.4270516717325228 0.6135144797997855 0.3594224924012158 0.6181623167679656 0.3183890577507599 0.6106542724347516 0.29103343465045595
12 0.6356810868787988 0.29559270516717323 0.6203074722917411 0.3343465045592705 0.6106542724347516 0.3799392097264438 0.6106542724347516 0.418693009118541 0.6106542724347516 0.4764437689969605 0.6203074722917411 0.4969604863221885 0.6335359313550233 0.47188449848024316 0.6374687164819449 0.42249240121580545 0.6442617089739006 0.3738601823708207 0.6471219163389346 0.3161094224924012
13 0.6617804790847337 0.30547112462006076 0.6510547014658563 0.3548632218844985 0.6424740793707544 0.40425531914893614 0.6335359313550233 0.4635258358662614 0.6299606721487307 0.506838905775076 0.6560600643546657 0.49848024316109424 0.6685734715766893 0.4825227963525836 0.6703611011798355 0.44984802431610943 0.6714336789417232 0.3837386018237082 0.6800143010368251 0.3305471124620061 0.6692885234179478 0.28951367781155013
15 0.7089739006077941 0.32598784194528874 0.7014658562745799 0.3670212765957447 0.7032534858777262 0.4308510638297872 0.7082588487665356 0.47796352583586627 0.7196996782266715 0.5007598784194529 0.7311405076868073 0.47188449848024316 0.7536646406864498 0.46808510638297873 0.7536646406864498 0.439209726443769 0.7418662853056847 0.3943768996960486 0.7372184483375045 0.3594224924012158 0.7282803003217734 0.2811550151975684 0.7214873078298176 0.2689969604863222
16 0.5041115480872363 0.7287234042553191 0.5033964962459778 0.6709726443768997 0.4944583482302467 0.6094224924012158 0.487665355738291 0.5600303951367781 0.49946371111905613 0.5357142857142857 0.5091169109760457 0.5524316109422492 0.5101894887379335 0.5851063829787234 0.5101894887379335 0.6200607902735562 0.513764747944226 0.6732522796352584 0.5176975330711476 0.7082066869300911
17 0.5262781551662495 0.7469604863221885 0.528423310690025 0.7120060790273556 0.5176975330711476 0.6550151975683891 0.5159099034680015 0.5889057750759878 0.5159099034680015 0.5319148936170213 0.5273507329281373 0.5357142857142857 0.5323560958169468 0.5729483282674772 0.5323560958169468 0.6094224924012158 0.5341437254200929 0.6610942249240122 0.5380765105470147 0.7059270516717325
18 0.5555952806578477 0.7408814589665653 0.5448695030389703 0.7059270516717325 0.5380765105470147 0.6565349544072948 0.5341437254200929 0.5805471124620061 0.5323560958169468 0.5524316109422492 0.5477297104040043 0.5319148936170213 0.5652484805148373 0.5501519756838906 0.5631033249910619 0.5790273556231003 0.5652484805148373 0.6223404255319149 0.5698963174830175 0.6816109422492401 0.5709688952449052 0.7188449848024316 0.5641759027529496 0.7553191489361702 0.5613156953879156 0.7697568389057751
19 0.5845548802288166 0.763677811550152 0.5816946728637826 0.743161094224924 0.5727565248480515 0.7059270516717325 0.5659635323560959 0.6671732522796353 0.5620307472291741 0.6117021276595744 0.5620307472291741 0.5623100303951368 0.5698963174830175 0.5417933130699089 0.5874150875938505 0.5585106382978723 0.5874150875938505 0.6094224924012158 0.5892027171969968 0.6504559270516718 0.5920629245620308 0.6983282674772037 0.5959957096889524 0.7370820668693009
20 0.6045763317840543 0.7469604863221885 0.6017161244190203 0.7325227963525835 0.5920629245620308 0.6937689969604863 0.5845548802288166 0.6443768996960486 0.5824097247050412 0.587386018237082 0.5874150875938505 0.5524316109422492 0.5999284948158742 0.5478723404255319 0.6106542724347516 0.5706686930091185 0.6163746871648195 0.628419452887538 0.6163746871648195 0.6610942249240122 0.6163746871648195 0.7142857142857143
21 0.6306757239899893 0.7203647416413373 0.6210225241329996 0.6793313069908815 0.6163746871648195 0.628419452887538 0.61136932427601 0.5851063829787234 0.6174472649267072 0.5463525835866262 0.634608509116911 0.5319148936170213 0.6499821237039686 0.5600303951367781 0.6539149088308902 0.5972644376899696 0.657847693957812 0.6382978723404256 0.660707901322846 0.6854103343465046 0.660707901322846 0.7370820668693009 0.6424740793707544 0.7743161094224924 0.6328208795137648 0.7492401215805471
24 0.4983911333571684 0.7370820668693009 0.49159814086521275 0.7203647416413373 0.49159814086521275 0.6504559270516718 0.49374329638898823 0.5972644376899696 0.4898105112620665 0.5600303951367781 0.47443689667500893 0.5501519756838906 0.47050411154808724 0.5828267477203647 0.4712191633893457 0.6405775075987842 0.4733643189131212 0.6778115501519757 0.47443689667500893 0.7370820668693009 0.4840900965319986 0.7553191489361702 0.49159814086521275 0.7165653495440729
25 0.46835895602431177 0.7613981762917933 0.4676439041830533 0.743161094224924 0.46835895602431177 0.7059270516717325 0.4694315337861995 0.6443768996960486 0.47050411154808724 0.587386018237082 0.46835895602431177 0.5668693009118541 0.4608509116910976 0.5539513677811551 0.45119771183410795 0.5562310030395137 0.4501251340722202 0.5972644376899696 0.4529853414372542 0.6360182370820668 0.4529853414372542 0.6983282674772037 0.45477297104040043 0.7348024316109423
26 0.430818734358241 0.763677811550152 0.4354665713264212 0.7287234042553191 0.44333214158026457 0.675531914893617 0.44726492670718626 0.6238601823708206 0.4501251340722202 0.5767477203647416 0.4490525563103325 0.5478723404255319 0.4376117268501966 0.5478723404255319 0.430818734358241 0.5600303951367781 0.4268859492313193 0.5851063829787234 0.42402574186628533 0.6223404255319149 0.42402574186628533 0.6504559270516718 0.42402574186628533 0.7044072948328267 0.425098319628173 0.7469604863221885
27 0.4200929567393636 0.7492401215805471 0.4268859492313193 0.7104863221884499 0.4318913121201287 0.6443768996960486 0.4354665713264212 0.5851063829787234 0.4318913121201287 0.5668693009118541 0.4143725420092957 0.5562310030395137 0.4036467643904183 0.5828267477203647 0.39613872005720413 0.6238601823708206 0.39685377189846266 0.6816109422492401 0.39899892742223814 0.7720364741641338 0.40936717912048626 0.7819148936170213
28 0.3768323203432249 0.7575987841945289 0.38827314980336075 0.7408814589665653 0.3979263496603504 0.6694528875379939 0.4018591347872721 0.5934650455927052 0.4036467643904183 0.5623100303951368 0.39220593493028244 0.5539513677811551 0.3832677869145513 0.5645896656534954 0.38148015731140505 0.5934650455927052 0.3768323203432249 0.6382978723404256 0.3728995352163032 0.6937689969604863 0.3736145870575617 0.7264437689969605
29 0.3496603503754022 0.7781155015197568 0.35144797997854843 0.7575987841945289 0.36717912048623524 0.6793313069908815 0.3728995352163032 0.6177811550151976 0.3768323203432249 0.5805471124620061 0.37754737218448337 0.5585106382978723 0.36396138720057203 0.5585106382978723 0.35073292813728996 0.5562310030395137 0.3378619949946371 0.5524316109422492 0.33428673578834467 0.5911854103343465 0.33142652842331066 0.6382978723404256 0.3235609581694673 0.6960486322188449 0.32248838040757954 0.7325227963525835