8 0.4963924963924964 0.5775075987841946 0.49603174603174605 0.541033434650456 0.5028860028860029 0.49620060790273557 0.5075757575757576 0.3518237082066869 0.5313852813852814 0.35030395136778114 0.5284992784992785 0.43844984802431614 0.5274170274170275 0.5053191489361702 0.5274170274170275 0.513677811550152 0.5288600288600288 0.5425531914893617 0.5263347763347763 0.5767477203647416
9 0.5342712842712842 0.35790273556231 0.5515873015873016 0.35638297872340424 0.5501443001443002 0.418693009118541 0.5515873015873016 0.4749240121580547 0.5584415584415584 0.520516717325228 0.5595238095238095 0.5463525835866262 0.5591630591630592 0.5683890577507599 0.5378787878787878 0.5706686930091185 0.5342712842712842 0.5638297872340425 0.5313852813852814 0.53419452887538 0.534992784992785 0.5106382978723404 0.534992784992785 0.4810030395136778 0.5342712842712842 0.39285714285714285
10 0.5707070707070707 0.3465045592705167 0.597041847041847 0.35030395136778114 0.591991341991342 0.48936170212765956 0.5916305916305916 0.5433130699088146 0.5862193362193362 0.5600303951367781 0.564935064935065 0.5615501519756839 0.5606060606060606 0.5493920972644377 0.5595238095238095 0.5303951367781155 0.5642135642135642 0.4969604863221885
11 0.6038961038961039 0.34802431610942247 0.6309523809523809 0.3518237082066869 0.6194083694083694 0.5091185410334347 0.6222943722943723 0.5417933130699089 0.6150793650793651 0.5592705167173252 0.6053391053391053 0.5592705167173252 0.5977633477633477 0.5516717325227963 0.5909090909090909 0.5455927051671733 0.588023088023088 0.53419452887538 0.5873015873015873 0.506079027355623 0.5923520923520924 0.49240121580547114
12 0.6259018759018758 0.35030395136778114 0.6493506493506493 0.3495440729483283 0.6428571428571429 0.4612462006079027 0.6493506493506493 0.5151975683890577 0.6504329004329005 0.5372340425531915 0.6385281385281385 0.5531914893617021 0.6298701298701299 0.5524316109422492 0.6212121212121212 0.5425531914893617 0.6172438672438673 0.5357142857142857 0.6186868686868687 0.5182370820668692 0.623015873015873 0.5015197568389058
13 0.6641414141414141 0.35790273556231 0.6522366522366523 0.5075987841945289 0.6479076479076479 0.5372340425531915 0.6457431457431457 0.5493920972644377 0.6493506493506493 0.5592705167173252 0.6569264069264069 0.5706686930091185 0.6634199134199135 0.5729483282674772 0.672077922077922 0.5630699088145896 0.6764069264069265 0.5630699088145896 0.68001443001443 0.567629179331307 0.6847041847041847 0.5714285714285714 0.6915584415584416 0.5683890577507599 0.6955266955266955 0.5493920972644377 0.6984126984126984 0.5349544072948328 0.6962481962481962 0.5189969604863222 0.6948051948051948 0.5037993920972644 0.6915584415584416 0.49240121580547114 0.6875901875901876 0.4521276595744681 0.6865079365079365 0.3541033434650456
14 0.6951659451659452 0.3541033434650456 0.7182539682539683 0.3487841945288754 0.7178932178932179 0.418693009118541 0.7294372294372294 0.446048632218845 0.7380952380952381 0.4756838905775076 0.7442279942279942 0.506838905775076 0.73989898989899 0.5387537993920972 0.7377344877344877 0.5440729483282675 0.7283549783549783 0.5326747720364742 0.7193362193362194 0.5486322188449848 0.7103174603174603 0.5516717325227963 0.6998556998556998 0.5387537993920972 0.6966089466089466 0.5129179331306991 0.696969696969697 0.48632218844984804
15 0.7182539682539683 0.33206686930091184 0.7546897546897547 0.3161094224924012 0.7712842712842712 0.3677811550151976 0.7795815295815296 0.40425531914893614 0.7716450216450217 0.4513677811550152 0.7651515151515151 0.4696048632218845 0.7445887445887446 0.4703647416413374 0.7297979797979798 0.4452887537993921 0.7186147186147186 0.418693009118541 0.7182539682539683 0.3541033434650456
0 0.4675324675324675 0.32978723404255317 0.49314574314574317 0.3366261398176292 0.4888167388167388 0.49772036474164133 0.49278499278499277 0.5303951367781155 0.49278499278499277 0.5767477203647416 0.461038961038961 0.5759878419452887
1 0.44733044733044736 0.3541033434650456 0.465007215007215 0.3541033434650456 0.461038961038961 0.5668693009118541 0.4549062049062049 0.5714285714285714 0.44264069264069267 0.5683890577507599 0.43903318903318905 0.5630699088145896 0.4401154401154401 0.5501519756838906 0.44083694083694086 0.5364741641337386
2 0.41594516594516595 0.33966565349544076 0.43037518037518036 0.3472644376899696 0.4314574314574315 0.41185410334346506 0.43867243867243866 0.49544072948328266 0.44083694083694086 0.5182370820668692 0.4401154401154401 0.5448328267477204 0.43686868686868685 0.5478723404255319 0.43362193362193363 0.5638297872340425 0.4152236652236652 0.5661094224924013 0.4101731601731602 0.5440729483282675 0.408008658008658 0.493161094224924 0.41233766233766234 0.3427051671732523
3 0.386002886002886 0.331306990881459 0.4033189033189033 0.331306990881459 0.4087301587301587 0.42857142857142855 0.4126984126984127 0.4939209726443769 0.4163059163059163 0.5311550151975684 0.4137806637806638 0.5509118541033434 0.4000721500721501 0.5630699088145896 0.3921356421356421 0.5661094224924013 0.386002886002886 0.5577507598784195 0.3856421356421356 0.5486322188449848 0.3838383838383838 0.5121580547112462 0.3841991341991342 0.49240121580547114 0.3874458874458874 0.4399696048632219 0.3878066378066378 0.3966565349544073 0.3841991341991342 0.3472644376899696
4 0.3578643578643579 0.33586626139817627 0.3759018759018759 0.33890577507598785 0.376984126984127 0.4247720364741641 0.38311688311688313 0.493161094224924 0.38455988455988455 0.5098784194528876 0.38636363636363635 0.5174772036474165 0.38816738816738816 0.5349544072948328 0.386002886002886 0.5463525835866262 0.37554112554112556 0.5592705167173252 0.3704906204906205 0.5600303951367781 0.36363636363636365 0.5478723404255319 0.3578643578643579 0.5364741641337386 0.3611111111111111 0.5022796352583586 0.36183261183261184 0.4825227963525836
5 0.32431457431457433 0.33358662613981765 0.35209235209235207 0.331306990881459 0.3495670995670996 0.4126139817629179 0.3513708513708514 0.4673252279635258 0.35678210678210676 0.5037993920972644 0.36002886002886003 0.5197568389057751 0.36183261183261184 0.5395136778115501 0.3593073593073593 0.5486322188449848 0.34415584415584416 0.5539513677811551 0.3354978354978355 0.5531914893617021 0.3315295815295815 0.5516717325227963 0.32431457431457433 0.5592705167173252 0.31962481962481964 0.5592705167173252 0.3170995670995671 0.5577507598784195 0.3120490620490621 0.5440729483282675 0.31132756132756134 0.5372340425531915 0.3134920634920635 0.506079027355623 0.31782106782106784 0.48404255319148937
6 0.2907647907647908 0.35106382978723405 0.306998556998557 0.35030395136778114 0.30663780663780665 0.3898176291793313 0.30808080808080807 0.43617021276595747 0.306998556998557 0.479483282674772 0.31024531024531027 0.4939209726443769 0.31024531024531027 0.5121580547112462 0.3098845598845599 0.5303951367781155 0.3005050505050505 0.5455927051671733 0.2896825396825397 0.5478723404255319 0.2824675324675325 0.5425531914893617 0.27994227994227994 0.5334346504559271 0.2784992784992785 0.5319148936170213 0.2727272727272727 0.5349544072948328 0.26875901875901875 0.541033434650456 0.26551226551226553 0.541033434650456 0.26334776334776333 0.5349544072948328 0.2615440115440115 0.5167173252279635 0.26046176046176045 0.49772036474164133 0.2619047619047619 0.4817629179331307 0.26695526695526695 0.4749240121580547 0.2694805194805195 0.46504559270516715 0.27344877344877344 0.4566869300911854 0.27705627705627706 0.4126139817629179 0.28066378066378067 0.3958966565349544 0.2857142857142857 0.38069908814589665 0.28823953823953824 0.371580547112462 0.288961038961039 0.3601823708206687
7 0.25252525252525254 0.31382978723404253 0.23376623376623376 0.3373860182370821 0.22943722943722944 0.35030395136778114 0.23304473304473305 0.3601823708206687 0.2417027417027417 0.3738601823708207 0.24711399711399712 0.40197568389057753 0.24675324675324675 0.4133738601823708 0.25252525252525254 0.41793313069908816 0.2665945165945166 0.418693009118541 0.2756132756132756 0.41413373860182373 0.2839105339105339 0.39285714285714285 0.30194805194805197 0.3404255319148936 0.294011544011544 0.32066869300911854 0.275974025974026 0.30927051671732525 0.25613275613275616 0.3100303951367781
16 0.49855699855699853 0.6147416413373861 0.5072150072150072 0.6162613981762918 0.5180375180375181 0.6109422492401215 0.5180375180375181 0.6223404255319149 0.5162337662337663 0.6436170212765957 0.5191197691197691 0.7689969604863222 0.494949494949495 0.7674772036474165 0.5014430014430015 0.6785714285714286 0.49855699855699853 0.6512158054711246
17 0.5198412698412699 0.60790273556231 0.5440115440115441 0.6056231003039514 0.5429292929292929 0.6291793313069909 0.5386002886002886 0.7750759878419453 0.5216450216450217 0.7743161094224924 0.523088023088023 0.6572948328267477 0.5202020202020202 0.6306990881458967
18 0.5494227994227994 0.5980243161094225 0.56998556998557 0.5987841945288754 0.573953823953824 0.6124620060790273 0.5692640692640693 0.78419452887538 0.5411255411255411 0.7834346504559271 0.5472582972582972 0.6557750759878419 0.5447330447330447 0.6291793313069909 0.5468975468975469 0.6101823708206687
19 0.5847763347763347 0.5927051671732523 0.5746753246753247 0.6048632218844985 0.5725108225108225 0.6170212765957447 0.5772005772005772 0.6474164133738601 0.5717893217893217 0.8069908814589666 0.6031746031746031 0.7986322188449848 0.5992063492063492 0.689209726443769 0.6056998556998557 0.6352583586626139 0.6060606060606061 0.6117021276595744 0.6017316017316018 0.601063829787234 0.5927128427128427 0.5949848024316109
20 0.6190476190476191 0.5904255319148937 0.6042568542568543 0.6033434650455927 0.6067821067821068 0.6299392097264438 0.61002886002886 0.7940729483282675 0.6284271284271284 0.8077507598784195 0.6396103896103896 0.8016717325227963 0.6367243867243867 0.6458966565349544 0.6414141414141414 0.6170212765957447 0.6349206349206349 0.601063829787234 0.6291486291486291 0.5995440729483282 0.6240981240981242 0.5927051671732523
22 0.6922799422799423 0.5934650455927052 0.6976911976911977 0.581306990881459 0.7067099567099567 0.5782674772036475 0.715007215007215 0.5797872340425532 0.7182539682539683 0.5896656534954408 0.7196969696969697 0.5995440729483282 0.7229437229437229 0.621580547112462 0.7258297258297258 0.6398176291793313 0.7597402597402597 0.7613981762917933 0.7081529581529582 0.7955927051671733 0.6836219336219336 0.6838905775075987 0.6695526695526696 0.648936170212766 0.6641414141414141 0.6223404255319149 0.6645021645021645 0.6041033434650456 0.676046176046176 0.5995440729483282
23 0.7391774891774892 0.5767477203647416 0.7312409812409812 0.574468085106383 0.7272727272727273 0.5759878419452887 0.7229437229437229 0.5866261398176292 0.7215007215007215 0.5934650455927052 0.7229437229437229 0.6086626139817629 0.7258297258297258 0.6238601823708206 0.7276334776334776 0.6375379939209727 0.7308802308802309 0.6458966565349544 0.7334054834054834 0.6550151975683891 0.737012987012987 0.6778115501519757 0.7380952380952381 0.6846504559270516 0.7474747474747475 0.7150455927051672 0.7528860028860029 0.7332826747720365 0.7716450216450217 0.7727963525835866 0.803030303030303 0.7613981762917933 0.810966810966811 0.7256838905775076 0.7925685425685426 0.6876899696048632 0.784992784992785 0.662613981762918 0.7842712842712842 0.6504559270516718 0.7828282828282829 0.6223404255319149 0.7821067821067821 0.601063829787234 0.7813852813852814 0.5904255319148937 0.7752525252525253 0.5782674772036475 0.772005772005772 0.5767477203647416 0.7665945165945166 0.5752279635258358 0.7615440115440115 0.5737082066869301 0.7557720057720058 0.5668693009118541 0.7507215007215007 0.5699088145896657 0.7471139971139971 0.5752279635258358 0.7431457431457431 0.5782674772036475
24 0.4751082251082251 0.6101823708206687 0.4953102453102453 0.6132218844984803 0.49603174603174605 0.6360182370820668 0.49134199134199136 0.7925531914893617 0.47474747474747475 0.7917933130699089 0.47835497835497837 0.6618541033434651 0.47655122655122656 0.6458966565349544 0.47474747474747475 0.6360182370820668 0.47474747474747475 0.6147416413373861
25 0.45526695526695526 0.6063829787234043 0.47474747474747475 0.6132218844984803 0.4743867243867244 0.64209726443769 0.4733044733044733 0.7773556231003039 0.4549062049062049 0.7781155015197568 0.4574314574314574 0.6534954407294833 0.45202020202020204 0.6124620060790273
26 0.43506493506493504 0.6041033434650456 0.4458874458874459 0.6033434650455927 0.44805194805194803 0.601063829787234 0.45165945165945165 0.6033434650455927 0.45634920634920634 0.648176291793313 0.4541847041847042 0.7857142857142857 0.43686868686868685 0.7895136778115501 0.4314574314574315 0.71580547112462 0.4310966810966811 0.6641337386018237 0.43326118326118324 0.6382978723404256 0.4347041847041847 0.6223404255319149 0.43362193362193363 0.6177811550151976
27 0.42063492063492064 0.5949848024316109 0.4101731601731602 0.6025835866261399 0.4065656565656566 0.6086626139817629 0.40476190476190477 0.6238601823708206 0.4033189033189033 0.7819148936170213 0.420995670995671 0.7948328267477204 0.42857142857142855 0.7386018237082067 0.43253968253968256 0.6405775075987842 0.43398268398268397 0.6193009118541033 0.43001443001443 0.6177811550151976
28 0.395021645021645 0.5919452887537994 0.38492063492063494 0.6003039513677811 0.38023088023088025 0.6041033434650456 0.3777056277056277 0.6132218844984803 0.37987012987012986 0.6314589665653495 0.3805916305916306 0.6367781155015197 0.3722943722943723 0.7750759878419453 0.38095238095238093 0.7940729483282675 0.38852813852813856 0.7925531914893617 0.3924963924963925 0.7834346504559271 0.4054834054834055 0.6770516717325228 0.411976911976912 0.6177811550151976 0.411976911976912 0.6071428571428571 0.4072871572871573 0.6033434650455927 0.40404040404040403 0.601063829787234 0.39826839826839827 0.5987841945288754
29 0.3531746031746032 0.5889057750759878 0.3582251082251082 0.5934650455927052 0.3661616161616162 0.5942249240121581 0.37445887445887444 0.5881458966565349 0.38095238095238093 0.5858662613981763 0.3856421356421356 0.5949848024316109 0.3791486291486291 0.648176291793313 0.37734487734487737 0.6557750759878419 0.36363636363636365 0.797112462006079 0.31493506493506496 0.7750759878419453 0.3297258297258297 0.6854103343465046 0.3315295815295815 0.6466565349544073 0.33080808080808083 0.6390577507598785 0.3344155844155844 0.6231003039513677 0.3373015873015873 0.6056231003039514 0.33874458874458874 0.5957446808510638 0.34415584415584416 0.5904255319148937 0.3466810966810967 0.5881458966565349
30 0.3041125541125541 0.5828267477203647 0.3152958152958153 0.5805471124620061 0.3181818181818182 0.5828267477203647 0.32142857142857145 0.5805471124620061 0.32792207792207795 0.5828267477203647 0.3315295815295815 0.5881458966565349 0.33405483405483405 0.5927051671732523 0.3351370851370851 0.601063829787234 0.3354978354978355 0.6109422492401215 0.329004329004329 0.6413373860182371 0.32575757575757575 0.6512158054711246 0.29834054834054835 0.7963525835866262 0.24422799422799424 0.756079027355623 0.2727272727272727 0.648936170212766 0.2745310245310245 0.6170212765957447 0.2745310245310245 0.6003039513677811 0.2763347763347763 0.5851063829787234 0.2792207792207792 0.5729483282674772 0.2857142857142857 0.5706686930091185 0.2907647907647908 0.5721884498480243 0.29292929292929293 0.5729483282674772
31 0.25072150072150073 0.5927051671732523 0.2601010101010101 0.5851063829787234 0.26406926406926406 0.5851063829787234 0.268037518037518 0.5927051671732523 0.27200577200577203 0.601823708206687 0.27236652236652237 0.6117021276595744 0.27236652236652237 0.6268996960486323 0.2698412698412698 0.6352583586626139 0.2662337662337662 0.6443768996960486 0.2344877344877345 0.7629179331306991 0.18722943722943722 0.7348024316109423 0.21103896103896103 0.6565349544072948 0.21681096681096682 0.6155015197568389 0.21933621933621933 0.5911854103343465 0.2233044733044733 0.574468085106383 0.23088023088023088 0.5714285714285714 0.23556998556998557 0.5752279635258358 0.24242424242424243 0.5790273556231003 0.24494949494949494 0.5851063829787234