0 0.49625668449197863 0.38677811550151975 0.49019607843137253 0.4338905775075988 0.48128342245989303 0.5433130699088146 0.4823529411764706 0.581306990881459 0.493048128342246 0.5957446808510638 0.509090909090909 0.5858662613981763 0.5130124777183601 0.5433130699088146 0.5158645276292335 0.46504559270516715 0.5187165775401069 0.41641337386018235
1 0.45846702317290555 0.40577507598784196 0.45953654188948306 0.48404255319148937 0.4556149732620321 0.5790273556231003 0.45454545454545453 0.6025835866261399 0.47237076648841353 0.5942249240121581 0.48128342245989303 0.526595744680851 0.489126559714795 0.4399696048632219 0.489126559714795 0.3958966565349544
2 0.4385026737967914 0.4247720364741641 0.435650623885918 0.44376899696048633 0.4288770053475936 0.4992401215805471 0.4249554367201426 0.5387537993920972 0.4267379679144385 0.5919452887537994 0.4484848484848485 0.587386018237082 0.4563279857397504 0.5455927051671733 0.45953654188948306 0.4817629179331307 0.4645276292335116 0.42325227963525835 0.4484848484848485 0.39361702127659576 0.43279857397504456 0.3974164133738602
3 0.417825311942959 0.4270516717325228 0.4128342245989305 0.45896656534954405 0.4028520499108734 0.5349544072948328 0.403921568627451 0.5896656534954408 0.42566844919786095 0.581306990881459 0.4377896613190731 0.5493920972644377 0.4385026737967914 0.47796352583586627 0.44278074866310163 0.4209726443768997 0.431729055258467 0.385258358662614 0.4267379679144385 0.3662613981762918 0.41889483065953653 0.39361702127659576
4 0.4021390374331551 0.4148936170212766 0.3950089126559715 0.4209726443768997 0.39001782531194296 0.45896656534954405 0.3761140819964349 0.5182370820668692 0.37433155080213903 0.5729483282674772 0.386096256684492 0.587386018237082 0.4089126559714795 0.5790273556231003 0.40998217468805703 0.5303951367781155 0.4117647058823529 0.44224924012158057 0.413903743315508 0.3913373860182371 0.4071301247771836 0.3913373860182371
5 0.37219251336898396 0.3890577507598784 0.3672014260249554 0.42933130699088146 0.35436720142602496 0.47796352583586627 0.34545454545454546 0.513677811550152 0.342602495543672 0.5478723404255319 0.3515151515151515 0.587386018237082 0.3771836007130125 0.5858662613981763 0.3843137254901961 0.5683890577507599 0.386096256684492 0.5007598784194529 0.3932263814616756 0.42325227963525835 0.3982174688057041 0.3890577507598784
6 0.332620320855615 0.3958966565349544 0.32584670231729057 0.4270516717325228 0.31693404634581107 0.4756838905775076 0.30802139037433157 0.5159574468085106 0.30303030303030304 0.5455927051671733 0.3226381461675579 0.5706686930091185 0.3447415329768271 0.5623100303951368 0.34866310160427805 0.5098784194528876 0.3575757575757576 0.446048632218845 0.360427807486631 0.39361702127659576 0.3493761140819964 0.3723404255319149
7 0.31693404634581107 0.3617021276595745 0.28627450980392155 0.40805471124620063 0.26524064171122996 0.44376899696048633 0.27807486631016043 0.48024316109422494 0.30196078431372547 0.5113981762917933 0.3180035650623886 0.4506079027355623 0.33868092691622104 0.3958966565349544 0.34652406417112297 0.3662613981762918 0.33868092691622104 0.3427051671732523
8 0.5229946524064171 0.3890577507598784 0.5187165775401069 0.4338905775075988 0.5169340463458111 0.5098784194528876 0.5180035650623885 0.5858662613981763 0.5319073083778966 0.5980243161094225 0.5397504456327986 0.5790273556231003 0.5376114081996435 0.5182370820668692 0.5365418894830659 0.4338905775075988 0.5408199643493761 0.39361702127659576
9 0.5408199643493761 0.4316109422492401 0.538680926916221 0.5053191489361702 0.538680926916221 0.5562310030395137 0.542602495543672 0.5835866261398176 0.550445632798574 0.5896656534954408 0.5614973262032086 0.5645896656534954 0.5632798573975044 0.49240121580547114 0.5675579322638146 0.42325227963525835 0.564349376114082 0.38069908814589665 0.5475935828877005 0.3829787234042553
10 0.5586452762923351 0.3974164133738602 0.560427807486631 0.4338905775075988 0.5593582887700534 0.47796352583586627 0.564349376114082 0.5493920972644377 0.5754010695187166 0.5942249240121581 0.5832442067736185 0.5752279635258358 0.5942959001782531 0.526595744680851 0.5942959001782531 0.44376899696048633 0.592156862745098 0.3913373860182371 0.5793226381461676 0.3700607902735562
11 0.6039215686274509 0.378419452887538 0.6010695187165775 0.4270516717325228 0.5900178253119429 0.5053191489361702 0.5950089126559714 0.6003039513677811 0.6217468805704099 0.6048632218844985 0.6327985739750446 0.47796352583586627 0.635650623885918 0.40577507598784196 0.6377896613190731 0.3913373860182371
12 0.6367201426024955 0.39969604863221886 0.6367201426024955 0.4627659574468085 0.6256684491978609 0.5326747720364742 0.6249554367201426 0.5683890577507599 0.6427807486631016 0.6132218844984803 0.6566844919786097 0.5858662613981763 0.661319073083779 0.5326747720364742 0.6516934046345811 0.43541033434650456 0.6524064171122995 0.385258358662614 0.6395721925133689 0.378419452887538
13 0.6573975044563279 0.3890577507598784 0.6556149732620321 0.418693009118541 0.6545454545454545 0.46504559270516715 0.6573975044563279 0.5372340425531915 0.6655971479500892 0.5668693009118541 0.679144385026738 0.5752279635258358 0.6962566844919786 0.5668693009118541 0.6962566844919786 0.5387537993920972 0.6880570409982175 0.4886018237082067 0.6734402852049911 0.4247720364741641 0.6695187165775401 0.38069908814589665
14 0.6862745098039216 0.3617021276595745 0.6752228163992869 0.3723404255319149 0.6702317290552585 0.42325227963525835 0.6823529411764706 0.48632218844984804 0.6980392156862745 0.5303951367781155 0.7090909090909091 0.5516717325227963 0.7219251336898396 0.5220364741641338 0.7279857397504457 0.4886018237082067 0.7080213903743315 0.4270516717325228 0.696969696969697 0.38677811550151975 0.6962566844919786 0.3700607902735562
16 0.510873440285205 0.7857142857142857 0.5119429590017825 0.7606382978723404 0.5119429590017825 0.7272036474164134 0.5130124777183601 0.6702127659574468 0.5169340463458111 0.6443768996960486 0.526916221033868 0.6382978723404256 0.5397504456327986 0.6740121580547113 0.5358288770053476 0.7188449848024316 0.5258467023172906 0.7606382978723404 0.5219251336898396 0.7948328267477204
17 0.5336898395721925 0.7667173252279635 0.5397504456327986 0.6550151975683891 0.5408199643493761 0.6299392097264438 0.5497326203208556 0.6299392097264438 0.5543672014260249 0.6679331306990881 0.5515151515151515 0.7462006079027356 0.5497326203208556 0.7986322188449848 0.5397504456327986 0.8115501519756839 0.5276292335115864 0.8009118541033434
18 0.5497326203208556 0.7819148936170213 0.546524064171123 0.7310030395136778 0.546524064171123 0.6907294832826748 0.5543672014260249 0.6428571428571429 0.5625668449197861 0.6147416413373861 0.5771836007130124 0.621580547112462 0.5832442067736185 0.6382978723404256 0.582174688057041 0.6785714285714286 0.57825311942959 0.7272036474164134 0.5764705882352941 0.7651975683890577 0.5732620320855615 0.7925531914893617 0.564349376114082 0.8069908814589666
19 0.5793226381461676 0.7925531914893617 0.582174688057041 0.7629179331306991 0.5793226381461676 0.7142857142857143 0.5771836007130124 0.6550151975683891 0.5832442067736185 0.6360182370820668 0.5971479500891266 0.6337386018237082 0.6039215686274509 0.6618541033434651 0.5989304812834224 0.7332826747720365 0.5971479500891266 0.7773556231003039 0.6 0.8199088145896657 0.5853832442067736 0.8282674772036475
20 0.609982174688057 0.7986322188449848 0.609982174688057 0.7857142857142857 0.6032085561497326 0.7188449848024316 0.5989304812834224 0.6702127659574468 0.6049910873440285 0.6382978723404256 0.6188948306595365 0.6337386018237082 0.6288770053475936 0.6633738601823708 0.6256684491978609 0.7477203647416414 0.6345811051693404 0.7963525835866262 0.6345811051693404 0.8199088145896657 0.6167557932263814 0.8153495440729484
22 0.696969696969697 0.7689969604863222 0.6841354723707664 0.7416413373860182 0.6695187165775401 0.7226443768996961 0.6395721925133689 0.6572948328267477 0.6516934046345811 0.6595744680851063 0.663458110516934 0.6428571428571429 0.6773618538324421 0.6193009118541033 0.6951871657754011 0.6238601823708206 0.7040998217468806 0.6656534954407295 0.7101604278074867 0.6998480243161094 0.7197860962566844 0.7393617021276596 0.716934046345811 0.7651975683890577
23 0.7229946524064171 0.5767477203647416 0.6951871657754011 0.6003039513677811 0.6930481283422459 0.6717325227963525 0.706951871657754 0.6930091185410334 0.7358288770053476 0.7355623100303952 0.7614973262032085 0.743920972644377 0.7497326203208556 0.6869300911854104 0.7415329768270945 0.6572948328267477
24 0.49910873440285203 0.7796352583586627 0.49625668449197863 0.6907294832826748 0.4919786096256685 0.6299392097264438 0.506951871657754 0.6337386018237082 0.5130124777183601 0.6527355623100304 0.5130124777183601 0.7120060790273556
25 0.48734402852049913 0.7879939209726444 0.48627450980392156 0.8047112462006079 0.47629233511586455 0.7651975683890577 0.46951871657754013 0.7059270516717325 0.46844919786096256 0.6618541033434651 0.47237076648841353 0.6299392097264438 0.49019607843137253 0.6550151975683891 0.493048128342246 0.743920972644377 0.5001782531194295 0.8092705167173252 0.4919786096256685 0.8328267477203647
26 0.4563279857397504 0.6299392097264438 0.4467023172905526 0.648936170212766 0.44349376114081995 0.7332826747720365 0.4467023172905526 0.7925531914893617 0.45240641711229945 0.8199088145896657 0.46737967914438505 0.7773556231003039 0.46951871657754013 0.6907294832826748 0.46844919786096256 0.6405775075987842
27 0.4338680926916221 0.6337386018237082 0.42780748663101603 0.6550151975683891 0.41497326203208557 0.7287234042553191 0.4089126559714795 0.8047112462006079 0.41497326203208557 0.8449848024316109 0.42780748663101603 0.7963525835866262 0.43279857397504456 0.7142857142857143 0.44278074866310163 0.6656534954407295
28 0.40784313725490196 0.6276595744680851 0.4 0.6443768996960486 0.3910873440285205 0.6762917933130699 0.382174688057041 0.7120060790273556 0.3754010695187166 0.7355623100303952 0.37433155080213903 0.7545592705167173 0.37932263814616757 0.8092705167173252 0.3910873440285205 0.8138297872340425 0.4 0.7651975683890577 0.4117647058823529 0.6975683890577508 0.42388591800356507 0.6512158054711246
29 0.37219251336898396 0.6170212765957447 0.360427807486631 0.6170212765957447 0.3515151515151515 0.6428571428571429 0.342602495543672 0.682370820668693 0.33475935828877007 0.7416413373860182 0.33475935828877007 0.7986322188449848 0.35543672014260247 0.8047112462006079 0.3672014260249554 0.7651975683890577 0.37219251336898396 0.7165653495440729 0.3843137254901961 0.6702127659574468 0.3871657754010695 0.6428571428571429
30 0.324777183600713 0.6063829787234043 0.3180035650623886 0.6025835866261399 0.31194295900178254 0.6003039513677811 0.3048128342245989 0.6025835866261399 0.3001782531194296 0.6633738601823708 0.28698752228163993 0.7310030395136778 0.2802139037433155 0.7857142857142857 0.30802139037433157 0.7773556231003039 0.3180035650623886 0.7272036474164134 0.33475935828877007 0.6717325227963525 0.3404634581105169 0.6360182370820668 0.33868092691622104 0.6193009118541033
31 0.296969696969697 0.5896656534954408 0.2823529411764706 0.5767477203647416 0.26131907308377894 0.5706686930091185 0.2545454545454545 0.5896656534954408 0.253475935828877 0.621580547112462 0.253475935828877 0.6702127659574468 0.25133689839572193 0.7272036474164134 0.25062388591800355 0.7651975683890577 0.271301247771836 0.756838905775076 0.27629233511586454 0.7082066869300911 0.2841354723707665 0.6466565349544073