0 0.48519679554162315 0.33282674772036475 0.492511320097527 0.5455927051671733 0.47509578544061304 0.5486322188449848 0.46394984326018807 0.5395136778115501 0.45942180424939044 0.5235562310030395 0.4604667363288053 0.493161094224924 0.46360153256704983 0.46048632218844987 0.4608150470219436 0.3373860182370821
1 0.45907349355625215 0.3282674772036474 0.45942180424939044 0.4946808510638298 0.4608150470219436 0.5197568389057751 0.4500174155346569 0.5326747720364742 0.44270289097875304 0.5288753799392097 0.4381748519679554 0.520516717325228 0.4399164054336468 0.4908814589665654 0.4378265412748171 0.46504559270516715 0.4392197840473703 0.3427051671732523
5 0.3605015673981191 0.35106382978723405 0.36886102403343785 0.4574468085106383 0.37861372344130967 0.5007598784194529 0.37861372344130967 0.5220364741641338 0.37861372344130967 0.5303951367781155 0.3744339951236503 0.5425531914893617 0.365377917102055 0.5524316109422492 0.3552769070010449 0.5509118541033434 0.34413096482062 0.5501519756838906 0.3340299547196099 0.5433130699088146 0.329153605015674 0.5303951367781155 0.33019853709508884 0.5091185410334347 0.33507488679902475 0.4870820668693009 0.3326367119470568 0.34802431610942247 0.3594566353187043 0.3373860182370821 0.3594566353187043 0.3404255319148936
8 0.48484848484848486 0.3305471124620061 0.49285963079066525 0.5501519756838906 0.522466039707419 0.5463525835866262 0.5262974573319401 0.5243161094224924 0.522466039707419 0.49240121580547114 0.5182863113897597 0.45972644376899696 0.5095785440613027 0.3282674772036474
9 0.5120167189132706 0.3373860182370821 0.5214211076280042 0.4992401215805471 0.5262974573319401 0.5220364741641338 0.5318704284221526 0.5387537993920972 0.5377917102055033 0.5463525835866262 0.5440613026819924 0.5364741641337386 0.5475444096133751 0.5220364741641338 0.54858934169279 0.49772036474164133 0.5492859630790665 0.4696048632218845 0.5301288749564612 0.3229483282674772
11 0.5517241379310345 0.33282674772036475 0.5468477882270986 0.48404255319148937 0.542319749216301 0.5121580547112462 0.5454545454545454 0.5303951367781155 0.5489376523859283 0.5455927051671733 0.5590386624869383 0.5539513677811551 0.5684430512016719 0.5562310030395137 0.576105886450714 0.5303951367781155 0.5774991292232672 0.5121580547112462 0.5740160222918843 0.4908814589665654 0.5774991292232672 0.3351063829787234
12 0.5865552072448624 0.3373860182370821 0.5743643329850227 0.4870820668693009 0.5705329153605015 0.5121580547112462 0.5715778474399164 0.5319148936170213 0.5792406826889586 0.5425531914893617 0.59108324625566 0.5493920972644377 0.6032741205154998 0.5326747720364742 0.6053639846743295 0.5075987841945289 0.6119818878439568 0.3373860182370821
13 0.6151166840822013 0.33814589665653494 0.6036224312086381 0.4946808510638298 0.602229188436085 0.5303951367781155 0.6140717520027865 0.547112462006079 0.6311389759665622 0.5509118541033434 0.6492511320097527 0.5395136778115501 0.6537791710205503 0.5174772036474165 0.6537791710205503 0.49772036474164133 0.6530825496342738 0.41717325227963525 0.6544757924068269 0.3556231003039514
14 0.6565656565656566 0.35714285714285715 0.6502960640891675 0.47796352583586627 0.6502960640891675 0.5007598784194529 0.6502960640891675 0.5227963525835866 0.6516893068617207 0.5387537993920972 0.6610936955764541 0.5455927051671733 0.6809474050853361 0.5425531914893617 0.6941832114245907 0.5296352583586627 0.7004528039010798 0.5098784194528876 0.6973180076628352 0.48936170212765956 0.6941832114245907 0.4642857142857143 0.6896551724137931 0.43617021276595747 0.6886102403343782 0.3981762917933131 0.6879136189481017 0.3518237082066869
17 0.5047021943573667 0.5866261398176292 0.5109717868338558 0.7598784194528876 0.5308254963427377 0.7484802431610942 0.5294322535701846 0.5835866261398176
18 0.5290839428770463 0.5820668693009119 0.5262974573319401 0.6132218844984803 0.5332636711947056 0.7788753799392097 0.563566701497736 0.7651975683890577 0.5559038662486938 0.6162613981762918 0.5545106234761407 0.5858662613981763 0.5499825844653431 0.5706686930091185 0.5367467781260885 0.5706686930091185
19 0.5653082549634274 0.5737082066869301 0.5489376523859283 0.5987841945288754 0.5562521769418322 0.6496960486322189 0.5667014977359804 0.7773556231003039 0.5963079066527343 0.75 0.5834204110066179 0.6223404255319149 0.5834204110066179 0.601823708206687 0.5830721003134797 0.5889057750759878 0.5747126436781609 0.5759878419452887
20 0.5862068965517241 0.5668693009118541 0.5802856147683734 0.5752279635258358 0.5774991292232672 0.5927051671732523 0.5816788575409265 0.6094224924012158 0.5837687216997561 0.6299392097264438 0.5973528387321491 0.763677811550152 0.6304423545802856 0.743920972644377 0.6119818878439568 0.6094224924012158 0.61337513061651 0.5866261398176292 0.6098920236851272 0.5706686930091185 0.5977011494252874 0.5683890577507599
16 0.49773598049460116 0.5889057750759878 0.4855451062347614 0.5980243161094225 0.4952978056426332 0.7651975683890577 0.5127133402995472 0.7621580547112462 0.5067920585161965 0.6200607902735562 0.5064437478230581 0.5820668693009119
24 0.48693834900731453 0.5881458966565349 0.49181469871125044 0.7735562310030395 0.47474747474747475 0.7720364741641338 0.4660397074190178 0.6162613981762918 0.4653430860327412 0.5858662613981763
25 0.4566353187042842 0.5790273556231003 0.4444444444444444 0.5820668693009119 0.4440961337513062 0.6048632218844985 0.4566353187042842 0.7720364741641338 0.47509578544061304 0.7651975683890577 0.4656913967258795 0.60790273556231 0.46290491118077326 0.5805471124620061
26 0.4378265412748171 0.5759878419452887 0.427725531173807 0.5737082066869301 0.4235458028561477 0.5927051671732523 0.4235458028561477 0.6124620060790273 0.4221525600835946 0.6398176291793313 0.4350400557297109 0.7788753799392097 0.453848833159178 0.7735562310030395 0.4447927551375827 0.601823708206687
21 0.6283524904214559 0.5699088145896657 0.61337513061651 0.5623100303951368 0.6078021595262975 0.5683890577507599 0.6060606060606061 0.5820668693009119 0.6071055381400209 0.5995440729483282 0.61337513061651 0.6268996960486323 0.6342737722048067 0.7697568389057751 0.6565656565656566 0.7575987841945289 0.6805990943921978 0.7454407294832827 0.6586555207244862 0.6048632218844985 0.6593521421107628 0.5911854103343465 0.6607453848833159 0.5775075987841946 0.6544757924068269 0.5623100303951368 0.6485545106234761 0.560790273556231 0.640891675374434 0.5638297872340425 0.6342737722048067 0.5706686930091185
22 0.6764193660745385 0.5486322188449848 0.6656217345872518 0.5501519756838906 0.6590038314176245 0.5615501519756839 0.6551724137931034 0.5699088145896657 0.653430860327412 0.5790273556231003 0.6555207244862418 0.5919452887537994 0.6597004528039011 0.60790273556231 0.6635318704284221 0.6268996960486323 0.6997561825148032 0.7462006079027356 0.7321490769766632 0.7142857142857143 0.7074190177638453 0.5904255319148937 0.7042842215256009 0.540273556231003 0.6917450365726228 0.5387537993920972
23 0.7258794845001741 0.5417933130699089 0.7126436781609196 0.5357142857142857 0.7074190177638453 0.5486322188449848 0.7053291536050157 0.5653495440729484 0.7077673284569836 0.5866261398176292 0.7122953674677812 0.6094224924012158 0.7349355625217694 0.71580547112462 0.774294670846395 0.6762917933130699 0.7509578544061303 0.5311550151975684 0.7387669801462905 0.5296352583586627
28 0.39881574364332983 0.5699088145896657 0.38140020898641586 0.5683890577507599 0.3761755485893417 0.5797872340425532 0.3744339951236503 0.5904255319148937 0.37338906304423547 0.6124620060790273 0.37547892720306514 0.64209726443769 0.3758272378962034 0.7492401215805471 0.3901079763148729 0.7553191489361702 0.4130964820619993 0.5949848024316109 0.40369209334726575 0.5729483282674772
29 0.3671194705677464 0.5843465045592705 0.34726576105886453 0.5706686930091185 0.3385579937304075 0.5706686930091185 0.3322884012539185 0.574468085106383 0.3274120515499826 0.5835866261398176 0.32497387669801464 0.5995440729483282 0.32427725531173807 0.6117021276595744 0.32427725531173807 0.6253799392097265 0.3225357018460467 0.6458966565349544 0.3019853709508882 0.743161094224924 0.3274120515499826 0.7743161094224924 0.3563218390804598 0.6869300911854104 0.36468129571577845 0.668693009118541 0.37338906304423547 0.6550151975683891 0.3782654127481714 0.6352583586626139 0.3824451410658307 0.6170212765957447 0.38209683037269243 0.5980243161094225 0.37338906304423547 0.587386018237082
30 0.3124346917450366 0.5699088145896657 0.30094043887147337 0.5577507598784195 0.28631138975966564 0.5493920972644377 0.27899686520376177 0.5585106382978723 0.27412051549982586 0.5835866261398176 0.26262626262626265 0.6200607902735562 0.23894113549285964 0.6793313069908815 0.27028909787530475 0.729483282674772 0.31974921630094044 0.6428571428571429 0.33089515848136536 0.6132218844984803 0.3326367119470568 0.5972644376899696 0.3281086729362591 0.5828267477203647 0.3169627307558342 0.5729483282674772
4 0.37861372344130967 0.32142857142857145 0.3726924416579589 0.4939209726443769 0.3716475095785441 0.5083586626139818 0.37025426680599094 0.5197568389057751 0.3761755485893417 0.5395136778115501 0.3838383838383838 0.5448328267477204 0.39254615116684083 0.540273556231003 0.40369209334726575 0.5311550151975684 0.4043887147335423 0.5075987841945289 0.40264716126785094 0.4886018237082067 0.3991640543364681 0.4696048632218845 0.3991640543364681 0.32142857142857145 0.3991640543364681 0.2986322188449848 0.38000696621386276 0.30167173252279633
3 0.3981191222570533 0.31155015197568386 0.3963775687913619 0.43844984802431614 0.397770811563915 0.47112462006079026 0.39672587948450017 0.48556231003039513 0.39672587948450017 0.4969604863221885 0.39533263671194707 0.513677811550152 0.39707419017763845 0.5235562310030395 0.4012539184952978 0.5364741641337386 0.40752351097178685 0.5417933130699089 0.41344479275513757 0.5417933130699089 0.4183211424590735 0.540273556231003 0.4221525600835946 0.5334346504559271 0.4235458028561477 0.520516717325228 0.42493904562870083 0.5022796352583586 0.42493904562870083 0.479483282674772 0.42424242424242425 0.46200607902735563 0.4221525600835946 0.43541033434650456 0.4130964820619993 0.3662613981762918 0.4110066179031696 0.3069908814589666
2 0.4280738418669453 0.32142857142857145 0.43260188087774293 0.4270516717325228 0.4392197840473703 0.4878419452887538 0.4402647161267851 0.49164133738601823 0.4392197840473703 0.49848024316109424 0.4385231626610937 0.5045592705167173 0.43747823058167884 0.5151975683890577 0.43608498780912575 0.526595744680851 0.43434343434343436 0.5364741641337386 0.42911877394636017 0.541033434650456 0.42598397770811564 0.541033434650456 0.4231974921630094 0.540273556231003 0.4211076280041797 0.5364741641337386 0.41971438523162663 0.5288753799392097 0.41762452107279696 0.5182370820668692 0.41901776384535006 0.506838905775076 0.4172762103796587 0.49544072948328266 0.415186346220829 0.48404255319148937 0.4148380355276907 0.32066869300911854
7 0.27725531173807033 0.33358662613981765 0.2500870776732846 0.49544072948328266 0.2716823406478579 0.5319148936170213 0.28700801114594215 0.540273556231003 0.296760710553814 0.5273556231003039 0.3019853709508882 0.506838905775076 0.3047718564959944 0.4878419452887538 0.3051201671891327 0.47416413373860183 0.305468477882271 0.45896656534954405 0.305468477882271 0.44072948328267475 0.31173807035876 0.34498480243161095
15 0.7140369209334727 0.31458966565349544 0.7453848833159178 0.48404255319148937 0.7216997561825148 0.5159574468085106 0.7025426680599094 0.5212765957446809 0.6931382793451759 0.5053191489361702 0.6837338906304423 0.4756838905775076 0.6840822013235807 0.44376899696048633 0.6799024730059213 0.33814589665653494
6 0.3288052943225357 0.34194528875379937 0.332985022640195 0.47416413373860183 0.3340299547196099 0.49012158054711247 0.3333333333333333 0.5045592705167173 0.33124346917450365 0.541033434650456 0.32567049808429116 0.5554711246200608 0.31347962382445144 0.5539513677811551 0.305468477882271 0.5486322188449848 0.29745733194009055 0.540273556231003 0.29223267154301635 0.5364741641337386 0.2894461859979101 0.5250759878419453 0.28631138975966564 0.513677811550152 0.2866597004528039 0.5015197568389058 0.290491118077325 0.4810030395136778 0.29258098223615464 0.45896656534954405 0.3005921281783351 0.35030395136778114