0 0.4682377049180328 0.418693009118541 0.4682377049180328 0.479483282674772 0.47165300546448086 0.5030395136778115 0.483948087431694 0.5091185410334347 0.5 0.5098784194528876 0.5034153005464481 0.46656534954407297 0.5023907103825137 0.3609422492401216 0.4972677595628415 0.2864741641337386 0.5003415300546448 0.2006079027355623 0.4900956284153005 0.14285714285714285 0.48565573770491804 0.14209726443768997 0.4726775956284153 0.17249240121580547 0.47575136612021857 0.2750759878419453 0.4726775956284153 0.36322188449848025
1 0.44398907103825136 0.4126139817629179 0.4450136612021858 0.45972644376899696 0.45594262295081966 0.4886018237082067 0.462431693989071 0.4886018237082067 0.4692622950819672 0.45440729483282677 0.475068306010929 0.3434650455927052 0.4764344262295082 0.25835866261398177 0.4726775956284153 0.19984802431610943 0.47370218579234974 0.16489361702127658 0.46960382513661203 0.15653495440729484 0.46379781420765026 0.17097264437689969 0.45491803278688525 0.28495440729483285
2 0.4262295081967213 0.4065349544072948 0.4293032786885246 0.4749240121580547 0.4385245901639344 0.49012158054711247 0.4484289617486339 0.4878419452887538 0.4532103825136612 0.4612462006079027 0.45491803278688525 0.4034954407294833 0.45116120218579236 0.30167173252279633 0.4487704918032787 0.20212765957446807 0.4484289617486339 0.1337386018237082 0.43989071038251365 0.11246200607902736 0.43203551912568305 0.1276595744680851 0.4306693989071038 0.22264437689969604
4 0.3698770491803279 0.4012158054711246 0.3671448087431694 0.44148936170212766 0.3729508196721312 0.46200607902735563 0.3948087431693989 0.4635258358662614 0.4036885245901639 0.4376899696048632 0.4098360655737705 0.3518237082066869 0.41700819672131145 0.2864741641337386 0.41905737704918034 0.23708206686930092 0.41905737704918034 0.19984802431610943 0.4180327868852459 0.16033434650455927 0.4064207650273224 0.1534954407294833 0.3941256830601093 0.16793313069908813 0.3797814207650273 0.24012158054711247 0.3709016393442623 0.3776595744680851
6 0.30225409836065575 0.33586626139817627 0.29542349726775957 0.378419452887538 0.2974726775956284 0.4004559270516717 0.30327868852459017 0.41033434650455924 0.3145491803278688 0.4126139817629179 0.3237704918032787 0.42857142857142855 0.3398224043715847 0.41185410334346506 0.3452868852459016 0.3958966565349544 0.34494535519125685 0.35030395136778114 0.34289617486338797 0.3229483282674772 0.34596994535519127 0.23632218844984804 0.34187158469945356 0.17553191489361702 0.3364071038251366 0.15501519756838905 0.33060109289617484 0.14817629179331307 0.3224043715846995 0.15045592705167174 0.3097677595628415 0.196048632218845 0.3025956284153005 0.2826747720364742 0.3056693989071038 0.31534954407294835
7 0.26366120218579236 0.31458966565349544 0.2581967213114754 0.3541033434650456 0.2616120218579235 0.3768996960486322 0.2725409836065574 0.3844984802431611 0.28790983606557374 0.39285714285714285 0.29405737704918034 0.3898176291793313 0.3012295081967213 0.3655015197568389 0.30396174863387976 0.3168693009118541 0.3015710382513661 0.21504559270516718 0.3012295081967213 0.182370820668693 0.3005464480874317 0.1519756838905775 0.2926912568306011 0.1344984802431611 0.2838114754098361 0.1337386018237082 0.26844262295081966 0.16337386018237082 0.2616120218579235 0.2066869300911854 0.2609289617486339 0.25987841945288753 0.26366120218579236 0.2857142857142857
8 0.5040983606557377 0.44072948328267475 0.5034153005464481 0.4870820668693009 0.505464480874317 0.5075987841945289 0.5140027322404371 0.5113981762917933 0.5293715846994536 0.5106382978723404 0.537568306010929 0.4969604863221885 0.5379098360655737 0.45288753799392095 0.5385928961748634 0.3518237082066869 0.5399590163934426 0.27583586626139817 0.5382513661202186 0.21656534954407294 0.5382513661202186 0.18617021276595744 0.5385928961748634 0.16793313069908813 0.5351775956284153 0.135258358662614 0.5262978142076503 0.135258358662614 0.5140027322404371 0.22112462006079028
9 0.5389344262295082 0.446048632218845 0.5389344262295082 0.4969604863221885 0.5491803278688525 0.5053191489361702 0.5594262295081968 0.5 0.5659153005464481 0.47416413373860183 0.5635245901639344 0.41109422492401215 0.5645491803278688 0.2682370820668693 0.5693306010928961 0.2127659574468085 0.5727459016393442 0.17477203647416414 0.5710382513661202 0.14513677811550152 0.5672814207650273 0.14437689969604864 0.5584016393442623 0.14285714285714285 0.5467896174863388 0.1899696048632219 0.5430327868852459 0.2393617021276596 0.537568306010929 0.3525835866261398
10 0.5584016393442623 0.4338905775075988 0.5549863387978142 0.46808510638297873 0.5635245901639344 0.49544072948328266 0.5741120218579235 0.5151975683890577 0.5812841530054644 0.5037993920972644 0.5867486338797814 0.47112462006079026 0.5864071038251366 0.4194528875379939 0.5864071038251366 0.3252279635258359 0.5922131147540983 0.1945288753799392 0.592896174863388 0.16945288753799392 0.5877732240437158 0.15653495440729484 0.5853825136612022 0.15425531914893617 0.578551912568306 0.16109422492401215 0.5706967213114754 0.1952887537993921 0.5659153005464481 0.26367781155015196 0.5638661202185792 0.3541033434650456
12 0.6014344262295082 0.4072948328267477 0.6004098360655737 0.41413373860182373 0.600068306010929 0.44148936170212766 0.6092896174863388 0.4756838905775076 0.6222677595628415 0.48404255319148937 0.6342213114754098 0.4810030395136778 0.64275956284153 0.4612462006079027 0.64275956284153 0.44072948328267475 0.6331967213114754 0.37537993920972645 0.6267076502732241 0.2948328267477204 0.6308060109289617 0.23632218844984804 0.6260245901639344 0.1770516717325228 0.6137295081967213 0.18465045592705168 0.6133879781420765 0.19148936170212766 0.6058743169398907 0.31534954407294835 0.5990437158469946 0.3860182370820669
14 0.6557377049180327 0.3700607902735562 0.6639344262295082 0.4278115501519757 0.6738387978142076 0.4278115501519757 0.6834016393442623 0.42401215805471126 0.6943306010928961 0.41185410334346506 0.7015027322404371 0.3837386018237082 0.6939890710382514 0.3100303951367781 0.6939890710382514 0.2135258358662614 0.6823770491803278 0.14209726443768997 0.6711065573770492 0.14893617021276595 0.662568306010929 0.16185410334346503 0.6584699453551912 0.24164133738601823 0.6615437158469946 0.2925531914893617 0.6615437158469946 0.34498480243161095
15 0.6953551912568307 0.3168693009118541 0.6926229508196722 0.33206686930091184 0.6980874316939891 0.4012158054711246 0.7038934426229508 0.4088145896656535 0.7110655737704918 0.40577507598784196 0.7281420765027322 0.3844984802431611 0.7353142076502732 0.3700607902735562 0.7332650273224044 0.33282674772036475 0.7284836065573771 0.29711246200607905 0.7325819672131147 0.2629179331306991 0.7329234972677595 0.22036474164133737 0.7274590163934426 0.1641337386018237 0.7182377049180327 0.1405775075987842 0.7076502732240437 0.1405775075987842 0.6967213114754098 0.1838905775075988 0.6950136612021858 0.2454407294832827
16 0.5068306010928961 0.5113981762917933 0.5058060109289617 0.5797872340425532 0.5102459016393442 0.6413373860182371 0.5102459016393442 0.7066869300911854 0.512636612021858 0.7348024316109423 0.5181010928961749 0.7484802431610942 0.5252732240437158 0.7507598784194529 0.5307377049180327 0.7325227963525835 0.530396174863388 0.6550151975683891 0.5293715846994536 0.5904255319148937 0.5300546448087432 0.5501519756838906 0.5300546448087432 0.520516717325228 0.5293715846994536 0.5091185410334347 0.5194672131147541 0.5129179331306991
17 0.5372267759562842 0.5106382978723404 0.5327868852459017 0.5167173252279635 0.5307377049180327 0.5334346504559271 0.530396174863388 0.5516717325227963 0.532103825136612 0.60790273556231 0.5338114754098361 0.6762917933130699 0.5372267759562842 0.7310030395136778 0.5409836065573771 0.7469604863221885 0.548155737704918 0.7537993920972644 0.5536202185792349 0.7416413373860182 0.5515710382513661 0.6405775075987842 0.5522540983606558 0.5638297872340425 0.5536202185792349 0.5281155015197568 0.5508879781420765 0.5106382978723404 0.5471311475409836 0.5075987841945289
18 0.5577185792349727 0.506838905775076 0.5539617486338798 0.5212765957446809 0.5536202185792349 0.5706686930091185 0.5539617486338798 0.648176291793313 0.5621584699453552 0.7006079027355623 0.5652322404371585 0.7796352583586627 0.575136612021858 0.7978723404255319 0.5816256830601093 0.7948328267477204 0.5850409836065574 0.75 0.5840163934426229 0.7021276595744681 0.5829918032786885 0.6063829787234043 0.5795765027322405 0.5417933130699089 0.575136612021858 0.5220364741641338 0.5686475409836066 0.5106382978723404
19 0.5911885245901639 0.49848024316109424 0.5819672131147541 0.53419452887538 0.5864071038251366 0.5645896656534954 0.6021174863387978 0.6322188449848024 0.6116803278688525 0.7218844984802432 0.6164617486338798 0.7530395136778115 0.6318306010928961 0.763677811550152 0.6308060109289617 0.7112462006079028 0.6219262295081968 0.6155015197568389 0.6181693989071039 0.5927051671732523 0.6150956284153005 0.5448328267477204 0.612363387978142 0.5151975683890577 0.6096311475409836 0.4992401215805471 0.6004098360655737 0.49240121580547114
20 0.6140710382513661 0.4939209726443769 0.6048497267759563 0.5015197568389058 0.6024590163934426 0.5281155015197568 0.6127049180327869 0.5645896656534954 0.6236338797814208 0.6314589665653495 0.6331967213114754 0.6930091185410334 0.641051912568306 0.723404255319149 0.6454918032786885 0.7424012158054711 0.6523224043715847 0.7446808510638298 0.657103825136612 0.7325227963525835 0.6533469945355191 0.6747720364741642 0.6431010928961749 0.5972644376899696 0.6444672131147541 0.5531914893617021 0.6431010928961749 0.5296352583586627 0.6379781420765027 0.49164133738601823 0.6294398907103825 0.48024316109422494
22 0.6653005464480874 0.42857142857142855 0.6577868852459017 0.44072948328267475 0.6670081967213115 0.4939209726443769 0.6741803278688525 0.520516717325228 0.7243852459016393 0.6413373860182371 0.7349726775956285 0.6405775075987842 0.7414617486338798 0.6132218844984803 0.7424863387978142 0.5889057750759878 0.7281420765027322 0.5197568389057751 0.7093579234972678 0.44832826747720367 0.7096994535519126 0.4270516717325228 0.7015027322404371 0.40501519756838905 0.6977459016393442 0.40501519756838905
23 0.7069672131147541 0.4133738601823708 0.7069672131147541 0.4490881458966565 0.7209699453551912 0.4787234042553192 0.7581967213114754 0.5357142857142857 0.76775956284153 0.560790273556231 0.7769808743169399 0.5592705167173252 0.7855191256830601 0.5379939209726444 0.7831284153005464 0.49164133738601823 0.7742486338797814 0.4582066869300912 0.7588797814207651 0.4217325227963526 0.7534153005464481 0.3981762917933131 0.7527322404371585 0.3677811550151976 0.7438524590163934 0.36322188449848025 0.7349726775956285 0.3662613981762918 0.7230191256830601 0.3882978723404255
24 0.48565573770491804 0.506838905775076 0.4801912568306011 0.5151975683890577 0.47882513661202186 0.5668693009118541 0.4805327868852459 0.668693009118541 0.48599726775956287 0.723404255319149 0.4918032786885246 0.7484802431610942 0.5010245901639344 0.7355623100303952 0.5003415300546448 0.6504559270516718 0.5023907103825137 0.5668693009118541 0.5044398907103825 0.5258358662613982 0.5023907103825137 0.5091185410334347
25 0.46379781420765026 0.5 0.45594262295081966 0.5129179331306991 0.4576502732240437 0.5942249240121581 0.462431693989071 0.6861702127659575 0.46994535519125685 0.743161094224924 0.47882513661202186 0.7674772036474165 0.4870218579234973 0.7606382978723404 0.48292349726775957 0.6854103343465046 0.4798497267759563 0.5729483282674772 0.47848360655737704 0.5106382978723404
26 0.4327185792349727 0.4870820668693009 0.42793715846994534 0.4969604863221885 0.4258879781420765 0.5706686930091185 0.43408469945355194 0.6854103343465046 0.43886612021857924 0.7720364741641338 0.4474043715846995 0.791033434650456 0.4542349726775956 0.7872340425531915 0.4566256830601093 0.7621580547112462 0.45560109289617484 0.6648936170212766 0.45457650273224043 0.5524316109422492 0.4542349726775956 0.5030395136778115 0.44808743169398907 0.4908814589665654 0.4422814207650273 0.4886018237082067
27 0.4047131147540984 0.4734042553191489 0.39959016393442626 0.5015197568389058 0.39549180327868855 0.5592705167173252 0.39207650273224043 0.6633738601823708 0.4088114754098361 0.7378419452887538 0.42418032786885246 0.7386018237082067 0.4207650273224044 0.6762917933130699 0.4166666666666667 0.6360182370820668 0.4180327868852459 0.5881458966565349 0.4258879781420765 0.5357142857142857 0.42896174863387976 0.5091185410334347 0.42793715846994534 0.48936170212765956 0.4228142076502732 0.47416413373860183 0.4156420765027322 0.46808510638297873
28 0.37636612021857924 0.4612462006079027 0.3709016393442623 0.48328267477203646 0.3623633879781421 0.5569908814589666 0.3531420765027322 0.6253799392097265 0.36270491803278687 0.7150455927051672 0.3770491803278688 0.7241641337386018 0.38422131147540983 0.6960486322188449 0.3831967213114754 0.6291793313069909 0.3937841530054645 0.560790273556231 0.40027322404371585 0.5189969604863222 0.40812841530054644 0.4908814589665654 0.40710382513661203 0.4696048632218845 0.3978825136612022 0.46200607902735563 0.3859289617486339 0.45972644376899696 0.3831967213114754 0.46200607902735563
29 0.3452868852459016 0.41033434650455924 0.33401639344262296 0.41793313069908816 0.3282103825136612 0.43541033434650456 0.3244535519125683 0.4696048632218845 0.31796448087431695 0.49012158054711247 0.3008879781420765 0.5379939209726444 0.29508196721311475 0.6041033434650456 0.29542349726775957 0.6329787234042553 0.30293715846994534 0.6534954407294833 0.319672131147541 0.6428571428571429 0.3364071038251366 0.6117021276595744 0.3551912568306011 0.5531914893617021 0.36441256830601093 0.5182370820668692 0.3777322404371585 0.4908814589665654 0.38114754098360654 0.47112462006079026 0.37636612021857924 0.45288753799392095 0.367827868852459 0.42857142857142855 0.36133879781420764 0.4308510638297872 0.35280054644808745 0.41641337386018235
30 0.28722677595628415 0.38753799392097266 0.2773224043715847 0.39285714285714285 0.2687841530054645 0.43465045592705165 0.25443989071038253 0.4756838905775076 0.2424863387978142 0.5440729483282675 0.2510245901639344 0.5661094224924013 0.2650273224043716 0.5661094224924013 0.28346994535519127 0.541033434650456 0.30396174863387976 0.49848024316109424 0.3193306010928962 0.47188449848024316 0.3271857923497268 0.45440729483282677 0.32957650273224043 0.43844984802431614 0.32786885245901637 0.42401215805471126 0.31796448087431695 0.4209726443768997 0.3125 0.41033434650455924 0.29883879781420764 0.40425531914893614 0.29883879781420764 0.3905775075987842