0 0.49964664310954066 0.5592705167173252 0.49964664310954066 0.6003039513677811 0.4989399293286219 0.6155015197568389 0.4840989399293286 0.6155015197568389 0.472791519434629 0.6185410334346505 0.46996466431095407 0.5835866261398176 0.4706713780918728 0.547112462006079 0.4742049469964664 0.5 0.47703180212014135 0.45896656534954405 0.47703180212014135 0.41185410334346506 0.488339222614841 0.3890577507598784 0.4925795053003534 0.41033434650455924 0.49823321554770317 0.45440729483282677 0.5003533568904593 0.4908814589665654
1 0.4713780918727915 0.5440729483282675 0.472791519434629 0.5835866261398176 0.472791519434629 0.6048632218844985 0.4706713780918728 0.6139817629179332 0.4600706713780919 0.6185410334346505 0.4508833922261484 0.6185410334346505 0.446643109540636 0.601823708206687 0.44593639575971733 0.5668693009118541 0.44876325088339225 0.541033434650456 0.4515901060070671 0.49848024316109424 0.4551236749116608 0.4635258358662614 0.4565371024734982 0.4331306990881459 0.4565371024734982 0.3951367781155015 0.465017667844523 0.36930091185410335 0.472791519434629 0.3890577507598784 0.4784452296819788 0.42249240121580545 0.4763250883392226 0.47112462006079026 0.4734982332155477 0.513677811550152
2 0.44946996466431094 0.5364741641337386 0.45441696113074204 0.560790273556231 0.45371024734982335 0.5820668693009119 0.44876325088339225 0.60790273556231 0.43886925795053006 0.6185410334346505 0.4219081272084806 0.5972644376899696 0.4226148409893993 0.5638297872340425 0.4268551236749117 0.5455927051671733 0.4268551236749117 0.5045592705167173 0.4275618374558304 0.47720364741641336 0.4318021201413428 0.44680851063829785 0.43250883392226147 0.41033434650455924 0.43886925795053006 0.3890577507598784 0.44946996466431094 0.3844984802431611 0.45441696113074204 0.4133738601823708 0.4558303886925795 0.4574468085106383 0.45229681978798586 0.4969604863221885
3 0.40636042402826855 0.5455927051671733 0.4 0.5729483282674772 0.4007067137809187 0.5911854103343465 0.4091872791519435 0.6124620060790273 0.4219081272084806 0.6003039513677811 0.4303886925795053 0.6124620060790273 0.4402826855123675 0.5911854103343465 0.44240282685512367 0.547112462006079 0.43957597173144874 0.5 0.4402826855123675 0.4635258358662614 0.44381625441696115 0.4331306990881459 0.43957597173144874 0.39969604863221886 0.43109540636042404 0.3905775075987842 0.4183745583038869 0.3981762917933131 0.41413427561837457 0.41641337386018235 0.41130742049469965 0.45592705167173253 0.41130742049469965 0.4756838905775076
8 0.5010600706713781 0.5592705167173252 0.5003533568904593 0.6063829787234043 0.5074204946996467 0.621580547112462 0.5201413427561837 0.6200607902735562 0.5272084805653711 0.6139817629179332 0.5307420494699646 0.5668693009118541 0.5286219081272084 0.5455927051671733 0.5286219081272084 0.513677811550152 0.5293286219081272 0.4756838905775076 0.5314487632508834 0.44984802431610943 0.5321554770318021 0.41641337386018235 0.5314487632508834 0.3905775075987842 0.5201413427561837 0.3829787234042553 0.5095406360424029 0.41033434650455924 0.5053003533568905 0.45288753799392095 0.5017667844522968 0.5045592705167173
9 0.5279151943462898 0.5623100303951368 0.5279151943462898 0.5987841945288754 0.5363957597173145 0.6231003039513677 0.5484098939929328 0.6200607902735562 0.5547703180212014 0.5972644376899696 0.5547703180212014 0.5562310030395137 0.5547703180212014 0.5227963525835866 0.5547703180212014 0.4696048632218845 0.558303886925795 0.4376899696048632 0.5604240282685512 0.40577507598784196 0.5597173144876325 0.3890577507598784 0.5477031802120141 0.3860182370820669 0.5392226148409894 0.4194528875379939 0.5328621908127208 0.4726443768996961
10 0.553356890459364 0.5547112462006079 0.553356890459364 0.5957446808510638 0.5632508833922262 0.6231003039513677 0.5795053003533569 0.6124620060790273 0.5844522968197879 0.5881458966565349 0.5830388692579506 0.5486322188449848 0.5830388692579506 0.4908814589665654 0.5844522968197879 0.44224924012158057 0.5872791519434629 0.41185410334346506 0.5901060070671378 0.37537993920972645 0.5809187279151944 0.3601823708206687 0.5681978798586572 0.3799392097264438 0.5639575971731449 0.4270516717325228
11 0.5795053003533569 0.5486322188449848 0.5738515901060071 0.5851063829787234 0.5802120141342756 0.6109422492401215 0.5929328621908128 0.6155015197568389 0.5978798586572438 0.6200607902735562 0.6134275618374558 0.6003039513677811 0.6141342756183745 0.5683890577507599 0.6070671378091873 0.5243161094224924 0.607773851590106 0.48936170212765956 0.607773851590106 0.46048632218844987 0.607773851590106 0.42249240121580545 0.602826855123675 0.4027355623100304 0.5957597173144876 0.3981762917933131 0.5837455830388693 0.43465045592705165 0.5823321554770318 0.4726443768996961
12 0.6049469964664311 0.5379939209726444 0.6014134275618375 0.5775075987841946 0.607773851590106 0.6033434650455927 0.6169611307420495 0.6048632218844985 0.620494699646643 0.6170212765957447 0.6318021201413427 0.6124620060790273 0.6381625441696113 0.6003039513677811 0.6388692579505301 0.574468085106383 0.6346289752650177 0.5379939209726444 0.6346289752650177 0.5015197568389058 0.6339222614840989 0.45592705167173253 0.6332155477031802 0.425531914893617 0.6332155477031802 0.40425531914893614 0.6240282685512367 0.39209726443769 0.6134275618374558 0.3981762917933131 0.6091872791519435 0.44376899696048633
13 0.6339222614840989 0.5364741641337386 0.6289752650176679 0.5623100303951368 0.6325088339222615 0.6003039513677811 0.6445229681978799 0.6139817629179332 0.6579505300353357 0.6033434650455927 0.6706713780918728 0.60790273556231 0.6763250883392227 0.5866261398176292 0.6734982332155477 0.5349544072948328 0.665017667844523 0.4908814589665654 0.6628975265017668 0.46200607902735563 0.6593639575971731 0.42857142857142855 0.6593639575971731 0.40577507598784196 0.6515901060070671 0.3981762917933131 0.6431095406360424 0.4012158054711246 0.6367491166077739 0.44224924012158057
14 0.6664310954063605 0.4939209726443769 0.6749116607773852 0.5501519756838906 0.6791519434628975 0.5881458966565349 0.6918727915194346 0.5942249240121581 0.7045936395759718 0.5927051671732523 0.7123674911660778 0.5653495440729484 0.7166077738515901 0.5349544072948328 0.7102473498233216 0.5030395136778115 0.7003533568904594 0.4848024316109423 0.6932862190812721 0.45896656534954405 0.6897526501766784 0.4072948328267477 0.6855123674911661 0.3890577507598784 0.6798586572438162 0.37537993920972645 0.669964664310954 0.3738601823708207 0.6628975265017668 0.4088145896656535 0.665017667844523 0.45288753799392095
15 0.6946996466431096 0.46048632218844987 0.703886925795053 0.49544072948328266 0.711660777385159 0.5075987841945289 0.72226148409894 0.48328267477203646 0.7243816254416962 0.47112462006079026 0.7300353356890459 0.47112462006079026 0.7363957597173145 0.45288753799392095 0.7335689045936395 0.4270516717325228 0.727208480565371 0.40425531914893614 0.72226148409894 0.3905775075987842 0.714487632508834 0.364741641337386 0.7095406360424028 0.3434650455927052 0.7010600706713781 0.32978723404255317 0.6904593639575972 0.3282674772036474 0.6848056537102474 0.3601823708206687 0.6897526501766784 0.4133738601823708
16 0.496113074204947 0.6367781155015197 0.496113074204947 0.6778115501519757 0.4975265017667845 0.7203647416413373 0.49681978798586574 0.7644376899696048 0.49823321554770317 0.8130699088145896 0.5003533568904593 0.8525835866261399 0.5109540636042402 0.8617021276595744 0.5137809187279152 0.8404255319148937 0.5166077738515901 0.7796352583586627 0.5130742049469965 0.7264437689969605 0.5137809187279152 0.6838905775075987 0.5137809187279152 0.6413373860182371 0.511660777385159 0.6261398176291794
17 0.5144876325088339 0.6337386018237082 0.5173144876325089 0.6717325227963525 0.5173144876325089 0.7629179331306991 0.519434628975265 0.8069908814589666 0.5201413427561837 0.851063829787234 0.5257950530035336 0.8723404255319149 0.5328621908127208 0.8768996960486323 0.5342756183745583 0.8525835866261399 0.5342756183745583 0.8054711246200608 0.5342756183745583 0.7553191489361702 0.5356890459363958 0.7036474164133738 0.5385159010600706 0.6717325227963525 0.5363957597173145 0.6337386018237082 0.5250883392226149 0.6276595744680851
18 0.5371024734982333 0.6382978723404256 0.5385159010600706 0.6747720364741642 0.5420494699646643 0.7082066869300911 0.5448763250883393 0.7537993920972644 0.5484098939929328 0.7857142857142857 0.5484098939929328 0.8206686930091185 0.5477031802120141 0.8541033434650456 0.5540636042402827 0.8875379939209727 0.558303886925795 0.9027355623100304 0.566077738515901 0.8966565349544073 0.5703180212014134 0.8541033434650456 0.5703180212014134 0.8145896656534954 0.5703180212014134 0.7735562310030395 0.5667844522968198 0.729483282674772 0.5632508833922262 0.6747720364741642 0.5632508833922262 0.648936170212766 0.5590106007067138 0.6322188449848024 0.5498233215547703 0.6200607902735562
19 0.5625441696113074 0.6428571428571429 0.56113074204947 0.6778115501519757 0.566077738515901 0.7051671732522796 0.5724381625441696 0.7598784194528876 0.5766784452296819 0.7978723404255319 0.5837455830388693 0.8343465045592705 0.5872791519434629 0.8571428571428571 0.6 0.8693009118541033 0.6042402826855123 0.8389057750759878 0.6007067137809188 0.7993920972644377 0.5957597173144876 0.7446808510638298 0.5929328621908128 0.6990881458966566 0.5915194346289753 0.6656534954407295 0.5901060070671378 0.6367781155015197 0.5802120141342756 0.6276595744680851 0.5681978798586572 0.6261398176291794
20 0.5886925795053004 0.6382978723404256 0.5915194346289753 0.6869300911854104 0.5971731448763251 0.71580547112462 0.6014134275618375 0.7492401215805471 0.6183745583038869 0.8358662613981763 0.6339222614840989 0.8647416413373861 0.6424028268551236 0.8556231003039514 0.6438162544169611 0.8221884498480243 0.6374558303886926 0.7917933130699089 0.6303886925795052 0.7416413373860182 0.6226148409893993 0.682370820668693 0.6226148409893993 0.6580547112462006 0.6190812720848057 0.6382978723404256 0.6113074204946997 0.6276595744680851 0.6 0.6200607902735562
21 0.6148409893992933 0.6367781155015197 0.620494699646643 0.6732522796352584 0.6289752650176679 0.6945288753799392 0.6318021201413427 0.7264437689969605 0.6374558303886926 0.7613981762917933 0.6452296819787986 0.7917933130699089 0.6671378091872792 0.8191489361702128 0.6798586572438162 0.8328267477203647 0.688339222614841 0.831306990881459 0.6989399293286219 0.8130699088145896 0.7031802120141343 0.7933130699088146 0.7017667844522968 0.7735562310030395 0.6925795053003534 0.7644376899696048 0.680565371024735 0.743161094224924 0.6734982332155477 0.7188449848024316 0.6664310954063605 0.6930091185410334 0.6628975265017668 0.6580547112462006 0.662190812720848 0.6337386018237082 0.6558303886925795 0.6170212765957447 0.6466431095406361 0.6139817629179332 0.6360424028268551 0.6246200607902735 0.6247349823321555 0.6185410334346505
22 0.6614840989399293 0.621580547112462 0.6614840989399293 0.6519756838905775 0.6692579505300353 0.6808510638297872 0.67773851590106 0.71580547112462 0.6946996466431096 0.7446808510638298 0.7088339222614841 0.7629179331306991 0.7180212014134275 0.776595744680851 0.7300353356890459 0.7826747720364742 0.7371024734982332 0.7644376899696048 0.7385159010600707 0.7355623100303952 0.7279151943462897 0.6945288753799392 0.7159010600706713 0.6717325227963525 0.7088339222614841 0.6428571428571429 0.7067137809187279 0.6124620060790273 0.7024734982332156 0.5942249240121581 0.6890459363957597 0.5911854103343465 0.6784452296819788 0.6003039513677811 0.6706713780918728 0.601823708206687
23 0.7074204946996466 0.6398176291793313 0.714487632508834 0.6778115501519757 0.7321554770318022 0.7006079027355623 0.7512367491166078 0.7173252279635258 0.7625441696113074 0.7249240121580547 0.773851590106007 0.7173252279635258 0.781625441696113 0.6899696048632219 0.7745583038869258 0.6671732522796353 0.7625441696113074 0.6413373860182371 0.7568904593639576 0.6306990881458967 0.7519434628975264 0.5987841945288754 0.7469964664310954 0.5835866261398176 0.7371024734982332 0.5729483282674772 0.7279151943462897 0.5820668693009119 0.7215547703180212 0.5927051671732523 0.7159010600706713 0.6124620060790273
24 0.49681978798586574 0.6352583586626139 0.49823321554770317 0.6762917933130699 0.49964664310954066 0.7203647416413373 0.49681978798586574 0.7598784194528876 0.49540636042402825 0.7978723404255319 0.49540636042402825 0.8495440729483282 0.49540636042402825 0.8723404255319149 0.4840989399293286 0.8799392097264438 0.47985865724381627 0.8556231003039514 0.47703180212014135 0.8009118541033434 0.4784452296819788 0.7477203647416414 0.4784452296819788 0.6945288753799392 0.47703180212014135 0.6550151975683891 0.47491166077738517 0.6276595744680851 0.4833922261484099 0.6231003039513677
25 0.47491166077738517 0.6246200607902735 0.4784452296819788 0.6671732522796353 0.4756183745583039 0.7066869300911854 0.4763250883392226 0.7386018237082067 0.4763250883392226 0.7781155015197568 0.4777385159010601 0.8085106382978723 0.47703180212014135 0.8465045592705167 0.46925795053003533 0.8708206686930091 0.4607773851590106 0.8480243161094225 0.4579505300353357 0.8009118541033434 0.4551236749116608 0.7386018237082067 0.45724381625441696 0.6884498480243161 0.4565371024734982 0.6443768996960486 0.4551236749116608 0.6170212765957447
26 0.4565371024734982 0.621580547112462 0.45724381625441696 0.662613981762918 0.4600706713780919 0.7112462006079028 0.4586572438162544 0.7629179331306991 0.4565371024734982 0.8024316109422492 0.4515901060070671 0.8571428571428571 0.446643109540636 0.8844984802431611 0.43604240282685514 0.8951367781155015 0.4282685512367491 0.8495440729483282 0.42968197879858655 0.790273556231003 0.4303886925795053 0.7462006079027356 0.4303886925795053 0.7082066869300911 0.4367491166077738 0.6641337386018237 0.43886925795053006 0.6246200607902735 0.44876325088339225 0.6109422492401215
27 0.41130742049469965 0.6246200607902735 0.407773851590106 0.6519756838905775 0.41130742049469965 0.6793313069908815 0.4091872791519435 0.7340425531914894 0.4070671378091873 0.7689969604863222 0.4021201413427562 0.7963525835866262 0.39293286219081275 0.837386018237082 0.4007067137809187 0.8601823708206687 0.41130742049469965 0.851063829787234 0.41908127208480567 0.8085106382978723 0.42897526501766786 0.7583586626139818 0.4318021201413428 0.7127659574468085 0.4381625441696113 0.668693009118541 0.4381625441696113 0.6398176291793313 0.4353356890459364 0.6261398176291794 0.42897526501766786 0.6139817629179332 0.4226148409893993 0.6094224924012158
28 0.38869257950530034 0.60790273556231 0.38515901060070673 0.6246200607902735 0.384452296819788 0.6808510638297872 0.37879858657243815 0.7188449848024316 0.37314487632508836 0.7613981762917933 0.3674911660777385 0.7978723404255319 0.3667844522968198 0.8237082066869301 0.37667844522968197 0.8328267477203647 0.392226148409894 0.7978723404255319 0.3978798586572438 0.7446808510638298 0.4056537102473498 0.7112462006079028 0.4091872791519435 0.6732522796352584 0.4169611307420495 0.6413373860182371 0.4169611307420495 0.6185410334346505 0.4106007067137809 0.60790273556231 0.3992932862190813 0.6063829787234043
30 0.3618374558303887 0.6382978723404256 0.3413427561837456 0.6869300911854104 0.32296819787985864 0.7218844984802432 0.3088339222614841 0.7462006079027356 0.2911660777385159 0.7583586626139818 0.272791519434629 0.7537993920972644 0.26148409893992935 0.7279635258358662 0.26501766784452296 0.6945288753799392 0.27985865724381626 0.6580547112462006 0.29823321554770316 0.6291793313069909 0.3060070671378092 0.5987841945288754 0.3166077738515901 0.5714285714285714 0.3300353356890459 0.5668693009118541 0.3448763250883392 0.5790273556231003 0.3575971731448763 0.5957446808510638 0.3561837455830389 0.6063829787234043 0.3660777385159011 0.6063829787234043 0.37031802120141344 0.6155015197568389
31 0.3010600706713781 0.6276595744680851 0.3017667844522968 0.5957446808510638 0.28975265017667845 0.5775075987841946 0.2812720848056537 0.5562310030395137 0.27208480565371024 0.5501519756838906 0.2628975265017668 0.5440729483282675 0.25159010600706716 0.560790273556231 0.24593639575971732 0.5866261398176292 0.23886925795053005 0.6124620060790273 0.22120141342756183 0.6291793313069909 0.2127208480565371 0.6428571428571429 0.21554770318021202 0.6732522796352584 0.23109540636042403 0.6899696048632219 0.24946996466431096 0.6778115501519757 0.27703180212014133 0.662613981762918 0.29328621908127206 0.6443768996960486
4 0.41625441696113075 0.5258358662613982 0.4176678445229682 0.5638297872340425 0.4176678445229682 0.5881458966565349 0.40848056537102473 0.6048632218844985 0.39858657243816253 0.5927051671732523 0.38303886925795055 0.6003039513677811 0.37314487632508836 0.5911854103343465 0.3724381625441696 0.5653495440729484 0.3795053003533569 0.5364741641337386 0.38657243816254416 0.4908814589665654 0.38798586572438165 0.4574468085106383 0.3872791519434629 0.4270516717325228 0.3858657243816254 0.4027355623100304 0.392226148409894 0.3844984802431611 0.407773851590106 0.378419452887538 0.41625441696113075 0.4088145896656535 0.41625441696113075 0.4513677811550152
5 0.3441696113074205 0.5379939209726444 0.3420494699646643 0.5653495440729484 0.3498233215547703 0.5759878419452887 0.3597173144876325 0.5866261398176292 0.3696113074204947 0.5942249240121581 0.38021201413427563 0.5911854103343465 0.3872791519434629 0.5790273556231003 0.392226148409894 0.5425531914893617 0.39363957597173144 0.5227963525835866 0.39363957597173144 0.48632218844984804 0.392226148409894 0.4574468085106383 0.38798586572438165 0.4270516717325228 0.3858657243816254 0.4012158054711246 0.38374558303886924 0.39209726443769 0.3724381625441696 0.39209726443769 0.36819787985865726 0.4148936170212766 0.36325088339222616 0.439209726443769 0.36042402826855124 0.4635258358662614 0.35830388692579507 0.5015197568389058
6 0.31095406360424027 0.4787234042553192 0.30318021201413425 0.49848024316109424 0.29964664310954064 0.5258358662613982 0.30812720848056535 0.5516717325227963 0.31590106007067137 0.547112462006079 0.3215547703180212 0.5668693009118541 0.33568904593639576 0.5653495440729484 0.3491166077738516 0.5501519756838906 0.3526501766784452 0.5273556231003039 0.35547703180212015 0.4908814589665654 0.35901060070671376 0.45896656534954405 0.36042402826855124 0.4376899696048632 0.3597173144876325 0.4088145896656535 0.35901060070671376 0.3829787234042553 0.3512367491166078 0.378419452887538 0.3399293286219081 0.3768996960486322 0.33074204946996466 0.40577507598784196 0.32438162544169613 0.43009118541033436 0.31731448763250886 0.46504559270516715
7 0.2826855123674912 0.3844984802431611 0.2763250883392226 0.39969604863221886 0.2734982332155477 0.42401215805471126 0.28197879858657243 0.44224924012158057 0.2904593639575972 0.44072948328267475 0.2890459363957597 0.45896656534954405 0.2954063604240283 0.4696048632218845 0.30812720848056535 0.46808510638297873 0.31943462897526503 0.4574468085106383 0.32438162544169613 0.43465045592705165 0.32438162544169613 0.41641337386018235 0.33074204946996466 0.3981762917933131 0.334982332155477 0.3829787234042553 0.3392226148409894 0.36930091185410335 0.34063604240282686 0.3525835866261398 0.33568904593639576 0.32978723404255317 0.32579505300353356 0.32066869300911854 0.30954063604240284 0.3191489361702128 0.30247349823321557 0.3404255319148936 0.29469964664310955 0.35714285714285715