0 0.4623217922606925 0.3951367781155015 0.4623217922606925 0.4673252279635258 0.47012898845892737 0.4787234042553192 0.5 0.4787234042553192 0.49966055668703324 0.4521276595744681 0.4938900203665988 0.2826747720364742 0.48676171079429736 0.19376899696048633 0.47386286490156143 0.18617021276595744 0.46334012219959264 0.21048632218844984 0.4596062457569586 0.30927051671732525
1 0.4344874405974202 0.41413373860182373 0.43346911065852 0.4582066869300912 0.44331296673455534 0.4764437689969605 0.46028513238289204 0.4673252279635258 0.46401900882552616 0.43617021276595747 0.4606245756958588 0.3723404255319149 0.45689069925322473 0.2689969604863222 0.4528173794976239 0.18465045592705168 0.4470468431771894 0.17249240121580547 0.4331296673455533 0.19832826747720364 0.43584521384928715 0.2978723404255319
8 0.5016972165648337 0.4072948328267477 0.5 0.4452887537993921 0.5003394433129668 0.4688449848024316 0.5176510522742702 0.4749240121580547 0.53326544467074 0.4688449848024316 0.5373387644263408 0.45592705167173253 0.5369993211133741 0.3905775075987842 0.5431093007467753 0.2986322188449848 0.5444670739986422 0.21732522796352582 0.543448744059742 0.182370820668693 0.538357094365241 0.16033434650455927 0.5278343516632722 0.1656534954407295 0.5261371350984385 0.19756838905775076
9 0.538357094365241 0.40577507598784196 0.5363204344874406 0.44680851063829785 0.5366598778004074 0.46808510638297873 0.5536320434487441 0.47416413373860183 0.5607603530210454 0.4642857142857143 0.5641547861507128 0.4278115501519757 0.5655125594025797 0.3282674772036474 0.5695858791581806 0.23632218844984804 0.5706042090970808 0.18085106382978725 0.5672097759674134 0.1413373860182371 0.5573659198913782 0.13905775075987842 0.5515953835709436 0.16033434650455927 0.5454854039375424 0.2613981762917933
10 0.5658520027155465 0.4126139817629179 0.5638153428377461 0.4338905775075988 0.5624575695858791 0.4642857142857143 0.5719619823489477 0.48328267477203646 0.5831636116768499 0.4870820668693009 0.5909708078750848 0.4726443768996961 0.5953835709436525 0.4027355623100304 0.6065852002715546 0.2978723404255319 0.6133740665308893 0.24164133738601823 0.6184657162253904 0.19300911854103345 0.6184657162253904 0.17477203647416414 0.6160896130346232 0.1519756838905775 0.6069246435845214 0.14893617021276595 0.6001357773251867 0.1884498480243161
11 0.5974202308214528 0.3890577507598784 0.5896130346232179 0.4217325227963526 0.5862186014935505 0.4452887537993921 0.5896130346232179 0.4817629179331307 0.6025118805159538 0.49164133738601823 0.6143923964697895 0.47416413373860183 0.6198234894772573 0.42401215805471126 0.6259334691106585 0.31990881458966564 0.6323828920570265 0.25151975683890576 0.63306177868296 0.2127659574468085 0.6327223353699932 0.17249240121580547 0.6232179226069247 0.17097264437689969 0.6191446028513238 0.1952887537993921
14 0.6843177189409368 0.42933130699088146 0.6805838424983028 0.4642857142857143 0.6822810590631364 0.49012158054711247 0.6900882552613713 0.5015197568389058 0.7080787508486083 0.5091185410334347 0.7216564833672776 0.5091185410334347 0.7270875763747454 0.49164133738601823 0.7284453496266123 0.44224924012158057 0.7335369993211134 0.34802431610942247 0.7338764426340801 0.29103343465045595 0.7338764426340801 0.25151975683890576 0.7298031228784793 0.22112462006079028 0.719959266802444 0.21124620060790272 0.7070604209097081 0.24848024316109424 0.6914460285132383 0.3556231003039514
22 0.6832993890020367 0.5053191489361702 0.6659877800407332 0.513677811550152 0.663611676849966 0.5775075987841946 0.6707399864222675 0.6534954407294833 0.6775288526816021 0.7302431610942249 0.6870332654446707 0.7553191489361702 0.6938221317040054 0.7644376899696048 0.712152070604209 0.7598784194528876 0.7206381534283774 0.7188449848024316 0.7152070604209098 0.5904255319148937 0.712152070604209 0.5653495440729484 0.7107942973523421 0.5417933130699089 0.7107942973523421 0.520516717325228 0.7046843177189409 0.513677811550152 0.6928038017651053 0.5121580547112462
21 0.6320434487440597 0.49620060790273557 0.6198234894772573 0.5075987841945289 0.6211812627291242 0.5782674772036475 0.6205023761031908 0.6496960486322189 0.621520706042091 0.7021276595744681 0.6293279022403259 0.7484802431610942 0.6388323150033944 0.78419452887538 0.658520027155465 0.7811550151975684 0.6680244399185336 0.7469604863221885 0.6666666666666666 0.6572948328267477 0.6666666666666666 0.5904255319148937 0.6731160896130346 0.53419452887538 0.670061099796334 0.513677811550152 0.6564833672776647 0.5053191489361702 0.6476578411405295 0.5022796352583586 0.6401900882552614 0.506079027355623
20 0.5987780040733197 0.5053191489361702 0.5923285811269517 0.5053191489361702 0.5899524779361847 0.5395136778115501 0.5919891378139851 0.6519756838905775 0.5909708078750848 0.7386018237082067 0.5967413441955194 0.7811550151975684 0.604887983706721 0.791033434650456 0.615071283095723 0.7712765957446809 0.6160896130346232 0.6709726443768997 0.620162932790224 0.5775075987841946 0.6269517990495588 0.541033434650456 0.6232179226069247 0.513677811550152 0.6191446028513238 0.5091185410334347 0.6123557365919892 0.4969604863221885 0.609979633401222 0.49544072948328266 0.6045485403937543 0.5053191489361702
19 0.5787508486082824 0.49544072948328266 0.5706042090970808 0.5045592705167173 0.5655125594025797 0.5227963525835866 0.5682281059063137 0.5835866261398176 0.5607603530210454 0.6656534954407295 0.5594025797691785 0.7484802431610942 0.5668703326544468 0.7758358662613982 0.5760353021045486 0.7613981762917933 0.5841819416157502 0.6648936170212766 0.5906313645621182 0.5790273556231003 0.5974202308214528 0.5349544072948328 0.5984385607603531 0.5144376899696048 0.5909708078750848 0.5022796352583586 0.5875763747454175 0.4939209726443769
18 0.5532926001357773 0.48024316109422494 0.5458248472505092 0.4886018237082067 0.5417515274949084 0.5281155015197568 0.5339443312966734 0.648936170212766 0.5234215885947047 0.7507598784194529 0.5220638153428377 0.790273556231003 0.5322471147318398 0.7986322188449848 0.5386965376782077 0.791033434650456 0.5526137135098439 0.7165653495440729 0.5634758995247794 0.6185410334346505 0.5661914460285132 0.547112462006079 0.5689069925322471 0.5045592705167173 0.5655125594025797 0.4939209726443769
17 0.5298710115410726 0.479483282674772 0.5237610319076714 0.4878419452887538 0.521724372029871 0.5 0.5196877121520707 0.5630699088145896 0.5118805159538357 0.6466565349544073 0.5016972165648337 0.723404255319149 0.5 0.7606382978723404 0.5040733197556008 0.7811550151975684 0.5125594025797692 0.7750759878419453 0.5251188051595383 0.7066869300911854 0.5376782077393075 0.601823708206687 0.5431093007467753 0.5212765957446809 0.544806517311609 0.4886018237082067 0.5386965376782077 0.479483282674772
16 0.511541072640869 0.4810030395136778 0.5006788866259335 0.4870820668693009 0.4983027834351663 0.526595744680851 0.4972844534962661 0.5889057750759878 0.49490835030549896 0.6846504559270516 0.49321113374066533 0.7454407294832827 0.4959266802443992 0.7651975683890577 0.5023761031907671 0.7553191489361702 0.511541072640869 0.6504559270516718 0.5183299389002036 0.5775075987841946 0.5213849287169042 0.5243161094224924 0.5227427019687713 0.4886018237082067 0.5173116089613035 0.4756838905775076
24 0.4792939579090292 0.4787234042553192 0.4775967413441955 0.4908814589665654 0.4772572980312288 0.5569908814589666 0.47997284453496264 0.6648936170212766 0.48099117447386286 0.7370820668693009 0.48099117447386286 0.7720364741641338 0.4891378139850645 0.7735562310030395 0.49287169042769857 0.7553191489361702 0.49456890699253225 0.6930091185410334 0.4972844534962661 0.5729483282674772 0.49966055668703324 0.506079027355623 0.49932111337406654 0.4810030395136778 0.4894772572980312 0.4787234042553192
25 0.4623217922606925 0.47720364741641336 0.45417515274949083 0.47720364741641336 0.45824847250509165 0.6048632218844985 0.46435845213849286 0.6975683890577508 0.4684317718940937 0.7712765957446809 0.47997284453496264 0.7629179331306991 0.4792939579090292 0.6861702127659575 0.4789545145960625 0.5790273556231003 0.47793618465716226 0.5220364741641338 0.4786150712830957 0.48404255319148937 0.4742023082145282 0.48024316109422494
26 0.4351663272233537 0.48328267477203646 0.4300746775288527 0.5030395136778115 0.43109300746775286 0.5714285714285714 0.4378818737270876 0.6793313069908815 0.445010183299389 0.7629179331306991 0.4497623896809233 0.791033434650456 0.45994568906992533 0.7963525835866262 0.4657162253903598 0.7651975683890577 0.4606245756958588 0.6504559270516718 0.4585879158180584 0.5706686930091185 0.4558723693143245 0.506079027355623 0.45349626612355737 0.4817629179331307 0.4480651731160896 0.4756838905775076
27 0.41683638832315 0.4939209726443769 0.40835030549898166 0.5037993920972644 0.40325865580448067 0.5326747720364742 0.4107264086897488 0.5957446808510638 0.406653088934148 0.6694528875379939 0.40495587236931435 0.7256838905775076 0.4046164290563476 0.7606382978723404 0.41310251188051594 0.7826747720364742 0.4256619144602851 0.7575987841945289 0.43346911065852 0.6519756838905775 0.43380855397148677 0.5585106382978723 0.4365241004752206 0.5243161094224924 0.4314324507807196 0.5053191489361702 0.42668024439918534 0.49848024316109424 0.423285811269518 0.48936170212765956
28 0.39035980991174474 0.5113981762917933 0.37780040733197556 0.5227963525835866 0.37780040733197556 0.5600303951367781 0.3788187372708758 0.6641337386018237 0.378479293957909 0.7325227963525835 0.37949762389680924 0.7735562310030395 0.39171758316361166 0.8024316109422492 0.3998642226748133 0.7401215805471124 0.40529531568228105 0.6246200607902735 0.4059742023082145 0.5752279635258358 0.41276306856754924 0.5303951367781155 0.4093686354378819 0.5151975683890577 0.4008825526137135 0.5113981762917933 0.39477257298031226 0.506838905775076
29 0.35403937542430414 0.506838905775076 0.34012219959266804 0.5129179331306991 0.335030549898167 0.5250759878419453 0.3336727766463001 0.5524316109422492 0.3397827562797013 0.6101823708206687 0.33435166327223353 0.6998480243161094 0.33129667345553293 0.7393617021276596 0.3380855397148676 0.7834346504559271 0.3533604887983707 0.7917933130699089 0.3672776646300068 0.7606382978723404 0.3774609640190088 0.7104863221884499 0.38560760353021045 0.6253799392097265 0.38424983027834353 0.567629179331307 0.38458927359131023 0.5151975683890577 0.3822131704005431 0.5037993920972644 0.37474541751527496 0.49772036474164133 0.3665987780040733 0.5098784194528876
30 0.30685675492192804 0.5167173252279635 0.29599456890699255 0.5357142857142857 0.2926001357773252 0.567629179331307 0.29293957909029195 0.6094224924012158 0.280040733197556 0.6945288753799392 0.2742701968771215 0.7492401215805471 0.2786829599456891 0.7712765957446809 0.2898845892735913 0.7887537993920972 0.30991174473862865 0.7659574468085106 0.33095723014256617 0.689209726443769 0.3428377460964019 0.6268996960486323 0.34147997284453496 0.5896656534954408 0.34758995247793617 0.5417933130699089 0.3428377460964019 0.5189969604863222 0.3319755600814664 0.5189969604863222 0.32654446707399865 0.5151975683890577 0.32077393075356414 0.5189969604863222 0.31568228105906315 0.5197568389057751
31 0.2681602172437203 0.5121580547112462 0.263408010862186 0.5075987841945289 0.2535641547861507 0.5129179331306991 0.2484725050916497 0.5455927051671733 0.24677528852681602 0.5881458966565349 0.23761031907671418 0.6694528875379939 0.23353699932111338 0.7082066869300911 0.24304141208418195 0.7613981762917933 0.2661235573659199 0.7553191489361702 0.28241683638832316 0.7082066869300911 0.2936184657162254 0.6177811550151976 0.29463679565512557 0.5820668693009119 0.2997284453496266 0.5448328267477204 0.29463679565512557 0.5182370820668692 0.2868295994568907 0.5075987841945289 0.27766463000678887 0.5045592705167173
6 0.27664630006788865 0.43617021276595747 0.2725729803122878 0.46200607902735563 0.2769857433808554 0.49620060790273557 0.2936184657162254 0.5075987841945289 0.3136456211812627 0.5037993920972644 0.318397827562797 0.49544072948328266 0.31907671418873046 0.46200607902735563 0.31771894093686354 0.3822188449848024 0.31160896130346233 0.2735562310030395 0.30685675492192804 0.23632218844984804 0.3014256619144603 0.21504559270516718 0.28275627970128986 0.21504559270516718 0.2671418873048201 0.23860182370820668 0.263408010862186 0.2682370820668693 0.2681602172437203 0.3282674772036474
3 0.37678207739307534 0.42933130699088146 0.3774609640190088 0.46504559270516715 0.3791581805838425 0.48404255319148937 0.39477257298031226 0.4817629179331307 0.40427698574338083 0.4635258358662614 0.4063136456211813 0.42249240121580545 0.3954514596062458 0.2917933130699088 0.3920570264765784 0.2378419452887538 0.3923964697895451 0.1770516717325228 0.3862864901561439 0.15501519756838905 0.3788187372708758 0.1702127659574468 0.37678207739307534 0.2796352583586626
2 0.4019008825526137 0.418693009118541 0.4025797691785472 0.48404255319148937 0.41004752206381534 0.4908814589665654 0.4253224711473184 0.4756838905775076 0.43245078071961984 0.43617021276595747 0.42464358452138495 0.37537993920972645 0.41683638832315 0.25835866261398177 0.4147997284453496 0.2006079027355623 0.41004752206381534 0.1534954407294833 0.4019008825526137 0.1458966565349544 0.39613034623217924 0.15653495440729484 0.3923964697895451 0.19908814589665655 0.3988458927359131 0.378419452887538