0 0.46441281138790036 0.3662613981762918 0.46441281138790036 0.38677811550151975 0.46120996441281137 0.4756838905775076 0.46120996441281137 0.4992401215805471 0.4693950177935943 0.5455927051671733 0.4822064056939502 0.5493920972644377 0.4889679715302491 0.5288753799392097 0.4879003558718861 0.4734042553191489 0.48718861209964415 0.41641337386018235 0.4900355871886121 0.378419452887538 0.4811387900355872 0.3556231003039514
1 0.44270462633451957 0.31990881458966564 0.44163701067615657 0.378419452887538 0.44163701067615657 0.43541033434650456 0.4377224199288256 0.4946808510638298 0.43665480427046266 0.5493920972644377 0.45729537366548045 0.5433130699088146 0.45729537366548045 0.4756838905775076 0.4604982206405694 0.39361702127659576 0.46334519572953736 0.33890577507598785
2 0.4128113879003559 0.3404255319148936 0.41601423487544487 0.3677811550151976 0.41494661921708187 0.418693009118541 0.4117437722419929 0.48024316109422494 0.4110320284697509 0.5303951367781155 0.4295373665480427 0.5455927051671733 0.4377224199288256 0.5182370820668692 0.4338078291814947 0.4126139817629179 0.43451957295373667 0.34498480243161095 0.43843416370106764 0.32142857142857145 0.42491103202846975 0.3130699088145897
3 0.398932384341637 0.33890577507598785 0.39501779359430605 0.3639817629179331 0.39395017793594306 0.41641337386018235 0.3921708185053381 0.4734042553191489 0.3921708185053381 0.5455927051671733 0.41672597864768685 0.5478723404255319 0.4199288256227758 0.5075987841945289 0.4117437722419929 0.42325227963525835 0.41672597864768685 0.3556231003039514 0.4128113879003559 0.31990881458966564
4 0.37935943060498223 0.33890577507598785 0.37437722419928826 0.3768996960486322 0.3715302491103203 0.4399696048632219 0.3693950177935943 0.513677811550152 0.3932384341637011 0.5372340425531915 0.4 0.4992401215805471 0.39715302491103205 0.4126139817629179 0.40106761565836296 0.35790273556231
6 0.3199288256227758 0.3130699088145897 0.3092526690391459 0.32598784194528874 0.30604982206405695 0.3594224924012158 0.3081850533807829 0.4126139817629179 0.3081850533807829 0.4399696048632219 0.303202846975089 0.48404255319148937 0.32597864768683277 0.5053191489361702 0.3387900355871886 0.48632218844984804 0.3387900355871886 0.4399696048632219 0.34555160142348756 0.3958966565349544 0.3427046263345196 0.32598784194528874
8 0.496797153024911 0.3472644376899696 0.496797153024911 0.38677811550151975 0.4889679715302491 0.4612462006079027 0.4900355871886121 0.5197568389057751 0.5039145907473309 0.5478723404255319 0.5177935943060499 0.5433130699088146 0.5245551601423487 0.5197568389057751 0.5195729537366548 0.4270516717325228 0.5206405693950178 0.39361702127659576 0.5217081850533808 0.3404255319148936 0.5106761565836299 0.31534954407294835
9 0.5323843416370106 0.32598784194528874 0.5284697508896797 0.40425531914893614 0.5245551601423487 0.5288753799392097 0.5245551601423487 0.5478723404255319 0.5405693950177936 0.5577507598784195 0.5512455516014235 0.5372340425531915 0.5494661921708185 0.49240121580547114 0.5523131672597865 0.4316109422492401 0.5523131672597865 0.39361702127659576 0.5540925266903914 0.34498480243161095 0.5540925266903914 0.32142857142857145
10 0.5711743772241993 0.3282674772036474 0.5590747330960855 0.33890577507598785 0.5512455516014235 0.4247720364741641 0.5533807829181495 0.4992401215805471 0.5601423487544483 0.541033434650456 0.5800711743772242 0.5303951367781155 0.5907473309608541 0.526595744680851 0.5896797153024911 0.48404255319148937 0.5850533807829181 0.418693009118541 0.5850533807829181 0.3556231003039514 0.5850533807829181 0.3282674772036474
11 0.597864768683274 0.33206686930091184 0.5928825622775801 0.3472644376899696 0.5879003558718862 0.40197568389057753 0.5928825622775801 0.47188449848024316 0.598576512455516 0.526595744680851 0.6145907473309609 0.5243161094224924 0.6213523131672598 0.4969604863221885 0.6213523131672598 0.4506079027355623 0.6224199288256228 0.3890577507598784 0.6224199288256228 0.32978723404255317
13 0.6640569395017794 0.310790273556231 0.6608540925266904 0.34498480243161095 0.6562277580071174 0.446048632218845 0.6569395017793594 0.48404255319148937 0.6740213523131673 0.5098784194528876 0.6868327402135231 0.4886018237082067 0.6896797153024911 0.418693009118541 0.6957295373665481 0.3556231003039514 0.6925266903914591 0.3130699088145897
16 0.500711743772242 0.7667173252279635 0.500711743772242 0.743920972644377 0.496797153024911 0.689209726443769 0.48718861209964415 0.6253799392097265 0.48612099644128115 0.5790273556231003 0.5049822064056939 0.5683890577507599 0.5156583629893239 0.6193009118541033 0.5167259786476869 0.6869300911854104 0.5195729537366548 0.7332826747720365 0.5167259786476869 0.7689969604863222
17 0.5316725978647687 0.7667173252279635 0.5384341637010677 0.7393617021276596 0.5444839857651246 0.6717325227963525 0.5395017793594306 0.6193009118541033 0.5395017793594306 0.5790273556231003 0.5106761565836299 0.5668693009118541 0.5096085409252669 0.6132218844984803 0.5177935943060499 0.6930091185410334 0.5217081850533808 0.7393617021276596 0.5217081850533808 0.7758358662613982
18 0.5583629893238434 0.7689969604863222 0.5640569395017794 0.75 0.5672597864768684 0.7059270516717325 0.5651245551601424 0.6405775075987842 0.5672597864768684 0.5835866261398176 0.5423487544483986 0.5645896656534954 0.5373665480427047 0.5767477203647416 0.5373665480427047 0.6299392097264438 0.5444839857651246 0.7188449848024316
19 0.5839857651245551 0.817629179331307 0.5818505338078291 0.7712765957446809 0.5729537366548043 0.7142857142857143 0.5690391459074733 0.6428571428571429 0.5718861209964413 0.5858662613981763 0.5857651245551602 0.5790273556231003 0.5889679715302492 0.6238601823708206 0.5907473309608541 0.6762917933130699 0.600711743772242 0.7796352583586627 0.596797153024911 0.7986322188449848
20 0.6135231316725979 0.7948328267477204 0.602846975088968 0.756838905775076 0.5946619217081851 0.6952887537993921 0.5918149466192171 0.6382978723404256 0.5857651245551602 0.6063829787234043 0.599644128113879 0.587386018237082 0.6174377224199288 0.6048632218844985 0.6174377224199288 0.6717325227963525 0.6234875444839858 0.7249240121580547 0.6274021352313167 0.7819148936170213
21 0.6430604982206406 0.78419452887538 0.6334519572953736 0.7462006079027356 0.6163701067615658 0.6952887537993921 0.6145907473309609 0.6443768996960486 0.609608540925267 0.6109422492401215 0.61067615658363 0.581306990881459 0.6313167259786477 0.5752279635258358 0.6519572953736655 0.5645896656534954 0.6619217081850534 0.6003039513677811 0.6551601423487544 0.6086626139817629 0.6519572953736655 0.6360182370820668 0.6640569395017794 0.6785714285714286 0.6779359430604982 0.7416413373860182 0.6608540925266904 0.7879939209726444
22 0.69644128113879 0.7355623100303952 0.6768683274021352 0.6975683890577508 0.6679715302491103 0.6740121580547113 0.6619217081850534 0.6550151975683891 0.6590747330960854 0.6086626139817629 0.6551601423487544 0.5858662613981763 0.6551601423487544 0.5645896656534954 0.6669039145907474 0.5539513677811551 0.6818505338078292 0.5455927051671733 0.70355871886121 0.5539513677811551 0.7096085409252669 0.6063829787234043 0.7163701067615659 0.6512158054711246 0.7241992882562278 0.6907294832826748 0.7096085409252669 0.7378419452887538
24 0.4928825622775801 0.7583586626139818 0.4889679715302491 0.7120060790273556 0.4900355871886121 0.6337386018237082 0.48398576512455516 0.5858662613981763 0.4740213523131673 0.5858662613981763 0.4740213523131673 0.6276595744680851 0.47330960854092524 0.6808510638297872 0.4740213523131673 0.7477203647416414 0.4790035587188612 0.7948328267477204
25 0.4693950177935943 0.7712765957446809 0.4701067615658363 0.7355623100303952 0.47330960854092524 0.6808510638297872 0.4740213523131673 0.6299392097264438 0.4701067615658363 0.5942249240121581 0.46120996441281137 0.5858662613981763 0.4523131672597865 0.6063829787234043 0.4555160142348754 0.648936170212766 0.4594306049822064 0.7120060790273556 0.4594306049822064 0.7758358662613982
26 0.4555160142348754 0.790273556231003 0.4533807829181495 0.7082066869300911 0.4533807829181495 0.6512158054711246 0.4483985765124555 0.5896656534954408 0.4377224199288256 0.587386018237082 0.4306049822064057 0.6322188449848024 0.4306049822064057 0.6952887537993921 0.43451957295373667 0.7796352583586627 0.44163701067615657 0.8199088145896657
27 0.41601423487544487 0.7735562310030395 0.4199288256227758 0.75 0.4266903914590747 0.6869300911854104 0.4327402135231317 0.6170212765957447 0.4277580071174377 0.581306990881459 0.40604982206405693 0.5919452887537994 0.4078291814946619 0.6618541033434651 0.40604982206405693 0.7142857142857143 0.40498220640569393 0.7773556231003039
28 0.3911032028469751 0.7667173252279635 0.39395017793594306 0.7287234042553191 0.40604982206405693 0.6512158054711246 0.41387900355871887 0.5957446808510638 0.39501779359430605 0.5919452887537994 0.3811387900355872 0.5919452887537994 0.37615658362989324 0.6656534954407295 0.3594306049822064 0.7272036474164134 0.37437722419928826 0.7796352583586627
29 0.3505338078291815 0.75 0.35266903914590747 0.709726443768997 0.37224199288256227 0.6527355623100304 0.38434163701067614 0.5957446808510638 0.38327402135231314 0.5623100303951368 0.3487544483985765 0.5577507598784195 0.3377224199288256 0.587386018237082 0.3270462633451957 0.648936170212766 0.31316725978647686 0.7036474164133738 0.32597864768683277 0.7606382978723404
30 0.303202846975089 0.6930091185410334 0.31494661921708184 0.6717325227963525 0.3309608540925267 0.6048632218844985 0.3387900355871886 0.5600303951367781 0.3270462633451957 0.5433130699088146 0.30711743772241995 0.5433130699088146 0.2921708185053381 0.5957446808510638 0.2804270462633452 0.6762917933130699 0.2782918149466192 0.7120060790273556