0 0.45805777932474767 0.560790273556231 0.4949530107901149 0.5592705167173252 0.4796380090497738 0.29711246200607905 0.4549251653324051 0.3009118541033435 0.45805777932474767 0.48632218844984804 0.4549251653324051 0.5250759878419453
1 0.43543334493560737 0.5493920972644377 0.4563174382178907 0.5554711246200608 0.45736164288200487 0.48328267477203646 0.45701357466063347 0.37537993920972645 0.4403063000348068 0.29559270516717323 0.42325095718760875 0.30623100303951367 0.4316045945005221 0.41717325227963525 0.43090845805777933 0.49164133738601823 0.4284719805081796 0.5288753799392097
2 0.4152453880960668 0.5577507598784195 0.4340410720501218 0.540273556231003 0.4340410720501218 0.48328267477203646 0.4253393665158371 0.27583586626139817 0.4114166376609816 0.2773556231003039 0.403759136790811 0.41033434650455924 0.3999303863557257 0.4969604863221885 0.4075878872258963 0.5425531914893617
3 0.39227288548555517 0.5539513677811551 0.4107205012182388 0.5440729483282675 0.41454925165332407 0.5037993920972644 0.4013226592412113 0.2993920972644377 0.38078663418029934 0.31382978723404253 0.38670379394361293 0.4642857142857143 0.38357117995127044 0.4886018237082067 0.38357117995127044 0.5220364741641338
4 0.35885833623390184 0.5440729483282675 0.37069265576052907 0.5486322188449848 0.38670379394361293 0.5372340425531915 0.38774799860772713 0.4582066869300912 0.37730595196658545 0.29711246200607905 0.3605986773407588 0.29559270516717323 0.35642185868430215 0.4726443768996961 0.35642185868430215 0.5167173252279635
5 0.3289244691959624 0.5440729483282675 0.353637312913331 0.5493920972644377 0.3665158371040724 0.5288753799392097 0.3675600417681866 0.5 0.3543334493560738 0.3161094224924012 0.3163940132265924 0.33282674772036475 0.317786286112078 0.42249240121580545 0.3212669683257919 0.4726443768996961 0.3170901496693352 0.5098784194528876 0.3202227636616777 0.5303951367781155
6 0.28646014618865295 0.5303951367781155 0.3010790114862513 0.5425531914893617 0.31813435433344933 0.5334346504559271 0.3250957187608771 0.5037993920972644 0.32405151409676297 0.4574468085106383 0.3247476505395057 0.3495440729483283 0.3132613992342499 0.31762917933130697 0.2861120779672816 0.33966565349544076 0.29307344239470934 0.3974164133738602 0.29411764705882354 0.4430091185410334 0.2861120779672816 0.4726443768996961 0.2861120779672816 0.5083586626139818
7 0.24817264183780022 0.5037993920972644 0.2575704838148277 0.5288753799392097 0.2707970762269405 0.5554711246200608 0.2861120779672816 0.5440729483282675 0.29690219282979463 0.540273556231003 0.2923773059519666 0.4574468085106383 0.29725026105116603 0.41185410334346506 0.2916811695092238 0.3427051671732523 0.26905673512008355 0.32598784194528874 0.2575704838148277 0.3768996960486322 0.25931082492168467 0.4338905775075988 0.2516533240515141 0.47112462006079026
8 0.4949530107901149 0.5554711246200608 0.5245388096066829 0.5486322188449848 0.529063696484511 0.5288753799392097 0.5221023320570832 0.4582066869300912 0.5060911938739993 0.30547112462006076 0.48903585102680125 0.3123100303951368 0.48833971458405845 0.45440729483282677 0.4879916463626871 0.49544072948328266
9 0.5231465367211974 0.541033434650456 0.5516881308736512 0.5357142857142857 0.5530804037591368 0.5030395136778115 0.547859380438566 0.43237082066869303 0.5346327880264532 0.270516717325228 0.5161851722937696 0.2689969604863222 0.5168813087365124 0.40577507598784196 0.5214061956143404 0.4969604863221885
10 0.5440306300034807 0.541033434650456 0.564914723285764 0.547112462006079 0.5757048381482771 0.5319148936170213 0.5788374521406195 0.5106382978723404 0.5795335885833623 0.425531914893617 0.5788374521406195 0.29027355623100304 0.5447267664462234 0.30623100303951367 0.5454229028889662 0.45972644376899696 0.5367211973546815 0.5037993920972644
11 0.5732683605986774 0.541033434650456 0.5770971110337626 0.5509118541033434 0.6011138183083884 0.5486322188449848 0.6042464323007309 0.520516717325228 0.5997215454229029 0.4734042553191489 0.5993734772015314 0.32066869300911854 0.5826662025757048 0.32598784194528874 0.5764009745910198 0.4582066869300912 0.5708318830490776 0.5037993920972644
12 0.5993734772015314 0.5486322188449848 0.6101635920640446 0.5509118541033434 0.6373129133310129 0.547112462006079 0.6467107553080403 0.5250759878419453 0.6414897319874695 0.4612462006079027 0.6442742777584407 0.4004559270516717 0.6359206404455273 0.3123100303951368 0.6066829098503307 0.31762917933130697 0.5972850678733032 0.4582066869300912 0.5924121127741038 0.493161094224924
13 0.6453184824225549 0.5372340425531915 0.6620257570483815 0.5539513677811551 0.688478941872607 0.5250759878419453 0.6898712147580925 0.49012158054711247 0.683954054994779 0.42401215805471126 0.6898712147580925 0.3837386018237082 0.6853463278802645 0.33282674772036475 0.6561085972850679 0.3366261398176292 0.6404455273233554 0.418693009118541 0.6421858684302123 0.46808510638297873 0.6373129133310129 0.5098784194528876
14 0.6790810998955795 0.5189969604863222 0.6909154194222068 0.5539513677811551 0.701009397841977 0.5623100303951368 0.7170205360250609 0.5440729483282675 0.727810650887574 0.5319148936170213 0.7326836059867734 0.5037993920972644 0.7253741733379743 0.44452887537993924 0.735816219979116 0.39893617021276595 0.7232857640097459 0.3617021276595745 0.6978767838496345 0.34802431610942247 0.6829098503306648 0.41717325227963525 0.6815175774451793 0.4726443768996961
16 0.502262443438914 0.5881458966565349 0.5266272189349113 0.5797872340425532 0.5120083536373129 0.8229483282674772 0.4973894883397146 0.817629179331307
17 0.529063696484511 0.5866261398176292 0.5422902888966238 0.5911854103343465 0.552384267316394 0.621580547112462 0.5214061956143404 0.8153495440729484 0.5120083536373129 0.8069908814589666
18 0.5384615384615384 0.5949848024316109 0.5499477897667943 0.574468085106383 0.556909154194222 0.581306990881459 0.5670031326139924 0.601063829787234 0.5770971110337626 0.8746200607902735 0.5579533588583362 0.878419452887538 0.5367211973546815 0.6246200607902735
19 0.5593456317438218 0.5949848024316109 0.5701357466063348 0.5942249240121581 0.5746606334841629 0.574468085106383 0.5857988165680473 0.5866261398176292 0.591715976331361 0.6177811550151976 0.5896275670031326 0.7530395136778115 0.6136442742777585 0.810790273556231 0.5934563174382179 0.8229483282674772 0.5725722241559346 0.7667173252279635 0.563174382178907 0.71580547112462 0.5617821092934215 0.6519756838905775 0.5593456317438218 0.6147416413373861
20 0.5663069961712496 0.6671732522796353 0.563174382178907 0.6367781155015197 0.5757048381482771 0.6337386018237082 0.5777932474765054 0.6117021276595744 0.5840584754611904 0.6033434650455927 0.6018099547511312 0.6337386018237082 0.613296206056387 0.7044072948328267 0.6334841628959276 0.8153495440729484 0.6112077967281587 0.8229483282674772 0.591715976331361 0.743161094224924 0.5764009745910198 0.689209726443769
21 0.5948485903237034 0.5858662613981763 0.6272189349112426 0.5691489361702128 0.6460146188652977 0.5797872340425532 0.6491472328576401 0.6337386018237082 0.6783849634528367 0.7773556231003039 0.6414897319874695 0.810790273556231 0.6143404107205013 0.736322188449848 0.6042464323007309 0.6603343465045592 0.5924121127741038 0.6162613981762918
22 0.6449704142011834 0.5790273556231003 0.6675948485903237 0.5562310030395137 0.6898712147580925 0.5623100303951368 0.6999651931778629 0.5911854103343465 0.7037939436129481 0.6337386018237082 0.7347720153150017 0.736322188449848 0.6978767838496345 0.7735562310030395 0.6662025757048381 0.71580547112462 0.6505395057431257 0.6534954407294833 0.6428820048729551 0.6162613981762918
24 0.48172641837800206 0.5911854103343465 0.5036547163243996 0.5866261398176292 0.4998259658893143 0.8161094224924013 0.48590323703445876 0.8161094224924013
25 0.4587539157674904 0.581306990881459 0.4848590323703446 0.5866261398176292 0.4872955099199443 0.8275075987841946 0.47024016707274624 0.8275075987841946 0.4563174382178907 0.6162613981762918
26 0.4399582318134354 0.5942249240121581 0.453880960668291 0.5866261398176292 0.4657152801949182 0.6618541033434651 0.46327880264531845 0.7735562310030395 0.4625826662025757 0.8358662613981763 0.44552732335537765 0.837386018237082 0.4291681169509224 0.7074468085106383 0.4316045945005221 0.6436170212765957
27 0.41385311521058127 0.5942249240121581 0.42777584406543684 0.5858662613981763 0.44552732335537765 0.6162613981762918 0.4378698224852071 0.6550151975683891 0.41698572920292376 0.837386018237082 0.403759136790811 0.8343465045592705 0.4013226592412113 0.7180851063829787 0.4068917507831535 0.6352583586626139
28 0.3828750435085277 0.5858662613981763 0.40306300034806825 0.581306990881459 0.4075878872258963 0.5942249240121581 0.4190741385311521 0.5911854103343465 0.41768186564566656 0.628419452887538 0.40828402366863903 0.6740121580547113 0.39296902192829797 0.8077507598784195 0.3759136790810999 0.7986322188449848
29 0.3442394709363035 0.5714285714285714 0.35259310824921686 0.567629179331307 0.39227288548555517 0.5843465045592705 0.3943612948137835 0.6200607902735562 0.3790462930734424 0.6740121580547113 0.3567699269056735 0.8206686930091185 0.31813435433344933 0.790273556231003 0.3250957187608771 0.7059270516717325 0.33344935607379045 0.6641337386018237 0.33658197006613294 0.6231003039513677 0.33727810650887574 0.5949848024316109
30 0.2955099199443091 0.5729483282674772 0.3139575356769927 0.5623100303951368 0.34110685694396103 0.567629179331307 0.3459798120431605 0.5790273556231003 0.34493560737904627 0.6405775075987842 0.3296206056387052 0.7165653495440729 0.30873651235642185 0.8024316109422492 0.29028889662373825 0.7857142857142857 0.2916811695092238 0.7142857142857143 0.2955099199443091 0.6724924012158054 0.28994082840236685 0.6063829787234043
31 0.2638357117995127 0.6048632218844985 0.28785241907413855 0.6033434650455927 0.2916811695092238 0.6253799392097265 0.28994082840236685 0.6550151975683891 0.2993386703793944 0.675531914893617 0.29411764705882354 0.708966565349544 0.2822833275321963 0.7241641337386018 0.21754263835711798 0.6937689969604863 0.21023320570831883 0.6246200607902735 0.23111729899060215 0.6048632218844985