0 0.5031667839549613 0.3655015197568389 0.5021111893033076 0.5790273556231003 0.4722026741731175 0.5714285714285714 0.4707952146375792 0.5433130699088146 0.47501759324419424 0.5053191489361702 0.4757213230119634 0.3700607902735562
1 0.476073187895848 0.3617021276595745 0.476073187895848 0.5189969604863222 0.4729064039408867 0.5387537993920972 0.47431386347642507 0.5569908814589666 0.47501759324419424 0.5630699088145896 0.4725545390570021 0.5706686930091185 0.46270232230823366 0.5729483282674772 0.4524982406755806 0.5729483282674772 0.4500351864883885 0.5645896656534954 0.4489795918367347 0.541033434650456 0.44757213230119636 0.5303951367781155 0.44757213230119636 0.5037993920972644 0.45636875439831104 0.3708206686930091
2 0.43490499648135117 0.33814589665653494 0.4479239971850809 0.48632218844984804 0.45425756509500353 0.5243161094224924 0.45320197044334976 0.5486322188449848 0.44757213230119636 0.5714285714285714 0.4327938071780436 0.5797872340425532 0.422237860661506 0.5759878419452887 0.4187192118226601 0.53419452887538 0.4201266713581985 0.5015197568389058 0.4211822660098522 0.4703647416413374 0.41977480647431387 0.34422492401215804
3 0.41379310344827586 0.33890577507598785 0.4257565095003519 0.5015197568389058 0.4275158339197748 0.541033434650456 0.42857142857142855 0.5562310030395137 0.42681210415200566 0.5699088145896657 0.4180154820548909 0.5820668693009119 0.41027445460942996 0.5851063829787234 0.4028852920478536 0.5790273556231003 0.3969035890218156 0.5691489361702128 0.39408866995073893 0.5417933130699089 0.39514426460239266 0.520516717325228 0.3969035890218156 0.34194528875379937
4 0.39057002111189304 0.34574468085106386 0.39866291344123855 0.506079027355623 0.4014778325123153 0.5493920972644377 0.39901477832512317 0.5737082066869301 0.3877551020408163 0.5767477203647416 0.37543983110485574 0.5691489361702128 0.372624912033779 0.5653495440729484 0.37227304714989445 0.5455927051671733 0.3740323715693174 0.5197568389057751 0.37473610133708657 0.3548632218844985
5 0.36382828993666433 0.3594224924012158 0.37438423645320196 0.49012158054711247 0.378606615059817 0.5167173252279635 0.378606615059817 0.5364741641337386 0.37790288529204785 0.5585106382978723 0.36875439831104856 0.5729483282674772 0.3578465869106263 0.5759878419452887 0.35010555946516536 0.574468085106383 0.3391977480647431 0.5683890577507599 0.3356790992258973 0.5585106382978723 0.33286418015482055 0.5349544072948328 0.33603096410978184 0.4756838905775076 0.32723434201266716 0.38677811550151975 0.3494018296973962 0.3738601823708207
6 0.300844475721323 0.3776595744680851 0.30295566502463056 0.46656534954407297 0.294862772695285 0.4817629179331307 0.2920478536242083 0.5015197568389058 0.29099225897255454 0.5243161094224924 0.294862772695285 0.5425531914893617 0.3047149894440535 0.5516717325227963 0.3166783954961295 0.5569908814589666 0.3279380717804363 0.5569908814589666 0.3346235045742435 0.5395136778115501 0.336734693877551 0.4825227963525836 0.330752990851513 0.40577507598784196 0.33040112596762844 0.3761398176291793
7 0.27480647431386346 0.3541033434650456 0.2614356087262491 0.5007598784194529 0.2719915552427868 0.5220364741641338 0.28536242083040114 0.5334346504559271 0.2955665024630542 0.5311550151975684 0.30295566502463056 0.5083586626139818 0.3043631245601689 0.4688449848024316 0.30506685432793806 0.3518237082066869
8 0.5066854327938072 0.3617021276595745 0.5021111893033076 0.5797872340425532 0.5348346235045742 0.5691489361702128 0.5348346235045742 0.5501519756838906 0.5316678395496129 0.3495440729483283 0.5073891625615764 0.3495440729483283
9 0.52990851513019 0.3465045592705167 0.5323715693173822 0.5486322188449848 0.5362420830401126 0.5752279635258358 0.5612244897959183 0.5668693009118541 0.558057705840957 0.5296352583586627 0.5548909218859958 0.3556231003039514
10 0.5636875439831105 0.36246200607902734 0.5570021111893033 0.5075987841945289 0.558057705840957 0.540273556231003 0.5629838142153413 0.5630699088145896 0.5724841660802252 0.5721884498480243 0.5830401125967628 0.5691489361702128 0.5883180858550316 0.5554711246200608 0.5876143560872625 0.5319148936170213 0.587966220971147 0.4848024316109423 0.5893736805066855 0.3533434650455927 0.5647431386347642 0.3533434650455927
11 0.5883180858550316 0.3533434650455927 0.5869106263194933 0.5053191489361702 0.5819845179451091 0.5296352583586627 0.5823363828289937 0.5455927051671733 0.5865587614356087 0.5600303951367781 0.5939479239971851 0.567629179331307 0.6023926812104152 0.5683890577507599 0.6097818437719915 0.5645896656534954 0.6147079521463757 0.5524316109422492 0.6143560872624912 0.5273556231003039 0.613652357494722 0.3556231003039514
12 0.6175228712174525 0.3548632218844985 0.6140042223786066 0.49848024316109424 0.613652357494722 0.5258358662613982 0.6140042223786066 0.5433130699088146 0.615411681914145 0.5569908814589666 0.6192821956368755 0.5668693009118541 0.6287825475017593 0.5729483282674772 0.6354679802955665 0.5683890577507599 0.643560872624912 0.5539513677811551 0.6442646023926812 0.540273556231003 0.6439127375087966 0.5182370820668692 0.6428571428571429 0.3639817629179331
13 0.6442646023926812 0.3525835866261398 0.6421534130893737 0.5053191489361702 0.6418015482054891 0.541033434650456 0.6432090077410274 0.5547112462006079 0.6488388458831809 0.5600303951367781 0.6576354679802956 0.5638297872340425 0.6688951442646024 0.5638297872340425 0.6769880365939479 0.5600303951367781 0.6826178747361014 0.5539513677811551 0.6889514426460239 0.5417933130699089 0.6868402533427164 0.520516717325228 0.6850809289232934 0.48632218844984804 0.6847290640394089 0.42933130699088146 0.6840253342716397 0.3670212765957447
14 0.6822660098522167 0.3662613981762918 0.682969739619986 0.5030395136778115 0.6889514426460239 0.540273556231003 0.6945812807881774 0.5478723404255319 0.7012667135819846 0.5509118541033434 0.7076002814919071 0.5501519756838906 0.715341308937368 0.5440729483282675 0.724841660802252 0.5319148936170213 0.727304714989444 0.5159574468085106 0.7255453905700211 0.4870820668693009 0.7223786066150598 0.4688449848024316 0.7178043631245602 0.4574468085106383 0.7118226600985221 0.3586626139817629
15 0.7104152005629838 0.3533434650455927 0.7181562280084448 0.45896656534954405 0.7188599577762139 0.4817629179331307 0.7213230119634061 0.493161094224924 0.7258972554539057 0.506079027355623 0.7294159042927516 0.5174772036474165 0.7368050668543279 0.5220364741641338 0.745249824067558 0.5167173252279635 0.757213230119634 0.5022796352583586 0.7621393384940183 0.4870820668693009 0.7558057705840957 0.45288753799392095 0.7491203377902885 0.40805471124620063 0.7396199859254047 0.34498480243161095
16 0.5049261083743842 0.5904255319148937 0.5123152709359606 0.7598784194528876 0.5344827586206896 0.7537993920972644 0.5270935960591133 0.6139817629179332 0.5249824067558058 0.587386018237082
17 0.5253342716396904 0.5866261398176292 0.5355383532723434 0.7819148936170213 0.5520760028149191 0.7720364741641338 0.5485573539760732 0.6268996960486323 0.5482054890921886 0.5820668693009119
18 0.5467980295566502 0.5820668693009119 0.5492610837438424 0.6382978723404256 0.5661505981703026 0.8358662613981763 0.5928923293455313 0.8145896656534954 0.5752990851513019 0.6329787234042553 0.5745953553835327 0.5828267477203647
19 0.5809289232934554 0.5896656534954408 0.5728360309641097 0.6124620060790273 0.5774102744546095 0.6618541033434651 0.5914848698099929 0.8221884498480243 0.6171710063335679 0.8085106382978723 0.6023926812104152 0.6398176291793313 0.6013370865587614 0.5881458966565349
20 0.6104855735397607 0.5889057750759878 0.6002814919071077 0.5934650455927052 0.6002814919071077 0.6177811550151976 0.6041520056298382 0.6466565349544073 0.6228008444757214 0.7948328267477204 0.6418015482054891 0.7796352583586627 0.6308937368050669 0.6504559270516718 0.6308937368050669 0.6268996960486323 0.6312456016889515 0.6124620060790273 0.631597466572836 0.6025835866261399 0.6280788177339901 0.5934650455927052 0.6238564391273751 0.5896656534954408 0.6164672765657987 0.5889057750759878
21 0.6382828993666432 0.5820668693009119 0.6312456016889515 0.5820668693009119 0.6238564391273751 0.5919452887537994 0.6213933849401829 0.5949848024316109 0.6252638986629134 0.621580547112462 0.6280788177339901 0.6344984802431611 0.6319493314567206 0.6466565349544073 0.6354679802955665 0.6656534954407295 0.6523574947220268 0.8039513677811551 0.7065446868402533 0.7651975683890577 0.6798029556650246 0.6633738601823708 0.6720619282195637 0.6155015197568389 0.6685432793807178 0.5911854103343465 0.6625615763546798 0.5729483282674772 0.6509500351864884 0.5737082066869301
22 0.682969739619986 0.5668693009118541 0.6741731175228712 0.5691489361702128 0.6674876847290641 0.5782674772036475 0.6674876847290641 0.5866261398176292 0.6720619282195637 0.601823708206687 0.6727656579873329 0.6276595744680851 0.6826178747361014 0.6664133738601824 0.7142857142857143 0.7743161094224924 0.7501759324419423 0.7264437689969605 0.7220267417311752 0.6117021276595744 0.7156931738212526 0.5843465045592705 0.7090077410274455 0.5600303951367781 0.7040816326530612 0.5547112462006079 0.6963406052076003 0.5585106382978723
23 0.729064039408867 0.5296352583586627 0.7216748768472906 0.53419452887538 0.717100633356791 0.540273556231003 0.7146375791695989 0.5486322188449848 0.7121745249824067 0.5623100303951368 0.7121745249824067 0.5737082066869301 0.7149894440534834 0.5858662613981763 0.717100633356791 0.5965045592705167 0.723082336382829 0.6155015197568389 0.7276565798733287 0.6367781155015197 0.7543983110485574 0.723404255319149 0.7927515833919775 0.668693009118541 0.7628430682617875 0.5501519756838906 0.7501759324419423 0.5220364741641338 0.7445460942997889 0.5144376899696048 0.7392681210415201 0.5167173252279635 0.735045742434905 0.5220364741641338 0.7318789584799437 0.526595744680851
24 0.5045742434904996 0.587386018237082 0.5133708655876144 0.7834346504559271 0.49507389162561577 0.7857142857142857 0.48662913441238564 0.6329787234042553 0.4859254046446165 0.587386018237082
25 0.4859254046446165 0.587386018237082 0.48698099929627026 0.6352583586626139 0.4933145672061928 0.797112462006079 0.4711470795214638 0.7948328267477204 0.46586910626319494 0.6306990881458967 0.4637579169598874 0.5942249240121581
26 0.4609429978888107 0.5881458966565349 0.4651653764954258 0.6063829787234043 0.47149894440534834 0.8115501519756839 0.4426460239268121 0.8138297872340425 0.43912737508796623 0.6443768996960486 0.4373680506685433 0.621580547112462 0.4373680506685433 0.6071428571428571 0.4387755102040816 0.5965045592705167 0.44616467276565797 0.5934650455927052 0.452146375791696 0.5919452887537994
27 0.4363124560168895 0.5949848024316109 0.4408866995073892 0.6063829787234043 0.4422941590429275 0.6170212765957447 0.44405348346235046 0.6261398176291794 0.4422941590429275 0.6360182370820668 0.4408866995073892 0.6496960486322189 0.4419422941590429 0.8305471124620061 0.41484869809992964 0.8297872340425532 0.41414496833216047 0.6641337386018237 0.4120337790288529 0.6527355623100304 0.41133004926108374 0.6291793313069909 0.41414496833216047 0.6109422492401215 0.4187192118226601 0.6025835866261399 0.4250527797325827 0.5957446808510638 0.43349753694581283 0.5972644376899696
28 0.4166080225193526 0.5965045592705167 0.4049964813511612 0.5934650455927052 0.4004222378606615 0.5934650455927052 0.3947923997185081 0.5942249240121581 0.39268121041520054 0.5995440729483282 0.3919774806474314 0.6139817629179332 0.3912737508796622 0.6291793313069909 0.39021815622800843 0.6542553191489362 0.39021815622800843 0.7173252279635258 0.3796622097114708 0.8085106382978723 0.39549612948627727 0.8153495440729484 0.41414496833216047 0.6633738601823708 0.4176636171710063 0.648176291793313 0.41977480647431387 0.6360182370820668 0.4201266713581985 0.6246200607902735 0.42047853624208303 0.6117021276595744 0.41942294159042925 0.601063829787234
29 0.38705137227304715 0.587386018237082 0.37825475017593246 0.5797872340425532 0.3733286418015482 0.5797872340425532 0.3669950738916256 0.581306990881459 0.3585503166783955 0.5858662613981763 0.35327234342012664 0.5904255319148937 0.35151301900070375 0.5995440729483282 0.35010555946516536 0.6094224924012158 0.35080928923293453 0.6238601823708206 0.3522167487684729 0.6337386018237082 0.35010555946516536 0.6572948328267477 0.32125263898662915 0.8115501519756839 0.3705137227304715 0.8335866261398176 0.3909218859957776 0.7173252279635258 0.39338494018296977 0.6542553191489362 0.398311048557354 0.6322188449848024 0.3993666432090077 0.6223404255319149 0.40007037297677694 0.6109422492401215 0.40007037297677694 0.5980243161094225 0.3976073187895848 0.5889057750759878 0.39408866995073893 0.5843465045592705 0.3912737508796622 0.5828267477203647
30 0.3184377199155524 0.5638297872340425 0.3149190710767065 0.5653495440729484 0.312807881773399 0.5767477203647416 0.31069669247009146 0.5835866261398176 0.3078817733990148 0.5980243161094225 0.30365939479239973 0.6139817629179332 0.2716396903589022 0.7492401215805471 0.31562280084447575 0.7887537993920972 0.3413089373680507 0.7112462006079028 0.35116115411681914 0.6458966565349544 0.35467980295566504 0.628419452887538 0.35679099225897254 0.6177811550151976 0.35679099225897254 0.6063829787234043 0.356439127375088 0.5949848024316109 0.35362420830401126 0.581306990881459 0.3494018296973962 0.5790273556231003 0.3402533427163969 0.5782674772036475 0.330752990851513 0.5706686930091185
31 0.2705840957072484 0.5235562310030395 0.264954257565095 0.5326747720364742 0.25721323011963404 0.5524316109422492 0.25158339197748064 0.5737082066869301 0.24278676988036593 0.60790273556231 0.21780436312456017 0.7074468085106383 0.2526389866291344 0.7484802431610942 0.2885292047853624 0.668693009118541 0.30823363828289935 0.6003039513677811 0.3159746657283603 0.5691489361702128 0.31210415200562985 0.5554711246200608 0.30823363828289935 0.5516717325227963 0.3043631245601689 0.547112462006079 0.2955665024630542 0.5455927051671733 0.2902885292047854 0.5417933130699089 0.28536242083040114 0.5326747720364742 0.2776213933849402 0.5281155015197568