0 0.4687924016282225 0.5493920972644377 0.5027137042062415 0.5577507598784195 0.4996607869742198 0.4886018237082067 0.49389416553595655 0.2591185410334346 0.4762550881953867 0.25379939209726443 0.4718453188602442 0.4635258358662614 0.46573948439620083 0.5037993920972644
1 0.44674355495251017 0.5296352583586627 0.46675712347354137 0.5417933130699089 0.4718453188602442 0.4734042553191489 0.47761194029850745 0.25379939209726443 0.46506105834464045 0.2553191489361702 0.44674355495251017 0.43541033434650456 0.4443690637720488 0.49544072948328266
2 0.43080054274084123 0.5007598784194529 0.4358887381275441 0.5288753799392097 0.44674355495251017 0.5235562310030395 0.45725915875169604 0.4566869300911854 0.460651289009498 0.2507598784194529 0.44097693351424694 0.24696048632218845 0.43012211668928085 0.4490881458966565 0.42740841248303935 0.49012158054711247
3 0.4118046132971506 0.4969604863221885 0.4233378561736771 0.5197568389057751 0.43419267299864317 0.506838905775076 0.44402985074626866 0.5083586626139818 0.4497964721845319 0.4582066869300912 0.44674355495251017 0.42325227963525835 0.44742198100407055 0.23404255319148937 0.43012211668928085 0.24164133738601823 0.4226594301221167 0.41793313069908816 0.41282225237449116 0.4696048632218845
4 0.40094979647218454 0.49012158054711247 0.4094301221166893 0.5007598784194529 0.4324966078697422 0.4787234042553192 0.42672998643147897 0.41033434650455924 0.42028493894165536 0.26367781155015196 0.4043419267299864 0.2689969604863222 0.40027137042062416 0.44148936170212766 0.39620081411126185 0.4673252279635258
5 0.3704206241519674 0.49164133738601823 0.4060379918588874 0.4969604863221885 0.42096336499321574 0.4452887537993921 0.41112618724559025 0.4012158054711246 0.4151967435549525 0.26367781155015196 0.3853459972862958 0.2674772036474164 0.373134328358209 0.3951367781155015 0.3656716417910448 0.44376899696048633
6 0.3266621438263229 0.4673252279635258 0.35074626865671643 0.48632218844984804 0.36974219810040704 0.48404255319148937 0.38025780189959296 0.4308510638297872 0.38364993215739485 0.2803951367781155 0.3582089552238806 0.29559270516717323 0.3283582089552239 0.4012158054711246 0.32259158751696065 0.4338905775075988
7 0.3008819538670285 0.34498480243161095 0.32903663500678426 0.3951367781155015 0.3456580732700136 0.38753799392097266 0.3646540027137042 0.3411854103343465 0.36702849389416553 0.2857142857142857 0.33073270013568523 0.23556231003039513 0.3008819538670285 0.3191489361702128
8 0.4996607869742198 0.5531914893617021 0.5284938941655359 0.547112462006079 0.526797829036635 0.49164133738601823 0.5210312075983717 0.2933130699088146 0.5044097693351425 0.30243161094224924 0.5020352781546812 0.4749240121580547 0.4969470827679783 0.5030395136778115 0.49525101763907736 0.5364741641337386
9 0.5318860244233379 0.547112462006079 0.5542740841248304 0.5364741641337386 0.5417232021709634 0.2986322188449848 0.5251017639077341 0.3009118541033435 0.5291723202170964 0.4673252279635258 0.526797829036635 0.5235562310030395
10 0.5573270013568521 0.5364741641337386 0.573270013568521 0.53419452887538 0.5780189959294437 0.45288753799392095 0.5756445047489823 0.27279635258358664 0.5600407055630936 0.27279635258358664 0.5542740841248304 0.41185410334346506 0.5457937584803256 0.46048632218844987 0.5532564450474898 0.5235562310030395
11 0.5698778833107191 0.513677811550152 0.5780189959294437 0.5174772036474165 0.5898914518317503 0.53419452887538 0.596336499321574 0.4969604863221885 0.592944369063772 0.25835866261398177 0.5763229308005428 0.26367781155015196 0.5722523744911805 0.41185410334346506 0.5658073270013568 0.46200607902735563
12 0.5888738127544098 0.49012158054711247 0.6021031207598372 0.5083586626139818 0.6136363636363636 0.4939209726443769 0.6095658073270014 0.4065349544072948 0.608887381275441 0.3434650455927052 0.6037991858887382 0.2803951367781155 0.5898914518317503 0.2857142857142857 0.5939620081411127 0.3860182370820669 0.591248303934871 0.44148936170212766 0.5871777476255088 0.4635258358662614
13 0.6153324287652646 0.506838905775076 0.6492537313432836 0.506838905775076 0.6533242876526458 0.46580547112462006 0.6485753052917232 0.41185410334346506 0.6370420624151968 0.35638297872340424 0.6400949796472184 0.2857142857142857 0.6244911804613297 0.2750759878419453 0.6153324287652646 0.35638297872340424 0.6163500678426052 0.3951367781155015 0.6095658073270014 0.4399696048632219 0.6095658073270014 0.4673252279635258
14 0.6577340569877883 0.49164133738601823 0.6665535956580733 0.49164133738601823 0.6841926729986432 0.4749240121580547 0.6916553595658074 0.44148936170212766 0.6889416553595658 0.4065349544072948 0.662483039348711 0.34498480243161095 0.6509497964721845 0.2750759878419453 0.6383989145183175 0.2765957446808511 0.6377204884667571 0.3617021276595745 0.6475576662143826 0.41185410334346506 0.6468792401628223 0.4582066869300912 0.6526458616010855 0.48404255319148937
15 0.675033921302578 0.3617021276595745 0.7072591587516961 0.3191489361702128 0.7072591587516961 0.2750759878419453 0.6940298507462687 0.25835866261398177 0.6848710990502035 0.15425531914893617 0.6692672998643148 0.15653495440729484 0.6383989145183175 0.2393617021276596 0.6509497964721845 0.30623100303951367 0.6577340569877883 0.3434650455927052
16 0.4996607869742198 0.5752279635258358 0.5186567164179104 0.5896656534954408 0.5234056987788331 0.7644376899696048 0.5128900949796472 0.7735562310030395 0.4969470827679783 0.6139817629179332
17 0.5135685210312076 0.5843465045592705 0.5352781546811397 0.5729483282674772 0.5410447761194029 0.790273556231003 0.5284938941655359 0.7978723404255319
18 0.5342605156037992 0.5858662613981763 0.5410447761194029 0.5623100303951368 0.5549525101763908 0.5691489361702128 0.5590230664857531 0.6063829787234043 0.5641112618724559 0.8047112462006079 0.5440976933514247 0.8123100303951368 0.5383310719131614 0.6306990881458967
19 0.5583446404341926 0.5828267477203647 0.5675033921302578 0.5638297872340425 0.5814111261872456 0.5767477203647416 0.5854816824966079 0.6155015197568389 0.5831071913161465 0.6603343465045592 0.6021031207598372 0.790273556231003 0.5814111261872456 0.8009118541033434 0.5630936227951153 0.6603343465045592 0.5566485753052918 0.6063829787234043
20 0.573270013568521 0.5562310030395137 0.5854816824966079 0.5417933130699089 0.5997286295793759 0.5531914893617021 0.6037991858887382 0.5995440729483282 0.60719131614654 0.6641337386018237 0.628561736770692 0.7826747720364742 0.6112618724559024 0.7978723404255319 0.5824287652645862 0.6231003039513677 0.5722523744911805 0.5843465045592705
21 0.5939620081411127 0.5509118541033434 0.5997286295793759 0.53419452887538 0.6336499321573948 0.5395136778115501 0.6417910447761194 0.601063829787234 0.64280868385346 0.621580547112462 0.6723202170963365 0.7712765957446809 0.6417910447761194 0.8069908814589666 0.6119402985074627 0.6975683890577508 0.6031207598371777 0.6086626139817629 0.592944369063772 0.5767477203647416
22 0.6326322930800543 0.5303951367781155 0.641112618724559 0.5197568389057751 0.664179104477612 0.5083586626139818 0.6791044776119403 0.5303951367781155 0.6865671641791045 0.6086626139817629 0.7170963364993216 0.7454407294832827 0.6916553595658074 0.7750759878419453 0.6550203527815468 0.6785714285714286 0.6434871099050203 0.6086626139817629 0.6319538670284939 0.567629179331307
23 0.6848710990502035 0.5159574468085106 0.7113297150610584 0.513677811550152 0.7313432835820896 0.5235562310030395 0.73202170963365 0.5934650455927052 0.746268656716418 0.7196048632218845 0.7269335142469471 0.7454407294832827 0.6981004070556309 0.6694528875379939 0.6841926729986432 0.5919452887537994 0.6780868385345997 0.5509118541033434
24 0.4789687924016282 0.5858662613981763 0.4996607869742198 0.5729483282674772 0.507123473541384 0.7879939209726444 0.494572591587517 0.7917933130699089
25 0.458955223880597 0.5790273556231003 0.4796472184531886 0.5828267477203647 0.48134328358208955 0.6451367781155015 0.49389416553595655 0.7826747720364742 0.47489823609226595 0.7917933130699089
26 0.44572591587516963 0.567629179331307 0.4555630936227951 0.5691489361702128 0.4681139755766621 0.6291793313069909 0.4681139755766621 0.8123100303951368 0.44742198100407055 0.8161094224924013 0.43826322930800543 0.6291793313069909
27 0.42740841248303935 0.5547112462006079 0.4433514246947083 0.5455927051671733 0.45081411126187243 0.5790273556231003 0.4497964721845319 0.6048632218844985 0.4491180461329715 0.6679331306990881 0.4399592944369064 0.8214285714285714 0.425033921302578 0.8252279635258358 0.4216417910447761 0.5972644376899696
28 0.4084124830393487 0.5395136778115501 0.4226594301221167 0.526595744680851 0.44742198100407055 0.5547112462006079 0.4450474898236092 0.5805471124620061 0.40705563093622793 0.7811550151975684 0.3877204884667571 0.7606382978723404 0.405359565807327 0.5972644376899696 0.40705563093622793 0.5714285714285714
29 0.38364993215739485 0.5235562310030395 0.4043419267299864 0.5212765957446809 0.4151967435549525 0.5493920972644377 0.4084124830393487 0.6086626139817629 0.3704206241519674 0.7826747720364742 0.3531207598371777 0.7735562310030395 0.37449118046132973 0.6048632218844985 0.3704206241519674 0.5661094224924013 0.3778833107191316 0.53419452887538
30 0.33649932157394846 0.506838905775076 0.3605834464043419 0.5045592705167173 0.38466757123473544 0.5174772036474165 0.39043419267299867 0.5379939209726444 0.3789009497964722 0.6124620060790273 0.337516960651289 0.7621580547112462 0.30427408412483037 0.7416413373860182 0.31173677069199457 0.6344984802431611 0.324966078697422 0.601063829787234 0.3256445047489824 0.5364741641337386
31 0.2801899592944369 0.48024316109422494 0.31173677069199457 0.4696048632218845 0.3405698778833107 0.4787234042553192 0.3456580732700136 0.5121580547112462 0.3348032564450475 0.5957446808510638 0.3008819538670285 0.702887537993921 0.2710312075983718 0.6717325227963525 0.27781546811397556 0.5843465045592705 0.28527815468113976 0.5661094224924013 0.2771370420624152 0.513677811550152