0 0.4747740963855422 0.5980243161094225 0.48042168674698793 0.6124620060790273 0.5018825301204819 0.6162613981762918 0.5045180722891566 0.5387537993920972 0.5026355421686747 0.33966565349544076 0.48606927710843373 0.33890577507598785 0.48004518072289154 0.4992401215805471
1 0.45180722891566266 0.5668693009118541 0.4559487951807229 0.5866261398176292 0.46987951807228917 0.5919452887537994 0.47816265060240964 0.5592705167173252 0.48042168674698793 0.5182370820668692 0.4924698795180723 0.3373860182370821 0.47063253012048195 0.3351063829787234 0.4612198795180723 0.4642857142857143 0.45180722891566266 0.541033434650456
2 0.4348644578313253 0.33966565349544076 0.4329819277108434 0.4551671732522796 0.4310993975903614 0.5364741641337386 0.43900602409638556 0.5592705167173252 0.45745481927710846 0.5448328267477204 0.4615963855421687 0.48404255319148937 0.45406626506024095 0.3009118541033435 0.4322289156626506 0.3161094224924012
3 0.4126506024096386 0.35106382978723405 0.4088855421686747 0.5030395136778115 0.40775602409638556 0.5554711246200608 0.4145331325301205 0.5767477203647416 0.4303463855421687 0.5653495440729484 0.43862951807228917 0.5691489361702128 0.4480421686746988 0.513677811550152 0.43862951807228917 0.30319148936170215 0.4126506024096386 0.324468085106383
4 0.3814006024096386 0.5440729483282675 0.38441265060240964 0.47188449848024316 0.39006024096385544 0.31458966565349544 0.41039156626506024 0.31458966565349544 0.42018072289156627 0.4452887537993921 0.42206325301204817 0.5273556231003039 0.41603915662650603 0.5440729483282675 0.40775602409638556 0.5478723404255319 0.3994728915662651 0.5615501519756839
5 0.3354668674698795 0.5326747720364742 0.33433734939759036 0.493161094224924 0.3445030120481928 0.4513677811550152 0.34186746987951805 0.3731003039513678 0.34676204819277107 0.3183890577507599 0.3851656626506024 0.32066869300911854 0.39006024096385544 0.4133738601823708 0.3926957831325301 0.4627659574468085 0.39457831325301207 0.4992401215805471 0.3870481927710843 0.5448328267477204 0.3644578313253012 0.5463525835866262 0.35504518072289154 0.5311550151975684 0.3445030120481928 0.5364741641337386
6 0.30308734939759036 0.44984802431610943 0.29743975903614456 0.4194528875379939 0.3004518072289157 0.3890577507598784 0.3072289156626506 0.3738601823708207 0.31362951807228917 0.3069908814589666 0.3493975903614458 0.32598784194528874 0.3493975903614458 0.39285714285714285 0.3539156626506024 0.42249240121580545 0.348644578313253 0.4513677811550152 0.3354668674698795 0.4703647416413374 0.3200301204819277 0.4627659574468085 0.3147590361445783 0.44984802431610943
8 0.5026355421686747 0.601823708206687 0.5161897590361446 0.6056231003039514 0.53125 0.6071428571428571 0.5320030120481928 0.5691489361702128 0.5320030120481928 0.5030395136778115 0.5376506024096386 0.331306990881459 0.5143072289156626 0.3282674772036474 0.5139307228915663 0.42629179331306993 0.5082831325301205 0.493161094224924 0.5018825301204819 0.5600303951367781
9 0.5308734939759037 0.5828267477203647 0.5338855421686747 0.5942249240121581 0.5545933734939759 0.5942249240121581 0.5534638554216867 0.541033434650456 0.5463102409638554 0.33586626139817627 0.5301204819277109 0.3411854103343465 0.5301204819277109 0.4756838905775076
10 0.5613704819277109 0.5805471124620061 0.552710843373494 0.5387537993920972 0.5553463855421686 0.4612462006079027 0.5715361445783133 0.28419452887537994 0.5828313253012049 0.29027355623100304 0.5835843373493976 0.418693009118541 0.5809487951807228 0.5440729483282675 0.5707831325301205 0.5828267477203647
11 0.5685240963855421 0.5820668693009119 0.5677710843373494 0.5098784194528876 0.5847138554216867 0.31990881458966564 0.6046686746987951 0.33206686930091184 0.6024096385542169 0.46808510638297873 0.6009036144578314 0.5311550151975684 0.5997740963855421 0.5858662613981763 0.5933734939759037 0.5995440729483282 0.5798192771084337 0.5790273556231003
12 0.6054216867469879 0.5752279635258358 0.5960090361445783 0.5767477203647416 0.5929969879518072 0.5577507598784195 0.5933734939759037 0.49164133738601823 0.6080572289156626 0.310790273556231 0.6242469879518072 0.30851063829787234 0.625 0.46808510638297873 0.6261295180722891 0.5334346504559271 0.6253765060240963 0.5729483282674772 0.6155873493975904 0.5919452887537994
13 0.6374246987951807 0.5714285714285714 0.6223644578313253 0.5668693009118541 0.6193524096385542 0.5212765957446809 0.6231174698795181 0.4726443768996961 0.6231174698795181 0.40197568389057753 0.6306475903614458 0.31990881458966564 0.6600150602409639 0.331306990881459 0.6637801204819277 0.418693009118541 0.6626506024096386 0.479483282674772 0.6675451807228916 0.5235562310030395 0.6656626506024096 0.5653495440729484 0.6570030120481928 0.5714285714285714 0.6494728915662651 0.5638297872340425
14 0.6844879518072289 0.5311550151975684 0.6731927710843374 0.5258358662613982 0.6664156626506024 0.506838905775076 0.6637801204819277 0.47188449848024316 0.6588855421686747 0.4308510638297872 0.6506024096385542 0.3601823708206687 0.6987951807228916 0.3282674772036474 0.6976656626506024 0.3738601823708207 0.6957831325301205 0.4270516717325228 0.7078313253012049 0.44224924012158057 0.7134789156626506 0.4756838905775076 0.7127259036144579 0.5030395136778115 0.702183734939759 0.5106382978723404 0.6908885542168675 0.5288753799392097
16 0.4992469879518072 0.6360182370820668 0.5252259036144579 0.6337386018237082 0.5271084337349398 0.6945288753799392 0.5207078313253012 0.8556231003039514 0.5064006024096386 0.8601823708206687
17 0.5233433734939759 0.6261398176291794 0.53125 0.6246200607902735 0.5508283132530121 0.6375379939209727 0.547816265060241 0.7006079027355623 0.5414156626506024 0.8525835866261399 0.5271084337349398 0.85790273556231 0.5252259036144579 0.756838905775076
18 0.5470632530120482 0.6679331306990881 0.5553463855421686 0.6375379939209727 0.5670180722891566 0.6436170212765957 0.5734186746987951 0.648936170212766 0.5760542168674698 0.6846504559270516 0.579066265060241 0.7272036474164134 0.5884789156626506 0.878419452887538 0.5658885542168675 0.8882978723404256 0.5534638554216867 0.8123100303951368 0.5470632530120482 0.7310030395136778
19 0.577183734939759 0.7036474164133738 0.5715361445783133 0.6694528875379939 0.577183734939759 0.6504559270516718 0.5877259036144579 0.6337386018237082 0.5941265060240963 0.6360182370820668 0.6046686746987951 0.6550151975683891 0.603539156626506 0.7120060790273556 0.6118222891566265 0.8746200607902735 0.5884789156626506 0.8768996960486323 0.5817018072289156 0.7606382978723404
20 0.6080572289156626 0.7059270516717325 0.5978915662650602 0.6770516717325228 0.5960090361445783 0.6428571428571429 0.6080572289156626 0.6261398176291794 0.6174698795180723 0.6223404255319149 0.629894578313253 0.6299392097264438 0.6355421686746988 0.6702127659574468 0.6551204819277109 0.8442249240121581 0.634789156626506 0.85790273556231 0.6185993975903614 0.7857142857142857
21 0.6423192771084337 0.6930091185410334 0.6272590361445783 0.6641337386018237 0.6231174698795181 0.6200607902735562 0.6468373493975904 0.6109422492401215 0.6532379518072289 0.6048632218844985 0.6694277108433735 0.601823708206687 0.6788403614457831 0.6094224924012158 0.6833584337349398 0.6618541033434651 0.6844879518072289 0.6793313069908815 0.7097138554216867 0.8085106382978723 0.6686746987951807 0.8389057750759878 0.651355421686747 0.7689969604863222
22 0.6995481927710844 0.6930091185410334 0.6814759036144579 0.6603343465045592 0.6788403614457831 0.6238601823708206 0.6844879518072289 0.6071428571428571 0.6976656626506024 0.5942249240121581 0.7070783132530121 0.5843465045592705 0.7240210843373494 0.5828267477203647 0.7390813253012049 0.6033434650455927 0.7417168674698795 0.6466565349544073 0.7710843373493976 0.7348024316109423 0.7307981927710844 0.7857142857142857 0.7115963855421686 0.7454407294832827
24 0.48004518072289154 0.6375379939209727 0.5026355421686747 0.6451367781155015 0.5045180722891566 0.7074468085106383 0.5018825301204819 0.8639817629179332 0.48381024096385544 0.8601823708206687 0.48305722891566266 0.7325227963525835
25 0.45971385542168675 0.6147416413373861 0.48493975903614456 0.6299392097264438 0.48305722891566266 0.6732522796352584 0.48870481927710846 0.8601823708206687 0.46536144578313254 0.8677811550151976 0.4612198795180723 0.7340425531914894 0.4567018072289157 0.6337386018237082
26 0.43335843373493976 0.6451367781155015 0.4322289156626506 0.6238601823708206 0.442394578313253 0.6132218844984803 0.4559487951807229 0.6337386018237082 0.4623493975903614 0.6930091185410334 0.4585843373493976 0.7743161094224924 0.4446536144578313 0.898176291793313 0.4246987951807229 0.8806990881458967 0.4246987951807229 0.7781155015197568 0.4292168674698795 0.6998480243161094
27 0.3994728915662651 0.6565349544072948 0.40323795180722893 0.628419452887538 0.40963855421686746 0.6208206686930091 0.4134036144578313 0.6170212765957447 0.42582831325301207 0.6246200607902735 0.4378765060240964 0.6299392097264438 0.43411144578313254 0.6694528875379939 0.42846385542168675 0.7401215805471124 0.42206325301204817 0.8404255319148937 0.3938253012048193 0.8275075987841946 0.4002259036144578 0.7758358662613982
28 0.36332831325301207 0.662613981762918 0.37198795180722893 0.6124620060790273 0.3832831325301205 0.601823708206687 0.3926957831325301 0.6033434650455927 0.3994728915662651 0.6185410334346505 0.4134036144578313 0.6238601823708206 0.4141566265060241 0.6436170212765957 0.4002259036144578 0.6854103343465046 0.3682228915662651 0.837386018237082 0.34262048192771083 0.8161094224924013
29 0.28463855421686746 0.7651975683890577 0.2996987951807229 0.7044072948328267 0.31551204819277107 0.648936170212766 0.3181475903614458 0.5904255319148937 0.3256777108433735 0.5600303951367781 0.34487951807228917 0.5767477203647416 0.35805722891566266 0.5805471124620061 0.37688253012048195 0.5881458966565349 0.3851656626506024 0.601823708206687 0.3806475903614458 0.6299392097264438 0.36332831325301207 0.6679331306990881 0.3520331325301205 0.7386018237082067 0.3200301204819277 0.817629179331307
30 0.22816265060240964 0.7006079027355623 0.23908132530120482 0.6504559270516718 0.2522590361445783 0.6170212765957447 0.2571536144578313 0.5714285714285714 0.27221385542168675 0.5501519756838906 0.2816265060240964 0.5448328267477204 0.2996987951807229 0.5600303951367781 0.3117469879518072 0.5668693009118541 0.32115963855421686 0.5858662613981763 0.3230421686746988 0.6162613981762918 0.3128765060240964 0.648936170212766 0.3023343373493976 0.6580547112462006 0.26581325301204817 0.75