0 0.47044334975369456 0.4992401215805471 0.5024630541871922 0.48936170212765956 0.5 0.43541033434650456 0.47994370161857847 0.24772036474164133 0.45531315974665726 0.25455927051671734 0.46481351161154116 0.4027355623100304
1 0.4711470795214638 0.4992401215805471 0.44757213230119636 0.506838905775076 0.44018296973962 0.446048632218845 0.44018296973962 0.34422492401215804 0.4363124560168895 0.25455927051671734 0.44968332160450386 0.25455927051671734 0.4651653764954258 0.41717325227963525
2 0.4176636171710063 0.4870820668693009 0.42188599577762137 0.5030395136778115 0.4363124560168895 0.5121580547112462 0.44968332160450386 0.4946808510638298 0.45038705137227303 0.46504559270516715 0.44405348346235046 0.418693009118541 0.42646023926812104 0.25759878419452886 0.40570021111893034 0.26595744680851063 0.4130893736805067 0.41717325227963525 0.4155524278676988 0.4612462006079027
3 0.3891625615763547 0.4612462006079027 0.39057002111189304 0.5030395136778115 0.39866291344123855 0.5235562310030395 0.4106263194933146 0.5258358662613982 0.42083040112596765 0.5235562310030395 0.42892329345531316 0.4992401215805471 0.42892329345531316 0.4635258358662614 0.4095707248416608 0.26975683890577506 0.3888106966924701 0.27887537993920974
4 0.36980999296270234 0.4566869300911854 0.366643209007741 0.4878419452887538 0.366643209007741 0.520516717325228 0.37755102040816324 0.5357142857142857 0.3856439127375088 0.5235562310030395 0.40007037297677694 0.5258358662613982 0.40112596762843067 0.4825227963525836 0.3969035890218156 0.43237082066869303 0.38740323715693176 0.2629179331306991 0.36875439831104856 0.27203647416413373 0.36875439831104856 0.4217325227963526
5 0.3289936664320901 0.47720364741641336 0.3289936664320901 0.5015197568389058 0.33286418015482055 0.53419452887538 0.3434201266713582 0.5258358662613982 0.35925404644616465 0.5258358662613982 0.3729767769176636 0.5189969604863222 0.37438423645320196 0.4787234042553192 0.3729767769176636 0.446048632218845 0.3553835327234342 0.2887537993920973 0.3194933145672062 0.3183890577507599 0.32582688247712877 0.4376899696048632
6 0.28641801548205487 0.4688449848024316 0.28993666432090076 0.506838905775076 0.2962702322308234 0.513677811550152 0.31069669247009146 0.5167173252279635 0.3240675580577058 0.5189969604863222 0.3346235045742435 0.4870820668693009 0.330752990851513 0.44984802431610943 0.3131597466572836 0.30623100303951367 0.29697396199859255 0.30319148936170215 0.2881773399014778 0.3252279635258359 0.288881069669247 0.4270516717325228
7 0.2441942294159043 0.4513677811550152 0.24912033779028853 0.4787234042553192 0.2628430682617875 0.49772036474164133 0.27234342012667134 0.5 0.29134412385643915 0.4908814589665654 0.29134412385643915 0.45440729483282677 0.2955665024630542 0.4133738601823708 0.2952146375791696 0.29103343465045595 0.2716396903589022 0.3047112462006079 0.252990851513019 0.40805471124620063
8 0.5003518648838846 0.4946808510638298 0.5288529204785363 0.4946808510638298 0.5288529204785363 0.4787234042553192 0.523926812104152 0.24240121580547114 0.5003518648838846 0.2507598784194529 0.4968332160450387 0.3974164133738602
9 0.5267417311752287 0.4825227963525836 0.5369458128078818 0.4946808510638298 0.5482054890921886 0.4908814589665654 0.5552427867698804 0.4825227963525836 0.553835327234342 0.42857142857142855 0.5527797325826882 0.24240121580547114 0.5327234342012667 0.24240121580547114 0.5263898662913441 0.3974164133738602
10 0.5531315974665728 0.4703647416413374 0.5570021111893033 0.48936170212765956 0.5665024630541872 0.5015197568389058 0.5795214637579169 0.4946808510638298 0.5911330049261084 0.4870820668693009 0.5847994370161858 0.43541033434650456 0.58972554539057 0.31155015197568386 0.5795214637579169 0.2507598784194529 0.5640394088669951 0.26595744680851063 0.5559465165376496 0.425531914893617
11 0.5738916256157636 0.4430091185410334 0.5745953553835327 0.4908814589665654 0.5833919774806474 0.4992401215805471 0.5967628430682618 0.4992401215805471 0.6073187895847995 0.5045592705167173 0.6178747361013371 0.4908814589665654 0.6192821956368755 0.4582066869300912 0.615411681914145 0.38753799392097266 0.6080225193525686 0.24240121580547114 0.5833919774806474 0.2507598784194529
12 0.6066150598170302 0.4490881458966565 0.6059113300492611 0.46504559270516715 0.6097818437719915 0.4908814589665654 0.6231527093596059 0.5015197568389058 0.6375791695988741 0.4992401215805471 0.6439127375087966 0.4908814589665654 0.6425052779732583 0.4217325227963526 0.6418015482054891 0.3525835866261398 0.6400422237860661 0.23708206686930092 0.6175228712174525 0.2439209726443769
13 0.6319493314567206 0.4376899696048632 0.6337086558761436 0.46656534954407297 0.639338494018297 0.5 0.6530612244897959 0.506838905775076 0.6646727656579874 0.5015197568389058 0.6759324419422942 0.5015197568389058 0.6847290640394089 0.48936170212765956 0.6822660098522167 0.43541033434650456 0.6794510907811401 0.3837386018237082 0.6681914144968332 0.27203647416413373 0.6425052779732583 0.27811550151975684
14 0.6822660098522167 0.41641337386018235 0.6727656579873329 0.46656534954407297 0.6783954961294862 0.49620060790273557 0.6959887403237157 0.5015197568389058 0.7114707952146376 0.49620060790273557 0.727304714989444 0.4870820668693009 0.7311752287121746 0.46808510638297873 0.7304714989444053 0.425531914893617 0.7192118226600985 0.3601823708206687 0.7209711470795215 0.2765957446808511 0.7026741731175229 0.2803951367781155 0.6833216045038705 0.33206686930091184
15 0.711118930330753 0.3525835866261398 0.7160450387051372 0.4012158054711246 0.7135819845179451 0.44984802431610943 0.7216748768472906 0.4810030395136778 0.7392681210415201 0.48556231003039513 0.7575650950035187 0.4612462006079027 0.7674173117522871 0.44224924012158057 0.7663617171006334 0.4133738601823708 0.7543983110485574 0.3495440729483283 0.752990851513019 0.2993920972644377 0.747009148486981 0.24696048632218845 0.7287121745249824 0.25759878419452886 0.7135819845179451 0.3183890577507599 0.7174524982406756 0.3548632218844985
16 0.5003518648838846 0.5189969604863222 0.5232230823363828 0.5182370820668692 0.5249824067558058 0.6063829787234043 0.5263898662913441 0.7553191489361702 0.5063335679099226 0.7348024316109423
17 0.5211118930330753 0.5151975683890577 0.5457424349049965 0.513677811550152 0.5475017593244195 0.5858662613981763 0.5471498944405349 0.6253799392097265 0.5475017593244195 0.7408814589665653 0.5337790288529205 0.7393617021276596
18 0.5475017593244195 0.601063829787234 0.541871921182266 0.5478723404255319 0.5408163265306123 0.5235562310030395 0.5577058409570724 0.520516717325228 0.5703729767769177 0.5493920972644377 0.5682617874736101 0.6063829787234043 0.5784658691062632 0.7917933130699089 0.5545390570021111 0.7879939209726444 0.5439831104855736 0.6276595744680851
19 0.5738916256157636 0.6048632218844985 0.5689655172413793 0.5562310030395137 0.5767065446868402 0.5273556231003039 0.5823363828289937 0.5182370820668692 0.6009852216748769 0.541033434650456 0.5992258972554539 0.5980243161094225 0.599929627023223 0.6375379939209727 0.5985221674876847 0.8039513677811551 0.577762139338494 0.8085106382978723
20 0.6023926812104152 0.6208206686930091 0.601688951442646 0.5858662613981763 0.5967628430682618 0.5737082066869301 0.5935960591133005 0.5425531914893617 0.615411681914145 0.5220364741641338 0.625615763546798 0.520516717325228 0.6344123856439128 0.5425531914893617 0.629838142153413 0.5881458966565349 0.6344123856439128 0.7674772036474165 0.6147079521463757 0.7674772036474165
21 0.6323011963406052 0.6033434650455927 0.6263194933145672 0.5691489361702128 0.6210415200562984 0.5395136778115501 0.6280788177339901 0.5235562310030395 0.651301900070373 0.5273556231003039 0.6703026038001407 0.5311550151975684 0.6759324419422942 0.5805471124620061 0.6720619282195637 0.6185410334346505 0.6889514426460239 0.7720364741641338 0.6530612244897959 0.7796352583586627 0.6323011963406052 0.6512158054711246
22 0.6822660098522167 0.601063829787234 0.6706544686840253 0.5805471124620061 0.6681914144968332 0.5463525835866262 0.6703026038001407 0.5235562310030395 0.6935256861365235 0.5220364741641338 0.7114707952146376 0.5220364741641338 0.7209711470795215 0.5258358662613982 0.723082336382829 0.5805471124620061 0.7551020408163265 0.7226443768996961 0.7079521463757917 0.7591185410334347 0.687192118226601 0.6519756838905775
23 0.7266009852216748 0.5896656534954408 0.7146375791695989 0.5273556231003039 0.7142857142857143 0.4992401215805471 0.7266009852216748 0.48936170212765956 0.7473610133708656 0.4870820668693009 0.7646023926812104 0.4908814589665654 0.7705840957072484 0.5189969604863222 0.772695285010556 0.5569908814589666 0.8057705840957072 0.6861702127659575 0.775158339197748 0.6983282674772037 0.7473610133708656 0.6519756838905775
24 0.48346235045742436 0.5250759878419453 0.5063335679099226 0.5167173252279635 0.5087966220971147 0.6101823708206687 0.5123152709359606 0.7917933130699089 0.4943701618578466 0.78419452887538
25 0.47149894440534834 0.6375379939209727 0.46481351161154116 0.5531914893617021 0.46340605207600283 0.5311550151975684 0.4792399718508093 0.5083586626139818 0.48874032371569315 0.5448328267477204 0.49225897255453904 0.6724924012158054 0.48874032371569315 0.7758358662613982 0.4672765657987333 0.7553191489361702
26 0.4419422941590429 0.682370820668693 0.4426460239268121 0.6223404255319149 0.44405348346235046 0.5463525835866262 0.44968332160450386 0.5379939209726444 0.46270232230823366 0.5440729483282675 0.46833216045038706 0.6170212765957447 0.46798029556650245 0.6702127659574468 0.4665728360309641 0.7879939209726444 0.452146375791696 0.7917933130699089
27 0.4201266713581985 0.7393617021276596 0.4155524278676988 0.6808510638297872 0.41379310344827586 0.6375379939209727 0.4152005629838142 0.5949848024316109 0.4211822660098522 0.5653495440729484 0.42646023926812104 0.5501519756838906 0.44159042927515835 0.5493920972644377 0.44757213230119636 0.5752279635258358 0.4465165376495426 0.6086626139817629 0.43771991555242784 0.7066869300911854 0.43455313159746656 0.810790273556231 0.4211822660098522 0.7895136778115501
28 0.3891625615763547 0.7674772036474165 0.392329345531316 0.6770516717325228 0.3937368050668543 0.6291793313069909 0.39303307529908516 0.5828267477203647 0.39866291344123855 0.5493920972644377 0.414496833216045 0.5425531914893617 0.42329345531315976 0.5516717325227963 0.42892329345531316 0.5683890577507599 0.42083040112596765 0.6253799392097265 0.41625615763546797 0.6740121580547113 0.40816326530612246 0.8161094224924013 0.39549612948627727 0.8085106382978723
29 0.33391977480647433 0.7469604863221885 0.33849401829697395 0.6838905775075987 0.34517945109078113 0.6458966565349544 0.35080928923293453 0.6276595744680851 0.35080928923293453 0.5942249240121581 0.35045742434905 0.5516717325227963 0.35925404644616465 0.5440729483282675 0.3817733990147783 0.5425531914893617 0.3969035890218156 0.5440729483282675 0.40007037297677694 0.5516717325227963 0.4039408866995074 0.6086626139817629 0.40112596762843067 0.6268996960486323 0.3944405348346235 0.6398176291793313 0.39057002111189304 0.7188449848024316 0.3522167487684729 0.8123100303951368
30 0.2730471498944405 0.7150455927051672 0.2804363124560169 0.6603343465045592 0.29064039408866993 0.6253799392097265 0.29697396199859255 0.6048632218844985 0.3011963406052076 0.5706686930091185 0.3043631245601689 0.5478723404255319 0.31562280084447575 0.5235562310030395 0.33286418015482055 0.5273556231003039 0.35467980295566504 0.5379939209726444 0.362420830401126 0.5706686930091185 0.35362420830401126 0.5965045592705167 0.3472906403940887 0.6155015197568389 0.33532723434201267 0.675531914893617 0.29310344827586204 0.7553191489361702
31 0.22660098522167488 0.6519756838905775 0.2378606615059817 0.6208206686930091 0.2441942294159043 0.5927051671732523 0.24841660802251936 0.5600303951367781 0.25052779732582686 0.5372340425531915 0.2554539057002111 0.5098784194528876 0.27480647431386346 0.4992401215805471 0.30260380014074595 0.5098784194528876 0.31527093596059114 0.5189969604863222 0.3099929627023223 0.5448328267477204 0.29310344827586204 0.5927051671732523 0.2800844475721323 0.6466565349544073 0.24841660802251936 0.6914893617021277