0 0.4868421052631579 0.5061475409836066 0.4888663967611336 0.5450819672131147 0.4848178137651822 0.5676229508196722 0.46963562753036436 0.5635245901639344 0.4564777327935223 0.5532786885245902 0.45445344129554655 0.492827868852459 0.45040485829959515 0.41598360655737704 0.45040485829959515 0.3411885245901639 0.4625506072874494 0.3319672131147541 0.47520242914979755 0.35963114754098363 0.4817813765182186 0.4067622950819672
1 0.430668016194332 0.48155737704918034 0.43016194331983804 0.5163934426229508 0.4342105263157895 0.5461065573770492 0.4483805668016194 0.5543032786885246 0.4559716599190283 0.5286885245901639 0.45546558704453444 0.4672131147540984 0.45394736842105265 0.4180327868852459 0.4524291497975709 0.375 0.45394736842105265 0.3391393442622951 0.4498987854251012 0.30225409836065575 0.4311740890688259 0.3012295081967213 0.4276315789473684 0.3801229508196721
2 0.4068825910931174 0.4713114754098361 0.40536437246963564 0.4969262295081967 0.40384615384615385 0.5348360655737705 0.4159919028340081 0.5604508196721312 0.43218623481781376 0.5307377049180327 0.4326923076923077 0.48975409836065575 0.430668016194332 0.43135245901639346 0.4276315789473684 0.3760245901639344 0.4276315789473684 0.30020491803278687 0.4276315789473684 0.2899590163934426 0.41953441295546556 0.26536885245901637 0.4058704453441296 0.29200819672131145 0.4048582995951417 0.36885245901639346
3 0.3815789473684211 0.4733606557377049 0.37803643724696356 0.492827868852459 0.375 0.514344262295082 0.3866396761133603 0.5348360655737705 0.3992914979757085 0.5286885245901639 0.4073886639676113 0.5020491803278688 0.4089068825910931 0.46311475409836067 0.4048582995951417 0.42827868852459017 0.4058704453441296 0.3770491803278688 0.40941295546558704 0.3401639344262295 0.40789473684210525 0.30225409836065575 0.39979757085020245 0.29713114754098363 0.3861336032388664 0.32786885245901637 0.3856275303643725 0.3709016393442623
4 0.3582995951417004 0.4456967213114754 0.347165991902834 0.48258196721311475 0.36082995951417 0.5184426229508197 0.3765182186234818 0.5092213114754098 0.38208502024291496 0.48565573770491804 0.3861336032388664 0.4415983606557377 0.3861336032388664 0.38729508196721313 0.3881578947368421 0.3401639344262295 0.3805668016194332 0.29508196721311475 0.375 0.27151639344262296 0.3598178137651822 0.27561475409836067 0.35121457489878544 0.29098360655737704 0.3527327935222672 0.31864754098360654 0.35779352226720645 0.3719262295081967 0.3582995951417004 0.39959016393442626
5 0.3183198380566802 0.41700819672131145 0.31275303643724695 0.4405737704918033 0.3152834008097166 0.4764344262295082 0.3183198380566802 0.4918032786885246 0.333502024291498 0.48975409836065575 0.3415991902834008 0.5 0.35374493927125505 0.48360655737704916 0.35779352226720645 0.45286885245901637 0.3557692307692308 0.41598360655737704 0.3598178137651822 0.38114754098360654 0.3562753036437247 0.32581967213114754 0.35374493927125505 0.29713114754098363 0.35020242914979755 0.2725409836065574 0.3410931174089069 0.26024590163934425 0.3269230769230769 0.2694672131147541 0.3269230769230769 0.3104508196721312 0.3259109311740891 0.3473360655737705 0.3228744939271255 0.382172131147541
6 0.27631578947368424 0.4036885245901639 0.2717611336032389 0.42418032786885246 0.27378542510121456 0.444672131147541 0.2818825910931174 0.4610655737704918 0.29200404858299595 0.4651639344262295 0.3066801619433198 0.4692622950819672 0.3157894736842105 0.4610655737704918 0.31983805668016196 0.4385245901639344 0.32034412955465585 0.39651639344262296 0.3269230769230769 0.35963114754098363 0.32894736842105265 0.33094262295081966 0.3243927125506073 0.30225409836065575 0.31983805668016196 0.2807377049180328 0.31781376518218624 0.26639344262295084 0.3132591093117409 0.2520491803278688 0.30516194331983804 0.2510245901639344 0.2909919028340081 0.26331967213114754 0.2894736842105263 0.2889344262295082
8 0.48582995951417 0.4969262295081967 0.48582995951417 0.5297131147540983 0.4888663967611336 0.5584016393442623 0.49696356275303644 0.5614754098360656 0.5111336032388664 0.555327868852459 0.5177125506072875 0.5420081967213115 0.5172064777327935 0.45389344262295084 0.5172064777327935 0.4057377049180328 0.5146761133603239 0.36270491803278687 0.5131578947368421 0.30327868852459017 0.5111336032388664 0.29098360655737704 0.5040485829959515 0.28688524590163933 0.4979757085020243 0.30225409836065575 0.4974696356275304 0.3463114754098361
9 0.5172064777327935 0.48155737704918034 0.5177125506072875 0.5307377049180327 0.5192307692307693 0.5471311475409836 0.5288461538461539 0.5471311475409836 0.5384615384615384 0.5409836065573771 0.5435222672064778 0.5194672131147541 0.5440283400809717 0.4713114754098361 0.5445344129554656 0.38524590163934425 0.5430161943319838 0.3360655737704918 0.5435222672064778 0.2899590163934426 0.5430161943319838 0.2581967213114754 0.5394736842105263 0.23975409836065573 0.5273279352226721 0.2387295081967213 0.5222672064777328 0.26536885245901637 0.5187246963562753 0.3698770491803279
10 0.5399797570850202 0.44364754098360654 0.5409919028340081 0.49385245901639346 0.5445344129554656 0.5327868852459017 0.5541497975708503 0.5450819672131147 0.5668016194331984 0.5399590163934426 0.5708502024291497 0.5092213114754098 0.5683198380566802 0.45799180327868855 0.562753036437247 0.382172131147541 0.5602226720647774 0.33094262295081966 0.5587044534412956 0.305327868852459 0.5541497975708503 0.26639344262295084 0.5450404858299596 0.26741803278688525 0.5409919028340081 0.3012295081967213
11 0.5592105263157895 0.45081967213114754 0.5592105263157895 0.47950819672131145 0.5637651821862348 0.5030737704918032 0.5748987854251012 0.5051229508196722 0.583502024291498 0.5225409836065574 0.5915991902834008 0.514344262295082 0.59665991902834 0.48565573770491804 0.5880566801619433 0.4293032786885246 0.5809716599190283 0.3780737704918033 0.5738866396761133 0.32786885245901637 0.569331983805668 0.3135245901639344 0.5647773279352226 0.3094262295081967 0.5576923076923077 0.3104508196721312 0.555161943319838 0.33709016393442626 0.5526315789473685 0.382172131147541
12 0.5819838056680162 0.4354508196721312 0.5865384615384616 0.4764344262295082 0.5931174089068826 0.4948770491803279 0.6027327935222672 0.4918032786885246 0.611336032388664 0.5 0.6199392712550608 0.48463114754098363 0.6224696356275303 0.4600409836065574 0.6148785425101214 0.42315573770491804 0.6108299595141701 0.38934426229508196 0.604757085020243 0.3319672131147541 0.5996963562753036 0.29508196721311475 0.5951417004048583 0.2735655737704918 0.5860323886639676 0.2694672131147541 0.5809716599190283 0.2858606557377049 0.5769230769230769 0.3135245901639344 0.5784412955465587 0.367827868852459
13 0.611336032388664 0.41905737704918034 0.611336032388664 0.4375 0.6133603238866396 0.4610655737704918 0.6239878542510121 0.4702868852459016 0.6336032388663968 0.4702868852459016 0.638663967611336 0.46209016393442626 0.6447368421052632 0.4682377049180328 0.6508097165991903 0.4651639344262295 0.6563765182186235 0.45081967213114754 0.6568825910931174 0.42315573770491804 0.6467611336032388 0.3729508196721312 0.6411943319838057 0.3401639344262295 0.6351214574898786 0.3104508196721312 0.632085020242915 0.2838114754098361 0.6260121457489879 0.2489754098360656 0.6158906882591093 0.2223360655737705 0.611336032388664 0.2182377049180328 0.6052631578947368 0.2192622950819672 0.5996963562753036 0.22848360655737704 0.6012145748987854 0.26536885245901637
14 0.65334008097166 0.4026639344262295 0.6563765182186235 0.43135245901639346 0.6624493927125507 0.44774590163934425 0.6720647773279352 0.4426229508196721 0.687753036437247 0.4262295081967213 0.6953441295546559 0.3985655737704918 0.6907894736842105 0.3698770491803279 0.6811740890688259 0.3391393442622951 0.6715587044534413 0.29200819672131145 0.6715587044534413 0.26536885245901637 0.6720647773279352 0.22950819672131148 0.6680161943319838 0.21311475409836064 0.6523279352226721 0.21209016393442623 0.6391700404858299 0.2305327868852459 0.6356275303643725 0.25614754098360654 0.6366396761133604 0.2807377049180328 0.638663967611336 0.3104508196721312 0.6437246963562753 0.3463114754098361
16 0.4853238866396761 0.5840163934426229 0.48380566801619435 0.6157786885245902 0.4868421052631579 0.6618852459016393 0.4883603238866397 0.7397540983606558 0.49190283400809715 0.7704918032786885 0.5035425101214575 0.7694672131147541 0.506578947368421 0.6834016393442623 0.5060728744939271 0.6239754098360656 0.5075910931174089 0.5788934426229508
17 0.5015182186234818 0.5676229508196722 0.49898785425101216 0.5881147540983607 0.5025303643724697 0.6157786885245902 0.5040485829959515 0.6516393442622951 0.5060728744939271 0.7202868852459017 0.5075910931174089 0.742827868852459 0.513663967611336 0.7551229508196722 0.5217611336032388 0.7448770491803278 0.5232793522267206 0.6936475409836066 0.5253036437246964 0.6127049180327869 0.5263157894736842 0.5881147540983607 0.5258097165991903 0.5563524590163934 0.513663967611336 0.5573770491803278
18 0.5273279352226721 0.555327868852459 0.5263157894736842 0.5778688524590164 0.5242914979757085 0.6014344262295082 0.5232793522267206 0.6188524590163934 0.5258097165991903 0.6495901639344263 0.5313765182186235 0.6997950819672131 0.5455465587044535 0.7899590163934426 0.5546558704453441 0.8084016393442623 0.5713562753036437 0.819672131147541 0.5824898785425101 0.7940573770491803 0.5738866396761133 0.7581967213114754 0.5688259109311741 0.7192622950819673 0.5592105263157895 0.6372950819672131 0.5480769230769231 0.5891393442622951 0.5465587044534413 0.5614754098360656 0.5344129554655871 0.5491803278688525
19 0.548582995951417 0.5706967213114754 0.5450404858299596 0.5788934426229508 0.5501012145748988 0.6014344262295082 0.5587044534412956 0.6413934426229508 0.5708502024291497 0.7028688524590164 0.5779352226720648 0.7346311475409836 0.5855263157894737 0.764344262295082 0.5961538461538461 0.7817622950819673 0.6032388663967612 0.7663934426229508 0.590080971659919 0.6915983606557377 0.5814777327935222 0.6075819672131147 0.5769230769230769 0.5625 0.5708502024291497 0.555327868852459 0.5587044534412956 0.5461065573770492 0.5521255060728745 0.5563524590163934
20 0.5728744939271255 0.5409836065573771 0.5708502024291497 0.5594262295081968 0.5789473684210527 0.6004098360655737 0.5936234817813765 0.6577868852459017 0.6027327935222672 0.6987704918032787 0.6103238866396761 0.7254098360655737 0.6204453441295547 0.75 0.6325910931174089 0.7469262295081968 0.6290485829959515 0.6885245901639344 0.6229757085020243 0.6557377049180327 0.6148785425101214 0.617827868852459 0.6088056680161943 0.5881147540983607 0.6027327935222672 0.5491803278688525 0.5976720647773279 0.5338114754098361 0.5860323886639676 0.5338114754098361 0.5774291497975709 0.5368852459016393
21 0.5986842105263158 0.5194672131147541 0.597165991902834 0.5440573770491803 0.603744939271255 0.5594262295081968 0.6123481781376519 0.5952868852459017 0.6214574898785425 0.6352459016393442 0.6295546558704453 0.673155737704918 0.6361336032388664 0.6997950819672131 0.6437246963562753 0.7243852459016393 0.6543522267206477 0.7397540983606558 0.6705465587044535 0.7479508196721312 0.6821862348178138 0.7377049180327869 0.6831983805668016 0.7120901639344263 0.6740890688259109 0.6659836065573771 0.6675101214574899 0.6290983606557377 0.6568825910931174 0.5860655737704918 0.6503036437246964 0.5625 0.6472672064777328 0.5266393442622951 0.6427125506072875 0.507172131147541 0.638663967611336 0.5030737704918032 0.6275303643724697 0.5030737704918032 0.6153846153846154 0.5092213114754098
22 0.6411943319838057 0.48975409836065575 0.6376518218623481 0.5051229508196722 0.6427125506072875 0.5317622950819673 0.6523279352226721 0.5635245901639344 0.6614372469635628 0.5901639344262295 0.6720647773279352 0.6219262295081968 0.6831983805668016 0.6465163934426229 0.694838056680162 0.6649590163934426 0.7054655870445344 0.680327868852459 0.7191295546558705 0.673155737704918 0.7226720647773279 0.6536885245901639 0.7125506072874493 0.6147540983606558 0.6902834008097166 0.5256147540983607 0.6882591093117408 0.492827868852459 0.680161943319838 0.4702868852459016 0.6685222672064778 0.4692622950819672 0.6614372469635628 0.47950819672131145 0.6538461538461539 0.48360655737704916 0.6447368421052632 0.48258196721311475
23 0.6786437246963563 0.45491803278688525 0.6756072874493927 0.47540983606557374 0.6826923076923077 0.5061475409836066 0.6928137651821862 0.5399590163934426 0.707995951417004 0.5809426229508197 0.7165991902834008 0.6014344262295082 0.7373481781376519 0.6045081967213115 0.7540485829959515 0.5819672131147541 0.7545546558704453 0.5440573770491803 0.7494939271255061 0.5235655737704918 0.7408906882591093 0.5133196721311475 0.7312753036437247 0.5010245901639344 0.7262145748987854 0.4774590163934426 0.7206477732793523 0.44774590163934425 0.7140688259109311 0.42827868852459017 0.7044534412955465 0.42213114754098363 0.694838056680162 0.4385245901639344 0.6892712550607287 0.44364754098360654 0.6862348178137652 0.4456967213114754
24 0.48633603238866396 0.5819672131147541 0.4848178137651822 0.610655737704918 0.48633603238866396 0.639344262295082 0.48785425101214575 0.6823770491803278 0.48785425101214575 0.7151639344262295 0.4898785425101215 0.7459016393442623 0.4898785425101215 0.7704918032786885 0.48228744939271256 0.7797131147540983 0.47520242914979755 0.7735655737704918 0.4701417004048583 0.6926229508196722 0.4665991902834008 0.6270491803278688 0.46558704453441296 0.6065573770491803 0.46356275303643724 0.5942622950819673 0.46356275303643724 0.5829918032786885
25 0.4438259109311741 0.5686475409836066 0.44281376518218624 0.5860655737704918 0.44635627530364375 0.6403688524590164 0.44888663967611336 0.735655737704918 0.45040485829959515 0.7612704918032787 0.4549595141700405 0.7807377049180327 0.46558704453441296 0.7868852459016393 0.4716599190283401 0.7602459016393442 0.4681174089068826 0.694672131147541 0.46558704453441296 0.6168032786885246 0.4676113360323887 0.5922131147540983 0.4681174089068826 0.5706967213114754 0.4590080971659919 0.5604508196721312
26 0.4251012145748988 0.5604508196721312 0.4185222672064777 0.5778688524590164 0.4180161943319838 0.5942622950819673 0.4190283400809717 0.6280737704918032 0.4144736842105263 0.6926229508196722 0.4139676113360324 0.7172131147540983 0.4149797570850202 0.7459016393442623 0.4190283400809717 0.7838114754098361 0.4215587044534413 0.8114754098360656 0.43016194331983804 0.8319672131147541 0.4402834008097166 0.8329918032786885 0.444331983805668 0.7838114754098361 0.4438259109311741 0.7008196721311475 0.44483805668016196 0.6127049180327869 0.4438259109311741 0.5778688524590164 0.43218623481781376 0.5594262295081968
27 0.402834008097166 0.5676229508196722 0.39625506072874495 0.5799180327868853 0.3901821862348178 0.6137295081967213 0.38309716599190285 0.6741803278688525 0.3775303643724696 0.7192622950819673 0.3729757085020243 0.7510245901639344 0.37550607287449395 0.7868852459016393 0.38360323886639675 0.7920081967213115 0.3937246963562753 0.7684426229508197 0.39878542510121456 0.7243852459016393 0.40384615384615385 0.6864754098360656 0.41295546558704455 0.6485655737704918 0.42105263157894735 0.6147540983606558 0.41953441295546556 0.5901639344262295 0.4180161943319838 0.5747950819672131
28 0.3689271255060729 0.5604508196721312 0.3648785425101215 0.5993852459016393 0.35779352226720645 0.6454918032786885 0.35020242914979755 0.6956967213114754 0.3390688259109312 0.735655737704918 0.3415991902834008 0.7561475409836066 0.34969635627530365 0.764344262295082 0.36639676113360325 0.7346311475409836 0.3841093117408907 0.6485655737704918 0.3932186234817814 0.6096311475409836 0.39878542510121456 0.5635245901639344 0.39625506072874495 0.548155737704918 0.3917004048582996 0.548155737704918 0.3881578947368421 0.5502049180327869 0.3785425101214575 0.5502049180327869
29 0.33856275303643724 0.5215163934426229 0.3309716599190283 0.5461065573770492 0.32894736842105265 0.576844262295082 0.3223684210526316 0.6055327868852459 0.30465587044534415 0.6608606557377049 0.2990890688259109 0.694672131147541 0.2990890688259109 0.7346311475409836 0.3107287449392713 0.7581967213114754 0.333502024291498 0.7438524590163934 0.3527327935222672 0.6823770491803278 0.3618421052631579 0.632172131147541 0.36690283400809715 0.5952868852459017 0.3724696356275304 0.5655737704918032 0.3724696356275304 0.5502049180327869 0.3618421052631579 0.5450819672131147 0.35880566801619435 0.5307377049180327 0.3547570850202429 0.5194672131147541
30 0.29200404858299595 0.5020491803278688 0.2823886639676113 0.5543032786885246 0.27530364372469635 0.5881147540983607 0.2616396761133603 0.6403688524590164 0.25708502024291496 0.6618852459016393 0.2555668016194332 0.6936475409836066 0.26720647773279355 0.7100409836065574 0.2839068825910931 0.6997950819672131 0.29453441295546556 0.6680327868852459 0.3102226720647773 0.6280737704918032 0.3173076923076923 0.5963114754098361 0.3274291497975709 0.5655737704918032 0.33704453441295545 0.5317622950819673 0.3314777327935223 0.5215163934426229 0.326417004048583 0.5102459016393442 0.3173076923076923 0.5051229508196722 0.3102226720647773 0.48975409836065575
31 0.24848178137651822 0.4764344262295082 0.2444331983805668 0.5102459016393442 0.242914979757085 0.5256147540983607 0.2388663967611336 0.548155737704918 0.23076923076923078 0.5819672131147541 0.2216599190283401 0.6014344262295082 0.22672064777327935 0.6536885245901639 0.25101214574898784 0.6516393442622951 0.2702429149797571 0.6127049180327869 0.2783400809716599 0.5758196721311475 0.2834008097165992 0.5502049180327869 0.2925101214574899 0.5133196721311475 0.2940283400809717 0.48975409836065575 0.29048582995951416 0.4733606557377049 0.28643724696356276 0.4713114754098361 0.277834008097166 0.4713114754098361 0.2692307692307692 0.45799180327868855 0.26366396761133604 0.45799180327868855