0 0.45830337886412653 0.5463525835866262 0.4942487419122933 0.5455927051671733 0.49065420560747663 0.46504559270516715 0.47915168943206327 0.2560790273556231 0.45830337886412653 0.25987841945288753 0.4629762760603882 0.4642857142857143 0.4590222861250899 0.5334346504559271
1 0.43637670740474477 0.5281155015197568 0.4640546369518332 0.5372340425531915 0.46908698777857655 0.25987841945288753 0.4482386772106398 0.2629179331306991 0.4370956146657081 0.4749240121580547
2 0.41552839683680803 0.25835866261398177 0.403666427030913 0.46504559270516715 0.406901509705248 0.5227963525835866 0.42559309849029475 0.5303951367781155 0.4414090582314881 0.4452887537993921 0.4414090582314881 0.24772036474164133
3 0.3936017253774263 0.2629179331306991 0.37598849748382457 0.43844984802431614 0.3626887131560029 0.49164133738601823 0.37634795111430625 0.5075987841945289 0.40546369518332137 0.49164133738601823 0.41876347951114307 0.4308510638297872 0.4205607476635514 0.25455927051671734
4 0.36089144500359455 0.25987841945288753 0.3468727534148095 0.37462006079027355 0.33285406182602445 0.45288753799392095 0.34795111430625447 0.48936170212765956 0.3709561466570812 0.4825227963525836 0.38461538461538464 0.43465045592705165 0.3838964773544213 0.378419452887538 0.38461538461538464 0.23708206686930092
5 0.38281811646297625 0.24164133738601823 0.35837526959022287 0.32370820668693007 0.34795111430625447 0.3943768996960486 0.3404025880661395 0.4582066869300912 0.32278936017253773 0.46808510638297873 0.30517613227893603 0.44148936170212766 0.293314162473041 0.4095744680851064 0.30517613227893603 0.3822188449848024 0.32027318475916605 0.32674772036474165 0.30948957584471604 0.25759878419452886 0.3177570093457944 0.23480243161094225 0.37203450754852624 0.23708206686930092 0.3634076204169662 0.25835866261398177
6 0.32171099928109276 0.21048632218844984 0.32171099928109276 0.3130699088145897 0.30014378145219267 0.38677811550151975 0.27498202731847593 0.37462006079027355 0.25916606757728256 0.3343465045592705 0.26419841840402586 0.27887537993920974 0.28576563623292595 0.23860182370820668 0.27677929547088426 0.21048632218844984 0.31164629762760604 0.19224924012158054
7 0.29654924514737596 0.16641337386018237 0.2850467289719626 0.24012158054711247 0.2649173256649892 0.2864741641337386 0.2566498921639109 0.2948328267477204 0.24083393242271747 0.25227963525835867 0.22897196261682243 0.22948328267477203 0.24227174694464415 0.19756838905775076 0.2609633357296909 0.1641337386018237 0.2760603882099209 0.13829787234042554 0.28936017253774265 0.15425531914893617
8 0.4888569374550683 0.5303951367781155 0.5222861250898634 0.5425531914893617 0.52588066139468 0.48632218844984804 0.5215672178289 0.26671732522796354 0.49065420560747663 0.2689969604863222 0.4982027318475917 0.4369300911854103
9 0.5341480948957584 0.30015197568389057 0.5233644859813084 0.41033434650455924 0.5240833932422717 0.4703647416413374 0.51725377426312 0.5319148936170213 0.5531991373112869 0.5319148936170213 0.5510424155283968 0.4696048632218845 0.5567936736161035 0.2826747720364742 0.5341480948957584 0.2864741641337386
10 0.5657800143781452 0.2826747720364742 0.5481667864845435 0.48632218844984804 0.5542774982027319 0.5372340425531915 0.5769230769230769 0.540273556231003 0.5891445003594536 0.5182370820668692 0.586628324946082 0.4133738601823708 0.5869877785765636 0.2743161094224924 0.5711718188353703 0.27583586626139817
11 0.5945363048166786 0.28495440729483285 0.5819554277498202 0.4308510638297872 0.5740474478792236 0.46656534954407297 0.5783608914450036 0.5 0.5891445003594536 0.5091185410334347 0.6020848310567937 0.5250759878419453 0.6204169662113588 0.5182370820668692 0.6193386053199137 0.4703647416413374 0.6150251617541337 0.2773556231003039
12 0.6225736879942487 0.30015197568389057 0.6128684399712437 0.4148936170212766 0.6067577282530554 0.4612462006079027 0.6067577282530554 0.47188449848024316 0.6110711718188354 0.48632218844984804 0.6186196980589503 0.5015197568389058 0.6401869158878505 0.5235562310030395 0.6545650611071172 0.5 0.6513299784327822 0.44680851063829785 0.6509705248023006 0.2743161094224924
13 0.6585190510424155 0.2986322188449848 0.6513299784327822 0.42249240121580545 0.6445003594536305 0.46808510638297873 0.6459381739755572 0.4908814589665654 0.6552839683680806 0.506838905775076 0.6678648454349388 0.5075987841945289 0.698058950395399 0.5015197568389058 0.6962616822429907 0.39969604863221886 0.6897915168943206 0.27583586626139817
14 0.696980589503954 0.270516717325228 0.690510424155284 0.41033434650455924 0.6955427749820273 0.4734042553191489 0.6994967649173257 0.5106382978723404 0.719626168224299 0.4946808510638298 0.7390366642703091 0.4810030395136778 0.7404744787922358 0.4148936170212766 0.7271746944644141 0.3465045592705167 0.7214234363767074 0.270516717325228
15 0.7232207045291158 0.23480243161094225 0.723939611790079 0.3427051671732523 0.7307692307692307 0.3905775075987842 0.7498202731847592 0.3890577507598784 0.7588066139468008 0.378419452887538 0.7681524083393242 0.3601823708206687 0.7667145938173976 0.310790273556231 0.7480230050323509 0.20516717325227962 0.7304097771387491 0.22492401215805471
16 0.5 0.5600303951367781 0.5248023005032351 0.5615501519756839 0.5190510424155284 0.7408814589665653 0.5057512580877067 0.7424012158054711
17 0.5201294033069734 0.5615501519756839 0.5474478792235802 0.5623100303951368 0.5398993529834651 0.7788753799392097 0.5248023005032351 0.7788753799392097
18 0.5409777138749101 0.5615501519756839 0.5682961897915169 0.5509118541033434 0.5783608914450036 0.6041033434650456 0.5841121495327103 0.8161094224924013 0.5650611071171819 0.8183890577507599 0.5510424155283968 0.7454407294832827 0.5474478792235802 0.6428571428571429
19 0.5801581595974119 0.6344984802431611 0.5682961897915169 0.5934650455927052 0.5859094176851186 0.5547112462006079 0.5992092020129404 0.5569908814589666 0.6103522645578721 0.5919452887537994 0.6099928109273903 0.6542553191489362 0.6175413371675054 0.790273556231003 0.5945363048166786 0.8039513677811551
20 0.6103522645578721 0.6306990881458967 0.5966930265995687 0.5881458966565349 0.598490294751977 0.5615501519756839 0.616822429906542 0.5463525835866262 0.6337167505391804 0.5562310030395137 0.6387491013659238 0.6025835866261399 0.6545650611071172 0.790273556231003 0.6344356578001438 0.8001519756838906
21 0.6470165348670022 0.6306990881458967 0.6344356578001438 0.5851063829787234 0.6394680086268871 0.5623100303951368 0.6710999281092739 0.5562310030395137 0.6847591660675773 0.5569908814589666 0.689432063263839 0.5987841945288754 0.7106398274622574 0.7454407294832827 0.681883537023724 0.7613981762917933 0.6610352264557872 0.7264437689969605
22 0.696980589503954 0.6117021276595744 0.681883537023724 0.5729483282674772 0.7020129403306974 0.5372340425531915 0.7278936017253774 0.5372340425531915 0.7408339324227174 0.5638297872340425 0.7631200575125808 0.7036474164133738 0.7278936017253774 0.7196048632218845 0.7045291157440691 0.648936170212766
24 0.48130841121495327 0.5638297872340425 0.5050323508267434 0.5668693009118541 0.5021567217828901 0.7454407294832827 0.48634076204169663 0.7462006079027356
25 0.4640546369518332 0.5585106382978723 0.4867002156721783 0.574468085106383 0.48813803019410495 0.7613981762917933 0.47375988497483823 0.7621580547112462 0.4608195542774982 0.5995440729483282
26 0.43457943925233644 0.6147416413373861 0.44069015097052483 0.5638297872340425 0.45578720345075485 0.5615501519756839 0.46477354421279654 0.5942249240121581 0.46872753414809487 0.8024316109422492 0.4464414090582315 0.8039513677811551 0.4378145219266715 0.6998480243161094
27 0.4029475197699497 0.770516717325228 0.40546369518332137 0.6223404255319149 0.40869877785765635 0.5463525835866262 0.4331416247304098 0.5547112462006079 0.44320632638389645 0.5828267477203647 0.43026599568655644 0.6588145896656535 0.4306254493170381 0.8001519756838906
28 0.3662832494608195 0.7811550151975684 0.36951833213515456 0.6268996960486323 0.3745506829618979 0.5623100303951368 0.38461538461538464 0.540273556231003 0.397196261682243 0.5372340425531915 0.411214953271028 0.5493920972644377 0.42127965492451475 0.5569908814589666 0.4094176851186197 0.6268996960486323 0.38533429187634793 0.7773556231003039
29 0.301941049604601 0.729483282674772 0.3184759166067577 0.6063829787234043 0.3267433501078361 0.5706686930091185 0.33501078360891445 0.5319148936170213 0.35945363048166784 0.5250759878419453 0.37598849748382457 0.526595744680851 0.3878504672897196 0.5509118541033434 0.3788641265276779 0.6025835866261399 0.3274622573687994 0.770516717325228
30 0.24658519051042416 0.6702127659574468 0.2774982027318476 0.5440729483282675 0.2843278217109993 0.5022796352583586 0.29403306973400434 0.4703647416413374 0.3044572250179727 0.4696048632218845 0.3310567936736161 0.49164133738601823 0.3411214953271028 0.5106382978723404 0.3368080517613228 0.5425531914893617 0.28324946081955427 0.7051671732522796
31 0.19122933141624732 0.6785714285714286 0.21063982746225737 0.6147416413373861 0.2124370956146657 0.5706686930091185 0.22070452911574406 0.53419452887538 0.2426312005751258 0.5227963525835866 0.2674335010783609 0.5455927051671733 0.27929547088425594 0.5585106382978723 0.2717469446441409 0.6101823708206687 0.2350826743350108 0.7264437689969605 0.19734004313443565 0.6854103343465046