0 0.46731234866828086 0.5615501519756839 0.49256312694569354 0.5562310030395137 0.49048772051193357 0.4825227963525836 0.4873746108612937 0.2613981762917933 0.46246973365617433 0.25455927051671734 0.46281563472846765 0.47416413373860183 0.4597025250778277 0.526595744680851
1 0.43791075752334835 0.5311550151975684 0.4534763057765479 0.5638297872340425 0.4635074368730543 0.5585106382978723 0.4680041508128675 0.4506079027355623 0.46731234866828086 0.24772036474164133 0.4427533725354549 0.24772036474164133 0.4434451746800415 0.44148936170212766
2 0.4133517813905223 0.5349544072948328 0.4175025942580422 0.5638297872340425 0.4358353510895884 0.5737082066869301 0.4410238671739882 0.5417933130699089 0.44794188861985473 0.5106382978723404 0.4448287789692148 0.24620060790273557 0.4219993081978554 0.2507598784194529 0.41646489104116224 0.4316109422492401 0.4175025942580422 0.48404255319148937
3 0.37806987201660325 0.5091185410334347 0.3836042891732964 0.5417933130699089 0.3919059149083362 0.5486322188449848 0.40124524386025595 0.5326747720364742 0.41196817710134903 0.541033434650456 0.4175025942580422 0.5182370820668692 0.4219993081978554 0.4726443768996961 0.425804219993082 0.4247720364741641 0.42718782428225527 0.2796352583586626 0.3943272224143895 0.2796352583586626 0.3932895191975095 0.4133738601823708 0.3856796956070564 0.44984802431610943
5 0.3389830508474576 0.4688449848024316 0.3427879626426842 0.5030395136778115 0.35212729159460393 0.5212765957446809 0.3597371151850571 0.5159574468085106 0.3704600484261501 0.5159574468085106 0.37979937737806985 0.5174772036474165 0.3919059149083362 0.5007598784194529 0.3919059149083362 0.47720364741641336 0.38810100311310963 0.4521276595744681 0.3711518505707368 0.2978723404255319 0.34901418194396405 0.29635258358662614 0.3452092701487375 0.42857142857142855
6 0.29955032860601866 0.48404255319148937 0.2981667243168454 0.4574468085106383 0.3057765479072985 0.42325227963525835 0.3113109650639917 0.3913373860182371 0.31442407471463163 0.2811550151975684 0.3459010722933241 0.29635258358662614 0.3459010722933241 0.40805471124620063 0.34451746800415084 0.43009118541033436 0.3452092701487375 0.46048632218844987 0.3410584572812176 0.49772036474164133 0.32722241438948463 0.506079027355623 0.31649948114839155 0.4939209726443769
8 0.4963680387409201 0.5562310030395137 0.5233483223797993 0.5433130699088146 0.5226565202352127 0.4703647416413374 0.5157384987893463 0.25455927051671734 0.4918713248011069 0.2591185410334346 0.4918713248011069 0.4870820668693009
9 0.5257696298858526 0.5478723404255319 0.5188516084399861 0.5030395136778115 0.5202352127291595 0.46580547112462006 0.5181598062953995 0.2454407294832827 0.5333794534763058 0.2454407294832827 0.5451400899342788 0.4688449848024316 0.5427187824282256 0.5075987841945289 0.546523694223452 0.5486322188449848
10 0.5558630231753718 0.5531914893617021 0.5409892770667589 0.4878419452887538 0.5420269802836388 0.4247720364741641 0.5427187824282256 0.23708206686930092 0.5728121757177447 0.24088145896656535 0.5748875821515047 0.4521276595744681 0.5748875821515047 0.48556231003039513 0.576271186440678 0.5106382978723404 0.5748875821515047 0.5326747720364742 0.5617433414043583 0.5463525835866262
11 0.5741957800069181 0.5326747720364742 0.5596679349705984 0.5113981762917933 0.5610515392597717 0.4726443768996961 0.563472846765825 0.4331306990881459 0.5610515392597717 0.25227963525835867 0.584918713248011 0.29103343465045595 0.5932203389830508 0.47188449848024316 0.5963334486336908 0.4908814589665654 0.6001383604289173 0.5159574468085106 0.5918367346938775 0.5364741641337386 0.5811138014527845 0.5334346504559271
12 0.5973711518505708 0.5197568389057751 0.588031822898651 0.5075987841945289 0.588031822898651 0.43009118541033436 0.5804219993081978 0.2674772036474164 0.6011760636457973 0.2591185410334346 0.6177793151158769 0.43009118541033436 0.6181252161881702 0.45896656534954405 0.6181252161881702 0.49620060790273557 0.6202006226219301 0.5227963525835866
13 0.6240055344171567 0.5075987841945289 0.6132826011760636 0.47416413373860183 0.6157039086821169 0.4027355623100304 0.6132826011760636 0.2712765957446808 0.635074368730543 0.2613981762917933 0.6471809062608094 0.3708206686930091 0.6579038395019025 0.42857142857142855 0.6672431684538223 0.4756838905775076 0.6665513663092355 0.5030395136778115 0.6558284330681425 0.5106382978723404 0.6426841923209962 0.5144376899696048
14 0.6703562781044621 0.49620060790273557 0.6572120373573158 0.47188449848024316 0.6558284330681425 0.42857142857142855 0.6316153580076098 0.2743161094224924 0.6523694223452092 0.25227963525835867 0.6786579038395019 0.38145896656534956 0.6931857488758215 0.39969604863221886 0.6994119681771014 0.4247720364741641 0.7039086821169146 0.47720364741641336 0.6949152542372882 0.4939209726443769
15 0.6980283638879281 0.3958966565349544 0.6831546177793151 0.3898176291793313 0.6731234866828087 0.3639817629179331 0.6558284330681425 0.33358662613981765 0.6464891041162227 0.27583586626139817 0.6527153234175026 0.20896656534954408 0.6748529920442753 0.21732522796352582 0.6918021445866482 0.24620060790273557 0.7101349014181944 0.28951367781155013 0.7201660325147008 0.30851063829787234 0.725700449671394 0.3373860182370821 0.7194742303701142 0.3556231003039514 0.7125562089242476 0.3791793313069909 0.7080594949844344 0.3898176291793313
16 0.4932549290902802 0.5866261398176292 0.5150466966447595 0.5919452887537994 0.5243860255966794 0.7895136778115501 0.5088204773434798 0.7849544072948328
17 0.513317191283293 0.5866261398176292 0.525077827741266 0.5782674772036475 0.5402974749221723 0.5835866261398176 0.5371843652715323 0.8031914893617021 0.5288827395364926 0.8047112462006079
18 0.5402974749221723 0.6443768996960486 0.5333794534763058 0.6086626139817629 0.5402974749221723 0.5767477203647416 0.5485991006572121 0.5683890577507599 0.562435143548945 0.6025835866261399 0.5648564510549983 0.6565349544072948 0.5655482531995849 0.8282674772036475 0.5447941888619855 0.8297872340425532
19 0.5610515392597717 0.6428571428571429 0.5527499135247319 0.5942249240121581 0.549636803874092 0.5668693009118541 0.560359737115185 0.5569908814589666 0.5693531649948115 0.5531914893617021 0.5818056035973711 0.5699088145896657 0.5863023175371843 0.601823708206687 0.5887236250432376 0.8267477203647416 0.5735039778623314 0.8229483282674772
20 0.588031822898651 0.6360182370820668 0.5741957800069181 0.5942249240121581 0.5724662746454514 0.5630699088145896 0.5842269111034244 0.5486322188449848 0.6004842615012107 0.5516717325227963 0.612590799031477 0.5531914893617021 0.612590799031477 0.6124620060790273 0.635074368730543 0.7629179331306991 0.6112071947423037 0.7659574468085106
21 0.6163957108267035 0.6238601823708206 0.6025596679349706 0.5767477203647416 0.6011760636457973 0.5478723404255319 0.6032514700795573 0.5334346504559271 0.6170875129712902 0.5281155015197568 0.6309235558630232 0.5258358662613982 0.6395710826703562 0.5159574468085106 0.6596333448633691 0.5243161094224924 0.661708751297129 0.5721884498480243 0.6938775510204082 0.7386018237082067 0.6703562781044621 0.7522796352583586 0.6457973019716361 0.7537993920972644 0.6295399515738499 0.6899696048632219
22 0.6696644759598754 0.6041033434650456 0.6558284330681425 0.5630699088145896 0.6534071255620892 0.541033434650456 0.6540989277066759 0.526595744680851 0.6592874437910757 0.5144376899696048 0.6786579038395019 0.5007598784194529 0.6911103424420616 0.4939209726443769 0.7011414735385679 0.4908814589665654 0.7077135939121412 0.5243161094224924 0.7080594949844344 0.5600303951367781 0.7416118989968868 0.7051671732522796 0.7215496368038741 0.7188449848024316 0.6886890349360083 0.6610942249240122
24 0.48253199584918716 0.5919452887537994 0.5012106537530266 0.5987841945288754 0.5019024558976133 0.8267477203647416 0.4849533033552404 0.8237082066869301 0.47734347976478725 0.6717325227963525
25 0.4597025250778277 0.5835866261398176 0.4704254583189208 0.5835866261398176 0.4832237979937738 0.6056231003039514 0.47976478727084054 0.8183890577507599 0.4659287443791076 0.8214285714285714
26 0.42960913178830856 0.6139817629179332 0.4420615703908682 0.5767477203647416 0.4517468004150813 0.5790273556231003 0.4590107229332411 0.6041033434650456 0.46281563472846765 0.6443768996960486 0.45658941542718784 0.8571428571428571 0.4347976478727084 0.8586626139817629
27 0.4112763749567624 0.6861702127659575 0.4071255620892425 0.6261398176291794 0.4188861985472155 0.5851063829787234 0.43791075752334835 0.5904255319148937 0.4389484607402283 0.6170212765957447 0.4341058457281218 0.6694528875379939 0.4233829124870287 0.8199088145896657 0.4071255620892425 0.8199088145896657
28 0.38256658595641646 0.7659574468085106 0.3974403320650294 0.6778115501519757 0.40816326530612246 0.6238601823708206 0.4175025942580422 0.5782674772036475 0.41265997924593567 0.5562310030395137 0.3988239363542027 0.5615501519756839 0.38810100311310963 0.5630699088145896 0.38049117952265654 0.5630699088145896 0.37357315807679004 0.6003039513677811 0.37806987201660325 0.7188449848024316 0.3659633344863369 0.7925531914893617 0.3787616741611899 0.7978723404255319
29 0.3514354894500173 0.756079027355623 0.3728813559322034 0.6717325227963525 0.37979937737806985 0.6322188449848024 0.3974403320650294 0.5433130699088146 0.3690764441369768 0.541033434650456 0.3497059840885507 0.5311550151975684 0.33586994119681773 0.5349544072948328 0.33344863369076444 0.601823708206687 0.31649948114839155 0.7545592705167173 0.34832237979937736 0.7689969604863222
30 0.2836388792805258 0.7272036474164134 0.3303355240401245 0.6056231003039514 0.337253545485991 0.5820668693009119 0.3452092701487375 0.541033434650456 0.33517813905223104 0.5159574468085106 0.3203043929436181 0.5091185410334347 0.30370114147353855 0.49620060790273557 0.29055690072639223 0.5091185410334347 0.2822552749913525 0.5531914893617021 0.28294707713593914 0.5851063829787234 0.25596679349705986 0.6983282674772037