8 0.4954128440366973 0.567629179331307 0.4982357092448836 0.5091185410334347 0.5116443189837685 0.3586626139817629 0.5331686661961891 0.3609422492401216 0.5261115031757233 0.48632218844984804 0.5271700776287932 0.5683890577507599 0.5162314749470712 0.5851063829787234
9 0.5356386732533521 0.3639817629179331 0.5508115737473536 0.3594224924012158 0.5511644318983768 0.4726443768996961 0.5585744530698659 0.5486322188449848 0.5536344389555399 0.5645896656534954 0.5296400846859562 0.5714285714285714 0.5306986591390261 0.506079027355623 0.5331686661961891 0.45972644376899696
10 0.5578687367678193 0.324468085106383 0.5762173606210304 0.3191489361702128 0.5864502470007057 0.5463525835866262 0.5688073394495413 0.5706686930091185 0.5578687367678193 0.5463525835866262 0.5557515878616796 0.4969604863221885 0.5589273112208892 0.4787234042553192
11 0.5804516584333098 0.33966565349544076 0.6139731827805223 0.3404255319148936 0.6189131968948482 0.5227963525835866 0.6107974594213126 0.5539513677811551 0.5991531404375441 0.5516717325227963 0.596683133380381 0.5303951367781155 0.5850388143966125 0.5440729483282675 0.5786873676781934 0.479483282674772
12 0.6118560338743825 0.3351063829787234 0.6333803810868031 0.3343465045592705 0.6467889908256881 0.5189969604863222 0.6340860973888497 0.5387537993920972 0.6227946365561045 0.540273556231003 0.6100917431192661 0.513677811550152 0.6125617501764291 0.47112462006079026
13 0.636908962597036 0.3366261398176292 0.6633733239237827 0.3229483282674772 0.6901905434015526 0.4886018237082067 0.6859562455892732 0.5129179331306991 0.6771347918136909 0.5189969604863222 0.6725476358503881 0.513677811550152 0.6647847565278758 0.526595744680851 0.6471418489767113 0.5227963525835866
14 0.6870148200423429 0.30015197568389057 0.6658433309809456 0.324468085106383 0.6926605504587156 0.49164133738601823 0.7163020465772759 0.4870820668693009 0.7265349329569513 0.43237082066869303 0.7184191954834157 0.4004559270516717 0.71030345800988 0.3943768996960486 0.6990119971771348 0.3677811550151976
15 0.696894848270995 0.2378419452887538 0.7198306280875089 0.23404255319148937 0.718772053634439 0.2689969604863222 0.7328863796753705 0.32674772036474165 0.7251235003528581 0.3427051671732523 0.71030345800988 0.364741641337386 0.6983062808750882 0.3487841945288754 0.6926605504587156 0.3161094224924012
0 0.48059280169371915 0.34574468085106386 0.5003528581510233 0.3487841945288754 0.4940014114326041 0.5706686930091185 0.4827099505998589 0.5767477203647416 0.46788990825688076 0.574468085106383 0.46400846859562456 0.5433130699088146 0.47424135497529996 0.42401215805471126 0.4784756527875794 0.3586626139817629
1 0.4562455892731122 0.34498480243161095 0.4784756527875794 0.35106382978723405 0.46400846859562456 0.5539513677811551 0.4463655610444601 0.5600303951367781 0.4417784050811574 0.5455927051671733 0.44318983768525055 0.48632218844984804
2 0.4354269583627382 0.3427051671732523 0.4590684544812985 0.34802431610942247 0.4505998588567396 0.4939209726443769 0.4410726887791108 0.541033434650456 0.4343683839096683 0.5547112462006079 0.4297812279463656 0.5554711246200608 0.42484121383203954 0.5433130699088146 0.41778405081157377 0.5144376899696048 0.43683839096683136 0.3541033434650456
3 0.4160197600564573 0.33282674772036475 0.4410726887791108 0.34498480243161095 0.42766407904022585 0.5075987841945289 0.4050811573747354 0.5303951367781155 0.3976711362032463 0.5167173252279635 0.392378263937897 0.5 0.4071983062808751 0.33966565349544076
4 0.38002822865208186 0.32142857142857145 0.4008468595624559 0.32066869300911854 0.4011997177134792 0.46504559270516715 0.39273112208892025 0.5174772036474165 0.3860268172194778 0.526595744680851 0.37826393789696544 0.5250759878419453 0.3669724770642202 0.5113981762917933 0.3694424841213832 0.4749240121580547
5 0.35179957657021876 0.30775075987841943 0.3793225123500353 0.3229483282674772 0.3662667607621736 0.506079027355623 0.3486238532110092 0.5075987841945289 0.33733239237826396 0.48328267477203646 0.32462949894142556 0.4946808510638298 0.3168666196189132 0.4787234042553192 0.31898376852505295 0.44148936170212766 0.3295695130557516 0.418693009118541 0.34968242766407903 0.331306990881459
6 0.32462949894142556 0.2826747720364742 0.35179957657021876 0.30775075987841943 0.32462949894142556 0.4217325227963526 0.31263232180663375 0.4627659574468085 0.29251940719830627 0.46048632218844987 0.28405081157374734 0.45896656534954405 0.2734650670430487 0.40197568389057753 0.2861679604798871 0.36930091185410335 0.2981651376146789 0.3617021276595745 0.3094565984474241 0.3404255319148936 0.32145377558221594 0.30851063829787234
7 0.2755822159491884 0.20516717325227962 0.3094565984474241 0.21200607902735563 0.3228652081863091 0.2917933130699088 0.3101623147494707 0.324468085106383 0.3002822865208186 0.3427051671732523 0.28052223006351446 0.3229483282674772 0.27417078334509526 0.31762917933130697 0.27170077628793227 0.30167173252279633 0.276287932251235 0.2750759878419453
16 0.4954128440366973 0.60790273556231 0.5134086097388849 0.6086626139817629 0.5172900494001411 0.7849544072948328 0.5130557515878617 0.7993920972644377 0.5028228652081863 0.7955927051671733 0.49858856739590685 0.7340425531914894 0.49611856033874385 0.6633738601823708
17 0.515878616796048 0.6056231003039514 0.5345800988002822 0.6086626139817629 0.5370501058574453 0.6603343465045592 0.5324629498941426 0.8069908814589666 0.5137614678899083 0.8016717325227963 0.518348623853211 0.6732522796352584
18 0.5412844036697247 0.601063829787234 0.5536344389555399 0.6025835866261399 0.5589273112208892 0.6231003039513677 0.565984474241355 0.6603343465045592 0.5748059280169372 0.831306990881459 0.5571630204657727 0.8366261398176292 0.5434015525758645 0.7218844984802432 0.5395201129146083 0.6762917933130699 0.5384615384615384 0.6519756838905775
19 0.5762173606210304 0.581306990881459 0.5628087508821453 0.6147416413373861 0.5603387438249824 0.6276595744680851 0.5677487649964714 0.6504559270516718 0.5815102328863797 0.8252279635258358 0.591743119266055 0.8305471124620061 0.591743119266055 0.6550151975683891 0.5942131263232181 0.6329787234042553 0.5875088214537756 0.5919452887537994
20 0.5910374029640084 0.5820668693009119 0.5875088214537756 0.6086626139817629 0.6104446012702893 0.8024316109422492 0.6365561044460127 0.7925531914893617 0.6252646436132675 0.6413373860182371 0.6203246294989414 0.6025835866261399 0.6093860268172194 0.5820668693009119 0.6062103034580099 0.5866261398176292
21 0.6397318278052223 0.5699088145896657 0.6580804516584333 0.5554711246200608 0.6683133380381087 0.5699088145896657 0.6990119971771348 0.7492401215805471 0.6697247706422018 0.7819148936170213 0.6390261115031757 0.6869300911854104 0.6351446718419196 0.6466565349544073 0.6167960479887086 0.5949848024316109 0.6203246294989414 0.5661094224924013
22 0.666196189131969 0.5554711246200608 0.7014820042342979 0.5220364741641338 0.71030345800988 0.5303951367781155 0.7159491884262527 0.5683890577507599 0.715243472124206 0.6056231003039514 0.7385321100917431 0.7013677811550152 0.715243472124206 0.7302431610942249 0.6912491178546224 0.6572948328267477 0.6799576570218772 0.6177811550151976 0.671136203246295 0.6025835866261399
23 0.7279463655610444 0.5661094224924013 0.7342978122794637 0.5326747720364742 0.7498235709244884 0.540273556231003 0.7586450247000706 0.5509118541033434 0.776287932251235 0.6405775075987842 0.7607621736062103 0.6990881458966566 0.7367678193366267 0.6443768996960486 0.7201834862385321 0.6193009118541033 0.7148906139731828 0.5927051671732523 0.721242060691602 0.567629179331307
24 0.47318278052223006 0.6033434650455927 0.4943542695836274 0.601823708206687 0.497529992942837 0.8001519756838906 0.481651376146789 0.8047112462006079 0.47600564573041637 0.6671732522796353
25 0.45871559633027525 0.5904255319148937 0.45483415666901905 0.6071428571428571 0.45836273817925194 0.6519756838905775 0.46118560338743825 0.8092705167173252 0.47424135497529996 0.8123100303951368 0.47424135497529996 0.7120060790273556 0.4728299223712068 0.6618541033434651 0.4745942131263232 0.6436170212765957 0.47706422018348627 0.6048632218844985 0.47035991531404375 0.5896656534954408
26 0.44848270995059986 0.5942249240121581 0.45130557515878617 0.6291793313069909 0.4565984474241355 0.6451367781155015 0.4527170077628793 0.8145896656534954 0.43366266760762173 0.8085106382978723 0.4322512350035286 0.6960486322188449 0.43295695130557516 0.6329787234042553 0.43754410726887794 0.5995440729483282 0.4446012702893437 0.587386018237082
27 0.4258997882851094 0.567629179331307 0.431545518701482 0.5767477203647416 0.4350741002117149 0.5995440729483282 0.43577981651376146 0.6231003039513677 0.4230769230769231 0.7872340425531915 0.4008468595624559 0.7727963525835866 0.4114326040931546 0.6603343465045592 0.4050811573747354 0.6193009118541033 0.4142554693013409 0.5797872340425532
28 0.38708539167254763 0.5615501519756839 0.4103740296400847 0.5615501519756839 0.41813690896259703 0.5714285714285714 0.4216654904728299 0.587386018237082 0.41743119266055045 0.6162613981762918 0.4040225829216655 0.6496960486322189 0.38108680310515175 0.7712765957446809 0.3560338743824982 0.7606382978723404 0.37085391672547635 0.6671732522796353 0.3768525052928723 0.6147416413373861 0.37720536344389555 0.5782674772036475
29 0.34086097388849684 0.5227963525835866 0.3574453069865914 0.5319148936170213 0.37155963302752293 0.5440729483282675 0.3849682427664079 0.5448328267477204 0.38708539167254763 0.5478723404255319 0.3884968242766408 0.5569908814589666 0.3888496824276641 0.5661094224924013 0.3877911079745942 0.5790273556231003 0.38355681016231474 0.5889057750759878 0.3803810868031052 0.6139817629179332 0.37720536344389555 0.6329787234042553 0.3440366972477064 0.7621580547112462 0.29675370501058573 0.7180851063829787 0.323923782639379 0.6306990881458967 0.3302752293577982 0.601063829787234 0.3295695130557516 0.5501519756838906 0.3366266760762174 0.5273556231003039
30 0.3045165843330981 0.48556231003039513 0.3112208892025406 0.4992401215805471 0.3168666196189132 0.5030395136778115 0.32180663373323926 0.49848024316109424 0.3249823570924488 0.49848024316109424 0.32815808045165845 0.5022796352583586 0.33168666196189134 0.506838905775076 0.33345095271700775 0.5083586626139818 0.33450952717007765 0.5106382978723404 0.33697953422724064 0.5144376899696048 0.3412138320395201 0.5189969604863222 0.34333098094565984 0.5212765957446809 0.3450952717007763 0.526595744680851 0.3450952717007763 0.5296352583586627 0.3450952717007763 0.5349544072948328 0.3450952717007763 0.5387537993920972 0.344742413549753 0.5448328267477204 0.3429781227946366 0.5509118541033434 0.33909668313338037 0.5585106382978723 0.33627381792519406 0.5653495440729484 0.33450952717007765 0.5699088145896657 0.3295695130557516 0.5752279635258358 0.326393789696542 0.5797872340425532 0.3221594918842625 0.5843465045592705 0.3196894848270995 0.5919452887537994 0.31510232886379674 0.601823708206687 0.30980945659844744 0.6117021276595744 0.3038108680310515 0.6208206686930091 0.3009880028228652 0.6291793313069909 0.2978122794636556 0.6398176291793313 0.29604798870853916 0.6443768996960486 0.29322512350035285 0.6527355623100304 0.2861679604798871 0.6580547112462006 0.2829922371206775 0.6671732522796353 0.2801693719124912 0.6762917933130699 0.27805222300635146 0.6884498480243161 0.2745236414961186 0.7044072948328267 0.2459421312632322 0.6740121580547113 0.24170783345095273 0.6504559270516718 0.2544107268877911 0.6185410334346505 0.2639378969654199 0.6003039513677811 0.26605504587155965 0.5957446808510638 0.26852505292872264 0.5919452887537994 0.2706422018348624 0.587386018237082 0.27240649258997884 0.5835866261398176 0.273817925194072 0.5790273556231003 0.2745236414961186 0.5767477203647416 0.27487649964714184 0.5699088145896657 0.2755822159491884 0.5653495440729484 0.2755822159491884 0.5600303951367781 0.2766407904022583 0.5486322188449848 0.2773465067043049 0.5433130699088146 0.2773465067043049 0.5379939209726444 0.2798165137614679 0.5319148936170213 0.28052223006351446 0.520516717325228 0.28158080451658435 0.5144376899696048 0.2836979534227241 0.5075987841945289 0.2858151023288638 0.5022796352583586 0.28722653493295697 0.4969604863221885 0.2900494001411433 0.49012158054711247 0.2939308398023994 0.48632218844984804 0.2978122794636556 0.4825227963525836 0.30063514467184194 0.4825227963525836
31 0.25405786873676783 0.49012158054711247 0.25970359915314045 0.5212765957446809 0.27593507410021173 0.5425531914893617 0.276287932251235 0.5721884498480243 0.2664079040225829 0.6003039513677811 0.22477064220183487 0.6360182370820668 0.20148200423429782 0.5820668693009119 0.22335920959774172 0.5167173252279635 0.2392378263937897 0.4946808510638298 0.24982357092448837 0.4886018237082067