0 0.45850622406639 0.5349544072948328 0.48616874135546334 0.5334346504559271 0.48651452282157676 0.44680851063829785 0.4878976486860304 0.2454407294832827 0.4633471645919779 0.25455927051671734 0.4578146611341632 0.4635258358662614
1 0.4508990318118949 0.5311550151975684 0.45850622406639 0.5281155015197568 0.4633471645919779 0.44832826747720367 0.46957123098201936 0.23252279635258358 0.448478561549101 0.25227963525835867 0.4408713692946058 0.44984802431610943 0.43775933609958506 0.4939209726443769 0.43948824343015214 0.526595744680851
2 0.41632088520055327 0.5091185410334347 0.4280774550484094 0.5433130699088146 0.44017980636237897 0.5106382978723404 0.448478561549101 0.4756838905775076 0.4381051175656985 0.24088145896656535 0.4139004149377593 0.2454407294832827 0.41804979253112035 0.3981762917933131 0.41804979253112035 0.44984802431610943
3 0.3948824343015214 0.5113981762917933 0.40110650069156295 0.5349544072948328 0.4073305670816044 0.5349544072948328 0.41251728907330565 0.5174772036474165 0.43257261410788383 0.5258358662613982 0.43568464730290457 0.5106382978723404 0.42946058091286304 0.40425531914893614 0.41632088520055327 0.25227963525835867 0.3896957123098202 0.26063829787234044 0.3966113416320885 0.4133738601823708 0.39557399723374825 0.4810030395136778
4 0.37655601659751037 0.46580547112462006 0.3727524204702628 0.5182370820668692 0.3796680497925311 0.5395136778115501 0.39315352697095435 0.5281155015197568 0.4042185338865837 0.5334346504559271 0.4118257261410788 0.48936170212765956 0.411134163208852 0.43465045592705165 0.4024896265560166 0.22416413373860183 0.37863070539419086 0.22872340425531915 0.3796680497925311 0.40425531914893614 0.3796680497925311 0.43541033434650456
5 0.3381742738589212 0.4878419452887538 0.33955739972337484 0.5106382978723404 0.3558091286307054 0.5364741641337386 0.36341632088520054 0.526595744680851 0.3710235131396957 0.5349544072948328 0.39349930843706776 0.5334346504559271 0.3941908713692946 0.48936170212765956 0.3917704011065007 0.44376899696048633 0.38416320885200556 0.3913373860182371 0.37863070539419086 0.26595744680851063 0.35131396957123096 0.2743161094224924 0.35650069156293224 0.3966565349544073 0.3502766251728907 0.42325227963525835 0.34405255878284924 0.44832826747720367 0.34024896265560167 0.4726443768996961
6 0.28284923928077454 0.48404255319148937 0.29564315352697096 0.49620060790273557 0.3011756569847856 0.49772036474164133 0.3073997233748271 0.5075987841945289 0.3163900414937759 0.5212765957446809 0.3302213001383126 0.5113981762917933 0.34024896265560167 0.49240121580547114 0.3426694329183956 0.46200607902735563 0.34024896265560167 0.4148936170212766 0.34439834024896265 0.26443768996960487 0.29979253112033194 0.2712765957446808 0.2994467496542185 0.3723404255319149 0.29806362378976486 0.4027355623100304 0.29114799446749656 0.4316109422492401 0.2842323651452282 0.4574468085106383
8 0.4892807745504841 0.5334346504559271 0.5062240663900415 0.5395136778115501 0.5162517289073306 0.5395136778115501 0.5172890733056709 0.43541033434650456 0.5179806362378977 0.25227963525835867 0.5 0.26063829787234044 0.49412171507607194 0.4133738601823708 0.48651452282157676 0.49620060790273557
9 0.5155601659751037 0.48936170212765956 0.5200553250345782 0.5334346504559271 0.5356154910096819 0.5296352583586627 0.5380359612724758 0.4703647416413374 0.5376901798063624 0.29103343465045595 0.5242047026279392 0.2933130699088146 0.5162517289073306 0.4574468085106383
10 0.5501383125864454 0.5448328267477204 0.5387275242047026 0.4756838905775076 0.553941908713693 0.36930091185410335 0.5653526970954357 0.26443768996960487 0.573997233748271 0.29103343465045595 0.5663900414937759 0.46048632218844987 0.5615491009681881 0.5311550151975684
11 0.5615491009681881 0.5227963525835866 0.5594744121715076 0.42325227963525835 0.5860995850622407 0.27811550151975684 0.6068464730290456 0.2864741641337386 0.5978561549100968 0.4270516717325228 0.5923236514522822 0.506079027355623 0.5840248962655602 0.5379939209726444 0.5695020746887967 0.5227963525835866
12 0.5864453665283541 0.5296352583586627 0.5822959889349931 0.46504559270516715 0.6068464730290456 0.2560790273556231 0.6293222683264177 0.2629179331306991 0.623789764868603 0.4247720364741641 0.6224066390041494 0.4688449848024316 0.6161825726141079 0.5159574468085106 0.6106500691562933 0.5395136778115501 0.5968188105117566 0.5311550151975684
13 0.6186030428769018 0.5326747720364742 0.6106500691562933 0.4870820668693009 0.6130705394190872 0.4506079027355623 0.623789764868603 0.4065349544072948 0.6376210235131397 0.27811550151975684 0.6562932226832642 0.28799392097264437 0.6538727524204703 0.4095744680851064 0.6594052558782849 0.4635258358662614 0.6594052558782849 0.49772036474164133 0.6594052558782849 0.5379939209726444 0.6424619640387276 0.5395136778115501 0.636237897648686 0.5281155015197568 0.6313969571230982 0.5433130699088146
14 0.6715076071922544 0.5311550151975684 0.6632088520055325 0.5227963525835866 0.6556016597510373 0.4688449848024316 0.6607883817427386 0.44224924012158057 0.6538727524204703 0.4027355623100304 0.6683955739972337 0.31155015197568386 0.6970954356846473 0.3130699088145897 0.6908713692946058 0.39969604863221886 0.6953665283540802 0.4316109422492401 0.7036652835408023 0.4521276595744681 0.7112724757952974 0.48024316109422494 0.7060857538035962 0.5075987841945289 0.6953665283540802 0.5159574468085106 0.6877593360995851 0.5159574468085106 0.677731673582296 0.5311550151975684
15 0.6967496542185339 0.4133738601823708 0.6853388658367912 0.3890577507598784 0.686030428769018 0.3434650455927052 0.6936376210235131 0.30319148936170215 0.7181881051175657 0.25759878419452886 0.7230290456431535 0.3130699088145897 0.7275242047026279 0.3586626139817629 0.7244121715076072 0.3943768996960486 0.7143845089903181 0.41109422492401215 0.7074688796680498 0.41185410334346506
16 0.48616874135546334 0.5433130699088146 0.5072614107883817 0.5486322188449848 0.5103734439834025 0.7469604863221885 0.4934301521438451 0.7454407294832827
17 0.5072614107883817 0.6177811550151976 0.504149377593361 0.5448328267477204 0.5255878284923928 0.541033434650456 0.533195020746888 0.5638297872340425 0.5280082987551867 0.6223404255319149 0.5255878284923928 0.7773556231003039 0.5086445366528354 0.7507598784194529
18 0.5276625172890733 0.662613981762918 0.530774550484094 0.5562310030395137 0.5446058091286307 0.5379939209726444 0.5570539419087137 0.5600303951367781 0.5587828492392808 0.6109422492401215 0.5587828492392808 0.851823708206687 0.5325034578146611 0.8457446808510638
19 0.5632780082987552 0.6512158054711246 0.55567081604426 0.5934650455927052 0.5753803596127247 0.5699088145896657 0.5860995850622407 0.5737082066869301 0.593015214384509 0.601823708206687 0.5892116182572614 0.6648936170212766 0.5840248962655602 0.8381458966565349 0.5691562932226832 0.8389057750759878
20 0.5954356846473029 0.6512158054711246 0.584716459197787 0.5851063829787234 0.5878284923928078 0.5721884498480243 0.6047717842323651 0.5737082066869301 0.6116874135546335 0.5699088145896657 0.6199861687413555 0.5782674772036475 0.6217150760719226 0.6094224924012158 0.623789764868603 0.6344984802431611 0.623789764868603 0.6542553191489362 0.636237897648686 0.8016717325227963 0.6130705394190872 0.8085106382978723
21 0.6293222683264177 0.6717325227963525 0.6116874135546335 0.6261398176291794 0.613762102351314 0.5767477203647416 0.6355463347164592 0.5630699088145896 0.6576763485477178 0.5904255319148937 0.6632088520055325 0.6124620060790273 0.6728907330567082 0.6375379939209727 0.665283540802213 0.6633738601823708 0.66701244813278 0.7727963525835866 0.6400414937759336 0.7796352583586627
22 0.6721991701244814 0.6512158054711246 0.6562932226832642 0.6056231003039514 0.6632088520055325 0.5683890577507599 0.6739280774550485 0.5531914893617021 0.686030428769018 0.5516717325227963 0.6929460580912863 0.5379939209726444 0.7074688796680498 0.5486322188449848 0.7143845089903181 0.5782674772036475 0.7185338865836791 0.6344984802431611 0.7520746887966805 0.7355623100303952 0.7216459197786999 0.7621580547112462 0.6846473029045643 0.6869300911854104
23 0.7337482710926694 0.6542553191489362 0.7206085753803596 0.6443768996960486 0.7105809128630706 0.6139817629179332 0.7213001383125864 0.5805471124620061 0.7261410788381742 0.5569908814589666 0.729253112033195 0.5379939209726444 0.7538035961272476 0.5714285714285714 0.7614107883817427 0.5942249240121581 0.7866528354080221 0.6428571428571429 0.7596818810511756 0.6952887537993921 0.7406639004149378 0.6580547112462006
24 0.46230982019363764 0.5501519756838906 0.48616874135546334 0.5562310030395137 0.49861687413554634 0.7545592705167173 0.48616874135546334 0.7469604863221885
25 0.4488243430152144 0.6261398176291794 0.4432918395573997 0.5638297872340425 0.4557399723374827 0.5417933130699089 0.46265560165975106 0.5478723404255319 0.46715076071922546 0.6056231003039514 0.47406639004149376 0.6664133738601824 0.47648686030428766 0.7727963525835866 0.45193637621023514 0.7644376899696048
26 0.4287690179806362 0.6930091185410334 0.42012448132780084 0.6109422492401215 0.42773167358229597 0.5562310030395137 0.4408713692946058 0.5531914893617021 0.4488243430152144 0.5851063829787234 0.45193637621023514 0.6170212765957447 0.448478561549101 0.8586626139817629 0.43257261410788383 0.8586626139817629
27 0.40560165975103735 0.7370820668693009 0.4017980636237898 0.6914893617021277 0.39799446749654216 0.6223404255319149 0.39730290456431533 0.5889057750759878 0.406984785615491 0.5683890577507599 0.4239280774550484 0.6025835866261399 0.4287690179806362 0.6223404255319149 0.42773167358229597 0.708966565349544 0.4263485477178423 0.8419452887537994 0.4073305670816044 0.8305471124620061
28 0.36721991701244816 0.7135258358662614 0.3665283540802213 0.6291793313069909 0.3724066390041494 0.5820668693009119 0.38278008298755184 0.5615501519756839 0.3896957123098202 0.5600303951367781 0.39315352697095435 0.5721884498480243 0.39730290456431533 0.5767477203647416 0.406984785615491 0.5767477203647416 0.4142461964038728 0.5942249240121581 0.40110650069156295 0.6679331306990881 0.3796680497925311 0.8305471124620061 0.359612724757953 0.8168693009118541
29 0.30428769017980634 0.7575987841945289 0.3163900414937759 0.6762917933130699 0.3219225449515906 0.6496960486322189 0.3212309820193638 0.5851063829787234 0.32261410788381745 0.5569908814589666 0.3326417704011065 0.5478723404255319 0.3478561549100968 0.5562310030395137 0.3686030428769018 0.5653495440729484 0.38035961272475793 0.5585106382978723 0.3793222683264177 0.6056231003039514 0.37344398340248963 0.6496960486322189 0.36549100968188103 0.7241641337386018 0.3350622406639004 0.8085106382978723
30 0.24446749654218533 0.7104863221884499 0.2596818810511757 0.6261398176291794 0.2690179806362379 0.5919452887537994 0.274896265560166 0.5478723404255319 0.28803596127247577 0.5144376899696048 0.3029045643153527 0.5212765957446809 0.31431535269709543 0.5281155015197568 0.32745504840940526 0.5364741641337386 0.3333333333333333 0.5585106382978723 0.3381742738589212 0.5805471124620061 0.3236514522821577 0.6208206686930091 0.3087828492392808 0.6557750759878419 0.2721300138312586 0.7507598784194529
31 0.21265560165975103 0.6762917933130699 0.23962655601659752 0.6344984802431611 0.2603734439834025 0.6276595744680851 0.2710926694329184 0.5820668693009119 0.26106500691562934 0.5721884498480243 0.25587828492392806 0.5630699088145896 0.25103734439834025 0.5516717325227963 0.24827109266943292 0.5296352583586627 0.23029045643153526 0.5311550151975684 0.21645919778699863 0.5767477203647416 0.1887966804979253 0.6276595744680851