0 0.49595687331536387 0.5721884498480243 0.49595687331536387 0.5349544072948328 0.49326145552560646 0.49164133738601823 0.4912398921832884 0.44832826747720367 0.4912398921832884 0.4088145896656535 0.4912398921832884 0.3768996960486322 0.488544474393531 0.33966565349544076 0.48247978436657685 0.31990881458966564 0.46900269541778977 0.31990881458966564 0.4615902964959569 0.34194528875379937 0.46226415094339623 0.38753799392097266 0.46226415094339623 0.43541033434650456 0.46226415094339623 0.46580547112462006 0.4642857142857143 0.506838905775076 0.46529649595687333 0.5395136778115501 0.46327493261455527 0.5782674772036475 0.47675202156334234 0.5851063829787234
1 0.46529649595687333 0.5243161094224924 0.46327493261455527 0.5592705167173252 0.4538409703504043 0.5805471124620061 0.44305929919137466 0.5805471124620061 0.4383423180592992 0.5547112462006079 0.4383423180592992 0.5045592705167173 0.4353099730458221 0.439209726443769 0.4353099730458221 0.4088145896656535 0.4353099730458221 0.3768996960486322 0.43733153638814015 0.34194528875379937 0.44878706199460916 0.3351063829787234 0.4585579514824798 0.3700607902735562 0.46226415094339623 0.4156534954407295 0.46327493261455527 0.45288753799392095 0.46226415094339623 0.49620060790273557
2 0.4383423180592992 0.506838905775076 0.4420485175202156 0.5440729483282675 0.4420485175202156 0.5699088145896657 0.4278975741239892 0.5805471124620061 0.41037735849056606 0.574468085106383 0.40464959568733155 0.5349544072948328 0.41037735849056606 0.5 0.41037735849056606 0.4506079027355623 0.4123989218328841 0.3958966565349544 0.4123989218328841 0.3525835866261398 0.4191374663072776 0.32674772036474165 0.43733153638814015 0.3351063829787234 0.4353099730458221 0.3829787234042553 0.4353099730458221 0.4331306990881459 0.4363207547169811 0.4787234042553192
3 0.41037735849056606 0.49848024316109424 0.42014824797843664 0.5288753799392097 0.4181266846361186 0.5615501519756839 0.4056603773584906 0.5653495440729484 0.3942048517520216 0.5851063829787234 0.3834231805929919 0.5524316109422492 0.3911725067385445 0.49620060790273557 0.39319407008086255 0.44148936170212766 0.39319407008086255 0.40501519756838905 0.3921832884097035 0.3677811550151976 0.39588948787061995 0.33966565349544076 0.4123989218328841 0.33282674772036475 0.41509433962264153 0.37462006079027355 0.4123989218328841 0.42857142857142855 0.41037735849056606 0.4696048632218845
4 0.3884770889487871 0.49164133738601823 0.396900269541779 0.5288753799392097 0.3921832884097035 0.5592705167173252 0.3807277628032345 0.5615501519756839 0.3632075471698113 0.5592705167173252 0.36522911051212936 0.506838905775076 0.36826145552560646 0.4635258358662614 0.3662398921832884 0.41793313069908816 0.36522911051212936 0.38069908814589665 0.36522911051212936 0.3373860182370821 0.37398921832884097 0.32674772036474165 0.386455525606469 0.3594224924012158 0.38746630727762804 0.38753799392097266 0.3891509433962264 0.4331306990881459
5 0.36994609164420483 0.5022796352583586 0.36826145552560646 0.5592705167173252 0.3621967654986523 0.5653495440729484 0.34400269541778977 0.5630699088145896 0.32951482479784366 0.5653495440729484 0.32378706199460916 0.5303951367781155 0.33524258760107817 0.48936170212765956 0.33423180592991913 0.4566869300911854 0.33827493261455527 0.4133738601823708 0.34097035040431267 0.3723404255319149 0.3419811320754717 0.3465045592705167 0.3554582210242588 0.33282674772036475 0.36725067385444743 0.34194528875379937 0.36522911051212936 0.4004559270516717 0.3632075471698113 0.44148936170212766 0.36522911051212936 0.4696048632218845
6 0.33423180592991913 0.4810030395136778 0.3335579514824798 0.5174772036474165 0.33153638814016173 0.5417933130699089 0.31502695417789756 0.5569908814589666 0.30727762803234504 0.5455927051671733 0.29110512129380056 0.5455927051671733 0.28537735849056606 0.5113981762917933 0.294811320754717 0.4635258358662614 0.30154986522911054 0.4308510638297872 0.3055929919137466 0.3958966565349544 0.308288409703504 0.35714285714285715 0.31233153638814015 0.33282674772036475 0.3200808625336927 0.31762917933130697 0.34029649595687333 0.3373860182370821 0.34029649595687333 0.3723404255319149 0.3362533692722372 0.41793313069908816 0.33524258760107817 0.45288753799392095
7 0.29683288409703507 0.4612462006079027 0.2988544474393531 0.49848024316109424 0.29110512129380056 0.526595744680851 0.27358490566037735 0.526595744680851 0.2526954177897574 0.5113981762917933 0.24764150943396226 0.4787234042553192 0.2611185983827493 0.44148936170212766 0.2661725067385445 0.4004559270516717 0.27088948787061995 0.3700607902735562 0.2776280323450135 0.33966565349544076 0.28706199460916443 0.31382978723404253 0.3025606469002695 0.3161094224924012 0.30929919137466305 0.3525835866261398 0.3045822102425876 0.38753799392097266 0.3045822102425876 0.41109422492401215
8 0.49595687331536387 0.5113981762917933 0.49797843665768193 0.5630699088145896 0.5057277628032345 0.587386018237082 0.522911051212938 0.587386018237082 0.5316711590296496 0.5699088145896657 0.5296495956873315 0.5243161094224924 0.5296495956873315 0.4810030395136778 0.5296495956873315 0.439209726443769 0.5336927223719676 0.4004559270516717 0.5347035040431267 0.3617021276595745 0.5306603773584906 0.3290273556231003 0.5181940700808625 0.31155015197568386 0.5094339622641509 0.34194528875379937 0.5026954177897575 0.39361702127659576 0.5020215633423181 0.44832826747720367
9 0.5336927223719676 0.41109422492401215 0.5289757412398922 0.4612462006079027 0.5269541778975741 0.5220364741641338 0.5289757412398922 0.5721884498480243 0.5424528301886793 0.5805471124620061 0.5508760107816711 0.5782674772036475 0.5549191374663073 0.5501519756838906 0.5539083557951483 0.513677811550152 0.5528975741239892 0.45896656534954405 0.5549191374663073 0.43541033434650456 0.5576145552560647 0.4156534954407295 0.5576145552560647 0.38069908814589665 0.5566037735849056 0.3525835866261398 0.5441374663072777 0.34802431610942247 0.5336927223719676 0.3594224924012158
10 0.5633423180592992 0.46580547112462006 0.5576145552560647 0.5 0.5528975741239892 0.5326747720364742 0.5528975741239892 0.567629179331307 0.5653638814016172 0.5851063829787234 0.5835579514824798 0.5782674772036475 0.5876010781671159 0.5478723404255319 0.5876010781671159 0.4870820668693009 0.5876010781671159 0.44148936170212766 0.589622641509434 0.40501519756838905 0.5923180592991913 0.3768996960486322 0.5933288409703504 0.3373860182370821 0.5943396226415094 0.3069908814589666 0.5835579514824798 0.3009118541033435 0.5741239892183289 0.33282674772036475 0.5721024258760108 0.38069908814589665 0.5673854447439353 0.42249240121580545
11 0.5865902964959568 0.4848024316109423 0.5778301886792453 0.5174772036474165 0.5778301886792453 0.5524316109422492 0.5902964959568733 0.574468085106383 0.601078167115903 0.5805471124620061 0.6078167115902965 0.567629179331307 0.6057951482479784 0.5326747720364742 0.6057951482479784 0.4848024316109423 0.6068059299191375 0.45288753799392095 0.6098382749326146 0.42857142857142855 0.610512129380054 0.39209726443769 0.6115229110512129 0.3617021276595745 0.6098382749326146 0.32674772036474165 0.5990566037735849 0.3221884498480243 0.5933288409703504 0.378419452887538 0.5886118598382749 0.4072948328267477 0.5845687331536388 0.4506079027355623
12 0.6088274932614556 0.4764437689969605 0.6030997304582211 0.5288753799392097 0.6088274932614556 0.567629179331307 0.6182614555256065 0.5782674772036475 0.6337601078167115 0.5569908814589666 0.6337601078167115 0.5303951367781155 0.628032345013477 0.4870820668693009 0.628032345013477 0.44148936170212766 0.6327493261455526 0.4133738601823708 0.6327493261455526 0.385258358662614 0.6327493261455526 0.34802431610942247 0.626010781671159 0.324468085106383 0.6172506738544474 0.3221884498480243 0.610512129380054 0.35714285714285715 0.6098382749326146 0.40501519756838905
13 0.6337601078167115 0.46580547112462006 0.6300539083557951 0.5151975683890577 0.626010781671159 0.5455927051671733 0.6425202156334232 0.567629179331307 0.6586927223719676 0.567629179331307 0.6731805929919138 0.5615501519756839 0.6704851752021563 0.5197568389057751 0.6644204851752021 0.4848024316109423 0.6704851752021563 0.45288753799392095 0.6721698113207547 0.42249240121580545 0.6752021563342318 0.38753799392097266 0.6752021563342318 0.3548632218844985 0.6654312668463612 0.3465045592705167 0.6452156334231806 0.33966565349544076 0.6367924528301887 0.3617021276595745 0.6327493261455526 0.4088145896656535
14 0.6684636118598383 0.4787234042553192 0.6684636118598383 0.526595744680851 0.6809299191374663 0.5653495440729484 0.6974393530997305 0.5630699088145896 0.7166442048517521 0.5395136778115501 0.715633423180593 0.5243161094224924 0.7119272237196765 0.48936170212765956 0.703167115902965 0.46580547112462006 0.703167115902965 0.42401215805471126 0.7001347708894878 0.3898176291793313 0.6933962264150944 0.3594224924012158 0.6752021563342318 0.3548632218844985 0.6711590296495957 0.4088145896656535 0.6684636118598383 0.45440729483282677
15 0.714622641509434 0.526595744680851 0.7213611859838275 0.5501519756838906 0.7338274932614556 0.5326747720364742 0.7462938005390836 0.526595744680851 0.7493261455525606 0.4939209726443769 0.7388814016172507 0.45288753799392095 0.7348382749326146 0.44148936170212766 0.7338274932614556 0.4133738601823708 0.72911051212938 0.38753799392097266 0.7254043126684636 0.3525835866261398 0.7109164420485176 0.34422492401215804 0.6964285714285714 0.3525835866261398 0.6964285714285714 0.39209726443769 0.7011455525606469 0.439209726443769 0.7011455525606469 0.47188449848024316
16 0.4942722371967655 0.6177811550151976 0.49326145552560646 0.6565349544072948 0.4942722371967655 0.682370820668693 0.5 0.7218844984802432 0.5020215633423181 0.7606382978723404 0.5026954177897575 0.791033434650456 0.5047169811320755 0.817629179331307 0.5154986522911051 0.8237082066869301 0.5222371967654986 0.8039513677811551 0.5222371967654986 0.7674772036474165 0.5181940700808625 0.7279635258358662 0.5161725067385444 0.6846504559270516 0.5161725067385444 0.6436170212765957 0.5161725067385444 0.6132218844984803
17 0.5154986522911051 0.6155015197568389 0.5154986522911051 0.6588145896656535 0.5192048517520216 0.7066869300911854 0.5181940700808625 0.7477203647416414 0.5181940700808625 0.7826747720364742 0.522911051212938 0.8191489361702128 0.5296495956873315 0.8343465045592705 0.5384097035040432 0.8153495440729484 0.5404312668463612 0.7803951367781155 0.5414420485175202 0.7264437689969605 0.5414420485175202 0.6740121580547113 0.5394204851752021 0.648176291793313 0.5394204851752021 0.6155015197568389 0.5279649595687331 0.6071428571428571
18 0.5394204851752021 0.6177811550151976 0.5394204851752021 0.6808510638297872 0.5431266846361186 0.7264437689969605 0.5481805929919138 0.7720364741641338 0.5518867924528302 0.8039513677811551 0.5559299191374663 0.8305471124620061 0.5633423180592992 0.8457446808510638 0.5741239892183289 0.8457446808510638 0.5768194070080862 0.8130699088145896 0.5731132075471698 0.7325227963525835 0.5694070080862533 0.708966565349544 0.5663746630727763 0.6436170212765957 0.5633423180592992 0.6177811550151976 0.5518867924528302 0.5980243161094225
19 0.5633423180592992 0.6155015197568389 0.5633423180592992 0.6679331306990881 0.5673854447439353 0.7173252279635258 0.5700808625336927 0.7370820668693009 0.5721024258760108 0.7803951367781155 0.5778301886792453 0.8237082066869301 0.5845687331536388 0.8434650455927052 0.5943396226415094 0.8389057750759878 0.5902964959568733 0.7522796352583586 0.5886118598382749 0.7112462006079028 0.5886118598382749 0.6565349544072948 0.5923180592991913 0.6223404255319149 0.5876010781671159 0.5957446808510638 0.5721024258760108 0.6025835866261399
20 0.5855795148247979 0.6132218844984803 0.5865902964959568 0.6633738601823708 0.5902964959568733 0.7218844984802432 0.5953504043126685 0.7697568389057751 0.6057951482479784 0.8153495440729484 0.6172506738544474 0.8389057750759878 0.6270215633423181 0.8541033434650456 0.637466307277628 0.8366261398176292 0.6404986522911051 0.8130699088145896 0.6300539083557951 0.7735562310030395 0.6223045822102425 0.7545592705167173 0.6155660377358491 0.7218844984802432 0.6145552560646901 0.689209726443769 0.6145552560646901 0.6504559270516718 0.6145552560646901 0.6261398176291794 0.610512129380054 0.5980243161094225 0.6030997304582211 0.5934650455927052
21 0.6098382749326146 0.6003039513677811 0.6078167115902965 0.6238601823708206 0.6182614555256065 0.6679331306990881 0.625 0.6960486322188449 0.626010781671159 0.7279635258358662 0.6307277628032345 0.7629179331306991 0.6367924528301887 0.7955927051671733 0.6452156334231806 0.8153495440729484 0.6539757412398922 0.8328267477203647 0.6637466307277629 0.8343465045592705 0.6762129380053908 0.8259878419452887 0.6856469002695418 0.8062310030395137 0.6896900269541779 0.7887537993920972 0.6896900269541779 0.7583586626139818 0.6809299191374663 0.7218844984802432 0.6704851752021563 0.6960486322188449 0.6627358490566038 0.6679331306990881 0.6586927223719676 0.6390577507598785 0.6586927223719676 0.6155015197568389 0.6539757412398922 0.587386018237082 0.6482479784366577 0.5828267477203647 0.6415094339622641 0.5828267477203647 0.6270215633423181 0.5828267477203647 0.6212938005390836 0.5934650455927052
22 0.6597035040431267 0.587386018237082 0.6570080862533693 0.6261398176291794 0.6627358490566038 0.6694528875379939 0.6704851752021563 0.689209726443769 0.6809299191374663 0.7302431610942249 0.6907008086253369 0.7651975683890577 0.703167115902965 0.7978723404255319 0.7166442048517521 0.7978723404255319 0.726078167115903 0.7803951367781155 0.7311320754716981 0.7629179331306991 0.7233827493261455 0.7196048632218845 0.7166442048517521 0.6740121580547113 0.7109164420485176 0.6390577507598785 0.7088948787061995 0.6071428571428571 0.703167115902965 0.5782674772036475 0.6933962264150944 0.5630699088145896 0.6799191374663073 0.5699088145896657
23 0.704177897574124 0.5721884498480243 0.7021563342318059 0.6109422492401215 0.7119272237196765 0.6588145896656535 0.7233827493261455 0.6762917933130699 0.7368598382749326 0.7021276595744681 0.7473045822102425 0.7302431610942249 0.7550539083557951 0.7393617021276596 0.7685309973045822 0.7416413373860182 0.7742587601078167 0.7196048632218845 0.7665094339622641 0.682370820668693 0.7607816711590296 0.6527355623100304 0.7550539083557951 0.6155015197568389 0.753032345013477 0.587386018237082 0.7503369272237197 0.5569908814589666 0.7435983827493261 0.5440729483282675 0.7358490566037735 0.5372340425531915 0.7254043126684636 0.5478723404255319
24 0.49326145552560646 0.6177811550151976 0.49326145552560646 0.648176291793313 0.49326145552560646 0.6740121580547113 0.49326145552560646 0.7127659574468085 0.49326145552560646 0.75 0.49225067385444743 0.7978723404255319 0.488544474393531 0.817629179331307 0.4807951482479784 0.8259878419452887 0.47304582210242585 0.8062310030395137 0.4700134770889488 0.7522796352583586 0.47102425876010784 0.7044072948328267 0.4740566037735849 0.6588145896656535 0.4740566037735849 0.6177811550151976
25 0.4720350404312669 0.6177811550151976 0.4757412398921833 0.6504559270516718 0.4720350404312669 0.6960486322188449 0.4700134770889488 0.7416413373860182 0.4700134770889488 0.7720364741641338 0.4700134770889488 0.810790273556231 0.46630727762803237 0.8305471124620061 0.4538409703504043 0.8328267477203647 0.4481132075471698 0.7872340425531915 0.4481132075471698 0.7302431610942249 0.4497978436657682 0.6785714285714286 0.4481132075471698 0.6048632218844985 0.4585579514824798 0.6025835866261399
26 0.4481132075471698 0.6109422492401215 0.45181940700808626 0.6436170212765957 0.4508086253369272 0.6869300911854104 0.4497978436657682 0.7218844984802432 0.4471024258760108 0.7674772036474165 0.4471024258760108 0.8024316109422492 0.4413746630727763 0.8237082066869301 0.4268867924528302 0.8305471124620061 0.41610512129380056 0.8130699088145896 0.4211590296495957 0.7583586626139818 0.42587601078167114 0.708966565349544 0.4248652291105121 0.6565349544072948 0.42284366576819404 0.6306990881458967 0.42857142857142855 0.6025835866261399 0.4383423180592992 0.6048632218844985
27 0.42587601078167114 0.6086626139817629 0.43160377358490565 0.6375379939209727 0.4248652291105121 0.6656534954407295 0.4238544474393531 0.7021276595744681 0.42284366576819404 0.7264437689969605 0.42183288409703507 0.7651975683890577 0.41610512129380056 0.8085106382978723 0.4113881401617251 0.8305471124620061 0.39892183288409705 0.8305471124620061 0.39588948787061995 0.8001519756838906 0.397911051212938 0.7606382978723404 0.40161725067385445 0.7127659574468085 0.4026280323450135 0.6717325227963525 0.4026280323450135 0.6436170212765957 0.40161725067385445 0.6155015197568389 0.409366576819407 0.5934650455927052
28 0.3776954177897574 0.6109422492401215 0.37668463611859837 0.6656534954407295 0.37668463611859837 0.6914893617021277 0.375 0.708966565349544 0.36994609164420483 0.7477203647416414 0.3662398921832884 0.7697568389057751 0.3632075471698113 0.8024316109422492 0.37567385444743934 0.8328267477203647 0.39016172506738545 0.8259878419452887 0.3942048517520216 0.7887537993920972 0.39892183288409705 0.7454407294832827 0.4026280323450135 0.7044072948328267 0.4056603773584906 0.6588145896656535 0.408355795148248 0.6390577507598785 0.41442048517520214 0.6200607902735562 0.4056603773584906 0.6003039513677811 0.3999326145552561 0.587386018237082 0.3891509433962264 0.5805471124620061
29 0.3507412398921833 0.5828267477203647 0.3564690026954178 0.5851063829787234 0.3776954177897574 0.587386018237082 0.38173854447439354 0.5934650455927052 0.39016172506738545 0.6071428571428571 0.3884770889487871 0.6375379939209727 0.38173854447439354 0.6565349544072948 0.37398921832884097 0.6808510638297872 0.37297843665768193 0.7066869300911854 0.3689353099730458 0.7416413373860182 0.36522911051212936 0.7720364741641338 0.3615229110512129 0.7887537993920972 0.3527628032345013 0.7978723404255319 0.34602425876010784 0.8024316109422492 0.33524258760107817 0.8130699088145896 0.32951482479784366 0.8191489361702128 0.3200808625336927 0.8191489361702128 0.3103099730458221 0.8062310030395137 0.30660377358490565 0.7887537993920972 0.30660377358490565 0.7583586626139818 0.31805929919137466 0.7302431610942249 0.3247978436657682 0.7044072948328267 0.32850404312668463 0.6762917933130699 0.33423180592991913 0.6504559270516718 0.33827493261455527 0.6329787234042553 0.33827493261455527 0.6025835866261399
30 0.2998652291105121 0.5653495440729484 0.29110512129380056 0.5896656534954408 0.28807277628032346 0.6200607902735562 0.28537735849056606 0.6458966565349544 0.28234501347708896 0.6588145896656535 0.27358490566037735 0.6937689969604863 0.2698787061994609 0.7173252279635258 0.2668463611859838 0.7348024316109423 0.26516172506738545 0.7674772036474165 0.2668463611859838 0.7826747720364742 0.2803234501347709 0.7933130699088146 0.29683288409703507 0.7803951367781155 0.3045822102425876 0.756838905775076 0.31233153638814015 0.7279635258358662 0.32951482479784366 0.6960486322188449 0.3362533692722372 0.6717325227963525 0.3419811320754717 0.6375379939209727 0.34804582210242585 0.6132218844984803 0.34299191374663074 0.5767477203647416 0.3258086253369272 0.574468085106383 0.3103099730458221 0.5592705167173252
31 0.2601078167115903 0.5372340425531915 0.24966307277628033 0.5417933130699089 0.2459568733153639 0.5721884498480243 0.24393530997304583 0.6086626139817629 0.23517520215633422 0.648176291793313 0.23045822102425875 0.6785714285714286 0.23045822102425875 0.7196048632218845 0.23820754716981132 0.7477203647416414 0.25336927223719674 0.756838905775076 0.26516172506738545 0.7325227963525835 0.2756064690026954 0.6869300911854104 0.283355795148248 0.6565349544072948 0.29110512129380056 0.6306990881458967 0.29683288409703507 0.6109422492401215 0.3045822102425876 0.587386018237082 0.3055929919137466 0.5653495440729484 0.294811320754717 0.5524316109422492 0.27964959568733155 0.5349544072948328 0.271900269541779 0.5372340425531915