0 0.5064011379800853 0.31155015197568386 0.5056899004267426 0.5554711246200608 0.48613086770981506 0.5509118541033434 0.48328591749644384 0.5334346504559271 0.48328591749644384 0.3898176291793313 0.4871977240398293 0.31155015197568386
1 0.48862019914651494 0.3047112462006079 0.48328591749644384 0.547112462006079 0.4576813655761024 0.5281155015197568 0.4562588904694168 0.5015197568389058 0.4576813655761024 0.479483282674772 0.45910384068278803 0.40577507598784196 0.4644381223328592 0.30547112462006076
2 0.4466571834992888 0.2378419452887538 0.46266002844950216 0.32066869300911854 0.4594594594594595 0.439209726443769 0.4594594594594595 0.46048632218844987 0.4612375533428165 0.47720364741641336 0.457325746799431 0.49544072948328266 0.4541251778093883 0.5129179331306991 0.4519914651493599 0.520516717325228 0.4420341394025605 0.5296352583586627 0.4345661450924609 0.5235562310030395 0.4295874822190612 0.5113981762917933 0.42780938833570414 0.49772036474164133 0.4274537695590327 0.48024316109422494 0.4274537695590327 0.46656534954407297 0.43385490753911804 0.4194528875379939 0.4359886201991465 0.34422492401215804 0.4292318634423898 0.25227963525835867
7 0.29978662873399714 0.20516717325227962 0.25640113798008535 0.35714285714285715 0.27916073968705546 0.41641337386018235 0.2958748221906117 0.4095744680851064 0.3104551920341394 0.3617021276595745 0.32503556187766713 0.2317629179331307
6 0.32574679943101 0.24620060790273557 0.308321479374111 0.3670212765957447 0.2898293029871977 0.42249240121580545 0.29658605974395447 0.45592705167173253 0.31223328591749644 0.47416413373860183 0.33001422475106684 0.4734042553191489 0.335348506401138 0.45592705167173253 0.34672830725462306 0.3776595744680851 0.34743954480796585 0.3427051671732523 0.3566856330014225 0.30167173252279633 0.3634423897581792 0.256838905775076
5 0.34992887624466573 0.32370820668693007 0.3453058321479374 0.3913373860182371 0.3307254623044097 0.4726443768996961 0.3403271692745377 0.5098784194528876 0.3581081081081081 0.5075987841945289 0.37339971550497864 0.5182370820668692 0.3808677098150782 0.5 0.3865576102418208 0.4734042553191489 0.3872688477951636 0.45440729483282677 0.3865576102418208 0.4369300911854103 0.38477951635846375 0.42249240121580545 0.38513513513513514 0.3974164133738602 0.3879800853485064 0.3799392097264438 0.3883357041251778 0.3548632218844985 0.3869132290184922 0.31458966565349544 0.3581081081081081 0.30015197568389057
4 0.3886913229018492 0.29407294832826747 0.3862019914651494 0.42325227963525835 0.37731152204836416 0.48024316109422494 0.38264580369843526 0.506838905775076 0.39793741109530584 0.513677811550152 0.4096728307254623 0.49164133738601823 0.41251778093883357 0.45592705167173253 0.4093172119487909 0.29103343465045595
8 0.5092460881934566 0.30927051671732525 0.5071123755334281 0.5577507598784195 0.5259601706970128 0.5585106382978723 0.5291607396870555 0.5417933130699089 0.5302275960170697 0.513677811550152 0.5341394025604552 0.30927051671732525
9 0.5320056899004267 0.32066869300911854 0.5277382645803699 0.5015197568389058 0.5280938833570412 0.5144376899696048 0.5327169274537695 0.541033434650456 0.5337837837837838 0.5516717325227963 0.5448079658605974 0.5463525835866262 0.5497866287339972 0.5273556231003039 0.5501422475106685 0.5083586626139818 0.552275960170697 0.47720364741641336 0.552275960170697 0.45440729483282677 0.5508534850640113 0.42629179331306993 0.5483641536273115 0.3974164133738602 0.5469416785206259 0.3829787234042553 0.544452347083926 0.34422492401215804 0.544452347083926 0.31458966565349544
10 0.5565433854907539 0.31382978723404253 0.5480085348506402 0.42249240121580545 0.544452347083926 0.4673252279635258 0.5458748221906117 0.49544072948328266 0.5508534850640113 0.5281155015197568 0.5583214793741109 0.5486322188449848 0.5704125177809388 0.5433130699088146 0.5743243243243243 0.506079027355623 0.5746799431009957 0.42021276595744683 0.5739687055476529 0.30623100303951367 0.5568990042674253 0.30243161094224924
16 0.5103129445234709 0.5851063829787234 0.5081792318634424 0.7758358662613982 0.5145803698435277 0.7781155015197568 0.5248933143669986 0.6618541033434651 0.5245376955903271 0.5767477203647416
17 0.5252489331436699 0.5767477203647416 0.5248933143669986 0.6800911854103343 0.5124466571834992 0.7819148936170213 0.5295163584637269 0.7887537993920972 0.542674253200569 0.6861702127659575 0.5440967283072546 0.6398176291793313 0.5469416785206259 0.6193009118541033 0.5469416785206259 0.5987841945288754 0.5465860597439545 0.5889057750759878 0.5451635846372689 0.581306990881459
18 0.552275960170697 0.5835866261398176 0.544452347083926 0.5911854103343465 0.5423186344238976 0.6086626139817629 0.5423186344238976 0.6185410334346505 0.544452347083926 0.6390577507598785 0.5448079658605974 0.6603343465045592 0.5423186344238976 0.6914893617021277 0.5373399715504978 0.8062310030395137 0.5629445234708392 0.8123100303951368 0.5707681365576103 0.6618541033434651 0.5704125177809388 0.6306990881458967 0.5700568990042674 0.6025835866261399 0.5657894736842105 0.5881458966565349 0.5565433854907539 0.5790273556231003
19 0.577524893314367 0.5782674772036475 0.5657894736842105 0.6048632218844985 0.5693456614509246 0.6443768996960486 0.5704125177809388 0.810790273556231 0.5956614509246089 0.8039513677811551 0.5956614509246089 0.6428571428571429 0.5963726884779517 0.6086626139817629 0.5953058321479374 0.601063829787234 0.5885490753911806 0.5851063829787234
20 0.6070412517780939 0.5737082066869301 0.5988620199146515 0.5691489361702128 0.5874822190611664 0.5889057750759878 0.5864153627311522 0.6155015197568389 0.5921052631578947 0.6367781155015197 0.6216216216216216 0.8275075987841946 0.6486486486486487 0.790273556231003 0.6191322901849218 0.6276595744680851 0.6212660028449503 0.5927051671732523 0.6198435277382646 0.5835866261398176
21 0.6479374110953058 0.547112462006079 0.6120199146514936 0.560790273556231 0.612375533428165 0.5835866261398176 0.6187766714082503 0.6139817629179332 0.6223328591749644 0.6276595744680851 0.6447368421052632 0.7629179331306991 0.6895448079658606 0.7203647416413373 0.6703413940256046 0.5942249240121581 0.6703413940256046 0.5645896656534954 0.6678520625889047 0.5539513677811551 0.6539829302987198 0.540273556231003
22 0.6955903271692745 0.5129179331306991 0.6653627311522048 0.5501519756838906 0.6678520625889047 0.5790273556231003 0.6728307254623044 0.5972644376899696 0.7165718349928877 0.7621580547112462 0.7535561877667141 0.7082066869300911 0.7201280227596017 0.5516717325227963 0.7069701280227596 0.5022796352583586
23 0.7507112375533428 0.48404255319148937 0.7179943100995733 0.5045592705167173 0.716927453769559 0.541033434650456 0.7254623044096729 0.5759878419452887 0.7560455192034139 0.6952887537993921 0.7923186344238976 0.6519756838905775 0.7677809388335705 0.5053191489361702
24 0.5110241820768137 0.5835866261398176 0.5092460881934566 0.797112462006079 0.49786628733997157 0.7955927051671733 0.49608819345661453 0.6405775075987842 0.49644381223328593 0.601823708206687 0.5028449502133713 0.5843465045592705
25 0.490398293029872 0.5752279635258358 0.47546230440967285 0.581306990881459 0.47617354196301565 0.6299392097264438 0.47652916073968704 0.7978723404255319 0.49857752489331436 0.7963525835866262 0.49644381223328593 0.6375379939209727 0.4996443812233286 0.5790273556231003
26 0.4615931721194879 0.5759878419452887 0.45376955903271693 0.5759878419452887 0.45128022759601705 0.5911854103343465 0.447724039829303 0.6268996960486323 0.4448790896159317 0.6595744680851063 0.4544807965860597 0.8259878419452887 0.4786628733997155 0.8199088145896657 0.47688477951635844 0.6276595744680851 0.47688477951635844 0.5752279635258358
27 0.4388335704125178 0.5737082066869301 0.4516358463726885 0.601823708206687 0.4516358463726885 0.6314589665653495 0.44985775248933146 0.8115501519756839 0.41287339971550496 0.8123100303951368 0.42069701280227595 0.6344984802431611 0.42105263157894735 0.6033434650455927 0.4260312944523471 0.5820668693009119 0.43029871977240397 0.5721884498480243
28 0.3940256045519203 0.5775075987841946 0.4100284495021337 0.5585106382978723 0.4260312944523471 0.5714285714285714 0.42887624466571833 0.5995440729483282 0.422475106685633 0.6322188449848024 0.4061166429587482 0.8290273556231003 0.37233285917496445 0.8062310030395137
30 0.35988620199146515 0.5296352583586627 0.33783783783783783 0.5197568389057751 0.32539118065433853 0.5478723404255319 0.31223328591749644 0.587386018237082 0.26920341394025604 0.6770516717325228 0.3029871977240398 0.7408814589665653 0.37980085348506404 0.6094224924012158 0.3872688477951636 0.560790273556231
31 0.28733997155049784 0.4642857142857143 0.22688477951635846 0.5668693009118541 0.2581792318634424 0.6527355623100304 0.3225462304409673 0.5630699088145896 0.3335704125177809 0.5227963525835866 0.31223328591749644 0.4878419452887538 0.29623044096728307 0.4673252279635258
15 0.7201280227596017 0.196048632218845 0.6859886201991465 0.33966565349544076 0.6973684210526315 0.37537993920972645 0.7165718349928877 0.38753799392097266 0.7290184921763869 0.37462006079027355 0.7339971550497866 0.3601823708206687 0.7439544807965861 0.1884498480243161 0.7219061166429588 0.17477203647416414
14 0.6461593172119487 0.31382978723404253 0.6756756756756757 0.48632218844984804 0.6792318634423897 0.49544072948328266 0.6874110953058321 0.49620060790273557 0.7037695590327169 0.4870820668693009 0.7165718349928877 0.4749240121580547 0.7243954480796586 0.45440729483282677 0.7247510668563301 0.4270516717325228 0.7123044096728307 0.3981762917933131 0.6931009957325747 0.3617021276595745 0.6770981507823614 0.2925531914893617