8 0.5119170984455959 0.2872340425531915 0.5264248704663212 0.28495440729483285 0.5281519861830742 0.39285714285714285 0.5309153713298791 0.48328267477203646 0.507426597582038 0.4870820668693009 0.5029360967184802 0.47112462006079026
9 0.5302245250431779 0.2811550151975684 0.5436960276338515 0.2811550151975684 0.553713298791019 0.4072948328267477 0.553713298791019 0.4734042553191489 0.533678756476684 0.4734042553191489 0.5281519861830742 0.4133738601823708
10 0.5564766839378238 0.2613981762917933 0.5772020725388601 0.2591185410334346 0.5782383419689119 0.4088145896656535 0.5782383419689119 0.4749240121580547 0.5609671848013817 0.47720364741641336 0.551986183074266 0.439209726443769
11 0.5782383419689119 0.2651975683890577 0.5927461139896373 0.2629179331306991 0.6 0.4430091185410334 0.5972366148531951 0.47112462006079026 0.579965457685665 0.4635258358662614 0.5772020725388601 0.40501519756838905
12 0.6010362694300518 0.2613981762917933 0.6138169257340241 0.2613981762917933 0.6255613126079448 0.4072948328267477 0.6238341968911917 0.4688449848024316 0.6027633851468048 0.4734042553191489 0.6027633851468048 0.42325227963525835
13 0.6227979274611399 0.2674772036474164 0.6455958549222798 0.2750759878419453 0.6528497409326425 0.43541033434650456 0.6518134715025907 0.4749240121580547 0.6245250431778929 0.4734042553191489 0.6217616580310881 0.4133738601823708
14 0.6573402417962003 0.2735562310030395 0.6773747841105354 0.2750759878419453 0.6918825561312608 0.4513677811550152 0.687392055267703 0.4612462006079027 0.6801381692573403 0.4612462006079027 0.661139896373057 0.479483282674772 0.6500863557858376 0.44148936170212766
0 0.48290155440414506 0.28495440729483285 0.5029360967184802 0.28495440729483285 0.505699481865285 0.4810030395136778 0.4835924006908463 0.4870820668693009 0.48117443868739207 0.4635258358662614
1 0.46286701208981 0.28495440729483285 0.48290155440414506 0.2872340425531915 0.48117443868739207 0.4734042553191489 0.46839378238341967 0.493161094224924 0.45734024179620036 0.4810030395136778 0.45837651122625217 0.40501519756838905
2 0.4328151986183074 0.28495440729483285 0.45906735751295336 0.28495440729483285 0.46286701208981 0.4452887537993921 0.4511226252158895 0.4992401215805471 0.43557858376511227 0.493161094224924 0.4310880829015544 0.47112462006079026
3 0.41208981001727113 0.29103343465045595 0.43454231433506046 0.2933130699088146 0.44283246977547497 0.4635258358662614 0.4193436960276338 0.4908814589665654 0.40932642487046633 0.4673252279635258
4 0.3882556131260794 0.29103343465045595 0.4037996545768566 0.29103343465045595 0.4210708117443869 0.4612462006079027 0.4138169257340242 0.48936170212765956 0.3920552677029361 0.48936170212765956 0.3872193436960276 0.4270516717325228
5 0.3626943005181347 0.28495440729483285 0.3872193436960276 0.28495440729483285 0.4 0.4673252279635258 0.3872193436960276 0.4908814589665654 0.3602763385146805 0.48936170212765956 0.353713298791019 0.45288753799392095
6 0.3208981001727116 0.2773556231003039 0.35025906735751294 0.27887537993920974 0.3609671848013817 0.47112462006079026 0.34922279792746114 0.48936170212765956 0.31018998272884285 0.4734042553191489 0.31088082901554404 0.44680851063829785
7 0.29637305699481864 0.256838905775076 0.3208981001727116 0.2712765957446808 0.32573402417962005 0.44148936170212766 0.31088082901554404 0.4734042553191489 0.27288428324697755 0.43541033434650456 0.27288428324697755 0.40501519756838905
16 0.5063903281519861 0.5189969604863222 0.5191709844559586 0.5113981762917933 0.5246977547495683 0.5691489361702128 0.5419689119170984 0.7492401215805471 0.5229706390328152 0.743161094224924 0.509153713298791 0.5934650455927052
17 0.5202072538860104 0.5091185410334347 0.5436960276338515 0.4969604863221885 0.5547495682210708 0.7613981762917933 0.5409326424870466 0.7507598784194529
18 0.5436960276338515 0.4969604863221885 0.5682210708117443 0.506838905775076 0.5727115716753023 0.5729483282674772 0.5810017271157167 0.7788753799392097 0.5609671848013817 0.7773556231003039 0.5454231433506045 0.6155015197568389
19 0.5699481865284974 0.5091185410334347 0.5910189982728843 0.5091185410334347 0.6044905008635578 0.7811550151975684 0.5872193436960277 0.7834346504559271 0.5675302245250432 0.5395136778115501
20 0.5899827288428324 0.5174772036474165 0.6044905008635578 0.506838905775076 0.6172711571675302 0.5250759878419453 0.6217616580310881 0.7530395136778115 0.6082901554404145 0.7689969604863222 0.6010362694300518 0.729483282674772
21 0.6117443868739205 0.5129179331306991 0.646286701208981 0.5129179331306991 0.6528497409326425 0.5433130699088146 0.6690846286701209 0.7629179331306991 0.6265975820379965 0.7629179331306991 0.616580310880829 0.6170212765957447
22 0.644559585492228 0.5174772036474165 0.6808290155440414 0.4908814589665654 0.6901554404145078 0.5311550151975684 0.7153713298791019 0.6952887537993921 0.7063903281519862 0.729483282674772 0.6818652849740933 0.7393617021276596 0.6635578583765113 0.7051671732522796 0.6656303972366149 0.6747720364741642
23 0.6863557858376511 0.47720364741641336 0.7219343696027634 0.46504559270516715 0.7302245250431779 0.5212765957446809 0.7436960276338515 0.6610942249240122 0.7191709844559585 0.6694528875379939 0.6963730569948187 0.5911854103343465 0.6818652849740933 0.4992401215805471
24 0.49015544041450776 0.5174772036474165 0.507426597582038 0.5174772036474165 0.5253886010362694 0.7492401215805471 0.5119170984455959 0.7492401215805471 0.5001727115716753 0.6534954407294833
25 0.46839378238341967 0.5189969604863222 0.48911917098445595 0.5113981762917933 0.5101899827288429 0.7651975683890577 0.4936096718480138 0.723404255319149 0.48117443868739207 0.6291793313069909
26 0.44283246977547497 0.5189969604863222 0.45837651122625217 0.5053191489361702 0.4701208981001727 0.5227963525835866 0.4918825561312608 0.7492401215805471 0.4701208981001727 0.7530395136778115 0.45630397236614856 0.6610942249240122 0.4473229706390328 0.5851063829787234
28 0.39378238341968913 0.5273556231003039 0.43730569948186526 0.5334346504559271 0.4383419689119171 0.6071428571428571 0.4082901554404145 0.7613981762917933 0.3675302245250432 0.729483282674772 0.3675302245250432 0.6633738601823708 0.3854922279792746 0.5433130699088146
29 0.3364421416234888 0.5273556231003039 0.3526770293609672 0.5174772036474165 0.3920552677029361 0.5334346504559271 0.39481865284974094 0.560790273556231 0.3582037996545769 0.7310030395136778 0.32746113989637304 0.7310030395136778 0.31295336787564765 0.6968085106382979 0.32020725388601035 0.6193009118541033
30 0.28911917098445594 0.4870820668693009 0.31744386873920555 0.4908814589665654 0.34093264248704663 0.5212765957446809 0.3063903281519862 0.7150455927051672 0.261139896373057 0.6709726443768997