0 0.46710299689975887 0.49012158054711247 0.46710299689975887 0.5486322188449848 0.47950396141922147 0.5714285714285714 0.49741646572511194 0.5638297872340425 0.49913882190837067 0.5182370820668692 0.49397175335859456 0.38753799392097266 0.49397175335859456 0.33890577507598785 0.4891491560454702 0.2712765957446808 0.4839820874956941 0.2439209726443769 0.47571477781605237 0.24316109422492402 0.46503616947984844 0.331306990881459 0.46779193937306235 0.42249240121580545
1 0.4423010678608336 0.4878419452887538 0.4426455390974854 0.5501519756838906 0.4509128487771271 0.5668693009118541 0.4674474681364106 0.5577507598784195 0.4684808818463658 0.49848024316109424 0.4698587667929728 0.378419452887538 0.4633138132965897 0.26443768996960487 0.45366861867034103 0.2689969604863222 0.4498794350671719 0.32674772036474165
2 0.41233207027213226 0.4787234042553192 0.41749913882190837 0.5387537993920972 0.4274888046848088 0.5683890577507599 0.4371339993110575 0.5661094224924013 0.4429900103341371 0.5227963525835866 0.4485015501205649 0.4810030395136778 0.4333448157078884 0.36246200607902734 0.4367895280744058 0.2978723404255319 0.43024457457802273 0.25227963525835867 0.4188770237685153 0.2530395136778115 0.4099207716155701 0.3472644376899696 0.4099207716155701 0.45364741641337386
3 0.38890802617981396 0.513677811550152 0.39200826730967964 0.5623100303951368 0.4023424044092318 0.5721884498480243 0.41508784016534617 0.5630699088145896 0.4257664485015501 0.5501519756838906 0.4288666896314158 0.5091185410334347 0.4161212538753014 0.42325227963525835 0.4071650017223562 0.3252279635258359 0.4064760592490527 0.2750759878419453 0.3933861522562866 0.2811550151975684 0.3837409576300379 0.3252279635258359 0.38236307268343095 0.41033434650455924
4 0.36410609714088876 0.5326747720364742 0.3630726834309335 0.5600303951367781 0.37478470547709264 0.5775075987841946 0.395452979676197 0.5653495440729484 0.3995866345160179 0.5212765957446809 0.39131932483637616 0.425531914893617 0.38580778504994834 0.3829787234042553 0.38167413021012747 0.30851063829787234 0.3706510506372718 0.2978723404255319 0.3613503272476748 0.32674772036474165 0.3603169135377196 0.3837386018237082
5 0.32965897347571477 0.5243161094224924 0.3282810885291078 0.5630699088145896 0.3393041681019635 0.5790273556231003 0.3548053737512918 0.581306990881459 0.3668618670341027 0.5729483282674772 0.37478470547709264 0.5539513677811551 0.37478470547709264 0.5030395136778115 0.35997244230106784 0.4072948328267477 0.3603169135377196 0.3434650455927052 0.35342748880468483 0.3290273556231003 0.3251808473992422 0.3541033434650456 0.32173613503272475 0.42249240121580545
6 0.2907337237340682 0.5167173252279635 0.28418877023768513 0.5440729483282675 0.29211160868067515 0.5653495440729484 0.3186358939028591 0.581306990881459 0.33069238718567 0.5638297872340425 0.3279366172924561 0.506079027355623 0.3286255597657596 0.4194528875379939 0.3282810885291078 0.3495440729483283 0.31829142266620736 0.33814589665653494 0.30933517051326215 0.34194528875379937 0.2924560799173269 0.39893617021276595 0.29796761970375474 0.46048632218844987 0.2969342059937995 0.48024316109422494
7 0.25628660006889425 0.4574468085106383 0.2497416465725112 0.48024316109422494 0.24595246296934206 0.506079027355623 0.2542197726489838 0.5243161094224924 0.264553909748536 0.5569908814589666 0.27213227695487424 0.5592705167173252 0.28315535652772994 0.541033434650456 0.2941784361005856 0.5030395136778115 0.2969342059937995 0.44832826747720367 0.30244574578022737 0.4027355623100304 0.30313468825353085 0.37537993920972645 0.29831209094040645 0.32598784194528874 0.2924560799173269 0.31458966565349544 0.2869445401308991 0.2765957446808511 0.27454357561143644 0.2948328267477204 0.27178780571822253 0.3404255319148936 0.26489838098518775 0.43465045592705165
8 0.4984498794350672 0.49012158054711247 0.49982776438167414 0.5387537993920972 0.503961419221495 0.5554711246200608 0.5284188770237686 0.5554711246200608 0.5315191181536342 0.5197568389057751 0.5246296934205994 0.3890577507598784 0.5235962797106442 0.3305471124620061 0.519807096107475 0.26443768996960487 0.5142955563210472 0.24620060790273557 0.5046503616947985 0.26367781155015196 0.5015501205649329 0.4156534954407295
9 0.5308301756803306 0.49012158054711247 0.5328970031002411 0.5433130699088146 0.5456424388563555 0.5493920972644377 0.5590768170857734 0.5349544072948328 0.5570099896658629 0.4703647416413374 0.5480537375129176 0.3768996960486322 0.5508095074061315 0.33586626139817627 0.5514984498794351 0.26595744680851063 0.5439200826730968 0.2378419452887538 0.5353083017568033 0.2454407294832827 0.5301412332070272 0.3411854103343465 0.5284188770237686 0.40197568389057753
10 0.554254219772649 0.47112462006079026 0.5525318635893903 0.5015197568389058 0.563554943162246 0.5509118541033434 0.5780227351016191 0.5539513677811551 0.5869789872545642 0.520516717325228 0.588701343437823 0.418693009118541 0.5935239407509473 0.3252279635258359 0.5862900447812608 0.2393617021276596 0.5804340337581811 0.23328267477203649 0.5704443678952807 0.25227963525835867 0.5656217705821563 0.3518237082066869 0.5601102307957285 0.41109422492401215
11 0.5732001377884947 0.4878419452887538 0.5745780227351016 0.5372340425531915 0.5897347571477781 0.5448328267477204 0.603169135377196 0.5600303951367781 0.6148811574233551 0.541033434650456 0.6166035136066138 0.44148936170212766 0.6228039958663452 0.36322188449848025 0.6272821219428177 0.29635258358662614 0.6186703410265243 0.2454407294832827 0.5966241818808129 0.33966565349544076
12 0.6069583189803651 0.4939209726443769 0.6000688942473303 0.5250759878419453 0.6117809162934895 0.5577507598784195 0.6279710644161213 0.5661094224924013 0.6386496727523252 0.5501519756838906 0.6420943851188425 0.5075987841945289 0.6431277988287978 0.4399696048632219 0.6472614536686186 0.36930091185410335 0.6531174646916983 0.33814589665653494 0.6531174646916983 0.29635258358662614 0.6472614536686186 0.2773556231003039 0.6365828453324147 0.29027355623100304 0.6245263520496038 0.3487841945288754
13 0.628315535652773 0.4969604863221885 0.6303823630726835 0.5326747720364742 0.6379607302790217 0.5661094224924013 0.6689631415776782 0.5585106382978723 0.6782638649672752 0.541033434650456 0.672063382707544 0.4673252279635258 0.6682741991043748 0.418693009118541 0.6710299689975887 0.33890577507598785 0.6727523251808474 0.29711246200607905 0.6610403031346882 0.27887537993920974 0.652084050981743 0.3100303951367781 0.6365828453324147 0.45364741641337386
14 0.6741302101274543 0.4939209726443769 0.6768859800206682 0.547112462006079 0.6947984843265588 0.5577507598784195 0.7185669996555287 0.5288753799392097 0.7133999311057526 0.47720364741641336 0.702376851532897 0.4308510638297872 0.7016879090595936 0.3434650455927052 0.6996210816396831 0.30319148936170215 0.6934205993799518 0.28951367781155013 0.6813641060971409 0.3282674772036474 0.670685497760937 0.40805471124620063
15 0.7120220461591457 0.47112462006079026 0.7199448846021357 0.5129179331306991 0.735446090251464 0.5220364741641338 0.7506028246641405 0.49620060790273557 0.7550809507406132 0.4627659574468085 0.7471581122976232 0.425531914893617 0.7337237340682053 0.3905775075987842 0.7216672407853945 0.34498480243161095 0.7144333448157079 0.2925531914893617 0.7096107475025836 0.27203647416413373 0.7013434378229418 0.28419452887537994 0.6978987254564244 0.3427051671732523 0.6947984843265588 0.3822188449848024 0.6937650706166035 0.4072948328267477 0.7085773337926283 0.4582066869300912
22 0.6751636238374096 0.5843465045592705 0.6682741991043748 0.6003039513677811 0.6662073716844643 0.6337386018237082 0.678608336203927 0.6732522796352584 0.6951429555632105 0.7613981762917933 0.7013434378229418 0.7834346504559271 0.7092662762659317 0.8161094224924013 0.736823975198071 0.8221884498480243 0.7475025835342749 0.7986322188449848 0.735446090251464 0.7264437689969605 0.7240785394419565 0.6565349544072948 0.7227006544953496 0.6139817629179332 0.7178780571822253 0.5858662613981763 0.70892180502928 0.5790273556231003 0.6958318980365139 0.5775075987841946 0.6923871856699966 0.5843465045592705 0.683775404753703 0.5828267477203647
21 0.6265931794695143 0.5927051671732523 0.6169479848432656 0.6208206686930091 0.6221150533930416 0.6527355623100304 0.636238374095763 0.7401215805471124 0.6420943851188425 0.7796352583586627 0.6641405442645539 0.8297872340425532 0.6761970375473648 0.8419452887537994 0.6903203582500861 0.8335866261398176 0.6951429555632105 0.7925531914893617 0.6803306923871857 0.7142857142857143 0.6748191526007579 0.6572948328267477 0.6737857388908026 0.6101823708206687 0.670685497760937 0.5919452887537994 0.6648294867378574 0.5889057750759878 0.6472614536686186 0.5889057750759878 0.6345160179125043 0.5896656534954408
20 0.5959352394075095 0.6063829787234043 0.5900792283844299 0.6208206686930091 0.588701343437823 0.6360182370820668 0.6011023079572856 0.7142857142857143 0.6117809162934895 0.7811550151975684 0.6221150533930416 0.8252279635258358 0.6341715466758525 0.8548632218844985 0.6431277988287978 0.8434650455927052 0.6386496727523252 0.7750759878419453 0.6310713055459869 0.71580547112462 0.628315535652773 0.648936170212766 0.6272821219428177 0.6185410334346505 0.6259042369962108 0.5995440729483282 0.6169479848432656 0.5911854103343465 0.6076472614536687 0.5919452887537994 0.5990354805373751 0.5972644376899696
19 0.5831898036513951 0.5858662613981763 0.5763003789183603 0.601063829787234 0.5694109541853255 0.621580547112462 0.5749224939717533 0.6831306990881459 0.5790561488115742 0.7712765957446809 0.5800895625215294 0.8039513677811551 0.5838787461246986 0.8389057750759878 0.592490527040992 0.85790273556231 0.6038580778504995 0.8457446808510638 0.6000688942473303 0.7401215805471124 0.6000688942473303 0.6762917933130699 0.6024801929038925 0.6268996960486323 0.6024801929038925 0.5972644376899696 0.6014467791939373 0.6048632218844985 0.5890458146744747 0.5911854103343465
18 0.5614881157423355 0.5797872340425532 0.5545986910093007 0.5797872340425532 0.5477092662762659 0.601823708206687 0.5439200826730968 0.6428571428571429 0.5408198415432312 0.668693009118541 0.5442645539097485 0.7446808510638298 0.544953496383052 0.7864741641337386 0.5525318635893903 0.8465045592705167 0.5628660006889424 0.8746200607902735 0.5725111953151912 0.8472644376899696 0.5766448501550121 0.723404255319149 0.5752669652084051 0.6641337386018237 0.5711333103685842 0.6231003039513677
17 0.5301412332070272 0.5767477203647416 0.5225628660006889 0.5797872340425532 0.5191181536341716 0.6041033434650456 0.5235962797106442 0.6360182370820668 0.5191181536341716 0.7378419452887538 0.5163623837409577 0.7986322188449848 0.5136066138477438 0.8282674772036475 0.5194626248708233 0.8533434650455927 0.5301412332070272 0.8594224924012158 0.5387530141233207 0.8168693009118541 0.538408542886669 0.7348024316109423 0.5387530141233207 0.6899696048632219 0.544953496383052 0.6382978723404256 0.5477092662762659 0.6071428571428571 0.5473647950396142 0.5858662613981763 0.537030657940062 0.5790273556231003
16 0.502583534274888 0.5767477203647416 0.502583534274888 0.587386018237082 0.503961419221495 0.6405775075987842 0.5046503616947985 0.7325227963525835 0.4984498794350672 0.8077507598784195 0.4977609369617637 0.851063829787234 0.502583534274888 0.8617021276595744 0.5153289700310024 0.8556231003039514 0.5208405098174302 0.756838905775076 0.5229073372373407 0.6405775075987842 0.5253186358939028 0.5957446808510638 0.5218739235273855 0.5851063829787234 0.5173957974509128 0.581306990881459
24 0.4901825697554254 0.5851063829787234 0.4805373751291767 0.5934650455927052 0.4784705477092663 0.6291793313069909 0.4929383396486393 0.7986322188449848 0.4956941095418533 0.8533434650455927 0.5084395452979676 0.8419452887537994 0.5043058904581468 0.7142857142857143 0.5053393041681019 0.6124620060790273 0.502583534274888 0.5934650455927052 0.4950051670685498 0.587386018237082
25 0.4698587667929728 0.5797872340425532 0.45849121598346537 0.5881458966565349 0.4574578022735102 0.6094224924012158 0.4664140544264554 0.6641337386018237 0.47364795039614194 0.7416413373860182 0.4760592490527041 0.8282674772036475 0.48157078883913196 0.8601823708206687 0.48880468480881845 0.8639817629179332 0.496038580778505 0.824468085106383 0.49466069583189803 0.736322188449848 0.48811574233551497 0.6854103343465046 0.48501550120564935 0.6466565349544073 0.48535997244230106 0.6147416413373861 0.48535997244230106 0.5957446808510638 0.47984843265587324 0.5843465045592705
26 0.4426455390974854 0.5942249240121581 0.4405787116775749 0.6086626139817629 0.43644505683775403 0.6656534954407295 0.437822941784361 0.743920972644377 0.43851188425766446 0.8275075987841946 0.4485015501205649 0.8837386018237082 0.45849121598346537 0.89209726443769 0.47020323802962455 0.8655015197568389 0.4698587667929728 0.6907294832826748 0.4664140544264554 0.6527355623100304 0.46262487082328624 0.6314589665653495 0.45642438856355494 0.6003039513677811 0.4522907337237341 0.5843465045592705
27 0.42404409231829143 0.6048632218844985 0.41991043747847057 0.6056231003039514 0.4157767826386497 0.6132218844984803 0.4116431277988288 0.6299392097264438 0.4102652428522218 0.675531914893617 0.414054426455391 0.7416413373860182 0.414054426455391 0.8039513677811551 0.41233207027213226 0.8419452887537994 0.4168101963486049 0.871580547112462 0.4254219772648984 0.878419452887538 0.4371339993110575 0.8806990881458967 0.43885635549431623 0.85790273556231 0.4367895280744058 0.7667173252279635 0.4367895280744058 0.6808510638297872 0.4429900103341371 0.6512158054711246 0.4447123665173958 0.6314589665653495 0.4423010678608336 0.6193009118541033 0.437822941784361 0.6185410334346505 0.43300034447123664 0.6086626139817629
28 0.40509817430244577 0.6071428571428571 0.39441956596624184 0.6086626139817629 0.3847743713399931 0.6177811550151976 0.38167413021012747 0.6299392097264438 0.3813296589734757 0.6816109422492401 0.3778849466069583 0.756079027355623 0.37133999311057525 0.8092705167173252 0.371684464347227 0.8465045592705167 0.38546331381329657 0.8677811550151976 0.39373062349293836 0.8586626139817629 0.40268687564588357 0.7879939209726444 0.4109541853255253 0.6884498480243161 0.41818808129521184 0.6534954407294833 0.4195659662418188 0.6291793313069909 0.4157767826386497 0.6101823708206687
29 0.3472270065449535 0.6048632218844985 0.3375818119187048 0.6185410334346505 0.339993110575267 0.6557750759878419 0.33895969686531174 0.6998480243161094 0.3279366172924561 0.7477203647416414 0.32586978987254567 0.8047112462006079 0.3248363761625904 0.8297872340425532 0.3313813296589735 0.851823708206687 0.3513606613847744 0.8495440729483282 0.37202893558387873 0.7834346504559271 0.3871856699965553 0.6861702127659575 0.395452979676197 0.6451367781155015 0.39441956596624184 0.6185410334346505 0.38511884257664486 0.6063829787234043 0.37409576300378916 0.6139817629179332 0.36789528074405786 0.6109422492401215 0.35997244230106784 0.6094224924012158 0.35618325869789874 0.6063829787234043
30 0.305545986910093 0.5957446808510638 0.29968997588701346 0.601823708206687 0.2931450223906304 0.6223404255319149 0.28935583878746124 0.6641337386018237 0.2766104030313469 0.7332826747720365 0.2666207371684464 0.7811550151975684 0.2635204960385808 0.8237082066869301 0.27109886324491905 0.8427051671732523 0.2876334826042026 0.8449848024316109 0.31725800895625217 0.7667173252279635 0.3393041681019635 0.675531914893617 0.34688253530830176 0.6443768996960486 0.34412676541508785 0.6170212765957447 0.337237340682053 0.6041033434650456 0.32345849121598347 0.601823708206687 0.3169135377196004 0.6041033434650456
31 0.2662762659317947 0.587386018237082 0.2580089562521529 0.5805471124620061 0.24939717533585945 0.5828267477203647 0.24147433689286946 0.6177811550151976 0.2418188081295212 0.6443768996960486 0.24560799173269032 0.675531914893617 0.2418188081295212 0.7188449848024316 0.23665173957974509 0.7454407294832827 0.23630726834309335 0.7712765957446809 0.24595246296934206 0.7925531914893617 0.26558732345849123 0.7758358662613982 0.28039958663451603 0.7287234042553191 0.29107819497071996 0.6550151975683891 0.2969342059937995 0.6048632218844985 0.29211160868067515 0.5835866261398176 0.2845332414743369 0.5797872340425532 0.2707543920082673 0.5797872340425532