0 0.4737762237762238 0.38677811550151975 0.458041958041958 0.5075987841945289 0.46118881118881117 0.5835866261398176 0.46783216783216786 0.5980243161094225 0.48146853146853147 0.6003039513677811 0.49685314685314685 0.581306990881459 0.5048951048951049 0.5372340425531915 0.5048951048951049 0.44832826747720367 0.5027972027972027 0.3913373860182371 0.49685314685314685 0.35790273556231 0.48321678321678324 0.3639817629179331
1 0.4416083916083916 0.3639817629179331 0.4437062937062937 0.42325227963525835 0.4437062937062937 0.5098784194528876 0.43776223776223777 0.5623100303951368 0.43776223776223777 0.5980243161094225 0.45244755244755247 0.587386018237082 0.4618881118881119 0.5053191489361702 0.46398601398601397 0.4506079027355623 0.4688811188811189 0.3487841945288754 0.4513986013986014 0.34498480243161095
2 0.4230769230769231 0.3768996960486322 0.41818181818181815 0.4338905775075988 0.41748251748251747 0.4886018237082067 0.4115384615384615 0.541033434650456 0.4087412587412587 0.5752279635258358 0.42202797202797204 0.5896656534954408 0.43286713286713285 0.5706686930091185 0.4395104895104895 0.5007598784194529 0.4405594405594406 0.4376899696048632 0.43776223776223777 0.3594224924012158
3 0.3881118881118881 0.3677811550151976 0.38916083916083916 0.40197568389057753 0.38916083916083916 0.45440729483282677 0.3853146853146853 0.4969604863221885 0.3793706293706294 0.5349544072948328 0.3825174825174825 0.5752279635258358 0.3940559440559441 0.6109422492401215 0.40664335664335666 0.5752279635258358 0.40944055944055946 0.5098784194528876 0.41748251748251747 0.44224924012158057 0.41748251748251747 0.38069908814589665 0.41748251748251747 0.35790273556231 0.40559440559440557 0.32978723404255317 0.3940559440559441 0.3366261398176292
4 0.3688811188811189 0.3533434650455927 0.3667832167832168 0.385258358662614 0.3657342657342657 0.44832826747720367 0.356993006993007 0.4969604863221885 0.3513986013986014 0.5220364741641338 0.3503496503496504 0.5577507598784195 0.35629370629370627 0.5706686930091185 0.3657342657342657 0.5752279635258358 0.38636363636363635 0.5516717325227963 0.39125874125874127 0.5098784194528876 0.38706293706293704 0.4627659574468085 0.38706293706293704 0.3974164133738602 0.38916083916083916 0.3366261398176292 0.37832167832167835 0.3343465045592705
6 0.3038461538461538 0.3639817629179331 0.3055944055944056 0.40425531914893614 0.3066433566433566 0.44832826747720367 0.30454545454545456 0.49240121580547114 0.30454545454545456 0.513677811550152 0.3202797202797203 0.5478723404255319 0.3465034965034965 0.5493920972644377 0.3493006993006993 0.5053191489361702 0.34055944055944054 0.4338905775075988 0.3356643356643357 0.3768996960486322 0.3346153846153846 0.33890577507598785 0.3153846153846154 0.3404255319148936
8 0.5087412587412588 0.3594224924012158 0.5055944055944056 0.40577507598784196 0.5055944055944056 0.4612462006079027 0.5027972027972027 0.5326747720364742 0.5027972027972027 0.5835866261398176 0.5136363636363637 0.6048632218844985 0.5328671328671328 0.5835866261398176 0.5398601398601398 0.5243161094224924 0.5377622377622377 0.48404255319148937 0.534965034965035 0.42933130699088146 0.5339160839160839 0.37462006079027355 0.5223776223776224 0.32598784194528874
9 0.5416083916083916 0.3472644376899696 0.5367132867132867 0.40577507598784196 0.5311188811188812 0.47796352583586627 0.534965034965035 0.5455927051671733 0.5405594405594406 0.6048632218844985 0.5524475524475524 0.5858662613981763 0.5524475524475524 0.5455927051671733 0.558041958041958 0.45288753799392095 0.5650349650349651 0.35790273556231 0.5573426573426573 0.31762917933130697 0.5465034965034965 0.32598784194528874
10 0.563986013986014 0.3282674772036474 0.5611888111888111 0.3594224924012158 0.5590909090909091 0.41033434650455924 0.5573426573426573 0.48632218844984804 0.558041958041958 0.5433130699088146 0.5667832167832167 0.5600303951367781 0.5765734265734266 0.5683890577507599 0.5793706293706293 0.5433130699088146 0.5793706293706293 0.5098784194528876 0.5786713286713286 0.43541033434650456 0.5786713286713286 0.3700607902735562 0.5825174825174825 0.3130699088145897 0.5716783216783217 0.3069908814589666
11 0.5968531468531468 0.3404255319148936 0.5940559440559441 0.378419452887538 0.5902097902097903 0.42325227963525835 0.5881118881118881 0.47796352583586627 0.5863636363636363 0.5243161094224924 0.5902097902097903 0.5645896656534954 0.6076923076923076 0.5752279635258358 0.6125874125874126 0.5433130699088146 0.6115384615384616 0.4946808510638298 0.6104895104895105 0.4376899696048632 0.6087412587412587 0.33206686930091184 0.6055944055944056 0.2986322188449848
14 0.6748251748251748 0.32370820668693007 0.6727272727272727 0.3677811550151976 0.6748251748251748 0.4316109422492401 0.6786713286713286 0.4908814589665654 0.6825174825174826 0.5387537993920972 0.6979020979020979 0.5349544072948328 0.7087412587412587 0.5220364741641338 0.7125874125874125 0.4992401215805471 0.7146853146853147 0.46504559270516715 0.7146853146853147 0.3913373860182371 0.7087412587412587 0.3282674772036474 0.7027972027972028 0.28799392097264437
16 0.5192307692307693 0.6276595744680851 0.5115384615384615 0.6253799392097265 0.5017482517482518 0.6253799392097265 0.5027972027972027 0.6633738601823708 0.5048951048951049 0.7036474164133738 0.5094405594405594 0.7416413373860182 0.5143356643356644 0.8138297872340425 0.5230769230769231 0.7963525835866262 0.5251748251748252 0.7272036474164134 0.5269230769230769 0.6679331306990881
17 0.5405594405594406 0.6109422492401215 0.5241258741258741 0.621580547112462 0.5230769230769231 0.648936170212766 0.5269230769230769 0.6975683890577508 0.5311188811188812 0.7629179331306991 0.5367132867132867 0.8138297872340425 0.5444055944055944 0.8153495440729484 0.5486013986013986 0.7689969604863222 0.5524475524475524 0.6907294832826748
18 0.5660839160839161 0.5790273556231003 0.5573426573426573 0.5896656534954408 0.5562937062937063 0.6109422492401215 0.5552447552447553 0.6466565349544073 0.5629370629370629 0.6952887537993921 0.5667832167832167 0.7522796352583586 0.5755244755244755 0.8221884498480243 0.5835664335664336 0.7712765957446809 0.5835664335664336 0.7249240121580547 0.5814685314685315 0.6656534954407295 0.5825174825174825 0.5858662613981763
19 0.6017482517482518 0.581306990881459 0.5853146853146853 0.5919452887537994 0.5881118881118881 0.6382978723404256 0.593006993006993 0.7226443768996961 0.6038461538461538 0.8031914893617021 0.6174825174825175 0.8305471124620061 0.6143356643356643 0.7522796352583586 0.6115384615384616 0.6595744680851063 0.6115384615384616 0.5835866261398176
20 0.6241258741258742 0.5668693009118541 0.6125874125874126 0.5645896656534954 0.6097902097902098 0.5942249240121581 0.6202797202797202 0.6299392097264438 0.6300699300699301 0.682370820668693 0.6405594405594406 0.7522796352583586 0.6503496503496503 0.8092705167173252 0.6552447552447552 0.7629179331306991 0.6503496503496503 0.7036474164133738 0.6493006993006993 0.6572948328267477 0.6493006993006993 0.6170212765957447 0.6447552447552447 0.5858662613981763
24 0.5 0.8047112462006079 0.5006993006993007 0.7773556231003039 0.49895104895104897 0.7120060790273556 0.49685314685314685 0.6405775075987842 0.48916083916083913 0.621580547112462 0.47867132867132867 0.621580547112462 0.4755244755244755 0.6527355623100304 0.48146853146853147 0.7036474164133738 0.48426573426573427 0.7606382978723404 0.4902097902097902 0.817629179331307
25 0.4618881118881119 0.621580547112462 0.4541958041958042 0.6382978723404256 0.4513986013986014 0.6717325227963525 0.456993006993007 0.7036474164133738 0.46118881118881117 0.7522796352583586 0.46783216783216786 0.8411854103343465 0.4737762237762238 0.8092705167173252 0.4755244755244755 0.7332826747720365 0.4755244755244755 0.689209726443769
26 0.4241258741258741 0.5957446808510638 0.42027972027972027 0.6147416413373861 0.4153846153846154 0.6633738601823708 0.41818181818181815 0.7393617021276596 0.43006993006993005 0.8259878419452887 0.43496503496503497 0.8472644376899696 0.4395104895104895 0.8199088145896657 0.4416083916083916 0.7651975683890577 0.4444055944055944 0.7013677811550152 0.44265734265734263 0.6382978723404256 0.4367132867132867 0.6147416413373861
27 0.3951048951048951 0.6003039513677811 0.3881118881118881 0.6170212765957447 0.38636363636363635 0.6550151975683891 0.38706293706293704 0.7203647416413373 0.3881118881118881 0.7689969604863222 0.39125874125874127 0.8115501519756839 0.4006993006993007 0.8153495440729484 0.40664335664335666 0.7629179331306991 0.4153846153846154 0.7036474164133738 0.41818181818181815 0.6550151975683891 0.4153846153846154 0.6170212765957447 0.4076923076923077 0.5980243161094225
28 0.3618881118881119 0.5980243161094225 0.356993006993007 0.6109422492401215 0.356993006993007 0.6595744680851063 0.35804195804195804 0.7272036474164134 0.35804195804195804 0.78419452887538 0.356993006993007 0.8259878419452887 0.365034965034965 0.8138297872340425 0.37272727272727274 0.7287234042553191 0.38706293706293704 0.6656534954407295 0.393006993006993 0.6299392097264438 0.37447552447552446 0.5858662613981763
30 0.31643356643356646 0.5577507598784195 0.3083916083916084 0.5858662613981763 0.3006993006993007 0.6132218844984803 0.28216783216783214 0.6527355623100304 0.27342657342657345 0.689209726443769 0.2727272727272727 0.7477203647416414 0.2881118881118881 0.756838905775076 0.31153846153846154 0.709726443768997 0.3241258741258741 0.6762917933130699 0.3346153846153846 0.6618541033434651 0.3503496503496504 0.6382978723404256 0.35524475524475524 0.6132218844984803 0.34825174825174826 0.5919452887537994 0.3395104895104895 0.5729483282674772 0.32902097902097904 0.5623100303951368
31 0.27342657342657345 0.5075987841945289 0.2601398601398601 0.5349544072948328 0.24335664335664337 0.5919452887537994 0.23846153846153847 0.6633738601823708 0.24545454545454545 0.6952887537993921 0.2744755244755245 0.648936170212766 0.30454545454545456 0.5790273556231003 0.3104895104895105 0.5562310030395137 0.29790209790209793 0.5220364741641338 0.2853146853146853 0.5098784194528876
23 0.7398601398601399 0.5159574468085106 0.7272727272727273 0.541033434650456 0.7223776223776224 0.5767477203647416 0.7398601398601399 0.621580547112462 0.7688811188811189 0.6360182370820668 0.7979020979020979 0.6337386018237082 0.7804195804195804 0.6048632218844985 0.7678321678321678 0.5767477203647416 0.7513986013986014 0.5433130699088146