0 0.47966101694915253 0.33814589665653494 0.4786440677966102 0.4012158054711246 0.47559322033898305 0.4574468085106383 0.4728813559322034 0.5121580547112462 0.4766101694915254 0.5296352583586627 0.488135593220339 0.5357142857142857 0.5084745762711864 0.5425531914893617 0.5 0.4703647416413374 0.5084745762711864 0.33586626139817627 0.4922033898305085 0.33206686930091184
1 0.45728813559322035 0.33358662613981765 0.456271186440678 0.3837386018237082 0.4542372881355932 0.49240121580547114 0.46 0.5379939209726444 0.4735593220338983 0.5182370820668692 0.4766101694915254 0.44452887537993924 0.4766101694915254 0.3966565349544073 0.4786440677966102 0.3404255319148936
2 0.4271186440677966 0.3639817629179331 0.40983050847457625 0.41413373860182373 0.4067796610169492 0.4817629179331307 0.41084745762711866 0.5250759878419453 0.424406779661017 0.5577507598784195 0.4406779661016949 0.5357142857142857 0.45254237288135596 0.5030395136778115 0.4464406779661017 0.44452887537993924 0.4552542372881356 0.35790273556231 0.4552542372881356 0.34498480243161095 0.4301694915254237 0.33814589665653494
3 0.4 0.3662613981762918 0.3884745762711864 0.3837386018237082 0.3864406779661017 0.4574468085106383 0.3864406779661017 0.5053191489361702 0.4 0.5463525835866262 0.40983050847457625 0.5379939209726444 0.4176271186440678 0.5159574468085106 0.4186440677966102 0.4817629179331307 0.4176271186440678 0.38145896656534956 0.4176271186440678 0.3556231003039514
4 0.3535593220338983 0.35790273556231 0.34779661016949154 0.3639817629179331 0.34576271186440677 0.418693009118541 0.3447457627118644 0.4642857142857143 0.3467796610169491 0.4946808510638298 0.35559322033898305 0.5463525835866262 0.36610169491525424 0.5486322188449848 0.38745762711864407 0.5448328267477204 0.39152542372881355 0.5144376899696048 0.38949152542372883 0.46200607902735563 0.3827118644067797 0.4012158054711246 0.3806779661016949 0.3487841945288754
5 0.32745762711864407 0.3487841945288754 0.31966101694915255 0.3882978723404255 0.3159322033898305 0.46200607902735563 0.31186440677966104 0.5296352583586627 0.3176271186440678 0.540273556231003 0.3488135593220339 0.5448328267477204 0.35084745762711866 0.5182370820668692 0.34576271186440677 0.43844984802431614 0.3389830508474576 0.3791793313069909 0.3440677966101695 0.3472644376899696
6 0.27322033898305087 0.31458966565349544 0.26169491525423727 0.3100303951367781 0.2627118644067797 0.3487841945288754 0.27627118644067794 0.40805471124620063 0.2993220338983051 0.4316109422492401 0.31864406779661014 0.43617021276595747 0.3264406779661017 0.3708206686930091 0.2966101694915254 0.34498480243161095
8 0.5271186440677966 0.3601823708206687 0.5210169491525424 0.40577507598784196 0.5142372881355932 0.44680851063829785 0.512542372881356 0.4817629179331307 0.5115254237288136 0.5159574468085106 0.512542372881356 0.5334346504559271 0.5261016949152543 0.5296352583586627 0.5318644067796611 0.4992401215805471 0.5318644067796611 0.44224924012158057 0.5318644067796611 0.3943768996960486 0.5396610169491526 0.3556231003039514
9 0.5627118644067797 0.3776595744680851 0.5511864406779661 0.38145896656534956 0.5406779661016949 0.4316109422492401 0.5444067796610169 0.4688449848024316 0.5433898305084746 0.520516717325228 0.5454237288135593 0.540273556231003 0.5549152542372882 0.5379939209726444 0.5579661016949152 0.4946808510638298 0.5616949152542373 0.4399696048632219
10 0.5752542372881356 0.3708206686930091 0.5745762711864407 0.39285714285714285 0.5647457627118644 0.45364741641337386 0.563728813559322 0.49012158054711247 0.5684745762711865 0.5250759878419453 0.5745762711864407 0.5509118541033434 0.5820338983050848 0.5463525835866262 0.5850847457627119 0.4992401215805471 0.5861016949152542 0.44452887537993924 0.5996610169491525 0.3943768996960486 0.6006779661016949 0.3639817629179331 0.5986440677966102 0.3404255319148936 0.5830508474576271 0.33814589665653494
11 0.6084745762711864 0.3601823708206687 0.6016949152542372 0.36854103343465044 0.5966101694915255 0.418693009118541 0.5908474576271187 0.4726443768996961 0.5861016949152542 0.5509118541033434 0.6101694915254238 0.5486322188449848 0.6091525423728813 0.5159574468085106 0.6189830508474576 0.4513677811550152 0.6189830508474576 0.39893617021276595 0.6257627118644068 0.37537993920972645
12 0.6257627118644068 0.3791793313069909 0.62 0.41641337386018235 0.6152542372881356 0.44452887537993924 0.6142372881355932 0.49240121580547114 0.6091525423728813 0.5448328267477204 0.6288135593220339 0.540273556231003 0.6335593220338983 0.49240121580547114 0.6305084745762712 0.418693009118541 0.6403389830508475 0.37537993920972645
13 0.635593220338983 0.3708206686930091 0.6362711864406779 0.44224924012158057 0.6345762711864407 0.479483282674772 0.6288135593220339 0.5379939209726444 0.648135593220339 0.5509118541033434 0.6732203389830509 0.5531914893617021 0.6732203389830509 0.5030395136778115 0.6711864406779661 0.4399696048632219 0.6711864406779661 0.3882978723404255 0.6722033898305084 0.35790273556231
14 0.6789830508474576 0.3731003039513678 0.676271186440678 0.4012158054711246 0.676271186440678 0.44452887537993924 0.6752542372881356 0.49012158054711247 0.6742372881355932 0.5182370820668692 0.6857627118644067 0.5615501519756839 0.7091525423728814 0.5531914893617021 0.7159322033898305 0.5425531914893617 0.7149152542372882 0.5075987841945289 0.7111864406779661 0.4574468085106383 0.7071186440677966 0.39893617021276595 0.704406779661017 0.3487841945288754 0.6789830508474576 0.3487841945288754
15 0.7498305084745762 0.33814589665653494 0.7196610169491525 0.35790273556231 0.6966101694915254 0.3791793313069909 0.6905084745762712 0.3943768996960486 0.699322033898305 0.43617021276595747 0.7128813559322034 0.4399696048632219 0.7227118644067797 0.44680851063829785 0.74 0.4270516717325228 0.7623728813559322 0.3966565349544073
16 0.5094915254237288 0.7507598784194529 0.5074576271186441 0.6945288753799392 0.49898305084745764 0.5927051671732523 0.5142372881355932 0.5775075987841946 0.5240677966101694 0.5790273556231003 0.5250847457627119 0.6314589665653495 0.5240677966101694 0.6702127659574468 0.5240677966101694 0.7120060790273556 0.5271186440677966 0.7401215805471124
17 0.5271186440677966 0.5661094224924013 0.5271186440677966 0.6231003039513677 0.5271186440677966 0.6747720364741642 0.5318644067796611 0.7051671732522796 0.5328813559322034 0.7332826747720365 0.5396610169491526 0.7484802431610942 0.5474576271186441 0.7120060790273556 0.5464406779661017 0.6747720364741642 0.548135593220339 0.6117021276595744 0.548135593220339 0.5904255319148937 0.5474576271186441 0.5661094224924013
18 0.5474576271186441 0.5683890577507599 0.5542372881355933 0.5683890577507599 0.5627118644067797 0.5638297872340425 0.5725423728813559 0.5661094224924013 0.5752542372881356 0.5987841945288754 0.5752542372881356 0.6702127659574468 0.5752542372881356 0.7051671732522796 0.5752542372881356 0.7530395136778115 0.5705084745762712 0.7682370820668692 0.5610169491525424 0.7788753799392097 0.5569491525423729 0.71580547112462 0.5569491525423729 0.6724924012158054 0.5542372881355933 0.6056231003039514
19 0.5871186440677966 0.581306990881459 0.579322033898305 0.5858662613981763 0.576271186440678 0.6094224924012158 0.5735593220338983 0.6466565349544073 0.5752542372881356 0.7051671732522796 0.5840677966101695 0.7355623100303952 0.5888135593220339 0.770516717325228 0.5955932203389831 0.7857142857142857 0.5986440677966102 0.7355623100303952 0.5986440677966102 0.6793313069908815 0.5986440677966102 0.60790273556231 0.5966101694915255 0.5881458966565349
20 0.6132203389830508 0.5729483282674772 0.604406779661017 0.5661094224924013 0.5955932203389831 0.5790273556231003 0.5908474576271187 0.601063829787234 0.5938983050847457 0.6291793313069909 0.5976271186440678 0.6572948328267477 0.6023728813559323 0.7051671732522796 0.6064406779661017 0.7310030395136778 0.6091525423728813 0.770516717325228 0.6159322033898305 0.7857142857142857 0.6237288135593221 0.7462006079027356 0.6220338983050847 0.709726443768997 0.6179661016949153 0.6641337386018237 0.6169491525423729 0.6246200607902735
21 0.6294915254237288 0.5790273556231003 0.6210169491525424 0.5790273556231003 0.6122033898305085 0.6117021276595744 0.6122033898305085 0.6360182370820668 0.62 0.6793313069908815 0.6237288135593221 0.7135258358662614 0.6315254237288136 0.7575987841945289 0.6403389830508475 0.776595744680851 0.6616949152542373 0.7507598784194529 0.6684745762711864 0.7332826747720365 0.6654237288135593 0.6595744680851063 0.6559322033898305 0.6231003039513677 0.6471186440677966 0.5904255319148937 0.6393220338983051 0.5752279635258358
22 0.6576271186440678 0.5706686930091185 0.6518644067796611 0.5965045592705167 0.6674576271186441 0.6595744680851063 0.6789830508474576 0.7051671732522796 0.6915254237288135 0.7507598784194529 0.7237288135593221 0.7355623100303952 0.7254237288135593 0.7074468085106383 0.7111864406779661 0.6382978723404256 0.6966101694915254 0.5729483282674772 0.6722033898305084 0.5661094224924013 0.648135593220339 0.5775075987841946
23 0.7372881355932204 0.5531914893617021 0.7138983050847457 0.5600303951367781 0.7061016949152542 0.5661094224924013 0.7101694915254237 0.6033434650455927 0.727457627118644 0.6512158054711246 0.7450847457627119 0.702887537993921 0.7545762711864407 0.6945288753799392 0.7633898305084745 0.6466565349544073 0.7477966101694915 0.6094224924012158
24 0.488135593220339 0.7507598784194529 0.4871186440677966 0.7272036474164134 0.48542372881355933 0.6360182370820668 0.48542372881355933 0.601063829787234 0.49322033898305084 0.5729483282674772 0.5067796610169492 0.581306990881459 0.5037288135593221 0.6291793313069909 0.5016949152542373 0.6618541033434651 0.5016949152542373 0.6968085106382979 0.5027118644067796 0.7401215805471124 0.5047457627118644 0.7659574468085106
25 0.4688135593220339 0.5638297872340425 0.46 0.5927051671732523 0.4640677966101695 0.6512158054711246 0.4688135593220339 0.702887537993921 0.4688135593220339 0.763677811550152 0.4766101694915254 0.7743161094224924 0.4823728813559322 0.7226443768996961 0.484406779661017 0.6117021276595744 0.4871186440677966 0.5858662613981763 0.4871186440677966 0.5706686930091185
26 0.4427118644067797 0.5775075987841946 0.43796610169491523 0.6139817629179332 0.4359322033898305 0.6618541033434651 0.4369491525423729 0.7310030395136778 0.43966101694915255 0.770516717325228 0.44745762711864406 0.7834346504559271 0.45728813559322035 0.7051671732522796 0.4610169491525424 0.6572948328267477 0.4688135593220339 0.6033434650455927 0.4688135593220339 0.5752279635258358 0.46203389830508473 0.5615501519756839 0.45254237288135596 0.5661094224924013
27 0.42135593220338985 0.5683890577507599 0.41084745762711866 0.5729483282674772 0.4 0.601063829787234 0.3983050847457627 0.6443768996960486 0.39728813559322035 0.6854103343465046 0.39322033898305087 0.7401215805471124 0.396271186440678 0.7834346504559271 0.4125423728813559 0.7811550151975684 0.42135593220338985 0.7507598784194529 0.4223728813559322 0.7272036474164134 0.43796610169491523 0.6854103343465046 0.4427118644067797 0.6443768996960486 0.4447457627118644 0.601063829787234
28 0.37389830508474575 0.5615501519756839 0.36542372881355933 0.5729483282674772 0.3535593220338983 0.6094224924012158 0.34 0.668693009118541 0.3352542372881356 0.7226443768996961 0.3488135593220339 0.7659574468085106 0.36135593220338985 0.7682370820668692 0.3749152542372881 0.7310030395136778 0.3864406779661017 0.6793313069908815 0.39322033898305087 0.6550151975683891 0.41084745762711866 0.581306990881459 0.38949152542372883 0.5706686930091185
29 0.3284745762711864 0.5448328267477204 0.3101694915254237 0.5927051671732523 0.2993220338983051 0.648936170212766 0.2925423728813559 0.6899696048632219 0.2966101694915254 0.7332826747720365 0.3176271186440678 0.7401215805471124 0.33322033898305087 0.6793313069908815 0.34 0.6382978723404256 0.3545762711864407 0.601063829787234 0.36135593220338985 0.5729483282674772 0.3389830508474576 0.5577507598784195
30 0.28203389830508474 0.520516717325228 0.27627118644067794 0.540273556231003 0.2576271186440678 0.6033434650455927 0.25084745762711863 0.6382978723404256 0.25084745762711863 0.6838905775075987 0.28203389830508474 0.7074468085106383 0.2905084745762712 0.6512158054711246 0.2993220338983051 0.6117021276595744 0.31864406779661014 0.5638297872340425 0.31966101694915255 0.5448328267477204 0.30406779661016947 0.5379939209726444