0 0.4595355383532723 0.5820668693009119 0.47853624208304013 0.581306990881459 0.4873328641801548 0.5729483282674772 0.48909218859957776 0.5296352583586627 0.47783251231527096 0.303951367781155 0.46270232230823366 0.30547112462006076 0.4595355383532723 0.46580547112462006 0.4577762139338494 0.5303951367781155
1 0.43771991555242784 0.5539513677811551 0.4458128078817734 0.5714285714285714 0.452146375791696 0.5714285714285714 0.4570724841660802 0.5562310030395137 0.4609429978888107 0.5053191489361702 0.4616467276565799 0.4848024316109423 0.46340605207600283 0.30167173252279633 0.44757213230119636 0.30927051671732525 0.4408866995073892 0.44832826747720367 0.44018296973962 0.4848024316109423
2 0.4088669950738916 0.5440729483282675 0.41695988740323714 0.560790273556231 0.4225897255453906 0.5714285714285714 0.43209007741027444 0.5699088145896657 0.44018296973962 0.5486322188449848 0.44018296973962 0.5197568389057751 0.4394792399718508 0.46808510638297873 0.4338494018296974 0.30167173252279633 0.414496833216045 0.30167173252279633 0.41695988740323714 0.4034954407294833 0.41695988740323714 0.49012158054711247
3 0.3912737508796622 0.5486322188449848 0.3937368050668543 0.574468085106383 0.40253342716396906 0.5904255319148937 0.4120337790288529 0.560790273556231 0.4201266713581985 0.5661094224924013 0.42892329345531316 0.5623100303951368 0.4306826178747361 0.5129179331306991 0.42997888810696694 0.4886018237082067 0.42188599577762137 0.28495440729483285 0.39057002111189304 0.30927051671732525 0.39303307529908516 0.5053191489361702
4 0.3680506685432794 0.5645896656534954 0.37543983110485574 0.5866261398176292 0.38353272343420125 0.5919452887537994 0.3891625615763547 0.5699088145896657 0.4007741027445461 0.5767477203647416 0.4088669950738916 0.5714285714285714 0.4095707248416608 0.5334346504559271 0.40570021111893034 0.5091185410334347 0.3944405348346235 0.303951367781155 0.36277269528501055 0.31762917933130697 0.3705137227304715 0.48328267477203646
5 0.33638282899366645 0.5699088145896657 0.3391977480647431 0.5851063829787234 0.34517945109078113 0.5957446808510638 0.3599577762139338 0.5972644376899696 0.37227304714989445 0.5987841945288754 0.3800140745953554 0.5752279635258358 0.3817733990147783 0.5433130699088146 0.3831808585503167 0.5296352583586627 0.37790288529204785 0.4848024316109423 0.35080928923293453 0.378419452887538 0.32723434201266716 0.3829787234042553 0.3314567206192822 0.4992401215805471 0.3377902885292048 0.5243161094224924 0.33849401829697395 0.5417933130699089
6 0.29697396199859255 0.5683890577507599 0.30260380014074595 0.5866261398176292 0.3099929627023223 0.5866261398176292 0.32723434201266716 0.5942249240121581 0.33954961294862773 0.5851063829787234 0.34201266713581985 0.5372340425531915 0.33638282899366645 0.5037993920972644 0.32019704433497537 0.3708206686930091 0.2987332864180155 0.3761398176291793 0.3040112596762843 0.49240121580547114 0.300844475721323 0.5159574468085106 0.29697396199859255 0.5509118541033434
8 0.48874032371569315 0.574468085106383 0.513722730471499 0.5714285714285714 0.5175932441942294 0.5334346504559271 0.5130190007037297 0.46808510638297873 0.5063335679099226 0.30927051671732525 0.48099929627023225 0.31534954407294835 0.48874032371569315 0.4673252279635258 0.48662913441238564 0.5250759878419453
9 0.5151301900070373 0.5387537993920972 0.5175932441942294 0.5645896656534954 0.5267417311752287 0.5661094224924013 0.5387051372273047 0.5539513677811551 0.5387051372273047 0.5197568389057751 0.5387051372273047 0.4726443768996961 0.5232230823363828 0.3069908814589666 0.5091484869809993 0.31534954407294835 0.5144264602392681 0.45364741641337386
10 0.5383532723434201 0.5250759878419453 0.5432793807178043 0.5554711246200608 0.5531315974665728 0.5623100303951368 0.565798733286418 0.5623100303951368 0.5745953553835327 0.5250759878419453 0.5696692470091484 0.4939209726443769 0.5650950035186488 0.4749240121580547 0.5679099225897255 0.303951367781155 0.5443349753694581 0.30547112462006076 0.541871921182266 0.4726443768996961
11 0.5570021111893033 0.5250759878419453 0.5626319493314568 0.5493920972644377 0.5760028149190711 0.5539513677811551 0.5816326530612245 0.5562310030395137 0.5865587614356087 0.5767477203647416 0.6002814919071077 0.5539513677811551 0.6023926812104152 0.5174772036474165 0.599929627023223 0.4764437689969605 0.601688951442646 0.29027355623100304 0.577762139338494 0.30243161094224924 0.5665024630541872 0.43844984802431614 0.5601688951442646 0.5053191489361702
12 0.5911330049261084 0.49544072948328266 0.585503166783955 0.5334346504559271 0.587966220971147 0.5729483282674772 0.5921885995777622 0.581306990881459 0.6030964109781843 0.5729483282674772 0.613652357494722 0.574468085106383 0.6266713581984518 0.5645896656534954 0.6319493314567206 0.5281155015197568 0.6249120337790288 0.4848024316109423 0.6178747361013371 0.2917933130699088 0.5946516537649542 0.30015197568389057
13 0.6206896551724138 0.5797872340425532 0.6118930330752991 0.5455927051671733 0.6175228712174525 0.49848024316109424 0.625615763546798 0.4673252279635258 0.6386347642505278 0.3731003039513678 0.6703026038001407 0.39893617021276595 0.661505981703026 0.506079027355623 0.6600985221674877 0.5417933130699089 0.6600985221674877 0.5782674772036475 0.6495425756509501 0.5934650455927052 0.6344123856439128 0.5904255319148937
14 0.6720619282195637 0.5683890577507599 0.6586910626319493 0.5493920972644377 0.6576354679802956 0.5174772036474165 0.6593947923997185 0.4574468085106383 0.6674876847290641 0.3677811550151976 0.6826178747361014 0.3799392097264438 0.6952850105559465 0.49012158054711247 0.6984517945109078 0.5250759878419453 0.6966924700914848 0.5455927051671733 0.6794510907811401 0.5661094224924013
15 0.7104152005629838 0.43541033434650456 0.6921182266009852 0.42629179331306993 0.6857846586910626 0.40425531914893614 0.6840253342716397 0.3708206686930091 0.6903589021815623 0.3465045592705167 0.7146375791695989 0.3404255319148936 0.7223786066150598 0.35030395136778114 0.7209711470795215 0.40197568389057753
16 0.4912033779028853 0.601063829787234 0.5154820548909219 0.5957446808510638 0.5130190007037297 0.8183890577507599 0.5003518648838846 0.8267477203647416
17 0.513722730471499 0.5972644376899696 0.5383532723434201 0.5957446808510638 0.5383532723434201 0.6314589665653495 0.5306122448979592 0.7006079027355623 0.5288529204785363 0.8320668693009119 0.5151301900070373 0.8335866261398176
18 0.5344827586206896 0.6641337386018237 0.5351864883884588 0.6063829787234043 0.5475017593244195 0.5987841945288754 0.5591133004926109 0.6003039513677811 0.5689655172413793 0.6231003039513677 0.5682617874736101 0.6557750759878419 0.5591133004926109 0.756079027355623 0.5584095707248417 0.871580547112462 0.5362420830401126 0.8723404255319149 0.5344827586206896 0.6990881458966566
19 0.5672061928219564 0.6664133738601824 0.5647431386347642 0.6268996960486323 0.5696692470091484 0.6094224924012158 0.5872624912033779 0.6025835866261399 0.5971147079521464 0.6109422492401215 0.5992258972554539 0.6322188449848024 0.5992258972554539 0.6717325227963525 0.5946516537649542 0.7044072948328267 0.585503166783955 0.8305471124620061 0.5682617874736101 0.8335866261398176 0.5647431386347642 0.7667173252279635
20 0.6002814919071077 0.6990881458966566 0.5967628430682618 0.6580547112462006 0.5967628430682618 0.6268996960486323 0.6030964109781843 0.5987841945288754 0.613652357494722 0.5987841945288754 0.6294862772695285 0.6132218844984803 0.6344123856439128 0.6458966565349544 0.6305418719211823 0.6975683890577508 0.6280788177339901 0.7819148936170213 0.6319493314567206 0.851063829787234 0.6168191414496833 0.8525835866261399 0.6055594651653765 0.7735562310030395 0.6080225193525686 0.7264437689969605
22 0.6720619282195637 0.7082066869300911 0.6608022519352569 0.6854103343465046 0.6505981703026038 0.6542553191489362 0.651301900070373 0.621580547112462 0.6583391977480647 0.5957446808510638 0.6738212526389866 0.5972644376899696 0.6850809289232934 0.5957446808510638 0.6984517945109078 0.6193009118541033 0.7023223082336383 0.6641337386018237 0.7241379310344828 0.7408814589665653 0.7058409570724842 0.8009118541033434
23 0.7192118226600985 0.6960486322188449 0.7135819845179451 0.6702127659574468 0.7104152005629838 0.6390577507598785 0.7104152005629838 0.6132218844984803 0.7266009852216748 0.5942249240121581 0.7399718508092892 0.5820668693009119 0.7512315270935961 0.5835866261398176 0.7617874736101337 0.6352583586626139 0.7586206896551724 0.6679331306990881 0.7498240675580577 0.6975683890577508 0.7375087966220971 0.7059270516717325
24 0.46833216045038706 0.6056231003039514 0.4943701618578466 0.6025835866261399 0.4968332160450387 0.8092705167173252 0.48909218859957776 0.8077507598784195 0.4729064039408867 0.6785714285714286
25 0.44757213230119636 0.6063829787234043 0.4584799437016186 0.6056231003039514 0.46833216045038706 0.6109422492401215 0.476073187895848 0.6990881458966566 0.4915552427867699 0.8495440729483282 0.4722026741731175 0.8548632218844985 0.4570724841660802 0.7272036474164134 0.44722026741731175 0.6390577507598785
26 0.42329345531315976 0.6352583586626139 0.4250527797325827 0.6025835866261399 0.43455313159746656 0.5972644376899696 0.4482758620689655 0.6231003039513677 0.45355383532723437 0.6762917933130699 0.4665728360309641 0.8768996960486323 0.4408866995073892 0.8822188449848024 0.4271639690358902 0.7332826747720365
27 0.4007741027445461 0.6884498480243161 0.40007037297677694 0.6382978723404256 0.40429275158339195 0.6056231003039514 0.4130893736805067 0.6094224924012158 0.4257565095003519 0.6405775075987842 0.4306826178747361 0.6557750759878419 0.4313863476425053 0.7044072948328267 0.4306826178747361 0.7355623100303952 0.4489795918367347 0.8548632218844985 0.4243490499648135 0.8670212765957447 0.4106263194933146 0.7530395136778115
28 0.3729767769176636 0.6922492401215805 0.3705137227304715 0.6679331306990881 0.37543983110485574 0.6352583586626139 0.3800140745953554 0.6193009118541033 0.3944405348346235 0.6352583586626139 0.40429275158339195 0.628419452887538 0.40570021111893034 0.6785714285714286 0.40570021111893034 0.7196048632218845 0.40816326530612246 0.851063829787234 0.37543983110485574 0.851063829787234
30 0.29064039408866993 0.8092705167173252 0.3289936664320901 0.7332826747720365 0.3497536945812808 0.7059270516717325 0.35714285714285715 0.6800911854103343 0.3553835327234342 0.648936170212766 0.34904996481351164 0.6268996960486323 0.34095707248416607 0.6109422492401215 0.32969739619985927 0.5972644376899696 0.31527093596059114 0.6268996960486323 0.29802955665024633 0.6960486322188449 0.264954257565095 0.7872340425531915