8 0.5122036262203626 0.5658244680851063 0.5474198047419805 0.5664893617021277 0.5439330543933054 0.4587765957446808 0.547071129707113 0.4035904255319149 0.5111576011157601 0.4035904255319149 0.5108089260808926 0.49069148936170215 0.5090655509065551 0.5206117021276596 0.5062761506276151 0.5498670212765957
9 0.5474198047419805 0.5611702127659575 0.5732217573221757 0.5684840425531915 0.5767085076708508 0.5591755319148937 0.5763598326359832 0.39694148936170215 0.546373779637378 0.39561170212765956 0.5509065550906556 0.47074468085106386 0.549163179916318 0.511968085106383 0.5439330543933054 0.538563829787234
10 0.5781032078103208 0.555186170212766 0.5937935843793585 0.5751329787234043 0.6080892608089261 0.5545212765957447 0.6073919107391911 0.5139627659574468 0.6080892608089261 0.4002659574468085 0.5819386331938633 0.3949468085106383 0.5791492329149233 0.4587765957446808 0.5739191073919108 0.4966755319148936
11 0.6049511854951185 0.5325797872340425 0.6101813110181311 0.5591755319148937 0.6216875871687587 0.5711436170212766 0.6370292887029289 0.5704787234042553 0.641213389121339 0.5511968085106383 0.6370292887029289 0.5305851063829787 0.6391213389121339 0.3962765957446808 0.6122733612273361 0.3976063829787234 0.6094839609483961 0.47074468085106386 0.6049511854951185 0.5106382978723404
12 0.6408647140864714 0.5605053191489362 0.6471408647140865 0.5611702127659575 0.653068340306834 0.574468085106383 0.6670153417015342 0.5664893617021277 0.6725941422594143 0.4009308510638298 0.641213389121339 0.39893617021276595 0.6426080892608089 0.47938829787234044 0.641213389121339 0.523936170212766 0.6384239888423989 0.538563829787234
13 0.6680613668061367 0.5658244680851063 0.6823570432357043 0.5851063829787234 0.6935146443514645 0.5738031914893617 0.7046722454672245 0.5804521276595744 0.7137377963737797 0.5724734042553191 0.7200139470013946 0.5625 0.7158298465829847 0.5246010638297872 0.7095536959553695 0.49268617021276595 0.7147838214783822 0.4261968085106383 0.6785216178521618 0.4261968085106383 0.6764295676429568 0.45345744680851063 0.6725941422594143 0.488031914893617 0.6767782426778243 0.5106382978723404 0.6680613668061367 0.5531914893617021
14 0.7196652719665272 0.5664893617021277 0.7370990237099023 0.5724734042553191 0.7475592747559274 0.5631648936170213 0.7622036262203626 0.5658244680851063 0.7702231520223152 0.5591755319148937 0.7653417015341701 0.5199468085106383 0.7496513249651325 0.4115691489361702 0.7252440725244073 0.40558510638297873 0.7217573221757322 0.4461436170212766 0.7217573221757322 0.5086436170212766 0.7175732217573222 0.5325797872340425
15 0.7559274755927475 0.4634308510638298 0.7632496513249651 0.4753989361702128 0.7751046025104602 0.46808510638297873 0.797071129707113 0.4521276595744681 0.8043933054393305 0.4009308510638298 0.7900976290097629 0.3783244680851064 0.7761506276150628 0.3776595744680851 0.7663877266387726 0.3776595744680851 0.7618549511854951 0.40558510638297873 0.7566248256624826 0.4275265957446808
0 0.46931659693165967 0.5625 0.49442119944211993 0.5704787234042553 0.5059274755927475 0.5664893617021277 0.50278940027894 0.5226063829787234 0.5066248256624826 0.40226063829787234 0.4797768479776848 0.3996010638297872 0.4735006973500697 0.42021276595744683 0.4735006973500697 0.46143617021276595 0.47315202231520226 0.49069148936170215 0.46931659693165967 0.519281914893617
1 0.4421199442119944 0.5545212765957447 0.452231520223152 0.5638297872340425 0.46513249651324967 0.5605053191489362 0.4675732217573222 0.5425531914893617 0.47175732217573224 0.38896276595744683 0.44525801952580196 0.3882978723404255 0.4431659693165969 0.46742021276595747 0.4421199442119944 0.4953457446808511
2 0.4121338912133891 0.5525265957446809 0.42642956764295675 0.567154255319149 0.4435146443514644 0.5458776595744681 0.4431659693165969 0.37699468085106386 0.4187587168758717 0.37699468085106386 0.41492329149232915 0.4627659574468085 0.41492329149232915 0.5106382978723404 0.4082984658298466 0.5332446808510638
3 0.3811018131101813 0.5492021276595744 0.3901673640167364 0.5625 0.40446304044630405 0.5452127659574468 0.4166666666666667 0.538563829787234 0.41248256624825663 0.39095744680851063 0.3912133891213389 0.3882978723404255 0.38145048814504884 0.45146276595744683 0.38249651324965134 0.5219414893617021
4 0.353207810320781 0.5492021276595744 0.3682008368200837 0.5611702127659575 0.3762203626220363 0.5472074468085106 0.38284518828451886 0.5332446808510638 0.38563458856345884 0.36768617021276595 0.3591352859135286 0.37433510638297873 0.3563458856345886 0.47074468085106386 0.35460251046025104 0.5113031914893617
5 0.30509065550906556 0.5332446808510638 0.3158995815899582 0.5611702127659575 0.3298465829846583 0.5452127659574468 0.3437935843793584 0.5525265957446809 0.35564853556485354 0.5445478723404256 0.3598326359832636 0.3703457446808511 0.3172942817294282 0.3696808510638298 0.3124128312412831 0.45811170212765956 0.31206415620641564 0.4966755319148936
6 0.25767085076708507 0.5352393617021277 0.297768479776848 0.5458776595744681 0.3078800557880056 0.523936170212766 0.3117154811715481 0.36768617021276595 0.27580195258019524 0.36569148936170215 0.2684797768479777 0.4654255319148936 0.25627615062761505 0.5039893617021277 0.25662482566248257 0.526595744680851
24 0.49721059972105996 0.617686170212766 0.5163877266387726 0.613031914893617 0.5188284518828452 0.6761968085106383 0.5149930264993027 0.773936170212766 0.497907949790795 0.7699468085106383 0.5024407252440726 0.7007978723404256 0.49860529986053 0.6496010638297872
25 0.4724546722454672 0.6163563829787234 0.4829149232914923 0.6077127659574468 0.49825662482566246 0.6163563829787234 0.49721059972105996 0.7779255319148937 0.4745467224546722 0.7719414893617021 0.47629009762900976 0.6788563829787234
26 0.4476987447698745 0.6183510638297872 0.46582984658298465 0.598404255319149 0.4755927475592748 0.6216755319148937 0.4686192468619247 0.7845744680851063 0.43444909344490934 0.7825797872340425 0.4421199442119944 0.680186170212766 0.44490934449093444 0.6502659574468085
27 0.4198047419804742 0.6030585106382979 0.4131799163179916 0.6117021276595744 0.4194560669456067 0.629654255319149 0.4072524407252441 0.754654255319149 0.42329149232914925 0.7719414893617021 0.4424686192468619 0.6509308510638298 0.449442119944212 0.6150265957446809 0.4372384937238494 0.5990691489361702 0.4246861924686193 0.598404255319149
28 0.3926080892608089 0.5957446808510638 0.40690376569037656 0.5924202127659575 0.41631799163179917 0.6070478723404256 0.4208507670850767 0.6256648936170213 0.41283124128312415 0.6336436170212766 0.3992329149232915 0.7486702127659575 0.3727336122733612 0.7333776595744681 0.3821478382147838 0.6482712765957447 0.38389121338912136 0.617686170212766 0.38249651324965134 0.6023936170212766
29 0.36401673640167365 0.5910904255319149 0.3762203626220363 0.5804521276595744 0.38633193863319387 0.5851063829787234 0.38947001394700137 0.5930851063829787 0.3793584379358438 0.6303191489361702 0.3695955369595537 0.6622340425531915 0.3601813110181311 0.7513297872340425 0.30962343096234307 0.7400265957446809 0.33158995815899583 0.6662234042553191 0.3322873082287308 0.6210106382978723 0.3298465829846583 0.5930851063829787 0.3427475592747559 0.589095744680851 0.351813110181311 0.5824468085106383
30 0.2928870292887029 0.5724734042553191 0.3117154811715481 0.5777925531914894 0.33647140864714087 0.589095744680851 0.3305439330543933 0.6349734042553191 0.2880055788005579 0.7406914893617021 0.25313807531380755 0.7194148936170213 0.26324965132496514 0.6702127659574468 0.2778940027894003 0.6276595744680851 0.28417015341701535 0.5871010638297872
16 0.5198744769874477 0.613031914893617 0.5174337517433751 0.629654255319149 0.5247559274755927 0.7759308510638298 0.545676429567643 0.776595744680851 0.5411436541143654 0.6482712765957447 0.5383542538354253 0.6083776595744681
17 0.5390516039051604 0.6043882978723404 0.5638075313807531 0.6070478723404256 0.5648535564853556 0.7759308510638298 0.5460251046025104 0.7785904255319149 0.5411436541143654 0.660904255319149
18 0.5658995815899581 0.6030585106382979 0.5770571827057183 0.5997340425531915 0.5903068340306834 0.6190159574468085 0.5930962343096234 0.6389627659574468 0.5993723849372385 0.7872340425531915 0.5686889818688982 0.7865691489361702 0.5676429567642957 0.6914893617021277 0.5617154811715481 0.6549202127659575 0.5627615062761506 0.6083776595744681
19 0.6035564853556485 0.6037234042553191 0.5930962343096234 0.6349734042553191 0.6049511854951185 0.7958776595744681 0.6307531380753139 0.7998670212765957 0.6237796373779637 0.651595744680851 0.6237796373779637 0.617686170212766 0.6154114365411436 0.6037234042553191
20 0.6335425383542538 0.6043882978723404 0.6216875871687587 0.6183510638297872 0.6398186889818689 0.7905585106382979 0.6739888423988842 0.7825797872340425 0.6589958158995816 0.6575797872340425 0.6586471408647141 0.6077127659574468