0 0.5223152022315202 0.3849734042553192 0.5233612273361228 0.5531914893617021 0.5233612273361228 0.601063829787234 0.48535564853556484 0.6037234042553191 0.48430962343096234 0.5897606382978723 0.4874476987447699 0.5658244680851063 0.4881450488145049 0.5418882978723404 0.4881450488145049 0.3803191489361702
1 0.4881450488145049 0.37699468085106386 0.4874476987447699 0.543218085106383 0.4881450488145049 0.5651595744680851 0.48570432357043236 0.5964095744680851 0.4571129707112971 0.5977393617021277 0.4602510460251046 0.5631648936170213 0.4592050209205021 0.5186170212765957 0.46129707112970714 0.38430851063829785
2 0.446652719665272 0.3650265957446808 0.4595536959553696 0.5172872340425532 0.4595536959553696 0.5472074468085106 0.4609483960948396 0.5611702127659575 0.45885634588563456 0.5910904255319149 0.4330543933054393 0.5944148936170213 0.4309623430962343 0.5811170212765957 0.4316596931659693 0.5664893617021277 0.4309623430962343 0.5398936170212766 0.4191073919107392 0.3816489361702128
3 0.4198047419804742 0.3796542553191489 0.4302649930264993 0.5405585106382979 0.43235704323570434 0.5644946808510638 0.43375174337517436 0.5797872340425532 0.43340306834030684 0.5930851063829787 0.41457461645746163 0.6083776595744681 0.401673640167364 0.5950797872340425 0.40376569037656906 0.5824468085106383 0.403068340306834 0.5684840425531915 0.40237099023709905 0.5538563829787234 0.39400278940027894 0.39694148936170215
4 0.3891213389121339 0.38896276595744683 0.40202231520223153 0.555186170212766 0.40341701534170155 0.6063829787234043 0.37691771269177127 0.6090425531914894 0.37587168758716877 0.59375 0.37099023709902373 0.5711436170212766 0.36297071129707115 0.3849734042553192
5 0.35251046025104604 0.3716755319148936 0.37203626220362623 0.5545212765957447 0.37203626220362623 0.5711436170212766 0.3793584379358438 0.6163563829787234 0.32357043235704325 0.6190159574468085 0.3284518828451883 0.5831117021276596 0.3291492329149233 0.5738031914893617 0.3288005578800558 0.557845744680851 0.31624825662482564 0.3816489361702128
6 0.3169456066945607 0.37300531914893614 0.3291492329149233 0.5638297872340425 0.32566248256624825 0.6263297872340425 0.2834728033472803 0.6097074468085106 0.29532775453277543 0.38231382978723405
7 0.28382147838214783 0.39361702127659576 0.2880055788005579 0.5585106382978723 0.2880055788005579 0.5811170212765957 0.28382147838214783 0.598404255319149 0.2834728033472803 0.6023936170212766 0.2412831241283124 0.5897606382978723 0.24686192468619247 0.3683510638297872 0.28521617852161785 0.36569148936170215
8 0.5230125523012552 0.3776595744680851 0.5240585774058577 0.5598404255319149 0.5240585774058577 0.6097074468085106 0.5620641562064156 0.6077127659574468 0.5592747559274756 0.5718085106382979 0.5589260808926081 0.5299202127659575 0.5631101813110181 0.36436170212765956
9 0.5638075313807531 0.3849734042553192 0.5610181311018131 0.5472074468085106 0.5585774058577406 0.5757978723404256 0.5606694560669456 0.6017287234042553 0.5868200836820083 0.5997340425531915 0.5850767085076709 0.5611702127659575 0.5875174337517434 0.37898936170212766
10 0.5878661087866108 0.37898936170212766 0.5843793584379359 0.5664893617021277 0.5871687587168759 0.5990691489361702 0.6119246861924686 0.5884308510638298 0.6136680613668062 0.574468085106383 0.6157601115760112 0.5631648936170213 0.6161087866108786 0.5511968085106383 0.6143654114365411 0.543218085106383 0.6115760111576011 0.5345744680851063 0.6122733612273361 0.5059840425531915 0.6192468619246861 0.3776595744680851
11 0.6223849372384938 0.3863031914893617 0.6133193863319386 0.5398936170212766 0.608786610878661 0.5465425531914894 0.6080892608089261 0.557845744680851 0.6077405857740585 0.5651595744680851 0.6091352859135286 0.5791223404255319 0.6126220362622036 0.5950797872340425 0.6380753138075314 0.5977393617021277 0.6408647140864714 0.5877659574468085 0.643305439330544 0.5711436170212766 0.6436541143654114 0.5618351063829787 0.641213389121339 0.5458776595744681 0.6450488145048815 0.39228723404255317
12 0.652370990237099 0.3929521276595745 0.6415620641562064 0.5013297872340425 0.6394700139470014 0.5525265957446809 0.6380753138075314 0.5585106382978723 0.6370292887029289 0.569813829787234 0.6377266387726639 0.5791223404255319 0.6394700139470014 0.586436170212766 0.645397489539749 0.6043882978723404 0.6593444909344491 0.6023936170212766 0.6694560669456067 0.5884308510638298 0.6698047419804742 0.5704787234042553 0.6708507670850767 0.555186170212766 0.6705020920502092 0.5352393617021277 0.6774755927475593 0.3976063829787234
13 0.6879358437935844 0.3896276595744681 0.6694560669456067 0.557845744680851 0.6663179916317992 0.5857712765957447 0.6645746164574616 0.6030585106382979 0.7175732217573222 0.6050531914893617 0.7161785216178521 0.5738031914893617 0.7283821478382148 0.40226063829787234
14 0.7308228730822873 0.3949468085106383 0.7147838214783822 0.5545212765957447 0.7161785216178521 0.6070478723404256 0.7618549511854951 0.5897606382978723 0.7597629009762901 0.5651595744680851 0.7545327754532776 0.3976063829787234
15 0.7552301255230126 0.3916223404255319 0.7559274755927475 0.5485372340425532 0.7594142259414226 0.5877659574468085 0.8047419804741981 0.5691489361702128 0.8043933054393305 0.5412234042553191 0.7737099023709902 0.38763297872340424
16 0.5261506276150628 0.6163563829787234 0.5394002789400278 0.8011968085106383 0.5620641562064156 0.7925531914893617 0.551255230125523 0.6469414893617021 0.549860529986053 0.613031914893617
17 0.550557880055788 0.6150265957446809 0.5519525801952581 0.6549202127659575 0.5620641562064156 0.8144946808510638 0.5875174337517434 0.8025265957446809 0.5760111576011158 0.6555851063829787 0.5767085076708508 0.6103723404255319
18 0.5760111576011158 0.6143617021276596 0.5735704323570432 0.6269946808510638 0.5735704323570432 0.6416223404255319 0.5774058577405857 0.6522606382978723 0.5847280334728033 0.8284574468085106 0.6129707112970711 0.8277925531914894 0.6021617852161785 0.6050531914893617
19 0.6021617852161785 0.6043882978723404 0.6035564853556485 0.6735372340425532 0.6143654114365411 0.8351063829787234 0.648884239888424 0.8184840425531915 0.6324965132496513 0.644281914893617 0.6286610878661087 0.6017287234042553
20 0.6314504881450488 0.6090425531914894 0.6297071129707112 0.632313829787234 0.6304044630404463 0.644281914893617 0.648884239888424 0.8277925531914894 0.6827057182705718 0.8105053191489362 0.6638772663877266 0.6476063829787234 0.6624825662482566 0.6150265957446809
21 0.6628312412831241 0.6190159574468085 0.6621338912133892 0.6509308510638298 0.6893305439330544 0.8410904255319149 0.6931659693165969 0.867686170212766 0.75418410041841 0.8204787234042553 0.7123430962343096 0.6582446808510638 0.7116457461645747 0.6190159574468085
22 0.7126917712691772 0.6223404255319149 0.7123430962343096 0.6622340425531915 0.7758019525801952 0.8224734042553191 0.8050906555090656 0.776595744680851 0.7503486750348675 0.5990691489361702
23 0.7552301255230126 0.605718085106383 0.7590655509065551 0.632313829787234 0.8131101813110181 0.7799202127659575 0.8410041841004184 0.714095744680851 0.793584379358438 0.5711436170212766
24 0.50418410041841 0.6123670212765957 0.5278940027894002 0.6143617021276596 0.5366108786610879 0.8038563829787234 0.5090655509065551 0.8018617021276596
25 0.47419804741980476 0.6043882978723404 0.50418410041841 0.6103723404255319 0.5115062761506276 0.8384308510638298 0.48535564853556484 0.8284574468085106 0.4776847977684798 0.6509308510638298
26 0.446652719665272 0.6070478723404256 0.47524407252440726 0.6043882978723404 0.47594142259414224 0.6190159574468085 0.4790794979079498 0.6289893617021277 0.48570432357043236 0.8397606382978723 0.4511854951185495 0.8277925531914894 0.4497907949790795 0.6509308510638298 0.4490934449093445 0.629654255319149
27 0.4456066945606695 0.6083776595744681 0.448047419804742 0.6283244680851063 0.4504881450488145 0.6509308510638298 0.452231520223152 0.8610372340425532 0.41841004184100417 0.8410904255319149 0.41736401673640167 0.6549202127659575 0.41562064156206413 0.6502659574468085 0.41457461645746163 0.6436170212765957 0.41527196652719667 0.636968085106383 0.4180613668061367 0.632313829787234 0.4222454672245467 0.6196808510638298
28 0.38284518828451886 0.6210106382978723 0.4198047419804742 0.6183510638297872 0.4201534170153417 0.6349734042553191 0.42189679218967924 0.6482712765957447 0.41841004184100417 0.6522606382978723 0.41527196652719667 0.6615691489361702 0.41562064156206413 0.6775265957446809 0.41492329149232915 0.8444148936170213 0.37482566248256627 0.8277925531914894 0.38354253835425384 0.6575797872340425
29 0.33263598326359833 0.6283244680851063 0.3817991631799163 0.6230053191489362 0.38354253835425384 0.6396276595744681 0.3842398884239888 0.6642287234042553 0.35599721059972106 0.839095744680851 0.3054393305439331 0.7958776595744681 0.3301952580195258 0.6722074468085106 0.3322873082287308 0.6575797872340425 0.33158995815899583 0.6502659574468085 0.33158995815899583 0.6436170212765957
30 0.28730822873082285 0.6136968085106383 0.3082287308228731 0.6136968085106383 0.3183403068340307 0.6243351063829787 0.33263598326359833 0.6276595744680851 0.33263598326359833 0.6462765957446809 0.33158995815899583 0.6622340425531915 0.33158995815899583 0.6768617021276596 0.27824267782426776 0.8371010638297872 0.2377963737796374 0.7978723404255319 0.2796373779637378 0.660904255319149 0.28417015341701535 0.6496010638297872 0.28730822873082285 0.644281914893617 0.28730822873082285 0.6349734042553191 0.28730822873082285 0.625
31 0.2405857740585774 0.589095744680851 0.28765690376569036 0.613031914893617 0.28765690376569036 0.6236702127659575 0.28870292887029286 0.6283244680851063 0.28765690376569036 0.6436170212765957 0.2824267782426778 0.6522606382978723 0.2792887029288703 0.663563829787234 0.22419804741980473 0.7965425531914894 0.19560669456066945 0.75