0 0.4756405629736557 0.2857142857142857 0.47491880187657887 0.3639817629179331 0.465896788163118 0.446048632218845 0.46409238542042586 0.513677811550152 0.47672320461927103 0.5319148936170213 0.4911584265608084 0.5159574468085106 0.504150126308192 0.4726443768996961 0.504150126308192 0.4148936170212766 0.5019848430169613 0.3472644376899696 0.5012630819198846 0.303951367781155 0.4893540238181162 0.28951367781155013
1 0.4435221941537351 0.2978723404255319 0.44063514976542767 0.3617021276595745 0.43774810537712017 0.44756838905775076 0.44243955250811984 0.513677811550152 0.4514615662215807 0.53419452887538 0.4687838325514255 0.46048632218844987 0.4709491158426561 0.3533434650455927 0.4687838325514255 0.30015197568389057
2 0.3879465896788163 0.2796352583586626 0.4016600505232768 0.3556231003039514 0.40743413929989175 0.44756838905775076 0.41826055575604476 0.5303951367781155 0.43089137495488994 0.5524316109422492 0.44063514976542767 0.4870820668693009 0.4388307470227355 0.41109422492401215 0.4319740166005052 0.3655015197568389 0.4171779141104294 0.31458966565349544 0.40346445326596897 0.26063829787234044
3 0.36160230963551065 0.30623100303951367 0.3634067123782028 0.3495440729483283 0.3673763984121256 0.425531914893617 0.3771201732226633 0.5174772036474165 0.3908336340671238 0.5379939209726444 0.4016600505232768 0.5509118541033434 0.4056297365571996 0.4642857142857143 0.39660772284373874 0.3882978723404255 0.38397690364489356 0.30851063829787234 0.37026344280043305 0.28799392097264437
4 0.3334536268495128 0.3290273556231003 0.34211476001443525 0.3882978723404255 0.34680620714543486 0.46048632218844987 0.3605196679898953 0.5258358662613982 0.3753157704799711 0.5463525835866262 0.38289426199927823 0.5075987841945289 0.37639841212558645 0.42325227963525835 0.3644893540238181 0.324468085106383 0.3431974016600505 0.30851063829787234
5 0.30494406351497655 0.3161094224924012 0.30422230241789966 0.3738601823708207 0.3060267051605918 0.4582066869300912 0.30710934680620716 0.5258358662613982 0.3208228076506676 0.5714285714285714 0.33922771562612775 0.560790273556231 0.34680620714543486 0.53419452887538 0.3489714904366655 0.4787234042553192 0.3363406712378203 0.3822188449848024 0.32443161313605196 0.3123100303951368
6 0.25911223385059545 0.3472644376899696 0.25911223385059545 0.4209726443768997 0.2659689642728257 0.5015197568389058 0.27463009743774813 0.5645896656534954 0.2980873330927463 0.560790273556231 0.30422230241789966 0.5303951367781155 0.30205701912666905 0.46200607902735563 0.2980873330927463 0.3860182370820669 0.28473475279682425 0.324468085106383
8 0.5110068567304222 0.31458966565349544 0.5138939011187297 0.3905775075987842 0.5117286178274991 0.493161094224924 0.5138939011187297 0.5440729483282675 0.5362684951281126 0.5547112462006079 0.5470949115842656 0.5174772036474165 0.5470949115842656 0.44756838905775076 0.5488993143269578 0.378419452887538 0.5507037170696499 0.32066869300911854 0.5312161674485745 0.29407294832826747 0.5167809455070371 0.29559270516717323
9 0.5528690003608806 0.29559270516717323 0.549981955972573 0.3495440729483283 0.549981955972573 0.4316109422492401 0.5488993143269578 0.5075987841945289 0.5517863587152653 0.5303951367781155 0.5626127751714183 0.513677811550152 0.5701912666907254 0.4764437689969605 0.5763262360158787 0.4065349544072948 0.5763262360158787 0.3556231003039514 0.5763262360158787 0.3100303951367781
10 0.5849873691808012 0.30623100303951367 0.5839047275351859 0.3594224924012158 0.5770479971129556 0.4088145896656535 0.572356549981956 0.45592705167173253 0.5712739083363406 0.5053191489361702 0.5849873691808012 0.53419452887538 0.6044749188018765 0.5197568389057751 0.613136051966799 0.46200607902735563 0.6142186936124143 0.4004559270516717 0.6171057380007218 0.3434650455927052 0.6181883796463371 0.28191489361702127 0.5929267412486467 0.28343465045592703
11 0.6257668711656442 0.30015197568389057 0.6124142908697221 0.3882978723404255 0.6015878744135691 0.4642857142857143 0.5976181883796463 0.5319148936170213 0.6153013352580295 0.540273556231003 0.6326236015878745 0.5258358662613982 0.6355106459761819 0.45592705167173253 0.6423673763984121 0.3761398176291793 0.6531937928545651 0.3229483282674772 0.645615301335258 0.29559270516717323
12 0.6531937928545651 0.3183890577507599 0.6445326596896427 0.3495440729483283 0.6394803320101047 0.3905775075987842 0.6355106459761819 0.4376899696048632 0.6308191988451822 0.4848024316109423 0.6308191988451822 0.5197568389057751 0.6394803320101047 0.540273556231003 0.6553590761457957 0.5159574468085106 0.6618549260194876 0.45592705167173253 0.6629375676651028 0.3966565349544073 0.6679898953446409 0.3472644376899696 0.6748466257668712 0.29407294832826747 0.6618549260194876 0.28191489361702127
13 0.6874774449657164 0.30623100303951367 0.6777336701551786 0.34498480243161095 0.6651028509563335 0.4027355623100304 0.6542764345001805 0.4642857142857143 0.6553590761457957 0.5235562310030395 0.6806207145434862 0.53419452887538 0.6972212197762541 0.5174772036474165 0.7001082641645615 0.4787234042553192 0.6990256225189462 0.4148936170212766 0.7019126669072537 0.3655015197568389 0.7076867556838686 0.324468085106383 0.7076867556838686 0.30243161094224924 0.6961385781306387 0.2917933130699088
14 0.7185131721400216 0.32066869300911854 0.7116564417177914 0.378419452887538 0.7069649945867917 0.45592705167173253 0.7011909058101768 0.5220364741641338 0.7214002165283291 0.5319148936170213 0.7351136773727897 0.5174772036474165 0.7448574521833273 0.44148936170212766 0.743774810537712 0.3761398176291793 0.7419704077950199 0.31458966565349544 0.7282569469505593 0.28343465045592703
15 0.7372789606640202 0.3351063829787234 0.7390833634067123 0.39893617021276595 0.7477444965716348 0.46656534954407297 0.7517141826055576 0.5098784194528876 0.7701190905810177 0.5235562310030395 0.7791411042944786 0.4870820668693009 0.7693973294839408 0.4088145896656535 0.7567665102850957 0.35790273556231
16 0.5156983038614219 0.5585106382978723 0.5128112594731143 0.6124620060790273 0.5099242150848069 0.6595744680851063 0.5070371706964995 0.7454407294832827 0.5167809455070371 0.8237082066869301 0.528329123060267 0.8259878419452887 0.528329123060267 0.729483282674772 0.5265247203175749 0.6512158054711246 0.528329123060267 0.587386018237082 0.5294117647058824 0.5547112462006079
17 0.5312161674485745 0.5835866261398176 0.528329123060267 0.6451367781155015 0.5243594370263442 0.7378419452887538 0.5312161674485745 0.8465045592705167 0.5438469866474197 0.8358662613981763 0.5478166726813425 0.7355623100303952 0.5488993143269578 0.648936170212766 0.5546734031035727 0.5980243161094225 0.5568386863948033 0.5630699088145896 0.5322988090941898 0.5463525835866262
18 0.5633345362684952 0.5569908814589666 0.5517863587152653 0.5980243161094225 0.5535907614579574 0.6740121580547113 0.5546734031035727 0.7659574468085106 0.5633345362684952 0.8381458966565349 0.5770479971129556 0.8199088145896657 0.5799350415012631 0.7249240121580547 0.5821003247924937 0.6534954407294833 0.5867917719234933 0.60790273556231 0.5821003247924937 0.5775075987841946 0.5734391916275713 0.560790273556231
19 0.5994225911223385 0.5714285714285714 0.5860700108264164 0.5919452887537994 0.5849873691808012 0.6344984802431611 0.5849873691808012 0.7044072948328267 0.5867917719234933 0.7743161094224924 0.5936485023457235 0.8419452887537994 0.6055575604474919 0.7682370820668692 0.6095272464814147 0.6884498480243161 0.6171057380007218 0.6306990881458967 0.6153013352580295 0.5790273556231003
20 0.6210754240346446 0.5668693009118541 0.613136051966799 0.587386018237082 0.6192710212919523 0.648936170212766 0.6290147961024901 0.7310030395136778 0.6337062432334897 0.8009118541033434 0.6445326596896427 0.8381458966565349 0.6503067484662577 0.7682370820668692 0.6492241068206424 0.6656534954407295 0.6463370624323349 0.6124620060790273 0.6337062432334897 0.5752279635258358
21 0.6485023457235655 0.5752279635258358 0.6394803320101047 0.5835866261398176 0.6463370624323349 0.6633738601823708 0.6658246120534104 0.770516717325228 0.6845904005774088 0.8031914893617021 0.6972212197762541 0.7477203647416414 0.6943341753879466 0.6694528875379939 0.6853121616744857 0.601823708206687 0.669794298087333 0.5714285714285714
22 0.6914471309996392 0.5630699088145896 0.6806207145434862 0.5896656534954408 0.7047997112955612 0.6740121580547113 0.7340310357271743 0.7537993920972644 0.754601226993865 0.7416413373860182 0.7408877661494045 0.6534954407294833 0.7340310357271743 0.60790273556231 0.7282569469505593 0.5714285714285714 0.7109346806207145 0.560790273556231
24 0.4904366654637315 0.5668693009118541 0.48357993504150126 0.5858662613981763 0.4904366654637315 0.6329787234042553 0.4911584265608084 0.7165653495440729 0.4972933958859617 0.8009118541033434 0.5088415734391917 0.8358662613981763 0.5128112594731143 0.7272036474164134 0.5117286178274991 0.6223404255319149 0.5048718874052689 0.5630699088145896
25 0.465896788163118 0.5714285714285714 0.455070371706965 0.601823708206687 0.46517502706604114 0.6983282674772037 0.4709491158426561 0.7849544072948328 0.4796102490075785 0.8343465045592705 0.4904366654637315 0.723404255319149 0.4911584265608084 0.6268996960486323 0.48357993504150126 0.5934650455927052
26 0.4485745218332732 0.560790273556231 0.4348610609888127 0.5729483282674772 0.42800433056658244 0.6306990881458967 0.4337784193431974 0.7249240121580547 0.43558282208588955 0.8708206686930091 0.44171779141104295 0.8913373860182371 0.4561530133525803 0.7720364741641338 0.46192710212919524 0.6367781155015197
27 0.4132082280765067 0.5934650455927052 0.3948033201010466 0.6124620060790273 0.39660772284373874 0.6572948328267477 0.4092385420425839 0.756079027355623 0.4103211836881992 0.8358662613981763 0.4189823168531216 0.8525835866261399 0.4348610609888127 0.7864741641337386 0.4388307470227355 0.675531914893617 0.425117286178275 0.5858662613981763 0.40851678094550703 0.5752279635258358
28 0.386863948033201 0.5858662613981763 0.37315048718874055 0.6200607902735562 0.36954168170335616 0.6694528875379939 0.37423312883435583 0.7416413373860182 0.3771201732226633 0.8259878419452887 0.3821725009022014 0.8442249240121581 0.3948033201010466 0.75 0.40057740887766147 0.6572948328267477 0.40743413929989175 0.6223404255319149 0.40057740887766147 0.5896656534954408
29 0.3536629375676651 0.5995440729483282 0.3341753879465897 0.5957446808510638 0.3226272103933598 0.6223404255319149 0.3237098520389751 0.6717325227963525 0.31577047997112956 0.7332826747720365 0.31685312161674484 0.8054711246200608 0.3410321183688199 0.7993920972644377 0.3597979068928185 0.7332826747720365 0.3666546373150487 0.675531914893617 0.3753157704799711 0.6390577507598785 0.3684590400577409 0.60790273556231
30 0.3146878383255143 0.5775075987841946 0.28256946950559364 0.5775075987841946 0.2767953807289787 0.5919452887537994 0.2767953807289787 0.628419452887538 0.27463009743774813 0.6884498480243161 0.27174305304944063 0.7621580547112462 0.28076506676290147 0.8009118541033434 0.3060267051605918 0.7644376899696048 0.32443161313605196 0.708966565349544 0.32840129916997474 0.6428571428571429 0.32840129916997474 0.5957446808510638