0 0.5076252723311547 0.3662613981762918 0.504720406681191 0.418693009118541 0.5025417574437182 0.4376899696048632 0.4745824255628177 0.4452887537993921 0.4713144517066086 0.4012158054711246 0.4745824255628177 0.33586626139817627 0.47530864197530864 0.22872340425531915 0.4745824255628177 0.15729483282674772 0.4760348583877996 0.0972644376899696 0.49201161946259986 0.10182370820668693 0.5054466230936819 0.14437689969604864
1 0.44262890341321715 0.3822188449848024 0.4411764705882353 0.42325227963525835 0.44880174291938996 0.4566869300911854 0.46405228758169936 0.4513677811550152 0.4720406681190995 0.4247720364741641 0.4731299927378359 0.3427051671732523 0.4738562091503268 0.2439209726443769 0.4738562091503268 0.16337386018237082 0.4738562091503268 0.10638297872340426 0.45933188090050836 0.09346504559270517 0.4419026870007262 0.12082066869300911 0.44880174291938996 0.21580547112462006
2 0.41466957153231665 0.41185410334346506 0.42374727668845313 0.4582066869300912 0.4328249818445897 0.4627659574468085 0.4458968772694263 0.43541033434650456 0.4524328249818446 0.40577507598784196 0.4466230936819172 0.3373860182370821 0.44045025417574435 0.21124620060790272 0.44045025417574435 0.14285714285714285 0.44045025417574435 0.10486322188449848 0.42846768336964414 0.07446808510638298 0.4117647058823529 0.10030395136778116 0.40777051561365285 0.13829787234042554
3 0.38453159041394336 0.39285714285714285 0.3838053740014524 0.4278115501519757 0.39433551198257083 0.47188449848024316 0.41612200435729846 0.4878419452887538 0.429920116194626 0.4612462006079027 0.42919389978213507 0.4072948328267477 0.41249092229484385 0.27279635258358664 0.4055918663761801 0.1838905775075988 0.3997821350762527 0.12689969604863222 0.38816267247639796 0.08738601823708207 0.3707334785766158 0.09498480243161095
5 0.3177196804647785 0.4582066869300912 0.3202614379084967 0.48632218844984804 0.32389251997095136 0.5288753799392097 0.3572984749455338 0.5387537993920972 0.3732752360203341 0.5113981762917933 0.3732752360203341 0.4642857142857143 0.35657225853304286 0.3768996960486322 0.355119825708061 0.34574468085106386 0.34132171387073346 0.30623100303951367 0.32389251997095136 0.2978723404255319 0.3006535947712418 0.30927051671732525 0.289760348583878 0.3533434650455927 0.30501089324618735 0.39285714285714285
6 0.2665214233841685 0.5151975683890577 0.2824981844589688 0.5463525835866262 0.30718954248366015 0.5509118541033434 0.3188090050835149 0.5357142857142857 0.3224400871459695 0.5022796352583586 0.3177196804647785 0.4513677811550152 0.31336238198983296 0.42021276595744683 0.3111837327523602 0.39285714285714285 0.3028322440087146 0.3548632218844985 0.29665940450254175 0.3282674772036474 0.28540305010893247 0.3009118541033435 0.27342047930283225 0.2857142857142857 0.25453885257806824 0.303951367781155 0.24836601307189543 0.3343465045592705 0.24981844589687727 0.3799392097264438 0.2610748002904866 0.43541033434650456 0.2679738562091503 0.4513677811550152 0.26870007262164125 0.48024316109422494
8 0.5025417574437182 0.4088145896656535 0.5025417574437182 0.44224924012158057 0.5123456790123457 0.44832826747720367 0.5381263616557734 0.44832826747720367 0.5432098765432098 0.3958966565349544 0.5486564996368918 0.3548632218844985 0.560639070442992 0.30243161094224924 0.5697167755991286 0.27279635258358664 0.5780682643427741 0.24772036474164133 0.584241103848947 0.22492401215805471 0.5878721859114016 0.1884498480243161 0.5802469135802469 0.1398176291793313 0.5737109658678287 0.135258358662614 0.5555555555555556 0.15577507598784193 0.546477850399419 0.23632218844984804 0.5312273057371096 0.27887537993920974 0.5025417574437182 0.378419452887538
9 0.5395787944807553 0.39893617021276595 0.5366739288307916 0.4513677811550152 0.5522875816993464 0.4582066869300912 0.5660856935366739 0.43237082066869303 0.5737109658678287 0.3677811550151976 0.5933188090050835 0.2857142857142857 0.6092955700798838 0.24772036474164133 0.6234567901234568 0.19984802431610943 0.6151053013798112 0.1717325227963526 0.6009440813362382 0.1458966565349544 0.5758896151053013 0.20288753799392098
10 0.5809731299927379 0.3404255319148936 0.5711692084241103 0.3768996960486322 0.5639070442992011 0.42933130699088146 0.5704429920116194 0.4688449848024316 0.5871459694989106 0.47188449848024316 0.6016702977487292 0.4338905775075988 0.6122004357298475 0.36322188449848025 0.6234567901234568 0.3229483282674772 0.6408859840232389 0.2933130699088146 0.6561365286855483 0.2712765957446808 0.6681190994916485 0.23328267477203649 0.6626724763979666 0.18541033434650456 0.6485112563543937 0.182370820668693 0.6318082788671024 0.21732522796352582 0.6092955700798838 0.2629179331306991
14 0.7066085693536674 0.4513677811550152 0.6975308641975309 0.4878419452887538 0.7015250544662309 0.5387537993920972 0.7280319535221496 0.5433130699088146 0.7498184458968773 0.4787234042553192 0.7610748002904866 0.39969604863221886 0.7694262890341321 0.3677811550151976 0.770878721859114 0.31534954407294835 0.7519970951343501 0.2948328267477204 0.7371096586782862 0.2993920972644377 0.7225853304284677 0.3472644376899696
22 0.7084241103848947 0.53419452887538 0.7015250544662309 0.5699088145896657 0.7098765432098766 0.6527355623100304 0.7262164124909223 0.7317629179331308 0.7414669571532316 0.7758358662613982 0.7679738562091504 0.7712765957446809 0.7763253449527959 0.7218844984802432 0.7618010167029775 0.6413373860182371 0.7552650689905592 0.5858662613981763 0.7534495279593318 0.53419452887538 0.7414669571532316 0.5357142857142857 0.7211328976034859 0.5417933130699089
21 0.6604938271604939 0.5258358662613982 0.6554103122730573 0.5493920972644377 0.6554103122730573 0.5896656534954408 0.6539578794480755 0.6572948328267477 0.6568627450980392 0.7188449848024316 0.6757443718228032 0.7598784194528876 0.6968046477850399 0.763677811550152 0.7091503267973857 0.7378419452887538 0.7091503267973857 0.6618541033434651 0.7058823529411765 0.5858662613981763 0.7098765432098766 0.5433130699088146 0.6909949164851126 0.5288753799392097 0.6721132897603486 0.5129179331306991
20 0.6241830065359477 0.5113981762917933 0.621278140885984 0.5273556231003039 0.621278140885984 0.5782674772036475 0.6249092229484386 0.6702127659574468 0.6249092229484386 0.7051671732522796 0.6358024691358025 0.7606382978723404 0.6499636891793754 0.7743161094224924 0.6583151779230211 0.7462006079027356 0.6597676107480029 0.6413373860182371 0.6546840958605664 0.5668693009118541 0.6597676107480029 0.5197568389057751 0.6506899055918663 0.506838905775076 0.6325344952795933 0.49620060790273557
19 0.5885984023238925 0.5258358662613982 0.5904139433551199 0.5942249240121581 0.5962236746550472 0.682370820668693 0.5994916485112564 0.743161094224924 0.6092955700798838 0.7743161094224924 0.6263616557734205 0.763677811550152 0.6296296296296297 0.709726443768997 0.6227305737109659 0.5957446808510638 0.6227305737109659 0.540273556231003 0.6249092229484386 0.5167173252279635 0.6129266521423384 0.4848024316109423 0.6002178649237473 0.48632218844984804 0.5904139433551199 0.5113981762917933
18 0.5577342047930284 0.4939209726443769 0.5570079883805374 0.5562310030395137 0.5584604212055192 0.6337386018237082 0.560639070442992 0.6968085106382979 0.5613652868554829 0.743161094224924 0.5773420479302832 0.7667173252279635 0.5900508351488744 0.743161094224924 0.5925925925925926 0.6147416413373861 0.5918663761801016 0.5326747720364742 0.5940450254175744 0.5022796352583586 0.5893246187363834 0.48024316109422494 0.5813362381989833 0.4734042553191489 0.5646332607116921 0.4749240121580547
17 0.5341321713870734 0.4787234042553192 0.5341321713870734 0.5448328267477204 0.5388525780682644 0.6337386018237082 0.5381263616557734 0.7036474164133738 0.5501089324618736 0.7378419452887538 0.5584604212055192 0.7241641337386018 0.5631808278867102 0.6671732522796353 0.5613652868554829 0.560790273556231 0.560639070442992 0.4992401215805471 0.5620915032679739 0.4756838905775076 0.5522875816993464 0.4582066869300912 0.5348583877995643 0.4612462006079027
16 0.5061728395061729 0.5022796352583586 0.5116194625998548 0.5721884498480243 0.5137981118373275 0.6306990881458967 0.5221496005809731 0.6983282674772037 0.5290486564996368 0.7507598784194529 0.5515613652868555 0.756838905775076 0.545751633986928 0.6778115501519757 0.5395787944807553 0.5509118541033434 0.5341321713870734 0.4946808510638298 0.5348583877995643 0.47188449848024316 0.5268700072621642 0.4612462006079027 0.5206971677559913 0.45592705167173253 0.5076252723311547 0.45288753799392095 0.5018155410312273 0.4673252279635258
24 0.490559186637618 0.4627659574468085 0.48111837327523604 0.4642857142857143 0.4851125635439361 0.5227963525835866 0.49854756717501814 0.6291793313069909 0.49963689179375453 0.6778115501519757 0.504720406681191 0.7462006079027356 0.5061728395061729 0.7682370820668692 0.5206971677559913 0.7621580547112462 0.5257806826434277 0.7203647416413373 0.5192447349310094 0.601823708206687 0.5123456790123457 0.513677811550152 0.5076252723311547 0.4642857142857143 0.5003631082062454 0.45440729483282677
25 0.4738562091503268 0.45972644376899696 0.46223674655047203 0.4688449848024316 0.45933188090050836 0.48936170212765956 0.46550472040668117 0.5372340425531915 0.4760348583877996 0.6413373860182371 0.48111837327523604 0.6846504559270516 0.48946986201888165 0.7492401215805471 0.49927378358750907 0.7492401215805471 0.5068990559186638 0.7348024316109423 0.49854756717501814 0.6208206686930091 0.4927378358750908 0.5448328267477204 0.4912854030501089 0.49620060790273557 0.4887436456063907 0.4703647416413374
26 0.43681917211328974 0.5113981762917933 0.43681917211328974 0.5683890577507599 0.44734931009440815 0.6603343465045592 0.4549745824255628 0.7272036474164134 0.46550472040668117 0.7773556231003039 0.4822076978939724 0.7917933130699089 0.4887436456063907 0.7667173252279635 0.4774872912127814 0.6466565349544073 0.46078431372549017 0.4817629179331307 0.4524328249818446 0.4703647416413374 0.43500363108206247 0.48632218844984804
27 0.4034132171387073 0.5227963525835866 0.4117647058823529 0.5828267477203647 0.4222948438634713 0.6907294832826748 0.42374727668845313 0.7393617021276596 0.43209876543209874 0.7811550151975684 0.44262890341321715 0.7857142857142857 0.4531590413943355 0.7682370820668692 0.4480755265068991 0.6527355623100304 0.4419026870007262 0.5653495440729484 0.44045025417574435 0.5212765957446809 0.43137254901960786 0.4939209726443769 0.4222948438634713 0.48632218844984804
29 0.32389251997095136 0.5417933130699089 0.3224400871459695 0.5592705167173252 0.32679738562091504 0.6033434650455927 0.3224400871459695 0.6496960486322189 0.3140885984023239 0.7127659574468085 0.3111837327523602 0.7492401215805471 0.3090050835148874 0.7826747720364742 0.3177196804647785 0.8123100303951368 0.3420479302832244 0.8206686930091185 0.3663761801016703 0.8016717325227963 0.3776325344952796 0.7408814589665653 0.3838053740014524 0.6557750759878419 0.3838053740014524 0.6132218844984803 0.38816267247639796 0.5668693009118541 0.3888888888888889 0.540273556231003 0.37618010167029775 0.5326747720364742 0.35584604212055193 0.5288753799392097 0.3369644153957879 0.5387537993920972
30 0.26506899055918665 0.5531914893617021 0.2625272331154684 0.5828267477203647 0.26034858387799564 0.6382978723404256 0.2541757443718228 0.6778115501519757 0.24836601307189543 0.7492401215805471 0.24909222948438633 0.7788753799392097 0.2541757443718228 0.810790273556231 0.2701525054466231 0.8267477203647416 0.28830791575889614 0.8191489361702128 0.2981118373275236 0.78419452887538 0.3057371096586783 0.7256838905775076 0.3260711692084241 0.6443768996960486 0.33623819898329704 0.5767477203647416 0.3300653594771242 0.5577507598784195 0.3188090050835149 0.5493920972644377 0.3064633260711692 0.5433130699088146 0.2824981844589688 0.5448328267477204 0.27233115468409586 0.5448328267477204