0 0.49753867791842477 0.5828267477203647 0.4936708860759494 0.3533434650455927 0.4658931082981716 0.35790273556231 0.4641350210970464 0.5828267477203647
1 0.4641350210970464 0.5858662613981763 0.46659634317862164 0.3525835866261398 0.4349507735583685 0.3548632218844985 0.43846694796061886 0.5866261398176292
3 0.39732770745428975 0.5896656534954408 0.40541490857946555 0.3548632218844985 0.36954992967651196 0.35638297872340424 0.35724331926863573 0.5281155015197568 0.35548523206751054 0.5858662613981763
4 0.3551336146272855 0.5858662613981763 0.35864978902953587 0.5227963525835866 0.35970464135021096 0.3548632218844985 0.3308720112517581 0.3601823708206687 0.3136427566807314 0.5630699088145896
8 0.4978902953586498 0.5843465045592705 0.49437412095639943 0.3617021276595745 0.5253164556962026 0.3617021276595745 0.5246132208157525 0.5030395136778115 0.5284810126582279 0.5752279635258358
9 0.5284810126582279 0.5775075987841946 0.5253164556962026 0.5053191489361702 0.5319971870604782 0.3434650455927052 0.5615330520393812 0.34802431610942247 0.5545007032348804 0.5121580547112462 0.5545007032348804 0.5630699088145896
10 0.5537974683544303 0.5683890577507599 0.5527426160337553 0.506838905775076 0.5622362869198312 0.33890577507598785 0.5896624472573839 0.34802431610942247 0.5840365682137834 0.47188449848024316 0.5829817158931083 0.5197568389057751 0.5787623066104078 0.5699088145896657
11 0.5812236286919831 0.5714285714285714 0.5787623066104078 0.5174772036474165 0.5924753867791842 0.34194528875379937 0.6223628691983122 0.3533434650455927 0.610056258790436 0.4886018237082067 0.6012658227848101 0.5630699088145896
12 0.6012658227848101 0.5645896656534954 0.6082981715893109 0.49012158054711247 0.6234177215189873 0.35106382978723405 0.6533052039381153 0.3601823708206687 0.6490857946554149 0.479483282674772 0.6452180028129395 0.5683890577507599
13 0.6452180028129395 0.5668693009118541 0.6452180028129395 0.5053191489361702 0.6550632911392406 0.3533434650455927 0.6817862165963432 0.35638297872340424 0.6786216596343179 0.48328267477203646 0.6842475386779184 0.5668693009118541
14 0.6853023909985936 0.5645896656534954 0.6786216596343179 0.4908814589665654 0.6828410689170182 0.3525835866261398 0.7071026722925458 0.35106382978723405 0.7310126582278481 0.5425531914893617
16 0.5035161744022504 0.5949848024316109 0.5154711673699015 0.8503039513677811 0.5344585091420534 0.837386018237082 0.5193389592123769 0.5896656534954408
17 0.520042194092827 0.5919452887537994 0.5351617440225035 0.8381458966565349 0.5545007032348804 0.8328267477203647 0.539732770745429 0.5843465045592705
18 0.5439521800281294 0.5934650455927052 0.5555555555555556 0.8358662613981763 0.5791139240506329 0.8305471124620061 0.5661040787623066 0.5904255319148937
19 0.5664556962025317 0.5987841945288754 0.5682137834036568 0.6565349544072948 0.5812236286919831 0.8290273556231003 0.6023206751054853 0.8229483282674772 0.5921237693389592 0.5934650455927052
20 0.5945850914205345 0.6048632218844985 0.6033755274261603 0.8229483282674772 0.6339662447257384 0.817629179331307 0.6234177215189873 0.6618541033434651 0.6241209563994374 0.5919452887537994
21 0.6265822784810127 0.6101823708206687 0.6209563994374121 0.6550151975683891 0.6392405063291139 0.7613981762917933 0.6715893108298172 0.8343465045592705 0.709563994374121 0.7849544072948328 0.6824894514767933 0.6861702127659575 0.6719409282700421 0.6519756838905775 0.6652601969057665 0.5972644376899696
22 0.6659634317862166 0.5972644376899696 0.6719409282700421 0.6519756838905775 0.7127285513361463 0.791033434650456 0.7528129395218003 0.7165653495440729 0.7067510548523207 0.5714285714285714
24 0.5028129395218003 0.5957446808510638 0.5144163150492265 0.8525835866261399 0.4908579465541491 0.8541033434650456 0.48523206751054854 0.5972644376899696
25 0.4859353023909986 0.5972644376899696 0.49331926863572434 0.85790273556231 0.47433192686357245 0.85790273556231 0.46272855133614627 0.6025835866261399
26 0.4651898734177215 0.6048632218844985 0.46905766526019693 0.6519756838905775 0.4694092827004219 0.8449848024316109 0.4430379746835443 0.8419452887537994 0.44233473980309423 0.6003039513677811
27 0.43319268635724334 0.6094224924012158 0.44479606188466947 0.6512158054711246 0.44163150492264414 0.6952887537993921 0.4356540084388186 0.8343465045592705 0.4120956399437412 0.8343465045592705 0.41561181434599154 0.6063829787234043
28 0.41455696202531644 0.6276595744680851 0.4208860759493671 0.6496960486322189 0.4166666666666667 0.689209726443769 0.4078762306610408 0.8563829787234043 0.38572433192686356 0.8541033434650456 0.3888888888888889 0.6117021276595744
29 0.3881856540084388 0.6762917933130699 0.33438818565400846 0.8411854103343465 0.2883263009845288 0.7948328267477204 0.29852320675105487 0.7492401215805471 0.32946554149085794 0.6800911854103343 0.33931082981715893 0.628419452887538 0.35548523206751054 0.6101823708206687 0.3762306610407876 0.6314589665653495
30 0.34177215189873417 0.6155015197568389 0.34282700421940926 0.6458966565349544 0.33368495077355836 0.6785714285714286 0.30942334739803096 0.7256838905775076 0.2718002812939522 0.7819148936170213 0.2348804500703235 0.7036474164133738 0.30766526019690577 0.5714285714285714