0 0.4742957746478873 0.3487841945288754 0.4686619718309859 0.40425531914893614 0.4686619718309859 0.4338905775075988 0.4676056338028169 0.4612462006079027 0.4647887323943662 0.4908814589665654 0.4637323943661972 0.5349544072948328 0.4686619718309859 0.5600303951367781 0.48626760563380284 0.5562310030395137 0.4961267605633803 0.541033434650456 0.49401408450704226 0.49240121580547114 0.49295774647887325 0.4612462006079027 0.49295774647887325 0.418693009118541 0.497887323943662 0.35790273556231 0.4950704225352113 0.3366261398176292
1 0.448943661971831 0.33206686930091184 0.45 0.3556231003039514 0.45 0.3958966565349544 0.45 0.41641337386018235 0.4461267605633803 0.43541033434650456 0.4422535211267606 0.45288753799392095 0.44014084507042256 0.47188449848024316 0.43908450704225355 0.4969604863221885 0.43908450704225355 0.5288753799392097 0.4422535211267606 0.5455927051671733 0.45492957746478874 0.5539513677811551 0.4637323943661972 0.5326747720364742 0.4637323943661972 0.48404255319148937 0.4704225352112676 0.33206686930091184
2 0.4214788732394366 0.3282674772036474 0.4214788732394366 0.3404255319148936 0.4214788732394366 0.3723404255319149 0.4214788732394366 0.40577507598784196 0.4176056338028169 0.44376899696048633 0.4147887323943662 0.4734042553191489 0.4147887323943662 0.4969604863221885 0.4186619718309859 0.5303951367781155 0.42852112676056336 0.5455927051671733 0.43908450704225355 0.5372340425531915 0.44119718309859157 0.5053191489361702 0.44014084507042256 0.4734042553191489 0.4461267605633803 0.3472644376899696 0.4450704225352113 0.31990881458966564
3 0.38943661971830984 0.3343465045592705 0.39049295774647885 0.3533434650455927 0.3883802816901408 0.3974164133738602 0.3883802816901408 0.42933130699088146 0.3883802816901408 0.45896656534954405 0.38943661971830984 0.49240121580547114 0.3911971830985915 0.5243161094224924 0.39823943661971833 0.5387537993920972 0.4126760563380282 0.5433130699088146 0.42359154929577464 0.5303951367781155 0.42640845070422534 0.5098784194528876 0.42570422535211266 0.4673252279635258 0.4197183098591549 0.42325227963525835 0.4186619718309859 0.39969604863221886 0.4176056338028169 0.3427051671732523 0.4176056338028169 0.31990881458966564
4 0.36690140845070424 0.34498480243161095 0.36795774647887325 0.3958966565349544 0.36795774647887325 0.4376899696048632 0.36795774647887325 0.47188449848024316 0.3658450704225352 0.513677811550152 0.3686619718309859 0.5326747720364742 0.3823943661971831 0.5372340425531915 0.3961267605633803 0.513677811550152 0.3961267605633803 0.4817629179331307 0.39225352112676054 0.43541033434650456 0.3873239436619718 0.39969604863221886 0.3862676056338028 0.3617021276595745 0.3862676056338028 0.3366261398176292
5 0.34225352112676055 0.31762917933130697 0.3415492957746479 0.3556231003039514 0.33838028169014084 0.39969604863221886 0.33661971830985915 0.42933130699088146 0.3345070422535211 0.4627659574468085 0.3316901408450704 0.5098784194528876 0.353169014084507 0.5197568389057751 0.36408450704225354 0.513677811550152 0.36408450704225354 0.48632218844984804 0.3647887323943662 0.44224924012158057 0.36690140845070424 0.3890577507598784 0.36795774647887325 0.34498480243161095 0.36971830985915494 0.31762917933130697
6 0.31302816901408453 0.31534954407294835 0.31197183098591547 0.34498480243161095 0.30915492957746477 0.3700607902735562 0.30422535211267604 0.3974164133738602 0.2915492957746479 0.44832826747720367 0.2954225352112676 0.4756838905775076 0.30704225352112674 0.49240121580547114 0.31690140845070425 0.4992401215805471 0.3278169014084507 0.4992401215805471 0.33556338028169014 0.40197568389057753 0.33943661971830985 0.34498480243161095 0.33943661971830985 0.31534954407294835 0.33943661971830985 0.3047112462006079 0.321830985915493 0.3009118541033435
8 0.5017605633802817 0.3366261398176292 0.498943661971831 0.3958966565349544 0.497887323943662 0.4148936170212766 0.49401408450704226 0.5053191489361702 0.4950704225352113 0.541033434650456 0.5007042253521127 0.5516717325227963 0.5154929577464789 0.5645896656534954 0.5225352112676056 0.5516717325227963 0.5242957746478873 0.513677811550152 0.5214788732394366 0.4673252279635258 0.5214788732394366 0.44224924012158057 0.5214788732394366 0.3958966565349544 0.5214788732394366 0.3662613981762918
9 0.5242957746478873 0.34498480243161095 0.5242957746478873 0.3913373860182371 0.5242957746478873 0.42325227963525835 0.5242957746478873 0.4506079027355623 0.5232394366197183 0.4817629179331307 0.5232394366197183 0.5159574468085106 0.5253521126760563 0.5455927051671733 0.5330985915492957 0.5623100303951368 0.547887323943662 0.5516717325227963 0.548943661971831 0.5220364741641338 0.546830985915493 0.4734042553191489 0.5447183098591549 0.4399696048632219 0.5447183098591549 0.3890577507598784 0.5440140845070423 0.32598784194528874 0.5292253521126761 0.32142857142857145
10 0.5535211267605634 0.32142857142857145 0.5496478873239437 0.3556231003039514 0.547887323943662 0.39969604863221886 0.545774647887324 0.43541033434650456 0.5440140845070423 0.4696048632218845 0.5440140845070423 0.5220364741641338 0.547887323943662 0.5349544072948328 0.5556338028169014 0.5478723404255319 0.5644366197183098 0.5478723404255319 0.5753521126760563 0.5349544072948328 0.578169014084507 0.4969604863221885 0.578169014084507 0.45288753799392095 0.5742957746478873 0.418693009118541 0.5742957746478873 0.3723404255319149 0.5742957746478873 0.3343465045592705 0.5711267605633803 0.31762917933130697
11 0.5799295774647887 0.3282674772036474 0.5753521126760563 0.3913373860182371 0.5753521126760563 0.4270516717325228 0.5742957746478873 0.4506079027355623 0.5732394366197183 0.4627659574468085 0.5753521126760563 0.5007598784194529 0.579225352112676 0.5182370820668692 0.5830985915492958 0.541033434650456 0.5908450704225352 0.5493920972644377 0.6024647887323944 0.5349544072948328 0.6024647887323944 0.49240121580547114 0.6007042253521127 0.4566869300911854 0.6007042253521127 0.41641337386018235 0.5985915492957746 0.35106382978723405 0.5985915492957746 0.32142857142857145
12 0.6017605633802817 0.3130699088145897 0.6017605633802817 0.33890577507598785 0.5996478873239437 0.3677811550151976 0.596830985915493 0.40425531914893614 0.596830985915493 0.43541033434650456 0.596830985915493 0.4627659574468085 0.596830985915493 0.4886018237082067 0.5985915492957746 0.5053191489361702 0.6045774647887324 0.5182370820668692 0.6151408450704225 0.5288753799392097 0.6260563380281691 0.5288753799392097 0.6327464788732394 0.5159574468085106 0.6260563380281691 0.4696048632218845 0.6232394366197183 0.43541033434650456 0.6211267605633802 0.3829787234042553 0.6211267605633802 0.33206686930091184 0.6211267605633802 0.31534954407294835
13 0.6320422535211268 0.33890577507598785 0.6320422535211268 0.3890577507598784 0.6309859154929578 0.4209726443768997 0.6281690140845071 0.4566869300911854 0.6288732394366198 0.48024316109422494 0.6348591549295775 0.5098784194528876 0.645774647887324 0.5182370820668692 0.657394366197183 0.5159574468085106 0.6661971830985915 0.5053191489361702 0.6679577464788733 0.4756838905775076 0.6651408450704225 0.4316109422492401 0.6633802816901408 0.3974164133738602 0.6633802816901408 0.3639817629179331 0.6633802816901408 0.33206686930091184 0.6602112676056338 0.30243161094224924 0.6348591549295775 0.30243161094224924
14 0.6721830985915493 0.31762917933130697 0.6711267605633803 0.3404255319148936 0.6679577464788733 0.3723404255319149 0.6672535211267606 0.3974164133738602 0.6672535211267606 0.4209726443768997 0.6672535211267606 0.44832826747720367 0.6672535211267606 0.4696048632218845 0.6721830985915493 0.5075987841945289 0.6904929577464789 0.5098784194528876 0.6992957746478873 0.5030395136778115 0.7091549295774648 0.4946808510638298 0.7119718309859155 0.4566869300911854 0.706338028169014 0.4126139817629179 0.703169014084507 0.385258358662614 0.7003521126760563 0.33890577507598785 0.6975352112676056 0.3009118541033435 0.6876760563380282 0.29635258358662614
15 0.6985915492957746 0.32978723404255317 0.6992957746478873 0.37462006079027355 0.7014084507042253 0.41033434650455924 0.7052816901408451 0.4247720364741641 0.7080985915492958 0.4673252279635258 0.7161971830985916 0.4946808510638298 0.722887323943662 0.4992401215805471 0.7288732394366197 0.48632218844984804 0.7366197183098592 0.47188449848024316 0.7426056338028169 0.45440729483282677 0.7426056338028169 0.4126139817629179 0.7316901408450704 0.3723404255319149 0.723943661971831 0.34498480243161095 0.7200704225352113 0.32142857142857145 0.7091549295774648 0.3047112462006079
16 0.5028169014084507 0.7606382978723404 0.5049295774647887 0.7249240121580547 0.5038732394366198 0.7036474164133738 0.49401408450704226 0.6550151975683891 0.49014084507042255 0.6322188449848024 0.48908450704225354 0.5957446808510638 0.5137323943661972 0.5858662613981763 0.5144366197183099 0.6238601823708206 0.5144366197183099 0.6382978723404256 0.5144366197183099 0.6633738601823708 0.5165492957746479 0.7036474164133738 0.5183098591549296 0.7355623100303952 0.5193661971830986 0.7651975683890577
17 0.5352112676056338 0.7735562310030395 0.5352112676056338 0.7583586626139818 0.5253521126760563 0.7249240121580547 0.5232394366197183 0.6907294832826748 0.5225352112676056 0.6656534954407295 0.5214788732394366 0.6382978723404256 0.5183098591549296 0.6086626139817629 0.5183098591549296 0.5858662613981763 0.527112676056338 0.581306990881459 0.5341549295774648 0.581306990881459 0.5359154929577464 0.6238601823708206 0.5359154929577464 0.648936170212766 0.5359154929577464 0.6679331306990881 0.5380281690140845 0.6952887537993921 0.5408450704225352 0.7188449848024316 0.5419014084507042 0.7416413373860182
18 0.5605633802816902 0.7606382978723404 0.5528169014084507 0.7355623100303952 0.545774647887324 0.7188449848024316 0.5429577464788733 0.6907294832826748 0.5408450704225352 0.6785714285714286 0.5401408450704225 0.6382978723404256 0.5401408450704225 0.6170212765957447 0.5359154929577464 0.5767477203647416 0.5584507042253521 0.581306990881459 0.5616197183098591 0.6276595744680851 0.5633802816901409 0.6595744680851063 0.5665492957746479 0.7013677811550152 0.5665492957746479 0.7287234042553191
19 0.5957746478873239 0.7712765957446809 0.5859154929577465 0.7416413373860182 0.576056338028169 0.709726443768997 0.5693661971830986 0.6785714285714286 0.5654929577464789 0.6527355623100304 0.5623239436619718 0.6276595744680851 0.5584507042253521 0.5980243161094225 0.5584507042253521 0.581306990881459 0.5672535211267605 0.5683890577507599 0.577112676056338 0.5729483282674772 0.5809859154929577 0.5942249240121581 0.5848591549295775 0.6193009118541033 0.5897887323943662 0.6550151975683891 0.594718309859155 0.682370820668693 0.5985915492957746 0.709726443768997 0.6035211267605634 0.7287234042553191 0.6073943661971831 0.7477203647416414 0.6112676056338028 0.7667173252279635
20 0.625 0.75 0.6056338028169014 0.7165653495440729 0.5996478873239437 0.6846504559270516 0.5929577464788732 0.6550151975683891 0.5887323943661972 0.6322188449848024 0.5809859154929577 0.581306990881459 0.5929577464788732 0.5645896656534954 0.6024647887323944 0.5577507598784195 0.6133802816901408 0.5896656534954408 0.6161971830985915 0.6170212765957447 0.6193661971830986 0.6428571428571429 0.6239436619718309 0.6633738601823708 0.6288732394366198 0.6846504559270516 0.6338028169014085 0.7120060790273556 0.6397887323943662 0.7477203647416414
21 0.6633802816901408 0.7393617021276596 0.643661971830986 0.709726443768997 0.6309859154929578 0.6633738601823708 0.6211267605633802 0.6193009118541033 0.6144366197183099 0.5896656534954408 0.6105633802816901 0.5706686930091185 0.6183098591549295 0.5493920972644377 0.6397887323943662 0.5326747720364742 0.6464788732394366 0.5387537993920972 0.6563380281690141 0.5767477203647416 0.6602112676056338 0.6025835866261399 0.6651408450704225 0.6360182370820668 0.6767605633802817 0.6702127659574468 0.6827464788732395 0.7013677811550152 0.6827464788732395 0.7142857142857143 0.676056338028169 0.7287234042553191
22 0.7024647887323944 0.6952887537993921 0.6855633802816902 0.6702127659574468 0.6721830985915493 0.6238601823708206 0.6661971830985915 0.6025835866261399 0.6563380281690141 0.5577507598784195 0.6633802816901408 0.5349544072948328 0.6767605633802817 0.5243161094224924 0.6866197183098591 0.5220364741641338 0.7024647887323944 0.5455927051671733 0.706338028169014 0.5790273556231003 0.7130281690140845 0.5980243161094225 0.7190140845070423 0.6443768996960486 0.722887323943662 0.6595744680851063 0.7257042253521127 0.689209726443769 0.7161971830985916 0.7059270516717325
23 0.7482394366197183 0.6679331306990881 0.7394366197183099 0.6466565349544073 0.7295774647887324 0.6322188449848024 0.721830985915493 0.6132218844984803 0.7130281690140845 0.5858662613981763 0.7080985915492958 0.5668693009118541 0.7014084507042253 0.5387537993920972 0.7119718309859155 0.5113981762917933 0.7179577464788732 0.5053191489361702 0.7288732394366197 0.4992401215805471 0.7415492957746479 0.4969604863221885 0.7531690140845071 0.5349544072948328 0.7602112676056338 0.5706686930091185 0.7619718309859155 0.6003039513677811 0.7658450704225352 0.6299392097264438 0.770774647887324 0.6550151975683891
24 0.4950704225352113 0.7545592705167173 0.49295774647887325 0.7203647416413373 0.4880281690140845 0.6762917933130699 0.48626760563380284 0.6512158054711246 0.48908450704225354 0.5980243161094225 0.4753521126760563 0.5919452887537994 0.46549295774647886 0.6025835866261399 0.4676056338028169 0.6322188449848024 0.4686619718309859 0.6633738601823708 0.4714788732394366 0.689209726443769 0.4714788732394366 0.7013677811550152 0.4735915492957746 0.7310030395136778 0.47852112676056335 0.756838905775076
25 0.4704225352112676 0.7651975683890577 0.4714788732394366 0.7165653495440729 0.4704225352112676 0.6572948328267477 0.4697183098591549 0.6238601823708206 0.4665492957746479 0.5980243161094225 0.45492957746478874 0.5919452887537994 0.45 0.6109422492401215 0.45 0.6466565349544073 0.451056338028169 0.6846504559270516 0.45211267605633804 0.7272036474164134 0.4528169014084507 0.7712765957446809
26 0.44119718309859157 0.8069908814589666 0.451056338028169 0.7712765957446809 0.451056338028169 0.7332826747720365 0.451056338028169 0.6952887537993921 0.451056338028169 0.6550151975683891 0.451056338028169 0.6147416413373861 0.45 0.5957446808510638 0.4373239436619718 0.5835866261398176 0.42746478873239435 0.6003039513677811 0.42359154929577464 0.6253799392097265 0.4214788732394366 0.6572948328267477 0.4197183098591549 0.6907294832826748 0.4186619718309859 0.7203647416413373 0.4169014084507042 0.743920972644377 0.4169014084507042 0.7758358662613982 0.42570422535211266 0.8047112462006079
27 0.40598591549295776 0.7773556231003039 0.4126760563380282 0.743920972644377 0.4169014084507042 0.7059270516717325 0.4225352112676056 0.6595744680851063 0.42640845070422534 0.6170212765957447 0.42852112676056336 0.6048632218844985 0.4295774647887324 0.587386018237082 0.42077464788732394 0.5729483282674772 0.4109154929577465 0.5790273556231003 0.40492957746478875 0.5919452887537994 0.40211267605633805 0.6193009118541033 0.39823943661971833 0.7522796352583586 0.39507042253521124 0.7819148936170213
28 0.3806338028169014 0.7879939209726444 0.3845070422535211 0.7689969604863222 0.39225352112676054 0.7332826747720365 0.39823943661971833 0.6846504559270516 0.40387323943661974 0.6322188449848024 0.4080985915492958 0.5919452887537994 0.40492957746478875 0.5729483282674772 0.39049295774647885 0.5683890577507599 0.3855633802816901 0.581306990881459 0.3823943661971831 0.6003039513677811 0.3816901408450704 0.6193009118541033 0.3767605633802817 0.6595744680851063 0.37464788732394366 0.6740121580547113 0.37183098591549296 0.7013677811550152 0.3686619718309859 0.7310030395136778 0.36408450704225354 0.7712765957446809 0.37077464788732395 0.790273556231003
29 0.3443661971830986 0.7758358662613982 0.3503521126760563 0.75 0.3630281690140845 0.709726443768997 0.372887323943662 0.6679331306990881 0.3855633802816901 0.6238601823708206 0.39049295774647885 0.6025835866261399 0.3834507042253521 0.5623100303951368 0.3767605633802817 0.5600303951367781 0.36795774647887325 0.5600303951367781 0.3552816901408451 0.5623100303951368 0.3471830985915493 0.5752279635258358 0.34049295774647886 0.6109422492401215 0.3345070422535211 0.6360182370820668 0.3288732394366197 0.6618541033434651 0.3190140845070423 0.7059270516717325 0.31514084507042256 0.7393617021276596 0.3278169014084507 0.7651975683890577
30 0.303169014084507 0.7165653495440729 0.30809859154929575 0.6930091185410334 0.31795774647887326 0.6618541033434651 0.3345070422535211 0.6132218844984803 0.3415492957746479 0.587386018237082 0.3482394366197183 0.5668693009118541 0.3464788732394366 0.5516717325227963 0.33556338028169014 0.5455927051671733 0.3295774647887324 0.5349544072948328 0.321830985915493 0.5243161094224924 0.31514084507042256 0.5387537993920972 0.3102112676056338 0.5683890577507599 0.30422535211267604 0.5919452887537994 0.2975352112676056 0.6086626139817629 0.2876760563380282 0.6360182370820668 0.27992957746478875 0.6618541033434651 0.27605633802816903 0.6907294832826748 0.2887323943661972 0.7165653495440729
31 0.2563380281690141 0.6512158054711246 0.2612676056338028 0.6253799392097265 0.27887323943661974 0.6025835866261399 0.2964788732394366 0.5752279635258358 0.30528169014084505 0.5539513677811551 0.3112676056338028 0.5349544072948328 0.3102112676056338 0.5197568389057751 0.30422535211267604 0.5007598784194529 0.2926056338028169 0.4817629179331307 0.28380281690140846 0.47188449848024316 0.271830985915493 0.4886018237082067 0.2661971830985915 0.5159574468085106 0.2584507042253521 0.5455927051671733 0.24471830985915494 0.5858662613981763 0.23873239436619717 0.6063829787234043 0.23591549295774647 0.6466565349544073