23 0.8450557103064067 0.7440159574468085 0.8837047353760445 0.6589095744680851 0.8513231197771588 0.620345744680851 0.8384401114206128 0.5784574468085106 0.807799442896936 0.5970744680851063 0.7987465181058496 0.6416223404255319 0.7959610027855153 0.668218085106383 0.8050139275766016 0.6901595744680851 0.8269498607242339 0.7041223404255319
22 0.7430362116991643 0.589095744680851 0.7367688022284122 0.6190159574468085 0.7437325905292479 0.6396276595744681 0.7506963788300836 0.6662234042553191 0.7552228412256268 0.7207446808510638 0.7677576601671309 0.788563829787234 0.7729805013927576 0.8158244680851063 0.8272980501392758 0.7912234042553191 0.814066852367688 0.7101063829787234 0.7977019498607242 0.6496010638297872 0.8025766016713092 0.6136968085106383 0.7942200557103064 0.5784574468085106 0.7813370473537604 0.5711436170212766 0.7691504178272981 0.5784574468085106 0.7541782729805014 0.5777925531914894 0.746866295264624 0.5824468085106383
21 0.6841922005571031 0.5950797872340425 0.6977715877437326 0.6017287234042553 0.7329387186629527 0.5950797872340425 0.7392061281337048 0.5950797872340425 0.7444289693593314 0.6356382978723404 0.7416434540389972 0.6555851063829787 0.7503481894150418 0.7061170212765957 0.7587047353760445 0.78125 0.7587047353760445 0.8111702127659575 0.7357242339832869 0.824468085106383 0.7169220055710307 0.8277925531914894 0.7113509749303621 0.7978723404255319 0.6953342618384402 0.7147606382978723 0.6908077994428969 0.675531914893617 0.6834958217270195 0.6522606382978723 0.6789693593314763 0.6276595744680851 0.6789693593314763 0.6043882978723404
20 0.6497214484679665 0.6017287234042553 0.6333565459610028 0.617686170212766 0.6441504178272981 0.6522606382978723 0.6535515320334262 0.706781914893617 0.6636490250696379 0.8011968085106383 0.6636490250696379 0.8337765957446809 0.697075208913649 0.8271276595744681 0.6915041782729805 0.7393617021276596 0.6845403899721448 0.6662234042553191 0.6817548746518106 0.6150265957446809 0.6765320334261838 0.5970744680851063 0.6709610027855153 0.5970744680851063
19 0.6149025069637883 0.601063829787234 0.6013231197771588 0.620345744680851 0.6068941504178273 0.6934840425531915 0.6131615598885793 0.7686170212765957 0.6131615598885793 0.8337765957446809 0.6444986072423399 0.8477393617021277 0.6556406685236769 0.8184840425531915 0.6504178272980501 0.6735372340425532 0.6406685236768802 0.601063829787234
18 0.5825208913649025 0.598404255319149 0.5665041782729805 0.6402925531914894 0.5685933147632312 0.8204787234042553 0.6096796657381616 0.8291223404255319 0.6048050139275766 0.7313829787234043 0.6044568245125348 0.6522606382978723 0.6051532033426184 0.6110372340425532 0.5908774373259053 0.598404255319149
17 0.5414345403899722 0.5964095744680851 0.54491643454039 0.6901595744680851 0.5261142061281338 0.8038563829787234 0.5490947075208914 0.8264627659574468 0.5675487465181058 0.7280585106382979 0.5724233983286908 0.6436170212765957 0.575208913649025 0.5970744680851063 0.557799442896936 0.5877659574468085
16 0.5275069637883009 0.581781914893617 0.5442200557103064 0.5844414893617021 0.5438718662952646 0.6416223404255319 0.5299442896935933 0.7825797872340425 0.5264623955431755 0.8105053191489362 0.508008356545961 0.7945478723404256 0.512883008356546 0.7247340425531915 0.5201949860724234 0.6748670212765957 0.5188022284122563 0.6389627659574468 0.5198467966573816 0.5970744680851063
24 0.4961699164345404 0.5757978723404256 0.5250696378830083 0.5844414893617021 0.5114902506963789 0.7659574468085106 0.5052228412256268 0.8178191489361702 0.4881615598885794 0.8144946808510638 0.48920612813370473 0.7386968085106383 0.491991643454039 0.663563829787234 0.49442896935933145 0.605718085106383
25 0.47040389972144847 0.5944148936170213 0.46274373259052926 0.6183510638297872 0.4676183844011142 0.6469414893617021 0.467966573816156 0.7513297872340425 0.467966573816156 0.7958776595744681 0.467966573816156 0.8151595744680851 0.48676880222841223 0.817154255319149 0.4937325905292479 0.632313829787234 0.49686629526462395 0.5997340425531915 0.47701949860724235 0.5871010638297872
26 0.41991643454038996 0.8184840425531915 0.4428969359331476 0.8384308510638298 0.4658774373259053 0.6888297872340425 0.46935933147632314 0.6230053191489362 0.45403899721448465 0.598404255319149 0.4418523676880223 0.6043882978723404 0.43558495821727017 0.6356382978723404 0.43558495821727017 0.6781914893617021 0.4258356545961003 0.7353723404255319 0.4206128133704735 0.7686170212765957 0.41469359331476324 0.8125
27 0.42409470752089135 0.613031914893617 0.431058495821727 0.6329787234042553 0.43802228412256267 0.651595744680851 0.40564066852367686 0.8457446808510638 0.37604456824512533 0.8417553191489362 0.38997214484679665 0.7273936170212766 0.3986768802228412 0.6688829787234043 0.40564066852367686 0.617686170212766
28 0.3464484679665738 0.8344414893617021 0.3659470752089137 0.8464095744680851 0.3892757660167131 0.7539893617021277 0.41051532033426186 0.6462765957446809 0.4136490250696379 0.6236702127659575 0.3892757660167131 0.6103723404255319 0.3774373259052925 0.6063829787234043 0.36629526462395545 0.6163563829787234 0.3645543175487465 0.6775265957446809 0.35480501392757663 0.7506648936170213 0.3513231197771588 0.7938829787234043
29 0.31720055710306405 0.6023936170212766 0.3102367688022284 0.613031914893617 0.30919220055710306 0.6662234042553191 0.2841225626740947 0.8058510638297872 0.28064066852367686 0.8324468085106383 0.3112813370473538 0.8550531914893617 0.3311281337047354 0.8650265957446809 0.3485376044568245 0.7559840425531915 0.36002785515320335 0.6781914893617021 0.3725626740947075 0.6223404255319149 0.3527158774373259 0.6070478723404256 0.3283426183844011 0.6037234042553191
30 0.28133704735376047 0.6017287234042553 0.30292479108635095 0.6023936170212766 0.310933147632312 0.6230053191489362 0.30362116991643456 0.6722074468085106 0.29143454038997213 0.7340425531914894 0.2681058495821727 0.8277925531914894 0.21100278551532034 0.793218085106383 0.2395543175487465 0.6961436170212766 0.2479108635097493 0.6688829787234043 0.2479108635097493 0.6230053191489362 0.2552228412256267 0.5944148936170213 0.26323119777158777 0.5917553191489362 0.27019498607242337 0.5897606382978723
31 0.17096100278551532 0.65625 0.1932451253481894 0.629654255319149 0.21065459610027856 0.5784574468085106 0.233983286908078 0.5964095744680851 0.24442896935933148 0.6329787234042553 0.25069637883008355 0.651595744680851 0.24825905292479108 0.6821808510638298 0.2217966573816156 0.7014627659574468 0.18071030640668523 0.7446808510638298 0.15842618384401114 0.6728723404255319
8 0.5139275766016713 0.3257978723404255 0.5435236768802229 0.33111702127659576 0.557799442896936 0.5159574468085106 0.5584958217270195 0.5492021276595744 0.5504874651810585 0.5704787234042553 0.5198467966573816 0.5691489361702128 0.5174094707520891 0.5206117021276596
9 0.549791086350975 0.3324468085106383 0.5783426183844012 0.3304521276595745 0.5786908077994429 0.4029255319148936 0.5922701949860725 0.4953457446808511 0.5950557103064067 0.504654255319149 0.5957520891364902 0.5378989361702128 0.5870473537604457 0.5511968085106383 0.5738161559888579 0.5571808510638298 0.5658077994428969 0.5571808510638298 0.557799442896936 0.5492021276595744 0.5463091922005571 0.35305851063829785
10 0.6027158774373259 0.3337765957446808 0.6406685236768802 0.3377659574468085 0.6295264623955432 0.4162234042553192 0.6288300835654597 0.4820478723404255 0.6354456824512534 0.5352393617021277 0.6284818941504178 0.5465425531914894 0.625 0.5611702127659575 0.616991643454039 0.5591755319148937 0.612116991643454 0.5731382978723404 0.6061977715877437 0.5678191489361702 0.5947075208913649 0.5511968085106383 0.5894846796657381 0.5272606382978723 0.5933147632311978 0.4953457446808511 0.5971448467966574 0.4714095744680851
11 0.6305710306406686 0.34441489361702127 0.6598189415041783 0.34308510638297873 0.6504178272980501 0.35904255319148937 0.6497214484679665 0.37300531914893614 0.6598189415041783 0.4574468085106383 0.666782729805014 0.5392287234042553 0.6535515320334262 0.5684840425531915 0.6284818941504178 0.5452127659574468 0.6243036211699164 0.5252659574468085 0.6284818941504178 0.4421542553191489 0.6354456824512534 0.36103723404255317
12 0.6709610027855153 0.3497340425531915 0.6956824512534819 0.3523936170212766 0.6880222841225627 0.39694148936170215 0.6967270194986073 0.47805851063829785 0.7033426183844012 0.5299202127659575 0.7033426183844012 0.5485372340425532 0.682799442896936 0.5678191489361702 0.666782729805014 0.5465425531914894 0.6660863509749304 0.5179521276595744 0.6685236768802229 0.48271276595744683
13 0.7176183844011143 0.3617021276595745 0.7538300835654597 0.35970744680851063 0.7465181058495822 0.39893617021276595 0.7444289693593314 0.43949468085106386 0.7590529247910863 0.5 0.7587047353760445 0.5485372340425532 0.7479108635097493 0.5585106382978723 0.7402506963788301 0.5418882978723404 0.7332869080779945 0.5472074468085106 0.7280640668523677 0.5498670212765957 0.7214484679665738 0.5571808510638298 0.7127437325905293 0.5452127659574468 0.7029944289693594 0.5405585106382979
14 0.7552228412256268 0.35771276595744683 0.745125348189415 0.3896276595744681 0.746866295264624 0.4375 0.7677576601671309 0.48470744680851063 0.7862116991643454 0.47805851063829785 0.7921309192200557 0.4607712765957447 0.8071030640668524 0.4640957446808511 0.8102367688022284 0.45146276595744683 0.8001392757660167 0.40757978723404253 0.7802924791086351 0.36103723404255317
0 0.47458217270194986 0.3238031914893617 0.5135793871866295 0.32845744680851063 0.5111420612813371 0.48470744680851063 0.5142757660167131 0.5066489361702128 0.5181058495821727 0.5691489361702128 0.5125348189415042 0.5731382978723404 0.49442896935933145 0.5724734042553191 0.48746518105849584 0.5757978723404256 0.4780640668523677 0.5591755319148937 0.479108635097493 0.4753989361702128 0.479108635097493 0.3849734042553192
1 0.435933147632312 0.34308510638297873 0.46448467966573814 0.3384308510638298 0.467966573816156 0.40757978723404253 0.47318941504178275 0.4740691489361702 0.47701949860724235 0.5066489361702128 0.479108635097493 0.5498670212765957 0.46901114206128136 0.5525265957446809 0.4616991643454039 0.5545212765957447 0.4543871866295265 0.5525265957446809 0.45264623955431754 0.5332446808510638 0.4491643454038997 0.507313829787234 0.4495125348189415 0.48271276595744683
2 0.3997214484679666 0.32845744680851063 0.42479108635097496 0.3257978723404255 0.44080779944289694 0.4474734042553192 0.44463788300835655 0.4920212765957447 0.45090529247910865 0.5206117021276596 0.44463788300835655 0.5611702127659575 0.44045961002785516 0.5711436170212766 0.4352367688022284 0.5678191489361702 0.42827298050139273 0.5704787234042553 0.41852367688022285 0.5498670212765957 0.4178272980501393 0.5106382978723404
3 0.3736072423398329 0.34441489361702127 0.3917130919220056 0.34308510638297873 0.407033426183844 0.48271276595744683 0.4171309192200557 0.5113031914893617 0.42096100278551535 0.5372340425531915 0.41852367688022285 0.5538563829787234 0.41086350974930363 0.5631648936170213 0.3986768802228412 0.5611702127659575 0.39240947075208915 0.5332446808510638 0.38753481894150416 0.488031914893617 0.37848189415041783 0.4002659574468085
4 0.34018105849582175 0.3351063829787234 0.36768802228412256 0.3357712765957447 0.36246518105849584 0.3716755319148936 0.3708217270194986 0.4242021276595745 0.3868384401114206 0.5226063829787234 0.391016713091922 0.5425531914893617 0.38091922005571033 0.5711436170212766 0.3631615598885794 0.5691489361702128 0.3568941504178273 0.5511968085106383 0.3568941504178273 0.5132978723404256 0.35236768802228413 0.41688829787234044
5 0.3147632311977716 0.3404255319148936 0.33948467966573814 0.3337765957446808 0.3447075208913649 0.4408244680851064 0.3485376044568245 0.5132978723404256 0.3544568245125348 0.5325797872340425 0.35341225626740946 0.5525265957446809 0.30919220055710306 0.5638297872340425 0.30013927576601673 0.5585106382978723 0.29979108635097496 0.5212765957446809 0.3064066852367688 0.5086436170212766 0.3050139275766017 0.34441489361702127
6 0.27298050139275765 0.34574468085106386 0.29770194986072424 0.3410904255319149 0.29770194986072424 0.4640957446808511 0.2966573816155989 0.5159574468085106 0.29979108635097496 0.5445478723404256 0.290041782729805 0.5691489361702128 0.28064066852367686 0.5771276595744681 0.2775069637883008 0.5664893617021277 0.26880222841225626 0.5545212765957447 0.2590529247910863 0.5591755319148937 0.2517409470752089 0.5452127659574468 0.24825905292479108 0.5159574468085106 0.26114206128133705 0.4833776595744681 0.262883008356546 0.45611702127659576
7 0.262883008356546 0.3291223404255319 0.2802924791086351 0.3683510638297872 0.27785515320334264 0.4195478723404255 0.2552228412256267 0.45944148936170215 0.23084958217270196 0.4541223404255319 0.22562674094707522 0.4242021276595745 0.2176183844011142 0.4195478723404255 0.21657381615598886 0.4015957446808511 0.25557103064066855 0.32845744680851063