0 0.4709030100334448 0.5509118541033434 0.4765886287625418 0.5668693009118541 0.5006688963210703 0.5638297872340425 0.5006688963210703 0.4946808510638298 0.49765886287625416 0.2857142857142857 0.4779264214046823 0.2887537993920973 0.47558528428093644 0.46808510638297873 0.4705685618729097 0.5250759878419453
1 0.44949832775919735 0.520516717325228 0.45016722408026755 0.5425531914893617 0.46588628762541806 0.5524316109422492 0.4762541806020067 0.5311550151975684 0.4762541806020067 0.46504559270516715 0.4879598662207358 0.2925531914893617 0.46923076923076923 0.29559270516717323 0.4545150501672241 0.44072948328267475
2 0.4250836120401338 0.5121580547112462 0.431438127090301 0.5425531914893617 0.44381270903010034 0.5493920972644377 0.4528428093645485 0.5121580547112462 0.45852842809364547 0.44756838905775076 0.46020066889632105 0.27279635258358664 0.4394648829431438 0.2682370820668693 0.4351170568561873 0.38753799392097266
3 0.40468227424749165 0.4992401215805471 0.41304347826086957 0.5296352583586627 0.4250836120401338 0.5106382978723404 0.4287625418060201 0.5189969604863222 0.4387959866220736 0.5091185410334347 0.4431438127090301 0.46048632218844987 0.44214046822742475 0.24848024316109424 0.4160535117056856 0.27811550151975684 0.41036789297658866 0.43465045592705165
4 0.38528428093645484 0.48328267477203646 0.39096989966555185 0.5075987841945289 0.40301003344481606 0.5106382978723404 0.41438127090301 0.4992401215805471 0.4217391304347826 0.4574468085106383 0.4217391304347826 0.24088145896656535 0.4040133779264214 0.24696048632218845 0.3933110367892977 0.43009118541033436
5 0.35250836120401335 0.4703647416413374 0.3575250836120401 0.49772036474164133 0.3705685618729097 0.4848024316109423 0.3832775919732441 0.5075987841945289 0.39531772575250834 0.4946808510638298 0.4003344481605351 0.46048632218844987 0.3939799331103679 0.3761398176291793 0.3933110367892977 0.22112462006079028 0.37525083612040133 0.23252279635258358 0.3568561872909699 0.31458966565349544 0.3575250836120401 0.4088145896656535
6 0.31270903010033446 0.4430091185410334 0.32341137123745817 0.4810030395136778 0.3347826086956522 0.49240121580547114 0.34983277591973244 0.48328267477203646 0.35819397993311036 0.4635258358662614 0.3625418060200669 0.4133738601823708 0.3612040133779264 0.371580547112462 0.36387959866220737 0.29407294832826747 0.3468227424749164 0.21808510638297873 0.3220735785953177 0.22948328267477203 0.32642140468227426 0.3472644376899696 0.3214046822742475 0.39285714285714285 0.3140468227424749 0.4278115501519757
8 0.5 0.5683890577507599 0.5277591973244147 0.5683890577507599 0.5290969899665552 0.48328267477203646 0.525418060200669 0.30547112462006076 0.49933110367892974 0.30547112462006076 0.5050167224080268 0.44756838905775076
9 0.5311036789297658 0.5478723404255319 0.5411371237458193 0.5569908814589666 0.5474916387959866 0.5539513677811551 0.5518394648829431 0.4908814589665654 0.5361204013377926 0.2925531914893617 0.5260869565217391 0.29711246200607905 0.5270903010033445 0.49620060790273557
10 0.545484949832776 0.5091185410334347 0.5491638795986622 0.5349544072948328 0.5555183946488295 0.5509118541033434 0.565886287625418 0.5638297872340425 0.5765886287625418 0.5235562310030395 0.5581939799331104 0.26443768996960487 0.5431438127090301 0.2712765957446808 0.545484949832776 0.4703647416413374
11 0.5588628762541806 0.4908814589665654 0.5652173913043478 0.5182370820668692 0.5759197324414715 0.526595744680851 0.580267558528428 0.5425531914893617 0.5923076923076923 0.5281155015197568 0.5903010033444817 0.4734042553191489 0.5675585284280936 0.25379939209726443 0.5468227424749164 0.2796352583586626 0.5595317725752509 0.418693009118541 0.560200668896321 0.4688449848024316
12 0.5832775919732441 0.44072948328267475 0.5826086956521739 0.48936170212765956 0.5826086956521739 0.5091185410334347 0.5953177257525084 0.5167173252279635 0.5996655518394649 0.5182370820668692 0.6060200668896321 0.526595744680851 0.6207357859531772 0.4946808510638298 0.6157190635451505 0.46504559270516715 0.6036789297658863 0.3700607902735562 0.5966555183946488 0.25379939209726443 0.5789297658862876 0.25835866261398177
13 0.6016722408026756 0.46656534954407297 0.6036789297658863 0.3890577507598784 0.6214046822742475 0.26975683890577506 0.6377926421404683 0.27811550151975684 0.6394648829431439 0.3958966565349544 0.6491638795986622 0.439209726443769 0.6521739130434783 0.4688449848024316 0.6491638795986622 0.4992401215805471 0.6394648829431439 0.5022796352583586 0.6321070234113713 0.49620060790273557 0.6160535117056856 0.5007598784194529 0.6023411371237458 0.48632218844984804
14 0.6635451505016723 0.4908814589665654 0.6471571906354515 0.479483282674772 0.6381270903010033 0.446048632218845 0.6364548494983278 0.3943768996960486 0.6301003344481605 0.3533434650455927 0.631438127090301 0.2857142857142857 0.6484949832775919 0.28419452887537994 0.6585284280936455 0.36322188449848025 0.6705685618729097 0.3890577507598784 0.68561872909699 0.4247720364741641 0.6862876254180602 0.4551671732522796 0.6762541806020067 0.4551671732522796 0.6705685618729097 0.4810030395136778
15 0.6933110367892976 0.43009118541033436 0.6762541806020067 0.41793313069908816 0.6635451505016723 0.3905775075987842 0.6508361204013378 0.3556231003039514 0.637123745819398 0.2773556231003039 0.6591973244147157 0.2613981762917933 0.6665551839464883 0.2857142857142857 0.6779264214046823 0.3183890577507599 0.6919732441471572 0.33890577507598785 0.7063545150501672 0.35714285714285715 0.711371237458194 0.3791793313069909 0.7096989966555184 0.3974164133738602 0.705685618729097 0.4088145896656535 0.7013377926421405 0.44072948328267475
16 0.5013377926421405 0.581306990881459 0.5227424749163879 0.5851063829787234 0.5210702341137123 0.6580547112462006 0.5220735785953178 0.7986322188449848 0.5133779264214047 0.8001519756838906
17 0.5220735785953178 0.5820668693009119 0.5411371237458193 0.5797872340425532 0.5461538461538461 0.6041033434650456 0.5418060200668896 0.6580547112462006 0.5367892976588629 0.8031914893617021 0.5260869565217391 0.7963525835866262
18 0.5431438127090301 0.6071428571428571 0.5491638795986622 0.5851063829787234 0.5595317725752509 0.5851063829787234 0.5652173913043478 0.6185410334346505 0.5745819397993311 0.7188449848024316 0.5645484949832776 0.8077507598784195 0.5431438127090301 0.8100303951367781 0.5411371237458193 0.6527355623100304
19 0.5682274247491639 0.6572948328267477 0.5568561872909699 0.5995440729483282 0.5638795986622074 0.5767477203647416 0.5732441471571906 0.5554711246200608 0.5846153846153846 0.5752279635258358 0.5939799331103679 0.6382978723404256 0.5979933110367893 0.790273556231003 0.5826086956521739 0.7948328267477204
20 0.5973244147157191 0.6785714285714286 0.5826086956521739 0.6124620060790273 0.57123745819398 0.5577507598784195 0.5795986622073579 0.5478723404255319 0.5959866220735786 0.541033434650456 0.6060200668896321 0.5653495440729484 0.6093645484949832 0.6155015197568389 0.6270903010033445 0.7948328267477204 0.6110367892976588 0.8047112462006079
21 0.6193979933110368 0.6512158054711246 0.6110367892976588 0.6170212765957447 0.6036789297658863 0.5965045592705167 0.5966555183946488 0.5524316109422492 0.5979933110367893 0.5250759878419453 0.61438127090301 0.526595744680851 0.6207357859531772 0.5250759878419453 0.6294314381270903 0.5151975683890577 0.6414715719063545 0.5189969604863222 0.6491638795986622 0.5554711246200608 0.651505016722408 0.601063829787234 0.6755852842809364 0.7613981762917933 0.6494983277591974 0.770516717325228
22 0.6648829431438127 0.6337386018237082 0.6578595317725753 0.5911854103343465 0.6491638795986622 0.581306990881459 0.6434782608695652 0.5463525835866262 0.6434782608695652 0.5189969604863222 0.6471571906354515 0.4939209726443769 0.6642140468227424 0.48632218844984804 0.677257525083612 0.4817629179331307 0.6876254180602007 0.4817629179331307 0.6983277591973244 0.5037993920972644 0.6996655518394649 0.5569908814589666 0.7006688963210702 0.6041033434650456 0.7297658862876254 0.7074468085106383 0.7076923076923077 0.7226443768996961 0.6762541806020067 0.6595744680851063
23 0.7190635451505016 0.5980243161094225 0.7153846153846154 0.5721884498480243 0.705685618729097 0.5638297872340425 0.6943143812709031 0.5425531914893617 0.6949832775919732 0.5075987841945289 0.705685618729097 0.4810030395136778 0.7163879598662207 0.479483282674772 0.7247491638795986 0.4734042553191489 0.7331103678929766 0.46504559270516715 0.7461538461538462 0.5022796352583586 0.7494983277591973 0.5364741641337386 0.777257525083612 0.6025835866261399 0.7608695652173914 0.6542553191489362 0.722742474916388 0.6238601823708206
24 0.48127090301003345 0.5767477203647416 0.5006688963210703 0.5820668693009119 0.5070234113712374 0.668693009118541 0.5020066889632107 0.8092705167173252 0.4899665551839465 0.8031914893617021
25 0.4591973244147157 0.5721884498480243 0.4862876254180602 0.5706686930091185 0.48294314381270903 0.6671732522796353 0.48695652173913045 0.8077507598784195 0.474247491638796 0.8115501519756839 0.4678929765886288 0.648176291793313 0.459866220735786 0.6041033434650456
26 0.43745819397993313 0.6382978723404256 0.44581939799331105 0.5896656534954408 0.459866220735786 0.5699088145896657 0.46020066889632105 0.6253799392097265 0.4665551839464883 0.6580547112462006 0.462876254180602 0.7142857142857143 0.45852842809364547 0.8229483282674772 0.43645484949832775 0.8115501519756839 0.4331103678929766 0.702887537993921
27 0.41304347826086957 0.6709726443768997 0.4160535117056856 0.5980243161094225 0.4274247491638796 0.5463525835866262 0.44013377926421404 0.5592705167173252 0.44581939799331105 0.5706686930091185 0.4545150501672241 0.5995440729483282 0.4431438127090301 0.6466565349544073 0.4331103678929766 0.7218844984802432 0.4287625418060201 0.7986322188449848 0.41304347826086957 0.7743161094224924
28 0.39732441471571905 0.6413373860182371 0.39732441471571905 0.581306990881459 0.40668896321070236 0.5364741641337386 0.4180602006688963 0.5395136778115501 0.42575250836120404 0.5509118541033434 0.437123745819398 0.5509118541033434 0.4331103678929766 0.5965045592705167 0.42073578595317723 0.6329787234042553 0.4016722408026756 0.7819148936170213 0.3839464882943144 0.7629179331306991
29 0.3448160535117057 0.7355623100303952 0.3605351170568562 0.6071428571428571 0.3595317725752508 0.5448328267477204 0.36822742474916387 0.5189969604863222 0.3876254180602007 0.5220364741641338 0.39732441471571905 0.5296352583586627 0.41036789297658866 0.5425531914893617 0.4153846153846154 0.5638297872340425 0.40936454849498327 0.5995440729483282 0.39665551839464885 0.6413373860182371 0.38896321070234113 0.7074468085106383 0.35618729096989965 0.7689969604863222
30 0.32341137123745817 0.71580547112462 0.342809364548495 0.6816109422492401 0.35551839464882945 0.6071428571428571 0.36187290969899666 0.5767477203647416 0.3668896321070234 0.5379939209726444 0.3688963210702341 0.506079027355623 0.3568561872909699 0.5022796352583586 0.3354515050167224 0.4992401215805471 0.3204013377926421 0.5007598784194529 0.3083612040133779 0.5106382978723404 0.311371237458194 0.5296352583586627 0.3157190635451505 0.5851063829787234 0.3157190635451505 0.6238601823708206 0.3020066889632107 0.6968085106382979 0.30133779264214045 0.7256838905775076
31 0.24381270903010033 0.5949848024316109 0.2749163879598662 0.628419452887538 0.2862876254180602 0.6314589665653495 0.31270903010033446 0.6238601823708206 0.3197324414715719 0.6109422492401215 0.3197324414715719 0.5797872340425532 0.3147157190635452 0.560790273556231 0.3157190635451505 0.513677811550152 0.2929765886287625 0.5121580547112462 0.24782608695652175 0.5334346504559271 0.22608695652173913 0.5425531914893617 0.22675585284280936 0.581306990881459