0 0.4703626220362622 0.6316489361702128 0.5233612273361228 0.6170212765957447 0.5083682008368201 0.5299202127659575 0.48430962343096234 0.3996010638297872 0.4679218967921897 0.40425531914893614 0.4714086471408647 0.5372340425531915
1 0.44735006973500696 0.6196808510638298 0.4703626220362622 0.629654255319149 0.4829149232914923 0.6123670212765957 0.45885634588563456 0.4261968085106383 0.4424686192468619 0.42353723404255317 0.44630404463040446 0.5425531914893617
2 0.4121338912133891 0.5857712765957447 0.4194560669456067 0.6170212765957447 0.4424686192468619 0.6363031914893617 0.4525801952580195 0.6003989361702128 0.448744769874477 0.5565159574468085 0.42608089260808923 0.39228723404255317 0.4121338912133891 0.39694148936170215
3 0.3776150627615063 0.5930851063829787 0.4006276150627615 0.6243351063829787 0.4194560669456067 0.5784574468085106 0.41841004184100417 0.5398936170212766 0.3992329149232915 0.41888297872340424 0.3842398884239888 0.42154255319148937 0.3877266387726639 0.5179521276595744
4 0.3458856345885635 0.5811170212765957 0.3573919107391911 0.6123670212765957 0.3737796373779637 0.6097074468085106 0.39435146443514646 0.5831117021276596 0.38145048814504884 0.5159574468085106 0.3688981868898187 0.4288563829787234 0.35355648535564854 0.4261968085106383 0.35251046025104604 0.5252659574468085
5 0.297768479776848 0.5565159574468085 0.30404463040446306 0.5977393617021277 0.31311018131101814 0.5957446808510638 0.32322175732217573 0.5930851063829787 0.32810320781032076 0.6030585106382979 0.351115760111576 0.6003989361702128 0.3573919107391911 0.5638297872340425 0.344839609483961 0.3996010638297872 0.32705718270571826 0.39228723404255317 0.31311018131101814 0.5059840425531915
6 0.253486750348675 0.5159574468085106 0.25488145048814503 0.5565159574468085 0.2674337517433752 0.5638297872340425 0.2813807531380753 0.5857712765957447 0.3054393305439331 0.5638297872340425 0.3068340306834031 0.49867021276595747 0.3092747559274756 0.4288563829787234 0.2914923291492329 0.40226063829787234 0.2723152022315202 0.47938829787234044
7 0.23570432357043236 0.36103723404255317 0.23430962343096234 0.40425531914893614 0.2611576011157601 0.4574468085106383 0.2890516039051604 0.4261968085106383 0.297768479776848 0.3849734042553192 0.27370990237099024 0.33444148936170215 0.24721059972105996 0.33444148936170215
8 0.5055788005578801 0.6230053191489362 0.5523012552301255 0.6196808510638298 0.5418410041841004 0.40757978723404253 0.5209205020920502 0.40625
9 0.5460251046025104 0.6103723404255319 0.5847280334728033 0.605718085106383 0.5753138075313807 0.5226063829787234 0.5728730822873083 0.4015957446808511 0.5547419804741981 0.40492021276595747 0.5425383542538355 0.5751329787234043
10 0.5753138075313807 0.5811170212765957 0.5871687587168759 0.6136968085106383 0.6042538354253836 0.605718085106383 0.6164574616457462 0.5498670212765957 0.601115760111576 0.37566489361702127 0.5840306834030683 0.37367021276595747 0.5760111576011158 0.47606382978723405
11 0.600418410041841 0.5425531914893617 0.6059972105997211 0.5811170212765957 0.6164574616457462 0.5857712765957447 0.6269177126917713 0.5964095744680851 0.6520223152022315 0.5751329787234043 0.6426080892608089 0.5132978723404256 0.6415620641562064 0.4122340425531915 0.6255230125523012 0.4109042553191489 0.6133193863319386 0.4946808510638298
12 0.6377266387726639 0.5405585106382979 0.6401673640167364 0.5797872340425532 0.6799163179916318 0.5857712765957447 0.6799163179916318 0.5252659574468085 0.6642259414225942 0.40625 0.643305439330544 0.40625 0.6426080892608089 0.5086436170212766
13 0.6732914923291492 0.5452127659574468 0.6813110181311018 0.5764627659574468 0.6976987447698745 0.5777925531914894 0.7074616457461645 0.5638297872340425 0.7241980474198048 0.5625 0.7325662482566249 0.5146276595744681 0.705718270571827 0.37566489361702127 0.6774755927475593 0.39561170212765956 0.6781729428172942 0.4973404255319149
14 0.7266387726638772 0.5285904255319149 0.75278940027894 0.5545212765957447 0.7632496513249651 0.5345744680851063 0.7803347280334728 0.5132978723404256 0.7737099023709902 0.45611702127659576 0.75418410041841 0.3617021276595745 0.7186192468619247 0.37367021276595747 0.7259414225941423 0.46675531914893614
16 0.5055788005578801 0.6582446808510638 0.5373082287308228 0.6389627659574468 0.5509065550906556 0.8025265957446809 0.5341701534170153 0.8091755319148937
17 0.5341701534170153 0.6529255319148937 0.5502092050209205 0.6389627659574468 0.5739191073919108 0.651595744680851 0.5725244072524407 0.7061170212765957 0.5889121338912134 0.8158244680851063 0.5679916317991632 0.8218085106382979
18 0.5638075313807531 0.6502659574468085 0.5875174337517434 0.6243351063829787 0.6070432357043236 0.6376329787234043 0.6098326359832636 0.7134308510638298 0.6241283124128313 0.8284574468085106 0.6063458856345886 0.8404255319148937 0.5732217573221757 0.6941489361702128 0.5645048814504882 0.6775265957446809
19 0.602510460251046 0.6542553191489362 0.6105299860529986 0.648936170212766 0.6206415620641562 0.6336436170212766 0.6307531380753139 0.6402925531914894 0.6457461645746164 0.6389627659574468 0.6464435146443515 0.6748670212765957 0.6443514644351465 0.7074468085106383 0.657252440725244 0.8118351063829787 0.6443514644351465 0.8204787234042553 0.6140167364016736 0.7061170212765957
20 0.6328451882845189 0.6449468085106383 0.6802649930264993 0.6230053191489362 0.7112970711297071 0.805186170212766 0.6990934449093444 0.8118351063829787 0.652370990237099 0.6954787234042553 0.6394700139470014 0.6735372340425532
21 0.6736401673640168 0.629654255319149 0.7304741980474198 0.5910904255319149 0.7426778242677824 0.663563829787234 0.7716178521617852 0.7666223404255319 0.7405857740585774 0.8011968085106383 0.7081589958158996 0.7446808510638298 0.6976987447698745 0.699468085106383 0.6795676429567643 0.6569148936170213
22 0.7245467224546722 0.6023936170212766 0.7388423988842399 0.5731382978723404 0.7555788005578801 0.5691489361702128 0.7653417015341701 0.5525265957446809 0.791492329149233 0.5857712765957447 0.794281729428173 0.6283244680851063 0.8253138075313807 0.7094414893617021 0.796373779637378 0.7393617021276596 0.7604602510460251 0.6901595744680851 0.7510460251046025 0.6595744680851063 0.7332635983263598 0.6376329787234043
23 0.7862622036262203 0.6389627659574468 0.8029986052998606 0.5704787234042553 0.8281032078103208 0.5691489361702128 0.8532078103207811 0.6389627659574468 0.8430962343096234 0.6888297872340425 0.8152022315202232 0.6708776595744681 0.794281729428173 0.663563829787234
24 0.48465829846582986 0.6569148936170213 0.5149930264993027 0.6402925531914894 0.5156903765690377 0.7832446808510638 0.49616457461645747 0.788563829787234 0.4839609483960948 0.6981382978723404
25 0.451534170153417 0.6555851063829787 0.49128312412831243 0.6436170212765957 0.4825662482566248 0.8324468085106383 0.4609483960948396 0.8311170212765957
26 0.4215481171548117 0.6476063829787234 0.46234309623430964 0.6502659574468085 0.4393305439330544 0.8503989361702128 0.42433751743375175 0.8490691489361702
27 0.40550906555090654 0.651595744680851 0.43235704323570434 0.6655585106382979 0.3985355648535565 0.8450797872340425 0.3804044630404463 0.8351063829787234 0.3842398884239888 0.7047872340425532 0.38354253835425384 0.6622340425531915
28 0.350418410041841 0.648936170212766 0.3776150627615063 0.6389627659574468 0.39330543933054396 0.6695478723404256 0.3797071129707113 0.71875 0.34902370990237097 0.8583776595744681 0.3288005578800558 0.84375 0.34797768479776847 0.7034574468085106
29 0.301255230125523 0.6183510638297872 0.3633193863319386 0.6502659574468085 0.350418410041841 0.699468085106383 0.33577405857740583 0.7227393617021277 0.32496513249651326 0.7792553191489362 0.29916317991631797 0.8297872340425532 0.2684797768479777 0.8065159574468085 0.27824267782426776 0.7420212765957447 0.29358437935843795 0.6855053191489362
30 0.26778242677824265 0.581781914893617 0.2820781032078103 0.601063829787234 0.29567642956764295 0.6103723404255319 0.3064853556485356 0.6449468085106383 0.29567642956764295 0.6735372340425532 0.28417015341701535 0.6841755319148937 0.26778242677824265 0.7313829787234043 0.23535564853556484 0.7639627659574468 0.21582984658298465 0.738031914893617 0.23256624825662484 0.6722074468085106 0.24302649930264994 0.648936170212766 0.24476987447698745 0.613031914893617
31 0.21304044630404462 0.601063829787234 0.23744769874476987 0.5997340425531915 0.24232914923291493 0.629654255319149 0.2510460251046025 0.6595744680851063 0.23535564853556484 0.6968085106382979 0.2186192468619247 0.6968085106382979 0.19874476987447698 0.7107712765957447 0.18479776847977686 0.6815159574468085 0.19560669456066945 0.6349734042553191