0 0.4777327935222672 0.3514344262295082 0.4848178137651822 0.5010245901639344 0.4848178137651822 0.5522540983606558 0.4691295546558704 0.5543032786885246 0.46356275303643724 0.5532786885245902 0.45799595141700405 0.5399590163934426 0.4564777327935223 0.5194672131147541 0.4549595141700405 0.3463114754098361 0.47469635627530365 0.3422131147540984
1 0.4519230769230769 0.3401639344262295 0.4564777327935223 0.4262295081967213 0.4564777327935223 0.4918032786885246 0.4564777327935223 0.5461065573770492 0.4392712550607287 0.5502049180327869 0.4347165991902834 0.5399590163934426 0.4331983805668016 0.5235655737704918 0.4347165991902834 0.5092213114754098 0.4326923076923077 0.4077868852459016 0.4367408906882591 0.3350409836065574 0.4498987854251012 0.32991803278688525
2 0.430668016194332 0.33094262295081966 0.4367408906882591 0.4139344262295082 0.43623481781376516 0.4774590163934426 0.4342105263157895 0.514344262295082 0.42813765182186236 0.5399590163934426 0.4200404858299595 0.5420081967213115 0.41295546558704455 0.5348360655737705 0.4124493927125506 0.5184426229508197 0.4104251012145749 0.5061475409836066 0.41143724696356276 0.48668032786885246 0.4144736842105263 0.46209016393442626 0.4144736842105263 0.4262295081967213 0.4144736842105263 0.33299180327868855
3 0.4104251012145749 0.3094262295081967 0.4144736842105263 0.41290983606557374 0.41700404858299595 0.45184426229508196 0.4175101214574899 0.4692622950819672 0.4175101214574899 0.47950819672131145 0.4144736842105263 0.4918032786885246 0.41295546558704455 0.5010245901639344 0.4089068825910931 0.5112704918032787 0.4033400809716599 0.5235655737704918 0.39878542510121456 0.5256147540983607 0.3932186234817814 0.5174180327868853 0.39068825910931176 0.5081967213114754 0.3876518218623482 0.4989754098360656 0.39068825910931176 0.48565573770491804 0.39220647773279355 0.4733606557377049 0.39220647773279355 0.45491803278688525 0.3917004048582996 0.42110655737704916 0.3932186234817814 0.34938524590163933 0.3942307692307692 0.305327868852459
4 0.3932186234817814 0.3073770491803279 0.39220647773279355 0.4405737704918033 0.3932186234817814 0.4600409836065574 0.39271255060728744 0.4764344262295082 0.39068825910931176 0.48668032786885246 0.3866396761133603 0.4959016393442623 0.38208502024291496 0.507172131147541 0.37601214574898784 0.5112704918032787 0.3684210526315789 0.5122950819672131 0.3638663967611336 0.5092213114754098 0.3598178137651822 0.4989754098360656 0.35526315789473684 0.48463114754098363 0.35526315789473684 0.4702868852459016 0.3603238866396761 0.45184426229508196 0.36639676113360325 0.3698770491803279 0.3790485829959514 0.29610655737704916
5 0.3527327935222672 0.2817622950819672 0.36285425101214575 0.42315573770491804 0.3598178137651822 0.4569672131147541 0.3582995951417004 0.4713114754098361 0.3527327935222672 0.48565573770491804 0.3436234817813765 0.4887295081967213 0.3350202429149798 0.48360655737704916 0.3269230769230769 0.47438524590163933 0.319331983805668 0.46311475409836067 0.31781376518218624 0.4487704918032787 0.32186234817813764 0.4262295081967213 0.3243927125506073 0.4057377049180328 0.3243927125506073 0.36270491803278687 0.3233805668016194 0.29098360655737704
6 0.30465587044534415 0.2786885245901639 0.29605263157894735 0.35040983606557374 0.2839068825910931 0.4036885245901639 0.284919028340081 0.42315573770491804 0.2894736842105263 0.4354508196721312 0.2975708502024291 0.44672131147540983 0.3076923076923077 0.44979508196721313 0.3147773279352227 0.44979508196721313 0.32034412955465585 0.430327868852459 0.3243927125506073 0.4067622950819672 0.32388663967611336 0.3442622950819672 0.3243927125506073 0.29200819672131145
8 0.4782388663967611 0.3442622950819672 0.4848178137651822 0.5020491803278688 0.48582995951417 0.5563524590163934 0.5101214574898786 0.5522540983606558 0.5116396761133604 0.5348360655737705 0.5106275303643725 0.5040983606557377 0.506578947368421 0.45799180327868855 0.4974696356275304 0.3442622950819672
9 0.4964574898785425 0.3432377049180328 0.5080971659919028 0.47438524590163933 0.5101214574898786 0.507172131147541 0.5126518218623481 0.5358606557377049 0.5126518218623481 0.5440573770491803 0.5172064777327935 0.548155737704918 0.5247975708502024 0.5461065573770492 0.5293522267206477 0.5389344262295082 0.5334008097165992 0.5327868852459017 0.5328947368421053 0.514344262295082 0.5303643724696356 0.4948770491803279 0.52834008097166 0.4692622950819672 0.5156882591093117 0.33709016393442626
10 0.5227732793522267 0.32889344262295084 0.52834008097166 0.4600409836065574 0.52834008097166 0.4805327868852459 0.5313765182186235 0.5030737704918032 0.5354251012145749 0.5184426229508197 0.5384615384615384 0.5276639344262295 0.5425101214574899 0.5307377049180327 0.5480769230769231 0.5256147540983607 0.5521255060728745 0.5133196721311475 0.555668016194332 0.4918032786885246 0.5546558704453441 0.47848360655737704 0.5460526315789473 0.3790983606557377 0.5389676113360324 0.30635245901639346 0.5232793522267206 0.3073770491803279
11 0.5480769230769231 0.3125 0.5440283400809717 0.36475409836065575 0.5425101214574899 0.42008196721311475 0.5435222672064778 0.44774590163934425 0.5430161943319838 0.4600409836065574 0.5455465587044535 0.4774590163934426 0.5480769230769231 0.4887295081967213 0.5516194331983806 0.4979508196721312 0.5576923076923077 0.5061475409836066 0.5637651821862348 0.5092213114754098 0.569331983805668 0.507172131147541 0.5718623481781376 0.4979508196721312 0.5738866396761133 0.48770491803278687 0.5748987854251012 0.4692622950819672 0.5703441295546559 0.44672131147540983 0.5607287449392713 0.30635245901639346
12 0.5678137651821862 0.29098360655737704 0.5662955465587044 0.3760245901639344 0.5652834008097166 0.44672131147540983 0.5657894736842105 0.4805327868852459 0.5713562753036437 0.492827868852459 0.5779352226720648 0.5030737704918032 0.5855263157894737 0.5061475409836066 0.5910931174089069 0.5 0.5961538461538461 0.4805327868852459 0.597165991902834 0.4641393442622951 0.5915991902834008 0.4415983606557377 0.582995951417004 0.2858606557377049
13 0.5885627530364372 0.28688524590163933 0.5885627530364372 0.4180327868852459 0.5885627530364372 0.4405737704918033 0.5890688259109311 0.45491803278688525 0.5926113360323887 0.4723360655737705 0.5986842105263158 0.4887295081967213 0.6057692307692307 0.4969262295081967 0.6148785425101214 0.4979508196721312 0.6209514170040485 0.49077868852459017 0.6280364372469636 0.4805327868852459 0.6295546558704453 0.4661885245901639 0.6300607287449392 0.45491803278688525 0.6224696356275303 0.41700819672131145 0.6098178137651822 0.29405737704918034
14 0.611336032388664 0.27561475409836067 0.6163967611336032 0.3698770491803279 0.625 0.4293032786885246 0.6356275303643725 0.4661885245901639 0.645242914979757 0.46311475409836067 0.6578947368421053 0.44364754098360654 0.6624493927125507 0.4293032786885246 0.6654858299595142 0.4047131147540984 0.6573886639676113 0.3770491803278688 0.6477732793522267 0.3555327868852459 0.6422064777327935 0.32479508196721313 0.631578947368421 0.26434426229508196
16 0.47874493927125505 0.5829918032786885 0.479251012145749 0.6219262295081968 0.49139676113360325 0.764344262295082 0.5075910931174089 0.7592213114754098 0.49949392712550605 0.6444672131147541 0.5 0.5799180327868853 0.48431174089068824 0.5747950819672131 0.4782388663967611 0.5758196721311475
17 0.5075910931174089 0.5747950819672131 0.4979757085020243 0.5788934426229508 0.4979757085020243 0.6157786885245902 0.5091093117408907 0.764344262295082 0.5268218623481782 0.7592213114754098 0.5182186234817814 0.6424180327868853 0.521255060728745 0.576844262295082 0.5126518218623481 0.5727459016393442
18 0.5263157894736842 0.5625 0.5187246963562753 0.5850409836065574 0.5192307692307693 0.6465163934426229 0.5263157894736842 0.7838114754098361 0.548582995951417 0.7735655737704918 0.5435222672064778 0.6383196721311475 0.5409919028340081 0.5911885245901639 0.5404858299595142 0.5665983606557377 0.5354251012145749 0.5594262295081968
19 0.5501012145748988 0.5573770491803278 0.5409919028340081 0.5911885245901639 0.5445344129554656 0.6465163934426229 0.5475708502024291 0.7756147540983607 0.5683198380566802 0.7715163934426229 0.5678137651821862 0.6157786885245902 0.569331983805668 0.5963114754098361 0.5668016194331984 0.5788934426229508 0.5642712550607287 0.5655737704918032 0.5597165991902834 0.5594262295081968
20 0.5708502024291497 0.5594262295081968 0.5662955465587044 0.5665983606557377 0.562246963562753 0.5788934426229508 0.5652834008097166 0.5922131147540983 0.5683198380566802 0.6034836065573771 0.5814777327935222 0.7489754098360656 0.5986842105263158 0.7520491803278688 0.6077935222672065 0.7407786885245902 0.6032388663967612 0.6854508196721312 0.597165991902834 0.6301229508196722 0.5926113360323887 0.5727459016393442 0.5870445344129555 0.5502049180327869 0.5799595141700404 0.5491803278688525
24 0.4782388663967611 0.5737704918032787 0.4797570850202429 0.6290983606557377 0.49038461538461536 0.7838114754098361 0.4660931174089069 0.7858606557377049 0.4600202429149798 0.6137295081967213 0.4610323886639676 0.5686475409836066
25 0.45293522267206476 0.5655737704918032 0.43775303643724695 0.5799180327868853 0.4392712550607287 0.6034836065573771 0.4433198380566802 0.6823770491803278 0.4382591093117409 0.7633196721311475 0.4569838056680162 0.7715163934426229 0.46305668016194335 0.6813524590163934 0.4610323886639676 0.6065573770491803 0.4600202429149798 0.5645491803278688
26 0.4326923076923077 0.5573770491803278 0.4392712550607287 0.5788934426229508 0.4392712550607287 0.6055327868852459 0.4418016194331984 0.6823770491803278 0.4407894736842105 0.7674180327868853 0.4215587044534413 0.7704918032786885 0.4175101214574899 0.6147540983606558 0.41346153846153844 0.5942622950819673 0.4159919028340081 0.5778688524590164 0.4175101214574899 0.5665983606557377 0.4215587044534413 0.5594262295081968 0.4271255060728745 0.5532786885245902
27 0.4084008097165992 0.5502049180327869 0.4185222672064777 0.5799180327868853 0.4180161943319838 0.5963114754098361 0.4159919028340081 0.6096311475409836 0.41346153846153844 0.7817622950819673 0.38917004048583 0.7725409836065574 0.39271255060728744 0.6075819672131147 0.39068825910931176 0.5799180327868853 0.39068825910931176 0.5665983606557377 0.3967611336032389 0.5573770491803278 0.4033400809716599 0.5522540983606558
28 0.3861336032388664 0.5461065573770492 0.3790485829959514 0.5461065573770492 0.3714574898785425 0.5471311475409836 0.3694331983805668 0.555327868852459 0.3674089068825911 0.5676229508196722 0.36538461538461536 0.5788934426229508 0.34058704453441296 0.7172131147540983 0.36285425101214575 0.7438524590163934 0.3866396761133603 0.6188524590163934 0.3917004048582996 0.5932377049180327 0.3932186234817814 0.5870901639344263 0.395748987854251 0.576844262295082 0.3967611336032389 0.5645491803278688 0.39473684210526316 0.5491803278688525 0.39119433198380565 0.5440573770491803
29 0.35526315789473684 0.5204918032786885 0.3441295546558704 0.5122950819672131 0.34058704453441296 0.5122950819672131 0.33451417004048584 0.5133196721311475 0.33046558704453444 0.5235655737704918 0.3274291497975709 0.5358606557377049 0.2783400809716599 0.6639344262295082 0.3259109311740891 0.7213114754098361 0.3603238866396761 0.5922131147540983 0.36538461538461536 0.5778688524590164 0.3684210526315789 0.5676229508196722 0.37044534412955465 0.5563524590163934 0.3729757085020243 0.5430327868852459 0.3699392712550607 0.5307377049180327 0.3618421052631579 0.5225409836065574
30 0.3309716599190283 0.4969262295081967 0.32034412955465585 0.4805327868852459 0.3092105263157895 0.4641393442622951 0.29706477732793524 0.4600409836065574 0.2874493927125506 0.48463114754098363 0.2692307692307692 0.5133196721311475 0.2540485829959514 0.555327868852459 0.25101214574898784 0.6096311475409836 0.26417004048583 0.6342213114754098 0.2783400809716599 0.6342213114754098 0.291497975708502 0.6137295081967213 0.3021255060728745 0.5901639344262295 0.31224696356275305 0.5655737704918032 0.3243927125506073 0.5430327868852459 0.3314777327935223 0.5235655737704918 0.3360323886639676 0.5102459016393442 0.3350202429149798 0.4979508196721312
21 0.6032388663967612 0.5276639344262295 0.5915991902834008 0.5543032786885246 0.5941295546558705 0.5737704918032787 0.5976720647773279 0.6024590163934426 0.6568825910931174 0.6987704918032787 0.6857287449392713 0.6424180327868853 0.6558704453441295 0.5819672131147541 0.6381578947368421 0.5491803278688525 0.6305668016194332 0.5286885245901639 0.6194331983805668 0.5102459016393442 0.6088056680161943 0.5153688524590164
22 0.6346153846153846 0.4887295081967213 0.6285425101214575 0.5153688524590164 0.6310728744939271 0.5297131147540983 0.6381578947368421 0.5420081967213115 0.6568825910931174 0.5891393442622951 0.7105263157894737 0.6157786885245902 0.722165991902834 0.5563524590163934 0.680161943319838 0.5040983606557377 0.6675101214574899 0.4774590163934426 0.6553643724696356 0.46311475409836067 0.6472672064777328 0.46311475409836067 0.6396761133603239 0.47950819672131145