0 0.47050801227412203 0.45364741641337386 0.4681213774292533 0.49620060790273557 0.4688032730992158 0.520516717325228 0.47664507330378453 0.53419452887538 0.5035799522673031 0.5303951367781155 0.5056256392771906 0.5015197568389058 0.5046027957722469 0.43617021276595747 0.504943743607228 0.3700607902735562 0.504943743607228 0.32066869300911854 0.5046027957722469 0.2712765957446808 0.49676099556767817 0.22112462006079028 0.49232867371292194 0.19148936170212766 0.484145925673372 0.182370820668693 0.47834981247869074 0.2378419452887538 0.47050801227412203 0.44224924012158057
1 0.4408455506307535 0.4490881458966565 0.43914081145584727 0.4878419452887538 0.4480054551653597 0.5144376899696048 0.4626662120695534 0.5113981762917933 0.47118990794408455 0.4825227963525836 0.4684623252642346 0.378419452887538 0.4623252642345721 0.30243161094224924 0.4585748380497784 0.26063829787234044 0.446982611660416 0.21580547112462006 0.4408455506307535 0.23860182370820668 0.4408455506307535 0.31762917933130697
2 0.4074326628025912 0.46200607902735563 0.4047050801227412 0.49164133738601823 0.4125468803273099 0.526595744680851 0.42516195022161607 0.5349544072948328 0.43845891578588475 0.5106382978723404 0.4408455506307535 0.4878419452887538 0.43845891578588475 0.40577507598784196 0.4377770201159223 0.2872340425531915 0.4353903852710535 0.2393617021276596 0.43129901125127856 0.2188449848024316 0.42516195022161607 0.21504559270516718 0.41732015001704736 0.22796352583586627 0.4142516195022162 0.25227963525835867 0.41732015001704736 0.30775075987841943 0.4125468803273099 0.39285714285714285
3 0.38288441868394135 0.4756838905775076 0.37777020115922266 0.5098784194528876 0.38902147971360385 0.5281155015197568 0.40913740197749743 0.5197568389057751 0.41936583702693486 0.5 0.4145925673371974 0.42933130699088146 0.4125468803273099 0.3229483282674772 0.40981929764745995 0.2553191489361702 0.4067507671326287 0.23556231003039513 0.3995908625980225 0.23252279635258358 0.3914081145584726 0.2560790273556231 0.3914081145584726 0.30015197568389057 0.3856120013637913 0.43009118541033436
8 0.5046027957722469 0.4642857142857143 0.5039209001022843 0.5151975683890577 0.504943743607228 0.5319148936170213 0.5376747357654279 0.5303951367781155 0.5410842141152403 0.5220364741641338 0.5407432662802591 0.46580547112462006 0.5373337879304466 0.36854103343465044 0.5369928400954654 0.2887537993920973 0.5332424139106716 0.23708206686930092 0.5301738833958405 0.20212765957446807 0.5182407091714968 0.20212765957446807 0.511762700306853 0.22340425531914893 0.5124445959768156 0.31534954407294835
9 0.5400613706102966 0.46504559270516715 0.5397204227753154 0.5129179331306991 0.5475622229798841 0.53419452887538 0.5584725536992841 0.53419452887538 0.5683600409137401 0.5045592705167173 0.5632458233890215 0.4156534954407295 0.5632458233890215 0.3123100303951368 0.563927719058984 0.2629179331306991 0.5618820320490965 0.24696048632218845 0.5543811796795091 0.24468085106382978 0.5465393794749404 0.2735562310030395 0.5434708489601091 0.33966565349544076 0.5400613706102966 0.39209726443769
10 0.5646096147289464 0.4635258358662614 0.5649505625639277 0.5037993920972644 0.5710876235935902 0.5281155015197568 0.5789294237981589 0.5425531914893617 0.5918854415274463 0.5357142857142857 0.59836345039209 0.5243161094224924 0.59563586771224 0.4612462006079027 0.59018070235254 0.36322188449848025 0.5915444936924651 0.3290273556231003 0.5949539720422775 0.2689969604863222 0.5966587112171837 0.24848024316109424 0.5952949198772588 0.22644376899696048 0.5898397545175588 0.22188449848024316 0.5772246846232526 0.2454407294832827 0.5714285714285714 0.36246200607902734 0.5646096147289464 0.42629179331306993
11 0.5833617456529151 0.4764437689969605 0.5816570064780089 0.5197568389057751 0.5946130242072963 0.5440729483282675 0.6021138765768838 0.5372340425531915 0.6184793726559836 0.5493920972644377 0.6246164336856461 0.5349544072948328 0.6239345380156835 0.44984802431610943 0.6195022161609274 0.34422492401215804 0.6181384248210023 0.30851063829787234 0.6154108421411524 0.2621580547112462 0.6096147289464712 0.24772036474164133 0.5990453460620525 0.25379939209726443 0.5908625980225025 0.36246200607902734
12 0.6123423116263211 0.4848024316109423 0.6123423116263211 0.5106382978723404 0.6143879986362086 0.5303951367781155 0.6242754858506648 0.5379939209726444 0.6317763382202523 0.5417933130699089 0.6460961472894647 0.5425531914893617 0.6529151039890897 0.5296352583586627 0.651892260484146 0.4673252279635258 0.6460961472894647 0.385258358662614 0.640981929764746 0.3191489361702128 0.6348448687350835 0.27887537993920974 0.6290487555404023 0.2689969604863222 0.6191612683259461 0.27887537993920974 0.616092737811115 0.3958966565349544 0.6174565291510399 0.4490881458966565
16 0.5063075349471531 0.5638297872340425 0.5052846914422093 0.5911854103343465 0.5052846914422093 0.6633738601823708 0.5080122741220593 0.7788753799392097 0.5175588135015343 0.8077507598784195 0.5274463007159904 0.7917933130699089 0.5274463007159904 0.6633738601823708 0.5271053528810092 0.5987841945288754 0.5274463007159904 0.5699088145896657 0.5202863961813843 0.5623100303951368
17 0.5339243095806342 0.560790273556231 0.526764405046028 0.5699088145896657 0.5260825093760655 0.6063829787234043 0.5264234572110467 0.6861702127659575 0.5288100920559154 0.7689969604863222 0.5329014660756904 0.8115501519756839 0.5410842141152403 0.8115501519756839 0.5499488578247528 0.8001519756838906 0.5472212751449028 0.6793313069908815 0.5499488578247528 0.5972644376899696 0.5492669621547903 0.5683890577507599 0.5458574838049778 0.5638297872340425
18 0.5564268666893966 0.5638297872340425 0.5465393794749404 0.5797872340425532 0.5468803273099215 0.6056231003039514 0.5492669621547903 0.668693009118541 0.5523354926696216 0.7796352583586627 0.5536992840095465 0.8145896656534954 0.5646096147289464 0.8115501519756839 0.5741561541084214 0.7325227963525835 0.5727923627684964 0.6306990881458967 0.5765427889532901 0.587386018237082 0.5734742584384589 0.5668693009118541
19 0.5864302761677463 0.567629179331307 0.5782475281281964 0.587386018237082 0.5731333106034777 0.5889057750759878 0.5700647800886465 0.6094224924012158 0.5755199454483464 0.6344984802431611 0.5768837367882714 0.7256838905775076 0.5796113194681214 0.7803951367781155 0.5830207978179338 0.7955927051671733 0.5959768155472213 0.7933130699088146 0.6024548244118649 0.6641337386018237 0.6055233549266962 0.5949848024316109 0.6014319809069213 0.5668693009118541
21 0.6232526423457211 0.5653495440729484 0.616092737811115 0.5683890577507599 0.616092737811115 0.5927051671732523 0.6283668598704398 0.6504559270516718 0.6389362427548585 0.7424012158054711 0.6546198431639959 0.7925531914893617 0.6655301738833959 0.8069908814589666 0.6791680872826458 0.8024316109422492 0.6801909307875895 0.7302431610942249 0.6662120695533583 0.6344984802431611 0.6675758608932834 0.5934650455927052 0.6546198431639959 0.5630699088145896 0.651892260484146 0.5554711246200608 0.6464370951244459 0.5509118541033434 0.6365496079099898 0.5623100303951368
22 0.6573474258438459 0.5326747720364742 0.6522332083191271 0.5501519756838906 0.6621206955335833 0.5972644376899696 0.674053869757927 0.6656534954407295 0.6941697920218206 0.743161094224924 0.7023525400613706 0.7697568389057751 0.7149676099556768 0.7697568389057751 0.7255369928400954 0.7530395136778115 0.7132628707807706 0.6709726443768997 0.7016706443914081 0.6063829787234043 0.7023525400613706 0.5448328267477204 0.6989430617115582 0.5212765957446809 0.686327991817252 0.5121580547112462 0.6709853392430958 0.5243161094224924
24 0.4892601431980907 0.5630699088145896 0.48482782134333446 0.5630699088145896 0.48244118649846573 0.5957446808510638 0.48278213433344697 0.6914893617021277 0.4834640300034095 0.7689969604863222 0.48891919536310946 0.8039513677811551 0.4971019434026594 0.8016717325227963 0.5025571087623594 0.648176291793313 0.5035799522673031 0.5942249240121581 0.5039209001022843 0.5645896656534954 0.49539720422775313 0.5645896656534954 0.4930105693828844 0.5645896656534954
25 0.4688032730992158 0.5577507598784195 0.46130242072962835 0.5645896656534954 0.45823389021479716 0.6117021276595744 0.4572110467098534 0.7006079027355623 0.4551653596999659 0.78419452887538 0.4630071599045346 0.8100303951367781 0.47528128196385955 0.8009118541033434 0.480054551653597 0.6519756838905775 0.48448687350835323 0.5934650455927052 0.4817592908285032 0.5585106382978723 0.47528128196385955 0.5585106382978723
26 0.437436072280941 0.5493920972644377 0.4295942720763723 0.5706686930091185 0.4316399590862598 0.6193009118541033 0.42857142857142855 0.6846504559270516 0.43061711558131605 0.7446808510638298 0.4299352199113536 0.7864741641337386 0.43061711558131605 0.8100303951367781 0.4377770201159223 0.8191489361702128 0.4493692465052847 0.7803951367781155 0.4527787248550972 0.6930091185410334 0.45789294237981587 0.6132218844984803 0.4606205250596659 0.5661094224924013 0.45755199454483464 0.5577507598784195 0.4486873508353222 0.5486322188449848 0.44459597681554724 0.547112462006079
27 0.4139106716672349 0.5562310030395137 0.40436413228775997 0.5714285714285714 0.40572792362768495 0.60790273556231 0.40606887146266624 0.6793313069908815 0.40402318445277874 0.7537993920972644 0.40913740197749743 0.7948328267477204 0.4152744630071599 0.8016717325227963 0.4261847937265598 0.7598784194528876 0.4282304807364473 0.6390577507598785 0.43470848960109104 0.5972644376899696 0.4357313331060348 0.574468085106383 0.43095806341629733 0.5645896656534954 0.4231162632117286 0.5501519756838906
28 0.3903852710535288 0.5524316109422492 0.3801568360040914 0.5547112462006079 0.3743607228094102 0.5820668693009119 0.3767473576542789 0.6337386018237082 0.36958745311967267 0.7370820668693009 0.3706102966246164 0.7811550151975684 0.3798158881691101 0.7978723404255319 0.39345380156836 0.7575987841945289 0.3992499147630413 0.6557750759878419 0.40777361063757245 0.6048632218844985 0.4128878281622912 0.574468085106383 0.41152403682236616 0.5531914893617021 0.39413569723832254 0.5486322188449848
29 0.35151721786566653 0.5273556231003039 0.3320831912717354 0.5395136778115501 0.33515172178656666 0.5904255319148937 0.3228775997272417 0.7272036474164134 0.32935560859188545 0.7781155015197568 0.3378793044664166 0.7933130699088146 0.36583702693487896 0.7173252279635258 0.3740197749744289 0.6246200607902735 0.38629389703375383 0.560790273556231 0.3856120013637913 0.5357142857142857 0.3685646096147289 0.5273556231003039
30 0.3034435731333106 0.48936170212765956 0.2938970337538357 0.5091185410334347 0.28878281622911695 0.5896656534954408 0.277872485509717 0.6717325227963525 0.2802591203545857 0.7256838905775076 0.2921922945789294 0.7408814589665653 0.325946130242073 0.6618541033434651 0.3361745652915104 0.5759878419452887 0.34640300034094784 0.5296352583586627 0.3412887828162291 0.5030395136778115