0 0.5098973607038123 0.5661094224924013 0.5084310850439883 0.31762917933130697 0.4802052785923754 0.32370820668693007 0.47873900293255134 0.5661094224924013
1 0.47873900293255134 0.5645896656534954 0.47947214076246336 0.32066869300911854 0.4464809384164223 0.32370820668693007 0.4497800586510264 0.4612462006079027 0.4472140762463343 0.5577507598784195
2 0.44574780058651026 0.5577507598784195 0.4505131964809384 0.4521276595744681 0.44501466275659823 0.2826747720364742 0.41605571847507333 0.2796352583586626 0.4145894428152493 0.36930091185410335 0.4175219941348974 0.4376899696048632 0.41385630498533726 0.49772036474164133 0.4175219941348974 0.5531914893617021
3 0.41385630498533726 0.5440729483282675 0.42961876832844575 0.5311550151975684 0.42888563049853373 0.4870820668693009 0.4145894428152493 0.27583586626139817 0.38929618768328444 0.2887537993920973 0.39222873900293254 0.3731003039513678 0.39296187683284456 0.44680851063829785 0.38929618768328444 0.49772036474164133 0.3907624633431085 0.5531914893617021
4 0.38563049853372433 0.5486322188449848 0.39919354838709675 0.5326747720364742 0.3999266862170088 0.49164133738601823 0.39222873900293254 0.2811550151975684 0.3779325513196481 0.28419452887537994 0.36033724340175954 0.5106382978723404 0.37023460410557185 0.5547112462006079
5 0.3420087976539589 0.5455927051671733 0.36656891495601174 0.540273556231003 0.374633431085044 0.4787234042553192 0.37646627565982405 0.30775075987841943 0.374633431085044 0.2651975683890577 0.3519061583577713 0.2682370820668693 0.3379765395894428 0.3708206686930091 0.3222140762463343 0.4870820668693009 0.3222140762463343 0.5372340425531915
6 0.31671554252199413 0.5227963525835866 0.32368035190615835 0.49164133738601823 0.34420821114369504 0.30775075987841943 0.30755131964809385 0.27811550151975684 0.30058651026392963 0.3411854103343465 0.2829912023460411 0.4521276595744681 0.2730938416422287 0.4886018237082067
7 0.2664956011730205 0.4787234042553192 0.2829912023460411 0.4490881458966565 0.3024193548387097 0.3617021276595745 0.3090175953079179 0.26063829787234044 0.2701612903225806 0.24772036474164133 0.25806451612903225 0.31382978723404253 0.23423753665689148 0.4316109422492401
8 0.5098973607038123 0.5630699088145896 0.5084310850439883 0.30927051671732525 0.5366568914956011 0.3123100303951368 0.5443548387096774 0.5501519756838906
9 0.5388563049853372 0.5592705167173252 0.532258064516129 0.5357142857142857 0.5450879765395894 0.2917933130699088 0.5725806451612904 0.2986322188449848 0.5641495601173021 0.3662613981762918 0.5648826979472141 0.4642857142857143 0.5648826979472141 0.5022796352583586 0.5711143695014663 0.5455927051671733 0.5557184750733137 0.5737082066869301
10 0.5839442815249267 0.5547112462006079 0.5656158357771262 0.5281155015197568 0.5634164222873901 0.3776595744680851 0.5725806451612904 0.2857142857142857 0.5993401759530792 0.2887537993920973 0.5986070381231672 0.42629179331306993 0.5978739002932552 0.4787234042553192 0.6008064516129032 0.5106382978723404
11 0.593108504398827 0.5417933130699089 0.5854105571847508 0.5121580547112462 0.5894428152492669 0.4506079027355623 0.5971407624633431 0.2872340425531915 0.6275659824046921 0.2917933130699088 0.6220674486803519 0.38677811550151975 0.623900293255132 0.4817629179331307 0.624633431085044 0.5501519756838906
12 0.6304985337243402 0.5455927051671733 0.6162023460410557 0.513677811550152 0.6220674486803519 0.30167173252279633 0.6414956011730205 0.2986322188449848 0.6513929618768328 0.46808510638297873 0.658724340175953 0.53419452887538
14 0.6733870967741935 0.30319148936170215 0.6598240469208211 0.4756838905775076 0.6634897360703812 0.526595744680851 0.6939149560117303 0.5250759878419453 0.7137096774193549 0.4992401215805471 0.7071114369501467 0.45364741641337386 0.7085777126099707 0.2682370820668693 0.6770527859237536 0.2682370820668693 0.6726539589442815 0.3191489361702128
15 0.7078445747800587 0.3221884498480243 0.7056451612903226 0.45972644376899696 0.7155425219941349 0.5037993920972644 0.7474340175953079 0.49772036474164133 0.7558651026392962 0.4376899696048632 0.7397360703812317 0.2826747720364742 0.7100439882697948 0.2917933130699088
16 0.49486803519061584 0.5767477203647416 0.5029325513196481 0.8305471124620061 0.5190615835777126 0.8267477203647416 0.5161290322580645 0.6557750759878419 0.5183284457478006 0.5752279635258358
17 0.5183284457478006 0.5767477203647416 0.5421554252199413 0.5767477203647416 0.5395894428152492 0.6261398176291794 0.533724340175953 0.6831306990881459 0.5344574780058651 0.8457446808510638 0.5205278592375366 0.8427051671732523
18 0.5443548387096774 0.5820668693009119 0.5344574780058651 0.6466565349544073 0.5487536656891495 0.8685410334346505 0.5762463343108505 0.8586626139817629 0.5762463343108505 0.7477203647416414 0.5681818181818182 0.6641337386018237 0.5590175953079178 0.6390577507598785 0.5557184750733137 0.5911854103343465
19 0.5670821114369502 0.5820668693009119 0.5549853372434017 0.6231003039513677 0.5656158357771262 0.6641337386018237 0.5817448680351907 0.8366261398176292 0.6070381231671554 0.8191489361702128 0.5956744868035191 0.6717325227963525 0.592375366568915 0.64209726443769 0.5810117302052786 0.5782674772036475
20 0.5909090909090909 0.5691489361702128 0.5810117302052786 0.5866261398176292 0.5872434017595308 0.6246200607902735 0.6154692082111437 0.8047112462006079 0.6403958944281525 0.8047112462006079 0.6429618768328446 0.7492401215805471 0.6213343108504399 0.6337386018237082 0.6206011730205279 0.5911854103343465 0.6063049853372434 0.5661094224924013
21 0.6176686217008798 0.567629179331307 0.6107038123167156 0.5782674772036475 0.6213343108504399 0.6306990881458967 0.6521260997067448 0.7872340425531915 0.6909824046920822 0.756079027355623 0.6697214076246334 0.6367781155015197 0.656524926686217 0.547112462006079
22 0.657258064516129 0.5501519756838906 0.6671554252199413 0.6276595744680851 0.6972140762463344 0.7682370820668692 0.7437683284457478 0.7302431610942249 0.7228739002932552 0.6390577507598785 0.7115102639296188 0.6162613981762918 0.7107771260997068 0.5455927051671733 0.7045454545454546 0.5151975683890577
23 0.7239736070381232 0.64209726443769 0.7107771260997068 0.6177811550151976 0.7056451612903226 0.5752279635258358 0.7107771260997068 0.5531914893617021 0.7078445747800587 0.5182370820668692 0.7206744868035191 0.49620060790273557 0.8024193548387096 0.513677811550152 0.7925219941348973 0.6451367781155015
24 0.4937683284457478 0.5721884498480243 0.5029325513196481 0.8161094224924013 0.4838709677419355 0.8206686930091185 0.47873900293255134 0.6466565349544073 0.47873900293255134 0.5737082066869301
25 0.47947214076246336 0.5706686930091185 0.4864369501466276 0.8252279635258358 0.4596774193548387 0.8206686930091185 0.4596774193548387 0.6747720364741642 0.4527126099706745 0.5752279635258358
26 0.45197947214076245 0.5752279635258358 0.4604105571847507 0.6770516717325228 0.46114369501466274 0.8252279635258358 0.46187683284457476 0.8647416413373861 0.42888563049853373 0.8632218844984803 0.42668621700879766 0.7180851063829787 0.42668621700879766 0.6527355623100304 0.4336510263929619 0.5661094224924013
27 0.42888563049853373 0.5752279635258358 0.4343841642228739 0.6246200607902735 0.4281524926686217 0.668693009118541 0.42302052785923755 0.8267477203647416 0.4006598240469208 0.8252279635258358 0.3999266862170088 0.6436170212765957 0.4013929618768328 0.601063829787234 0.41055718475073316 0.5577507598784195
28 0.4013929618768328 0.5645896656534954 0.4123900293255132 0.5896656534954408 0.4039589442815249 0.6276595744680851 0.38929618768328444 0.7986322188449848 0.36107038123167157 0.797112462006079 0.3717008797653959 0.560790273556231
31 0.32441348973607037 0.6086626139817629 0.26722873900293254 0.7036474164133738 0.23057184750733137 0.6922492401215805 0.2151759530791789 0.6291793313069909 0.28225806451612906 0.5007598784194529 0.3159824046920821 0.526595744680851 0.33064516129032256 0.5706686930091185