0 0.49372384937238495 0.5784574468085106 0.5184797768479776 0.5724734042553191 0.5062761506276151 0.3550531914893617 0.499302649930265 0.3550531914893617
1 0.4783821478382148 0.5485372340425532 0.48221757322175735 0.5651595744680851 0.4860529986052999 0.5738031914893617 0.49232914923291493 0.5751329787234043 0.49825662482566246 0.5166223404255319 0.4975592747559275 0.36103723404255317 0.4829149232914923 0.3803191489361702
2 0.4679218967921897 0.36569148936170215 0.45885634588563456 0.5372340425531915 0.46338912133891214 0.5691489361702128 0.4721059972105997 0.5724734042553191 0.4783821478382148 0.557845744680851 0.4818688981868898 0.5106382978723404 0.48430962343096234 0.35970744680851063
3 0.450139470013947 0.35638297872340424 0.4424686192468619 0.538563829787234 0.4424686192468619 0.5691489361702128 0.448744769874477 0.5757978723404256 0.45641562064156205 0.557845744680851 0.4679218967921897 0.5565159574468085 0.47280334728033474 0.47805851063829785 0.4665271966527197 0.34375
4 0.4330543933054393 0.34773936170212766 0.4177126917712692 0.5159574468085106 0.41841004184100417 0.5445478723404256 0.42642956764295675 0.5618351063829787 0.43654114365411434 0.550531914893617 0.4431659693165969 0.5472074468085106 0.4456066945606695 0.5106382978723404 0.44421199442119946 0.34175531914893614
5 0.38145048814504884 0.3464095744680851 0.3905160390516039 0.4142287234042553 0.3905160390516039 0.4421542553191489 0.3891213389121339 0.4734042553191489 0.38737796373779637 0.538563829787234 0.3936541143654114 0.5472074468085106 0.40690376569037656 0.5485372340425532 0.4208507670850767 0.5458776595744681 0.4316596931659693 0.5425531914893617 0.43654114365411434 0.504654255319149 0.4302649930264993 0.44813829787234044 0.4093444909344491 0.3357712765957447
6 0.3528591352859135 0.3404255319148936 0.35669456066945604 0.42021276595744683 0.3542538354253835 0.4454787234042553 0.34902370990237097 0.4634308510638298 0.34658298465829845 0.488031914893617 0.3458856345885635 0.5013297872340425 0.3528591352859135 0.5146276595744681 0.3695955369595537 0.5146276595744681 0.3807531380753138 0.5179521276595744 0.39295676429567644 0.5106382978723404 0.39539748953974896 0.48271276595744683 0.3912133891213389 0.3829787234042553 0.37587168758716877 0.3271276595744681
8 0.5163877266387726 0.5757978723404256 0.5380055788005579 0.5724734042553191 0.5278940027894002 0.3570478723404255 0.5108089260808926 0.3550531914893617
9 0.5303347280334728 0.3683510638297872 0.5338214783821479 0.5638297872340425 0.5488145048814504 0.5664893617021277 0.552649930264993 0.5398936170212766 0.5439330543933054 0.34308510638297873
10 0.5449790794979079 0.3523936170212766 0.5495118549511855 0.519281914893617 0.5578800557880056 0.5651595744680851 0.5658995815899581 0.5664893617021277 0.5718270571827058 0.5352393617021277 0.5711297071129707 0.4587765957446808 0.5620641562064156 0.3390957446808511 0.544281729428173 0.3404255319148936
11 0.5627615062761506 0.3696808510638298 0.5641562064156206 0.48271276595744683 0.5610181311018131 0.523936170212766 0.5620641562064156 0.5531914893617021 0.5742677824267782 0.5472074468085106 0.5861227336122734 0.5618351063829787 0.5882147838214784 0.5545212765957447 0.5920502092050209 0.49268617021276595 0.5829846582984658 0.34375
12 0.5850767085076709 0.3703457446808511 0.5805439330543933 0.5279255319148937 0.5861227336122734 0.5518617021276596 0.5944909344490934 0.5558510638297872 0.606694560669456 0.5605053191489362 0.6105299860529986 0.5325797872340425 0.606694560669456 0.480718085106383 0.603905160390516 0.3550531914893617 0.5774058577405857 0.36236702127659576
13 0.6154114365411436 0.35106382978723405 0.606694560669456 0.43351063829787234 0.6059972105997211 0.4747340425531915 0.6000697350069735 0.5132978723404256 0.6052998605299861 0.5485372340425532 0.6105299860529986 0.5565159574468085 0.6178521617852162 0.5545212765957447 0.6269177126917713 0.5398936170212766 0.6384239888423989 0.5412234042553191 0.6457461645746164 0.5325797872340425 0.6464435146443515 0.507313829787234 0.6419107391910739 0.4541223404255319 0.6447001394700139 0.34507978723404253
14 0.650278940027894 0.34375 0.6419107391910739 0.43617021276595747 0.6426080892608089 0.4747340425531915 0.6457461645746164 0.507313829787234 0.6464435146443515 0.5292553191489362 0.652370990237099 0.5325797872340425 0.6610878661087866 0.5292553191489362 0.6687587168758717 0.5292553191489362 0.6795676429567643 0.526595744680851 0.6882845188284519 0.5106382978723404 0.6903765690376569 0.48271276595744683 0.6788702928870293 0.42021276595744683 0.6781729428172942 0.32978723404255317
16 0.5216178521617852 0.5930851063829787 0.5394002789400278 0.589095744680851 0.5380055788005579 0.7646276595744681 0.5261506276150628 0.7686170212765957
17 0.5373082287308228 0.6376329787234043 0.5348675034867504 0.5930851063829787 0.5550906555090656 0.5904255319148937 0.5488145048814504 0.8011968085106383 0.5355648535564853 0.7958776595744681
18 0.551255230125523 0.675531914893617 0.552649930264993 0.6090425531914894 0.5641562064156206 0.5831117021276596 0.5749651324965133 0.6030585106382979 0.5735704323570432 0.648936170212766 0.5781032078103208 0.7852393617021277 0.5571827057182706 0.7952127659574468
19 0.5728730822873083 0.6595744680851063 0.5665969316596932 0.6256648936170213 0.5679916317991632 0.5944148936170213 0.5781032078103208 0.5797872340425532 0.5896094839609484 0.5797872340425532 0.597629009762901 0.5977393617021277 0.592747559274756 0.6416223404255319 0.5930962343096234 0.7898936170212766 0.5798465829846583 0.7852393617021277
20 0.597629009762901 0.6496010638297872 0.5913528591352859 0.6183510638297872 0.5882147838214784 0.5957446808510638 0.5983263598326359 0.5831117021276596 0.6269177126917713 0.5844414893617021 0.6262203626220363 0.6476063829787234 0.6192468619246861 0.7632978723404256 0.6091352859135286 0.7646276595744681
21 0.6244769874476988 0.6462765957446809 0.6091352859135286 0.6163563829787234 0.6035564853556485 0.5904255319148937 0.6122733612273361 0.5757978723404256 0.6324965132496513 0.5738031914893617 0.6408647140864714 0.5691489361702128 0.652370990237099 0.5811170212765957 0.6558577405857741 0.6050531914893617 0.6983960948396095 0.742686170212766 0.6635285913528591 0.7626329787234043
22 0.6635285913528591 0.6223404255319149 0.650976290097629 0.5857712765957447 0.650976290097629 0.5664893617021277 0.6565550906555091 0.5545212765957447 0.6635285913528591 0.5458776595744681 0.6750348675034867 0.535904255319149 0.6889818688981869 0.5325797872340425 0.6959553695955369 0.5492021276595744 0.7046722454672245 0.5957446808510638 0.7398884239888424 0.7174202127659575 0.7154811715481172 0.7360372340425532 0.6882845188284519 0.692154255319149
23 0.7130404463040446 0.6037234042553191 0.702928870292887 0.5724734042553191 0.6976987447698745 0.543218085106383 0.6997907949790795 0.5292553191489362 0.7112970711297071 0.5166223404255319 0.7238493723849372 0.511968085106383 0.7329149232914923 0.5132978723404256 0.7454672245467224 0.5292553191489362 0.754881450488145 0.5757978723404256 0.7751046025104602 0.6356382978723404 0.7416317991631799 0.6668882978723404 0.7224546722454672 0.6436170212765957
24 0.5045327754532776 0.5977393617021277 0.5230125523012552 0.5964095744680851 0.5247559274755927 0.7719414893617021 0.5108089260808926 0.7686170212765957
25 0.4860529986052999 0.5917553191489362 0.50697350069735 0.5990691489361702 0.5115062761506276 0.7706117021276596 0.49616457461645747 0.7686170212765957
26 0.46722454672245467 0.6668882978723404 0.47524407252440726 0.5917553191489362 0.4790794979079498 0.5904255319148937 0.4874476987447699 0.6090425531914894 0.49128312412831243 0.6476063829787234 0.49442119944211993 0.7998670212765957 0.4790794979079498 0.8058510638297872
27 0.4431659693165969 0.8011968085106383 0.44735006973500696 0.65625 0.448047419804742 0.6077127659574468 0.4504881450488145 0.5884308510638298 0.46722454672245467 0.5844414893617021 0.47733612273361226 0.6050531914893617 0.47733612273361226 0.6522606382978723 0.45327754532775455 0.8131648936170213
28 0.4107391910739191 0.7686170212765957 0.4194560669456067 0.6888297872340425 0.4201534170153417 0.660904255319149 0.4208507670850767 0.6256648936170213 0.4246861924686193 0.5977393617021277 0.4295676429567643 0.5831117021276596 0.44700139470013944 0.5990691489361702 0.45397489539748953 0.6017287234042553 0.4571129707112971 0.6230053191489362 0.4456066945606695 0.6655585106382979 0.41841004184100417 0.7958776595744681
29 0.35564853556485354 0.7247340425531915 0.3821478382147838 0.6163563829787234 0.38145048814504884 0.5964095744680851 0.38284518828451886 0.5738031914893617 0.38598326359832635 0.5651595744680851 0.39748953974895396 0.5605053191489362 0.41701534170153415 0.5651595744680851 0.4309623430962343 0.5724734042553191 0.4393305439330544 0.5857712765957447 0.4215481171548117 0.629654255319149 0.41701534170153415 0.6968085106382979 0.3866806136680614 0.7792553191489362
30 0.3138075313807531 0.714095744680851 0.32112970711297073 0.648936170212766 0.3288005578800558 0.6196808510638298 0.33647140864714087 0.6017287234042553 0.3403068340306834 0.5664893617021277 0.3427475592747559 0.5472074468085106 0.35564853556485354 0.5292553191489362 0.36645746164574616 0.535904255319149 0.3783124128312413 0.5372340425531915 0.3905160390516039 0.5545212765957447 0.39609483960948394 0.5757978723404256 0.37656903765690375 0.6223404255319149 0.3633193863319386 0.6815159574468085 0.33158995815899583 0.7526595744680851
31 0.2691771269177127 0.65625 0.2775453277545328 0.6050531914893617 0.2890516039051604 0.5724734042553191 0.2928870292887029 0.5545212765957447 0.29602510460251047 0.535904255319149 0.3023012552301255 0.5106382978723404 0.31555090655509066 0.5106382978723404 0.3396094839609484 0.5166223404255319 0.350418410041841 0.5252659574468085 0.3319386331938633 0.5831117021276596 0.32112970711297073 0.6303191489361702 0.298465829846583 0.6934840425531915 0.26359832635983266 0.6668882978723404