0 0.46164336856460964 0.520516717325228 0.45823389021479716 0.5501519756838906 0.4585748380497784 0.5721884498480243 0.46914422093419705 0.5835866261398176 0.48278213433344697 0.5851063829787234 0.4885782475281282 0.5721884498480243 0.49028298670303444 0.5288753799392097 0.4858506648482782 0.3981762917933131 0.48482782134333446 0.3252279635258359 0.48482782134333446 0.2887537993920973 0.48278213433344697 0.2613981762917933 0.47494033412887826 0.2560790273556231 0.4664166382543471 0.2857142857142857 0.4626662120695534 0.33890577507598785 0.4623252642345721 0.42857142857142855
1 0.43845891578588475 0.5053191489361702 0.43845891578588475 0.5425531914893617 0.4394817592908285 0.5638297872340425 0.45209682918513466 0.5759878419452887 0.46164336856460964 0.5531914893617021 0.4643709512444596 0.45592705167173253 0.4643709512444596 0.38753799392097266 0.4643709512444596 0.3221884498480243 0.4643709512444596 0.28951367781155013 0.46164336856460964 0.2712765957446808 0.45584725536992843 0.2712765957446808 0.4493692465052847 0.31458966565349544
2 0.4200477326968974 0.5197568389057751 0.41936583702693486 0.5509118541033434 0.42345721104670986 0.5759878419452887 0.43845891578588475 0.5683890577507599 0.4459597681554722 0.5151975683890577 0.4459597681554722 0.42249240121580545 0.45005114217524717 0.3404255319148936 0.45005114217524717 0.2917933130699088 0.4408455506307535 0.270516717325228 0.43266280259120354 0.2773556231003039 0.42277531537674734 0.3617021276595745
3 0.4012956017729287 0.5 0.3995908625980225 0.5440729483282675 0.4108421411524037 0.5683890577507599 0.42550289805659736 0.5623100303951368 0.4316399590862598 0.5144376899696048 0.4302761677463348 0.4088145896656535 0.4302761677463348 0.36322188449848025 0.4302761677463348 0.3252279635258359 0.4299352199113536 0.2864741641337386 0.4217524718718036 0.2773556231003039 0.41186498465734744 0.3229483282674772 0.40163654960791 0.43009118541033436
6 0.32935560859188545 0.4696048632218845 0.3221957040572792 0.4939209726443769 0.325946130242073 0.5273556231003039 0.34265257415615413 0.5455927051671733 0.35356290487555403 0.5486322188449848 0.36208660075008525 0.5364741641337386 0.36345039209001023 0.4878419452887538 0.35799522673031026 0.41033434650455924 0.35935901807023524 0.36246200607902734 0.35594953972042276 0.331306990881459 0.3395840436413229 0.3351063829787234 0.3320831912717354 0.4133738601823708
7 0.30003409478349813 0.44832826747720367 0.2898056597340607 0.48328267477203646 0.2949198772587794 0.5045592705167173 0.3085577906580293 0.5273556231003039 0.3184452778724855 0.5349544072948328 0.3320831912717354 0.5144376899696048 0.3361745652915104 0.45972644376899696 0.3354926696215479 0.39285714285714285 0.33071939993181043 0.33206686930091184 0.3262870780770542 0.30167173252279633 0.31537674735765425 0.2986322188449848 0.3075349471530856 0.3282674772036474
8 0.48823729969314694 0.513677811550152 0.4858506648482782 0.5516717325227963 0.4872144561882032 0.5759878419452887 0.4977838390726219 0.5881458966565349 0.5134674394817593 0.5805471124620061 0.5182407091714968 0.5623100303951368 0.5175588135015343 0.43009118541033436 0.5189226048414592 0.3434650455927052 0.5202863961813843 0.3069908814589666 0.5168769178315717 0.27811550151975684 0.509035117627003 0.28419452887537994 0.5008523695874532 0.3343465045592705
9 0.5107398568019093 0.5303951367781155 0.5114217524718718 0.5714285714285714 0.5141493351517218 0.5835866261398176 0.5291510398908967 0.581306990881459 0.5380156836004092 0.5288753799392097 0.5373337879304466 0.42249240121580545 0.5407432662802591 0.32598784194528874 0.5407432662802591 0.2887537993920973 0.5335833617456529 0.2682370820668693 0.5254006137061029 0.2803951367781155 0.5189226048414592 0.35030395136778114 0.515854074326628 0.42325227963525835
10 0.5277872485509717 0.5075987841945289 0.5254006137061029 0.5334346504559271 0.5335833617456529 0.5820668693009119 0.5461984316399591 0.5851063829787234 0.5577906580293215 0.506079027355623 0.557108762359359 0.3594224924012158 0.5554040231844528 0.303951367781155 0.5502898056597341 0.2682370820668693 0.5393794749403341 0.2811550151975684 0.530855779065803 0.34422492401215804 0.530855779065803 0.41033434650455924
11 0.5376747357654279 0.526595744680851 0.5373337879304466 0.5668693009118541 0.548926014319809 0.5668693009118541 0.5608591885441527 0.5896656534954408 0.5704057279236276 0.5775075987841946 0.5782475281281964 0.5075987841945289 0.5717695192635527 0.38753799392097266 0.572110467098534 0.3541033434650456 0.5700647800886465 0.310790273556231 0.5543811796795091 0.3100303951367781 0.5485850664848279 0.40501519756838905
12 0.5564268666893966 0.541033434650456 0.5540402318445278 0.5683890577507599 0.5618820320490965 0.5911854103343465 0.5744971019434026 0.5851063829787234 0.5813160586430276 0.5965045592705167 0.5949539720422775 0.5623100303951368 0.5949539720422775 0.4817629179331307 0.5949539720422775 0.41793313069908816 0.5949539720422775 0.3655015197568389 0.5935901807023526 0.3282674772036474 0.5826798499829526 0.30851063829787234 0.5731333106034777 0.3290273556231003 0.565291510398909 0.41185410334346506
13 0.5768837367882714 0.5440729483282675 0.5727923627684964 0.5668693009118541 0.5744971019434026 0.5965045592705167 0.5867712240027276 0.6147416413373861 0.6137061029662462 0.6170212765957447 0.625980225025571 0.5866261398176292 0.6235935901807024 0.5425531914893617 0.6293897033753836 0.4908814589665654 0.6355267644050461 0.46048632218844987 0.6403000340947835 0.42249240121580545 0.642345721104671 0.38677811550151975 0.6399590862598022 0.35106382978723405 0.6290487555404023 0.33206686930091184 0.6150698943061712 0.3252279635258359 0.5973406068871463 0.33890577507598785 0.5898397545175588 0.3708206686930091 0.5816570064780089 0.4870820668693009
14 0.6290487555404023 0.49544072948328266 0.6266621206955336 0.5417933130699089 0.6321172860552335 0.5623100303951368 0.6440504602795772 0.5569908814589666 0.676781452437777 0.5448328267477204 0.6754176610978521 0.5113981762917933 0.672690078418002 0.43465045592705165 0.672690078418002 0.3890577507598784 0.6716672349130584 0.35106382978723405 0.6628025912035459 0.3343465045592705 0.649164677804296 0.3465045592705167 0.6389362427548585 0.3860182370820669
31 0.31401295601772927 0.513677811550152 0.29730651210364817 0.5015197568389058 0.2863961813842482 0.520516717325228 0.27548585066484826 0.5623100303951368 0.2611660415956359 0.6170212765957447 0.25400613706102965 0.6960486322188449 0.26321172860552333 0.7173252279635258 0.2904875554040232 0.6998480243161094 0.315035799522673 0.6208206686930091 0.3317422434367542 0.5721884498480243 0.3348107739515854 0.5478723404255319 0.33140129560177295 0.5296352583586627
30 0.3300375042618479 0.5296352583586627 0.3239004432321855 0.547112462006079 0.321854756222298 0.5927051671732523 0.3054892601431981 0.7537993920972644 0.31401295601772927 0.763677811550152 0.33310603477667916 0.7424012158054711 0.35083532219570407 0.675531914893617 0.36992840095465396 0.5866261398176292 0.37367882713944767 0.5623100303951368 0.36958745311967267 0.5357142857142857 0.36072280941016027 0.5349544072948328 0.3494715308557791 0.5387537993920972 0.3354926696215479 0.5296352583586627
28 0.40572792362768495 0.5334346504559271 0.3972042277531538 0.5478723404255319 0.3931128537333788 0.581306990881459 0.3931128537333788 0.6550151975683891 0.3852710535288101 0.7606382978723404 0.38868053187862256 0.8039513677811551 0.403000340947835 0.7879939209726444 0.4111830889873849 0.6793313069908815 0.4166382543470849 0.6063829787234043 0.4203886805318786 0.5805471124620061 0.4207296283668599 0.5562310030395137 0.4166382543470849 0.5364741641337386
27 0.4258438458915786 0.5334346504559271 0.4180020456870099 0.5478723404255319 0.4132287759972724 0.5835866261398176 0.4159563586771224 0.6428571428571429 0.40913740197749743 0.7796352583586627 0.4145925673371974 0.8100303951367781 0.43095806341629733 0.7940729483282675 0.4330037504261848 0.6299392097264438 0.43845891578588475 0.5623100303951368 0.4336856460961473 0.5448328267477204
26 0.4452778724855097 0.5303951367781155 0.43641322877599725 0.5357142857142857 0.4343675417661098 0.601823708206687 0.4340265939311285 0.7325227963525835 0.4340265939311285 0.7796352583586627 0.43675417661097854 0.837386018237082 0.4449369246505285 0.8449848024316109 0.4544834640300034 0.7933130699088146 0.4544834640300034 0.6694528875379939 0.45618820320490966 0.581306990881459 0.4568700988748721 0.5364741641337386 0.4527787248550972 0.5273556231003039
25 0.4623252642345721 0.5296352583586627 0.4548244118649847 0.5349544072948328 0.4568700988748721 0.6899696048632219 0.45346062052505964 0.7811550151975684 0.45346062052505964 0.8191489361702128 0.4636890555744971 0.8191489361702128 0.46982611660415957 0.7180851063829787 0.46982611660415957 0.6056231003039514 0.4763041254688033 0.5326747720364742 0.47118990794408455 0.526595744680851
24 0.480054551653597 0.5395136778115501 0.47255369928400953 0.5455927051671733 0.4708489601091033 0.6170212765957447 0.46914422093419705 0.6960486322188449 0.46914422093419705 0.756838905775076 0.4643709512444596 0.817629179331307 0.47255369928400953 0.8335866261398176 0.47903170814865326 0.8100303951367781 0.485509717013297 0.6048632218844985 0.48687350835322196 0.5691489361702128 0.4885782475281282 0.5387537993920972
16 0.49403341288782815 0.5395136778115501 0.4872144561882032 0.5395136778115501 0.48312308216842825 0.6656534954407295 0.4780088646437095 0.7811550151975684 0.4793726559836345 0.8237082066869301 0.4916467780429594 0.8267477203647416 0.49539720422775313 0.7659574468085106 0.5022161609273781 0.5965045592705167 0.5066484827821344 0.5531914893617021 0.5086941697920219 0.5357142857142857
17 0.5148312308216842 0.5425531914893617 0.5080122741220593 0.5395136778115501 0.5018752130923969 0.5569908814589666 0.49028298670303444 0.7370820668693009 0.485509717013297 0.7948328267477204 0.49403341288782815 0.8039513677811551 0.5046027957722469 0.7826747720364742 0.5209682918513467 0.5896656534954408 0.5264234572110467 0.5509118541033434 0.5202863961813843 0.5440729483282675
18 0.5311967269007842 0.5509118541033434 0.517217865666553 0.5592705167173252 0.5103989089669281 0.6056231003039514 0.5052846914422093 0.6778115501519757 0.5005114217524719 0.7788753799392097 0.4991476304125469 0.8183890577507599 0.5052846914422093 0.8328267477203647 0.5223320831912718 0.8069908814589666 0.5390385271053528 0.6458966565349544 0.5427889532901466 0.5835866261398176 0.5400613706102966 0.5569908814589666
19 0.5461984316399591 0.5661094224924013 0.5339243095806342 0.5661094224924013 0.5277872485509717 0.5843465045592705 0.524036822366178 0.6565349544072948 0.5144902829867031 0.7401215805471124 0.5144902829867031 0.8039513677811551 0.5168769178315717 0.8282674772036475 0.5223320831912718 0.8389057750759878 0.5366518922604842 0.8328267477203647 0.5468803273099215 0.7059270516717325 0.5536992840095465 0.6428571428571429 0.5581316058643028 0.60790273556231 0.559836345039209 0.5911854103343465 0.5543811796795091 0.5714285714285714 0.5516535969996591 0.5699088145896657
20 0.5536992840095465 0.5630699088145896 0.5448346403000341 0.5600303951367781 0.5386975792703717 0.5942249240121581 0.5434708489601091 0.6998480243161094 0.5444936924650529 0.8085106382978723 0.548926014319809 0.8358662613981763 0.5622229798840778 0.8237082066869301 0.5727923627684964 0.6519756838905775 0.5755199454483464 0.5965045592705167 0.5755199454483464 0.5752279635258358 0.5693828844186839 0.5661094224924013 0.5608591885441527 0.5630699088145896
22 0.6307534947153085 0.5562310030395137 0.6215479031708149 0.5683890577507599 0.6256392771905899 0.6056231003039514 0.6515513126491647 0.6922492401215805 0.6829185134674395 0.7613981762917933 0.7003068530514831 0.7651975683890577 0.7125809751108081 0.7355623100303952 0.7095124445959768 0.6793313069908815 0.693146948516877 0.6048632218844985 0.684964200477327 0.5668693009118541 0.6672349130583021 0.5433130699088146 0.6508694169792022 0.5387537993920972