0 0.5200553250345782 0.35790273556231 0.5214384508990318 0.5904255319148937 0.4802904564315353 0.5851063829787234 0.4847856154910097 0.3662613981762918
1 0.4657676348547718 0.34802431610942247 0.48374827109266944 0.44984802431610943 0.4802904564315353 0.5820668693009119 0.45262793914246197 0.5759878419452887 0.45435684647302904 0.5417933130699089 0.44225449515905946 0.3594224924012158
2 0.42738589211618255 0.3434650455927052 0.45020746887966806 0.5022796352583586 0.4536652835408022 0.5547112462006079 0.42496542185338865 0.5858662613981763 0.42081604426002767 0.5737082066869301 0.41770401106500693 0.560790273556231 0.4149377593360996 0.547112462006079 0.41597510373443985 0.5395136778115501 0.4166666666666667 0.5273556231003039 0.41770401106500693 0.5159574468085106 0.4166666666666667 0.5022796352583586 0.4166666666666667 0.48328267477203646 0.4107883817427386 0.3525835866261398
3 0.40352697095435686 0.3677811550151976 0.4142461964038728 0.4490881458966565 0.4166666666666667 0.4825227963525836 0.4166666666666667 0.506079027355623 0.4166666666666667 0.5273556231003039 0.41562932226832644 0.547112462006079 0.4145919778699862 0.5554711246200608 0.411134163208852 0.5699088145896657 0.40387275242047027 0.5790273556231003 0.3983402489626556 0.5835866261398176 0.39280774550484093 0.5721884498480243 0.3893499308437068 0.5600303951367781 0.390387275242047 0.540273556231003 0.39349930843706776 0.5106382978723404 0.39522821576763484 0.49164133738601823 0.38623789764868605 0.3738601823708207
7 0.2894190871369295 0.3966565349544073 0.2838865836791148 0.4756838905775076 0.2859612724757953 0.5851063829787234 0.2641770401106501 0.5896656534954408 0.24654218533886585 0.5569908814589666 0.2479253112033195 0.5243161094224924 0.2520746887966805 0.5091185410334347 0.254149377593361 0.4908814589665654 0.24481327800829875 0.4027355623100304
6 0.2766251728907331 0.42629179331306993 0.2859612724757953 0.4939209726443769 0.28561549100968187 0.5729483282674772 0.3112033195020747 0.5851063829787234 0.3260719225449516 0.5539513677811551 0.3278008298755187 0.5106382978723404 0.3008298755186722 0.3837386018237082 0.27247579529737204 0.3966565349544073
5 0.3112033195020747 0.4072948328267477 0.32710926694329184 0.5113981762917933 0.32503457814661135 0.5828267477203647 0.34681881051175656 0.5957446808510638 0.3751728907330567 0.5775075987841946 0.37378976486860305 0.5493920972644377 0.37171507607192256 0.5326747720364742 0.3699861687413555 0.5273556231003039 0.36549100968188103 0.5189969604863222 0.3644536652835408 0.513677811550152 0.3620331950207469 0.4946808510638298 0.359612724757953 0.43617021276595747 0.34474412171507607 0.38145896656534956
4 0.36168741355463346 0.3829787234042553 0.3668741355463347 0.5151975683890577 0.36583679114799444 0.5235562310030395 0.36583679114799444 0.5281155015197568 0.36549100968188103 0.5379939209726444 0.3651452282157676 0.5425531914893617 0.36583679114799444 0.547112462006079 0.3668741355463347 0.5516717325227963 0.3675656984785616 0.5562310030395137 0.36894882434301524 0.5630699088145896 0.37586445366528354 0.5699088145896657 0.3855463347164592 0.5721884498480243 0.390387275242047 0.567629179331307 0.3938450899031812 0.5615501519756839 0.39522821576763484 0.5516717325227963 0.39522821576763484 0.5425531914893617 0.3966113416320885 0.5303951367781155 0.3966113416320885 0.5243161094224924 0.39557399723374825 0.5129179331306991 0.39349930843706776 0.506838905775076 0.3914246196403873 0.5045592705167173 0.37828492392807744 0.36854103343465044 0.3647994467496542 0.38069908814589665
8 0.5204011065006916 0.3586626139817629 0.5214384508990318 0.5896656534954408 0.5594744121715076 0.5904255319148937 0.5560165975103735 0.3518237082066869
9 0.5646611341632088 0.3639817629179331 0.558091286307054 0.5889057750759878 0.5857538035961273 0.5851063829787234 0.5864453665283541 0.5258358662613982 0.5857538035961273 0.35714285714285715
10 0.6006224066390041 0.3617021276595745 0.5864453665283541 0.4848024316109423 0.5854080221300139 0.587386018237082 0.6099585062240664 0.5949848024316109 0.6134163208852006 0.5585106382978723 0.6099585062240664 0.540273556231003 0.609612724757953 0.5281155015197568 0.6106500691562933 0.5174772036474165 0.6141078838174274 0.5007598784194529 0.6147994467496543 0.49164133738601823 0.6175656984785616 0.35790273556231
11 0.6182572614107884 0.371580547112462 0.6134163208852006 0.5037993920972644 0.6103042876901799 0.5174772036474165 0.6092669432918395 0.5243161094224924 0.6082295988934993 0.5311550151975684 0.6109958506224067 0.5455927051671733 0.6120331950207469 0.5539513677811551 0.6127247579529738 0.5653495440729484 0.6158367911479945 0.5737082066869301 0.6172199170124482 0.5911854103343465 0.6334716459197787 0.5911854103343465 0.6393499308437067 0.5896656534954408 0.6421161825726142 0.5592705167173252 0.6417704011065007 0.5425531914893617 0.6407330567081605 0.5357142857142857 0.6379668049792531 0.5197568389057751 0.6379668049792531 0.49848024316109424 0.6379668049792531 0.4612462006079027 0.6390041493775933 0.4399696048632219 0.6383125864453665 0.3586626139817629
12 0.6410788381742739 0.3738601823708207 0.6379668049792531 0.44072948328267475 0.6379668049792531 0.5357142857142857 0.6386583679114799 0.5463525835866262 0.6386583679114799 0.560790273556231 0.6407330567081605 0.5721884498480243 0.6455739972337483 0.5881458966565349 0.6632088520055325 0.5889057750759878 0.6683955739972337 0.5645896656534954 0.6559474412171508 0.3723404255319149
13 0.6701244813278008 0.38677811550151975 0.6663208852005532 0.5851063829787234 0.7102351313969572 0.5775075987841946 0.7098893499308437 0.5524316109422492 0.7064315352697096 0.5045592705167173 0.7126556016597511 0.38753799392097266
14 0.7147302904564315 0.3898176291793313 0.7074688796680498 0.5258358662613982 0.7098893499308437 0.5699088145896657 0.7361687413554634 0.567629179331307 0.7427385892116183 0.5463525835866262 0.745850622406639 0.526595744680851 0.7427385892116183 0.3791793313069909
15 0.7455048409405256 0.3913373860182371 0.7434301521438451 0.5220364741641338 0.7455048409405256 0.53419452887538 0.7427385892116183 0.5478723404255319 0.7410096818810512 0.5714285714285714 0.7468879668049793 0.5858662613981763 0.7645228215767634 0.5828267477203647 0.7735131396957123 0.5638297872340425 0.7780082987551867 0.5440729483282675 0.770746887966805 0.3844984802431611
22 0.6801521438450899 0.6086626139817629 0.719225449515906 0.5820668693009119 0.7361687413554634 0.6086626139817629 0.7323651452282157 0.6398176291793313 0.7486168741355463 0.7454407294832827 0.7213001383125864 0.7803951367781155 0.6870677731673582 0.6846504559270516 0.6829183955739973 0.6428571428571429 0.6832641770401107 0.6360182370820668 0.6832641770401107 0.6238601823708206 0.6822268326417704 0.6177811550151976
21 0.627939142461964 0.6139817629179332 0.6324343015214384 0.6025835866261399 0.6396957123098201 0.6048632218844985 0.6811894882434302 0.601063829787234 0.6832641770401107 0.6276595744680851 0.6839557399723375 0.6656534954407295 0.7074688796680498 0.7819148936170213 0.6576763485477178 0.8092705167173252 0.640387275242047 0.7287234042553191 0.636237897648686 0.6610942249240122 0.636237897648686 0.6466565349544073 0.6355463347164592 0.6306990881458967 0.6286307053941909 0.6261398176291794
20 0.6082295988934993 0.6185410334346505 0.6192946058091287 0.6056231003039514 0.6286307053941909 0.6155015197568389 0.6334716459197787 0.6291793313069909 0.6365836791147994 0.6299392097264438 0.6379668049792531 0.6831306990881459 0.6524896265560166 0.7978723404255319 0.6248271092669433 0.810790273556231 0.6082295988934993 0.6565349544072948
19 0.58298755186722 0.6185410334346505 0.5933609958506224 0.6033434650455927 0.6075380359612724 0.6200607902735562 0.6123789764868603 0.8168693009118541 0.5860995850622407 0.8115501519756839 0.5819502074688797 0.6542553191489362 0.5816044260027663 0.6382978723404256
18 0.5567081604426003 0.5957446808510638 0.58298755186722 0.6139817629179332 0.5816044260027663 0.6595744680851063 0.5874827109266944 0.837386018237082 0.5656984785615491 0.8381458966565349 0.5532503457814661 0.6451367781155015 0.5529045643153527 0.6200607902735562
17 0.5293914246196404 0.601063829787234 0.5328492392807745 0.5972644376899696 0.55567081604426 0.6041033434650456 0.5491009681881052 0.8191489361702128 0.5231673582295989 0.8069908814589666 0.5297372060857538 0.7059270516717325
16 0.5031120331950207 0.5980243161094225 0.5062240663900415 0.7940729483282675 0.5321576763485477 0.7948328267477204 0.529045643153527 0.5927051671732523
24 0.47648686030428766 0.5987841945288754 0.5031120331950207 0.601823708206687 0.5058782849239281 0.8039513677811551 0.48409405255878285 0.8062310030395137 0.47925311203319504 0.6466565349544073
25 0.45193637621023514 0.5980243161094225 0.46507607192254496 0.5934650455927052 0.47648686030428766 0.5995440729483282 0.4782157676348548 0.648936170212766 0.4851313969571231 0.8168693009118541 0.45885200553250344 0.8153495440729484 0.4540110650069156 0.6474164133738601
26 0.4260027662517289 0.5995440729483282 0.44571230982019366 0.5866261398176292 0.4529737206085754 0.5972644376899696 0.45470262793914246 0.6496960486322189 0.4602351313969571 0.8427051671732523 0.42323651452282157 0.8404255319148937 0.4260027662517289 0.6436170212765957 0.4280774550484094 0.6268996960486323 0.42531120331950206 0.6185410334346505
27 0.3993775933609959 0.6056231003039514 0.4135546334716459 0.5889057750759878 0.42738589211618255 0.6200607902735562 0.42911479944674963 0.6306990881458967 0.42496542185338865 0.6603343465045592 0.4221991701244813 0.8404255319148937 0.39349930843706776 0.8343465045592705 0.3993775933609959 0.6436170212765957 0.39764868603042874 0.628419452887538 0.3993775933609959 0.6147416413373861
28 0.367911479944675 0.6025835866261399 0.3834716459197787 0.5889057750759878 0.39868603042876904 0.6139817629179332 0.39764868603042874 0.6253799392097265 0.39280774550484093 0.8366261398176292 0.3599585062240664 0.8252279635258358
30 0.29737206085753803 0.5866261398176292 0.25587828492392806 0.7507598784194529 0.31016597510373445 0.7986322188449848 0.3551175656984786 0.6132218844984803