0 0.46333454943451297 0.42325227963525835 0.45968624589565854 0.47720364741641336 0.46990149580445095 0.49240121580547114 0.485589201021525 0.4939209726443769 0.49361546880700474 0.47720364741641336 0.4925209777453484 0.39209726443769 0.4979934330536301 0.30775075987841943 0.4983582634075155 0.23252279635258358 0.5020065669463699 0.19072948328267478 0.5023713973002554 0.1519756838905775 0.4928858080992339 0.13069908814589665 0.48449470995986865 0.15577507598784193 0.4771981028821598 0.2743161094224924 0.47172564757387814 0.3252279635258359
1 0.4334184604159066 0.41185410334346506 0.4359722728931047 0.46580547112462006 0.4421743889091572 0.4825227963525836 0.45494345129514774 0.4726443768996961 0.46479387085005475 0.43617021276595747 0.4644290404961693 0.39209726443769 0.456767603064575 0.3161094224924012 0.45311929952572055 0.24924012158054712 0.4487413352790952 0.20592705167173253 0.44326887997081355 0.16717325227963525 0.4315943086464794 0.1474164133738602 0.4206493980299161 0.14817629179331307 0.4166362641371762 0.18465045592705168 0.41700109449106165 0.21428571428571427 0.42721634439985406 0.2712765957446808 0.4294053265231667 0.3161094224924012 0.4294053265231667 0.3609422492401216
2 0.41517694272163447 0.41641337386018235 0.4217438890915724 0.4787234042553192 0.43268879970813573 0.4870820668693009 0.45056548704852245 0.4513677811550152 0.4527544691718351 0.41413373860182373 0.4450930317402408 0.33890577507598785 0.4425392192630427 0.2978723404255319 0.43305363006202113 0.21580547112462006 0.4279460051076249 0.18768996960486323 0.4177307551988325 0.15273556231003038 0.40933965705946734 0.14817629179331307 0.4060561838744984 0.17553191489361702 0.4031375410434148 0.23100303951367782 0.4086099963516965 0.28419452887537994 0.40933965705946734 0.3427051671732523
3 0.3878146661802262 0.3898176291793313 0.38599051441079896 0.47112462006079026 0.39875957679678947 0.49772036474164133 0.4275811747537395 0.47416413373860183 0.4279460051076249 0.4148936170212766 0.4224735497993433 0.3221884498480243 0.4060561838744984 0.23480243161094225 0.38817949653411166 0.1778115501519757 0.37541043414812114 0.16717325227963525 0.37139730025538126 0.17857142857142858 0.3724917913170376 0.2621580547112462 0.38088288945640275 0.30547112462006076 0.3867201751185699 0.3427051671732523
6 0.2758117475373951 0.3860182370820669 0.27179861364465524 0.45288753799392095 0.29405326523166725 0.479483282674772 0.3166727471725648 0.47796352583586627 0.3254286756658154 0.44984802431610943 0.3228748631886173 0.36854103343465044 0.3177672382342211 0.29407294832826747 0.3177672382342211 0.2560790273556231 0.3137541043414812 0.19984802431610943 0.302079533017147 0.19832826747720364 0.28967530098504196 0.22796352583586627 0.29113462240058374 0.2803951367781155
30 0.2984312294782926 0.4734042553191489 0.283108354615104 0.4749240121580547 0.25866472090477927 0.5319148936170213 0.2385990514410799 0.5797872340425532 0.2283838015322875 0.60790273556231 0.22911346224005838 0.6428571428571429 0.2404232032105071 0.6527355623100304 0.276541408245166 0.6200607902735562 0.3195913900036483 0.5752279635258358 0.3298066399124407 0.5296352583586627 0.32834731849689897 0.5030395136778115 0.3170375775264502 0.48556231003039513 0.3060926669098869 0.4764437689969605
27 0.3943816125501642 0.5273556231003039 0.3867201751185699 0.5919452887537994 0.37905873768697557 0.6664133738601824 0.376140094855892 0.7211246200607903 0.37832907697920465 0.7598784194528876 0.3867201751185699 0.790273556231003 0.3954761036118205 0.7978723404255319 0.41152863918278 0.7895136778115501 0.41554177307551987 0.6975683890577508 0.4275811747537395 0.6268996960486323 0.4374315943086465 0.5896656534954408 0.4392557460780737 0.5623100303951368 0.4359722728931047 0.53419452887538 0.421379058737687 0.5273556231003039 0.4031375410434148 0.5319148936170213
26 0.4345129514775629 0.5167173252279635 0.42356804086099964 0.5250759878419453 0.4217438890915724 0.5539513677811551 0.4396205764319591 0.6519756838905775 0.44728201386355343 0.763677811550152 0.45567311200291866 0.8168693009118541 0.46479387085005475 0.8328267477203647 0.4786574242977016 0.817629179331307 0.4713608172199927 0.7226443768996961 0.45603794235680406 0.5927051671732523 0.450200656694637 0.5357142857142857 0.4461875228018971 0.5129179331306991
25 0.4542137905873769 0.5075987841945289 0.446917183509668 0.5091185410334347 0.4564027727106895 0.5851063829787234 0.46333454943451297 0.6846504559270516 0.4764684421743889 0.7864741641337386 0.48303538854432687 0.8389057750759878 0.4914264866836921 0.8487841945288754 0.4990879241152864 0.8259878419452887 0.4848595403137541 0.6709726443768997 0.4761036118205035 0.5653495440729484 0.47172564757387814 0.5113981762917933 0.4706311565122218 0.4992401215805471 0.4615103976650857 0.5007598784194529
24 0.4782925939438161 0.5022796352583586 0.4709959868661073 0.5091185410334347 0.479022254651587 0.5972644376899696 0.48595403137541043 0.7013677811550152 0.49470995986866106 0.7735562310030395 0.5031010580080263 0.8092705167173252 0.5136811382707042 0.78419452887538 0.5093031740240788 0.6770516717325228 0.4958044509303174 0.5683890577507599 0.49361546880700474 0.5174772036474165 0.4877781831448377 0.5022796352583586
16 0.5038307187157971 0.48936170212765956 0.4968989419919737 0.5022796352583586 0.49215614739146296 0.5220364741641338 0.4976286026997446 0.5942249240121581 0.5107624954396206 0.7021276595744681 0.5169646114556731 0.7583586626139818 0.5217074060561838 0.7781155015197568 0.5311929952572054 0.7727963525835866 0.5246260488872674 0.6884498480243161 0.5195184239328712 0.5858662613981763 0.5140459686245895 0.5296352583586627 0.5129514775629332 0.4939209726443769
17 0.5228018971178402 0.5 0.517694272163444 0.5 0.5107624954396206 0.5053191489361702 0.517694272163444 0.5645896656534954 0.52681503101058 0.6413373860182371 0.5282743524261219 0.7120060790273556 0.5330171470266326 0.7689969604863222 0.5363006202116016 0.7887537993920972 0.5505290040131339 0.8009118541033434 0.5556366289675301 0.7887537993920972 0.5479751915359358 0.6800911854103343 0.539948923750456 0.5645896656534954 0.5395840933965705 0.5319148936170213 0.539948923750456 0.5091185410334347 0.5359357898577162 0.5007598784194529
18 0.5435972272893105 0.5045592705167173 0.5366654505654871 0.5083586626139818 0.5377599416271434 0.5600303951367781 0.5629332360452389 0.7545592705167173 0.5716891645384896 0.8138297872340425 0.5826340751550529 0.8389057750759878 0.5954031375410435 0.8335866261398176 0.5943086464793871 0.7697568389057751 0.578620941262313 0.6785714285714286 0.5691353520612915 0.5493920972644377 0.569500182415177 0.5220364741641338 0.5684056913535206 0.506838905775076 0.5622035753374681 0.5015197568389058
19 0.5767967894928858 0.5030395136778115 0.5669463699379789 0.5144376899696048 0.569500182415177 0.5585106382978723 0.5764319591390004 0.6702127659574468 0.5935789857716162 0.7689969604863222 0.6070777088653776 0.8054711246200608 0.6187522801897117 0.8100303951367781 0.6234950747902226 0.7819148936170213 0.6078073695731485 0.7203647416413373 0.6005107624954397 0.6496960486322189 0.5997811017876687 0.5562310030395137 0.5979569500182416 0.5167173252279635 0.5906603429405326 0.506838905775076
20 0.5946734768332725 0.5182370820668692 0.5881065304633345 0.5303951367781155 0.5943086464793871 0.5782674772036475 0.604888726742065 0.6778115501519757 0.6129149945275447 0.75 0.6249543962057643 0.7879939209726444 0.6399124407150675 0.791033434650456 0.6457497263772346 0.7651975683890577 0.630426851514046 0.6375379939209727 0.6282378693907333 0.5493920972644377 0.6213060926669098 0.5030395136778115 0.6089018606348048 0.5045592705167173
22 0.642831083546151 0.49848024316109424 0.6406421014228384 0.5258358662613982 0.6556001459321416 0.6246200607902735 0.6902590295512586 0.709726443768997 0.70777088653776 0.729483282674772 0.7289310470631156 0.7256838905775076 0.7303903684786575 0.6816109422492401 0.7033929222911346 0.5980243161094225 0.6866107260124042 0.5493920972644377 0.6818679314118935 0.5121580547112462 0.6818679314118935 0.49012158054711247 0.6687340386720175 0.48556231003039513 0.6512221816855163 0.49240121580547114
23 0.694636993797884 0.47796352583586627 0.6811382707041226 0.48936170212765956 0.6811382707041226 0.5227963525835866 0.6898941991973733 0.5630699088145896 0.7147026632615834 0.6405775075987842 0.7347683327252827 0.6816109422492401 0.7460780736957315 0.6930091185410334 0.7606712878511492 0.6960486322188449 0.7665085735133164 0.662613981762918 0.7464429040496169 0.5972644376899696 0.7340386720175118 0.5182370820668692 0.7289310470631156 0.4734042553191489 0.7223641006931777 0.46808510638297873 0.7030280919372491 0.4696048632218845
15 0.6793141189346954 0.3723404255319149 0.6763954761036118 0.43237082066869303 0.6847865742429771 0.46808510638297873 0.7187157971543232 0.4574468085106383 0.7263772345859175 0.3731003039513678 0.7230937614009486 0.28951367781155013 0.7241882524626049 0.23328267477203649 0.7241882524626049 0.19832826747720364 0.723458591754834 0.16945288753799392 0.713608172199927 0.16717325227963525 0.7022984312294783 0.19756838905775076 0.6928128420284567 0.30243161094224924
12 0.5997811017876687 0.39893617021276595 0.5983217803721269 0.44072948328267475 0.6037942356804086 0.4627659574468085 0.6194819408974827 0.46656534954407297 0.6275082086829624 0.4308510638297872 0.6326158336373586 0.33890577507598785 0.6369937978839839 0.26443768996960487 0.6399124407150675 0.23024316109422494 0.6421014228383801 0.15881458966565348 0.6366289675300985 0.12689969604863222 0.626413717621306 0.12310030395136778 0.6158336373586283 0.1702127659574468
10 0.5501641736592484 0.42249240121580545 0.5483400218898212 0.4726443768996961 0.5556366289675301 0.4939209726443769 0.5713243341846042 0.493161094224924 0.5808099233856256 0.4612462006079027 0.5808099233856256 0.3290273556231003 0.5899306822327618 0.23252279635258358 0.5924844947099599 0.17477203647416414 0.5895658518788763 0.12917933130699089 0.5746078073695732 0.13221884498480244 0.5629332360452389 0.23480243161094225 0.5556366289675301 0.30927051671732525 0.5512586647209048 0.3731003039513678
9 0.5242612185333819 0.43465045592705165 0.5224370667639547 0.4764437689969605 0.5228018971178402 0.48632218844984804 0.5366654505654871 0.49012158054711247 0.5476103611820503 0.48024316109422494 0.5523531557825611 0.41641337386018235 0.5560014593214155 0.27887537993920974 0.5560014593214155 0.17249240121580547 0.5516234950747902 0.1458966565349544 0.5461510397665086 0.14437689969604864 0.534111638088289 0.21656534954407294 0.5330171470266326 0.27203647416413373 0.5282743524261219 0.34498480243161095
8 0.4943451295147756 0.42021276595744683 0.4928858080992339 0.4810030395136778 0.4976286026997446 0.49240121580547114 0.5206129149945276 0.4848024316109423 0.5286391827800073 0.4749240121580547 0.5271798613644655 0.42857142857142855 0.5180591025173295 0.256838905775076 0.5206129149945276 0.16185410334346503 0.5173294418095585 0.11322188449848024 0.5071141919007661 0.11854103343465046 0.49981758482305727 0.1413373860182371