0 0.4938445304256068 0.33966565349544076 0.5005276116778051 0.5585106382978723 0.470277875483644 0.5600303951367781 0.4650017587055927 0.540273556231003 0.46535349982412944 0.4939209726443769 0.46535349982412944 0.35030395136778114
1 0.4650017587055927 0.3351063829787234 0.46535349982412944 0.41109422492401215 0.4639465353499824 0.4969604863221885 0.46746394653535 0.5600303951367781 0.44108336264509324 0.5486322188449848 0.4403798804080197 0.5250759878419453 0.44249032711924025 0.49848024316109424 0.4421385860007035 0.46580547112462006 0.4456559971860711 0.40197568389057753 0.4502286317270489 0.3525835866261398
2 0.4403798804080197 0.3168693009118541 0.4484699261343651 0.3860182370820669 0.4463594794231446 0.4148936170212766 0.4435455504748505 0.4452887537993921 0.44389729159338726 0.47188449848024316 0.44460077383046076 0.49012158054711247 0.444249032711924 0.5083586626139818 0.4386211748153359 0.5364741641337386 0.43580724586704184 0.5478723404255319 0.42736545902215967 0.5554711246200608 0.42033063665142456 0.5433130699088146 0.4125923320436159 0.5250759878419453 0.4125923320436159 0.506838905775076 0.4175167077031305 0.4848024316109423 0.4206823777699613 0.4521276595744681 0.42842068237777 0.3890577507598784 0.4329933169187478 0.33814589665653494
8 0.507914175167077 0.3252279635258359 0.49876890608512137 0.49012158054711247 0.5005276116778051 0.5547112462006079 0.5269081955680619 0.5638297872340425 0.5346465001758706 0.541033434650456 0.5346465001758706 0.5159574468085106 0.5339430179387971 0.48404255319148937 0.5357017235314808 0.32978723404255317
9 0.5339430179387971 0.3183890577507599 0.5353499824129441 0.48556231003039513 0.5300738656348927 0.5113981762917933 0.5297221245163559 0.5182370820668692 0.531129088990503 0.5364741641337386 0.5371086880056278 0.5493920972644377 0.5483644037988041 0.5531914893617021 0.5546957439324657 0.5455927051671733 0.5613788251846641 0.5243161094224924 0.5589166373549068 0.49544072948328266 0.5571579317622231 0.4673252279635258 0.5543440028139289 0.31990881458966564
10 0.5589166373549068 0.31534954407294835 0.5561027084066127 0.41413373860182373 0.5561027084066127 0.4764437689969605 0.5557509672880759 0.5053191489361702 0.5564544495251494 0.5227963525835866 0.5589166373549068 0.5357142857142857 0.5638410130144214 0.5524316109422492 0.5677101653183257 0.5585106382978723 0.5750967288075977 0.5577507598784195 0.5824832922968695 0.5417933130699089 0.5881111501934576 0.526595744680851 0.5863524446007738 0.48556231003039513 0.5775589166373549 0.31762917933130697
11 0.5898698557861414 0.32142857142857145 0.5838902567710166 0.46504559270516715 0.5793176222300387 0.5037993920972644 0.5803728455856489 0.5258358662613982 0.5810763278227224 0.5455927051671733 0.5891663735490679 0.5554711246200608 0.5958494548012663 0.5554711246200608 0.6046429827646852 0.5509118541033434 0.6071051705944425 0.5372340425531915 0.6099190995427366 0.4946808510638298 0.6116778051354204 0.3252279635258359
12 0.6148434752022511 0.3282674772036474 0.607808652831516 0.5 0.6085121350685895 0.5425531914893617 0.6299683432993317 0.5600303951367781 0.6408723179739712 0.5372340425531915 0.6401688357368976 0.4870820668693009 0.6391136123812874 0.3305471124620061
13 0.6457966936334858 0.3221884498480243 0.6426310235666549 0.45440729483282677 0.6391136123812874 0.49012158054711247 0.6391136123812874 0.5197568389057751 0.6415758002110447 0.5357142857142857 0.6496658459373901 0.5455927051671733 0.6661976785086177 0.5448328267477204 0.6813225466056982 0.5296352583586627 0.681674287724235 0.49012158054711247 0.6813225466056982 0.44148936170212766 0.6820260288427717 0.32142857142857145
14 0.6823777699613085 0.32066869300911854 0.6813225466056982 0.45288753799392095 0.6834329933169188 0.5030395136778115 0.6876538867393598 0.5182370820668692 0.6964474147027787 0.526595744680851 0.706296166021808 0.5227963525835866 0.7172001406964474 0.5075987841945289 0.7203658107632782 0.479483282674772 0.7189588462891312 0.4513677811550152 0.6967991558213155 0.3123100303951368
16 0.5029897995075624 0.587386018237082 0.5086176574041505 0.8161094224924013 0.5307773478719663 0.8123100303951368 0.5283151600422089 0.6512158054711246 0.5265564544495251 0.5767477203647416
17 0.5269081955680619 0.5782674772036475 0.531129088990503 0.8267477203647416 0.5522335561027084 0.8191489361702128 0.5497713682729511 0.6223404255319149 0.5497713682729511 0.5828267477203647
18 0.5585648962363701 0.5714285714285714 0.5490678860358776 0.5980243161094225 0.5494196271544144 0.6458966565349544 0.5627857896588111 0.8366261398176292 0.5856489623637003 0.8267477203647416 0.5782623988744284 0.6618541033434651 0.5754484699261344 0.6231003039513677 0.5740415054519873 0.5790273556231003
19 0.5807245867041857 0.5805471124620061 0.5736897643334505 0.6086626139817629 0.5782623988744284 0.6527355623100304 0.5852972212451636 0.8054711246200608 0.6081603939500527 0.8031914893617021 0.6018290538163912 0.6375379939209727 0.6060499472388322 0.6132218844984803 0.6053464650017587 0.6041033434650456 0.6000703482237073 0.5927051671732523 0.5916285613788251 0.5805471124620061 0.5852972212451636 0.5767477203647416
20 0.6109743228983469 0.5714285714285714 0.6011255715793177 0.5775075987841946 0.5983116426310235 0.5896656534954408 0.5979599015124868 0.6094224924012158 0.6039395005276117 0.6261398176291794 0.6060499472388322 0.6276595744680851 0.6102708406612734 0.6633738601823708 0.6306718255364052 0.8153495440729484 0.6479071403447063 0.8039513677811551 0.633837495603236 0.628419452887538 0.6331340133661625 0.6048632218844985 0.6331340133661625 0.5942249240121581 0.631023566654942 0.5828267477203647 0.6264509321139641 0.574468085106383 0.620823074217376 0.567629179331307
21 0.6545902215969047 0.560790273556231 0.633837495603236 0.5592705167173252 0.6285613788251847 0.5706686930091185 0.6260991909954273 0.5866261398176292 0.633837495603236 0.6155015197568389 0.6398170946183609 0.6458966565349544 0.6440379880408019 0.7256838905775076 0.6725290186422793 0.7917933130699089 0.7048892015476609 0.7591185410334347 0.6778051354203306 0.6117021276595744 0.6756946887091101 0.5896656534954408 0.6756946887091101 0.5797872340425532 0.6732325008793528 0.5623100303951368 0.6651424551530074 0.5585106382978723
22 0.7027787548364404 0.5448328267477204 0.684488216672529 0.5463525835866262 0.6746394653534998 0.5524316109422492 0.6704185719310587 0.5638297872340425 0.6732325008793528 0.5790273556231003 0.6760464298276468 0.5957446808510638 0.6785086176574041 0.6170212765957447 0.6851916989096025 0.6588145896656535 0.7017235314808301 0.7370820668693009 0.7259936686598664 0.7796352583586627 0.7587055926837847 0.7332826747720365 0.7284558564896236 0.6048632218844985 0.7189588462891312 0.5379939209726444 0.7115722827998593 0.5357142857142857
24 0.505100246218783 0.5866261398176292 0.5082659162856138 0.5980243161094225 0.5075624340485403 0.6086626139817629 0.5047485051002463 0.6253799392097265 0.513893774182202 0.8237082066869301 0.49278930706999646 0.8252279635258358 0.481885332395357 0.6565349544072948 0.4843475202251143 0.5805471124620061
25 0.4737952866690116 0.5782674772036475 0.45761519521632077 0.5858662613981763 0.45972564192754134 0.6253799392097265 0.46711220541681325 0.817629179331307 0.48927189588462894 0.8161094224924013 0.481885332395357 0.6474164133738601 0.4843475202251143 0.5782674772036475
26 0.45550474850510025 0.5797872340425532 0.44389729159338726 0.5683890577507599 0.4372142103411889 0.5896656534954408 0.4403798804080197 0.601063829787234 0.4400281392894829 0.6094224924012158 0.43686246922265215 0.6185410334346505 0.43580724586704184 0.6390577507598785 0.43826943369679916 0.810790273556231 0.4642982764685192 0.8092705167173252 0.45902215969046783 0.6246200607902735
27 0.4263102356665494 0.5706686930091185 0.41540626099190997 0.5737082066869301 0.41224059092507914 0.581306990881459 0.4090749208582483 0.5927051671732523 0.4083714386211748 0.6094224924012158 0.4097784030953218 0.621580547112462 0.4034470629616602 0.7492401215805471 0.3960604994723883 0.8016717325227963 0.42384804783679214 0.8138297872340425 0.4347520225114316 0.628419452887538 0.43897291593387266 0.6048632218844985 0.43967639817094617 0.5987841945288754 0.43580724586704184 0.5828267477203647
28 0.3939500527611678 0.5851063829787234 0.3841013014421386 0.6231003039513677 0.38199085473091804 0.6474164133738601 0.3731973267674991 0.7659574468085106 0.3981709461836089 0.7674772036474165 0.40942666197678507 0.64209726443769 0.40731621526556455 0.5881458966565349
29 0.3788251846640872 0.5668693009118541 0.3658107632782272 0.5539513677811551 0.353148083010904 0.5516717325227963 0.34540977840309534 0.5577507598784195 0.34470629616602183 0.5729483282674772 0.3422441083362645 0.5934650455927052 0.33450580372845584 0.6193009118541033 0.30601477312697856 0.7477203647416414 0.35561027084066127 0.7925531914893617 0.3816391136123813 0.6398176291793313 0.3971157228279986 0.5759878419452887 0.3904326415758002 0.5661094224924013
30 0.3334505803728456 0.540273556231003 0.314104818853324 0.5303951367781155 0.3014421385860007 0.5288753799392097 0.29440731621526556 0.5448328267477204 0.2877242349630672 0.5729483282674772 0.2602884277172001 0.7051671732522796 0.3007386563489272 0.75 0.3366162504396764 0.6139817629179332 0.34329933169187477 0.5904255319148937 0.34611326064016884 0.5547112462006079
27 0.3939500527611678 0.364741641337386 0.39500527611677805 0.4278115501519757 0.39078438269433696 0.48404255319148937 0.38269433696799154 0.5463525835866262 0.39641224059092506 0.5615501519756839 0.41224059092507914 0.5592705167173252 0.42279282448118183 0.53419452887538 0.4224410833626451 0.5 0.4220893422441083 0.4787234042553192 0.4213858600070348 0.439209726443769 0.4263102356665494 0.3958966565349544 0.42666197678508616 0.3586626139817629
28 0.37706647907140345 0.3586626139817629 0.36721772775237427 0.425531914893617 0.36651424551530076 0.44832826747720367 0.36651424551530076 0.46656534954407297 0.36721772775237427 0.4825227963525836 0.3679212099894478 0.5007598784194529 0.367569468870911 0.5319148936170213 0.38339781920506505 0.5379939209726444 0.3890256771016532 0.5129179331306991 0.39289482940555753 0.48556231003039513 0.39430179387970454 0.42629179331306993 0.3946535349982413 0.36322188449848025 0.3932465705240943 0.33814589665653494 0.3788251846640872 0.33814589665653494
29 0.3204361589869856 0.33890577507598785 0.3228983468167429 0.4133738601823708 0.3218431234611326 0.46048632218844987 0.3218431234611326 0.5075987841945289 0.3211396412240591 0.5258358662613982 0.3334505803728456 0.5364741641337386 0.3499824129440732 0.5417933130699089 0.36545902215969045 0.540273556231003 0.3710868800562786 0.5159574468085106 0.3658107632782272 0.44680851063829785 0.3644037988040802 0.32066869300911854 0.3496306718255364 0.31382978723404253 0.3383749560323602 0.324468085106383
30 0.29124164614843473 0.31762917933130697 0.26837847344354554 0.48556231003039513 0.28561378825184663 0.5197568389057751 0.30109039746746397 0.5235562310030395 0.32149138234259583 0.5250759878419453 0.3218431234611326 0.45972644376899696 0.3257122757650369 0.3966565349544073 0.32395357017235316 0.31762917933130697 0.2891311994372142 0.310790273556231