0 0.5099673794853208 0.24620060790273557 0.516491482421167 0.49620060790273557 0.4849583182312432 0.493161094224924 0.4885828198622689 0.3799392097264438 0.4824211670895252 0.24468085106382978
1 0.47843421529539687 0.23708206686930092 0.4878579195360638 0.3768996960486322 0.4849583182312432 0.4946808510638298 0.46792316056542227 0.493161094224924 0.46393620877129393 0.45896656534954405 0.46429865893439654 0.4217325227963526 0.4661109097499094 0.3708206686930091 0.466473359913012 0.2393617021276596
2 0.45704965567234507 0.22416413373860183 0.4671982602392171 0.2948328267477204 0.466473359913012 0.3829787234042553 0.46901051105472996 0.41185410334346506 0.4686480608916274 0.4376899696048632 0.46756071040231967 0.4612462006079027 0.4606741573033708 0.4886018237082067 0.4559623051830373 0.49848024316109424 0.4447263501268576 0.48556231003039513 0.44073939833272924 0.46504559270516715 0.4374773468648061 0.439209726443769 0.43928959768031894 0.40197568389057753 0.4414642986589344 0.3495440729483283 0.43965204784342155 0.2256838905775076
3 0.4360275462123958 0.22188449848024316 0.44218919898513953 0.3541033434650456 0.4450888002899601 0.38145896656534956 0.44907575208408845 0.40425531914893614 0.44907575208408845 0.4194528875379939 0.44907575208408845 0.44148936170212766 0.44762595143167816 0.45592705167173253 0.44218919898513953 0.46808510638297873 0.43820224719101125 0.4787234042553192 0.4237042406669083 0.4817629179331307 0.41899238854657483 0.4749240121580547 0.4139180862631388 0.46504559270516715 0.4113809351214208 0.44376899696048633 0.4113809351214208 0.4209726443768997 0.41319318593693366 0.3829787234042553 0.4153678869155491 0.31458966565349544 0.41935483870967744 0.22796352583586627
4 0.41500543675244655 0.22416413373860183 0.4139180862631388 0.3768996960486322 0.41319318593693366 0.3951367781155015 0.4110184849583182 0.42249240121580545 0.4110184849583182 0.4513677811550152 0.41210583544762597 0.4703647416413374 0.4059441826748822 0.48404255319148937 0.3983327292497282 0.4848024316109423 0.3878216745197535 0.4726443768996961 0.3827473722363175 0.4582066869300912 0.3787604204421892 0.4270516717325228 0.3856469735411381 0.364741641337386 0.3954331279449076 0.22036474164133737 0.4142805364262414 0.21656534954407294
6 0.33997825299021384 0.182370820668693 0.3519391083725988 0.2439209726443769 0.35773831098223996 0.2978723404255319 0.3570134106560348 0.3487841945288754 0.3566509604929322 0.4065349544072948 0.3504893077201885 0.42401215805471126 0.338166002174701 0.42857142857142855 0.3193185936933672 0.425531914893617 0.3102573396158028 0.4194528875379939 0.3022834360275462 0.39893617021276595 0.30192098586444366 0.3860182370820669 0.3008336353751359 0.3738601823708207 0.3088075389633925 0.3411854103343465 0.3146067415730337 0.17249240121580547 0.3410656034795216 0.16717325227963525
7 0.29213483146067415 0.1580547112462006 0.27981152591518665 0.15729483282674772 0.27364987314244293 0.16489361702127658 0.2685755708590069 0.2013677811550152 0.2656759695541863 0.23404255319148937 0.25190286335628853 0.3518237082066869 0.2635012685755709 0.3639817629179331 0.28271112722000724 0.38069908814589665 0.29503443276549474 0.39285714285714285 0.30590793765857194 0.3556231003039514 0.30772018847408483 0.3191489361702128 0.31279449075752086 0.16261398176291794
8 0.5128669807901414 0.2507598784194529 0.5168539325842697 0.5007598784194529 0.5454874954693729 0.49848024316109424 0.5436752446538601 0.3822188449848024 0.5407756433490395 0.2439209726443769
9 0.5418629938383472 0.24316109422492402 0.5451250453062704 0.4992401215805471 0.5614353026458861 0.5015197568389058 0.5665096049293222 0.4764437689969605 0.5603479521565785 0.4278115501519757 0.5628851032982964 0.39361702127659576 0.5610728524827836 0.24088145896656535
10 0.5654222544400145 0.2074468085106383 0.5614353026458861 0.2743161094224924 0.5643349039507067 0.3951367781155015 0.5603479521565785 0.42933130699088146 0.5715839072127582 0.5015197568389058 0.5806451612903226 0.5015197568389058 0.5875317143892714 0.49240121580547114 0.5915186661833998 0.45972644376899696 0.5915186661833998 0.4399696048632219 0.5893439652047844 0.40805471124620063 0.5882566147154766 0.3776595744680851 0.5868068140630663 0.20820668693009117
11 0.5868068140630663 0.20820668693009117 0.5875317143892714 0.3799392097264438 0.5813700616165277 0.4034954407294833 0.5806451612903226 0.41641337386018235 0.58028271112722 0.4376899696048632 0.5831823124320406 0.4582066869300912 0.5871692642261689 0.47112462006079026 0.5911562160202972 0.48024316109422494 0.5994925697716564 0.4886018237082067 0.6063791228706052 0.49240121580547114 0.6118158753171439 0.48024316109422494 0.61689017760058 0.46656534954407297 0.617615077926785 0.44832826747720367 0.6165277274374773 0.4278115501519757 0.6139905762957594 0.40805471124620063 0.6129032258064516 0.3799392097264438 0.6009423704240667 0.2074468085106383
15 0.6955418629938384 0.16185410334346503 0.6955418629938384 0.3221884498480243 0.708590068865531 0.3913373860182371 0.7209133744110184 0.3981762917933131 0.738310982239942 0.3913373860182371 0.7462848858281986 0.3662613981762918 0.7509967379485321 0.3465045592705167 0.7292497281623777 0.15501519756838905
16 0.5132294309532439 0.53419452887538 0.5019934758970641 0.5395136778115501 0.5016310257339616 0.5775075987841946 0.5045306270387822 0.5851063829787234 0.5019934758970641 0.7112462006079028 0.5175788329104748 0.7135258358662614 0.5222906850308082 0.5904255319148937 0.5222906850308082 0.5623100303951368 0.523378035520116 0.5455927051671733 0.5226531351939109 0.5296352583586627
17 0.5328017397607829 0.5250759878419453 0.5230155853570134 0.5243161094224924 0.5215657847046031 0.5790273556231003 0.5193910837259876 0.7142857142857143 0.5360637912287061 0.7150455927051672 0.540413193185937 0.5691489361702128 0.5440376948169626 0.5227963525835866
18 0.5545487495469373 0.540273556231003 0.5487495469372962 0.540273556231003 0.5454874954693729 0.5539513677811551 0.5415005436752447 0.5683890577507599 0.5400507430228344 0.587386018237082 0.5400507430228344 0.601823708206687 0.558173251177963 0.8138297872340425 0.5893439652047844 0.7925531914893617 0.5715839072127582 0.6382978723404256 0.5661471547662197 0.5934650455927052 0.5668720550924248 0.5683890577507599 0.5639724537876042 0.5486322188449848
19 0.5694092062341428 0.5159574468085106 0.5632475534613991 0.5227963525835866 0.5603479521565785 0.5334346504559271 0.5592606016672708 0.5433130699088146 0.5559985501993476 0.5516717325227963 0.5559985501993476 0.5645896656534954 0.5588981515041682 0.5729483282674772 0.5617977528089888 0.5835866261398176 0.5639724537876042 0.5911854103343465 0.5654222544400145 0.6056231003039514 0.5965929684668358 0.7492401215805471 0.6096411743385285 0.7325227963525835 0.5980427691192461 0.6352583586626139 0.5897064153678869 0.5987841945288754 0.5878941645523741 0.5805471124620061 0.5878941645523741 0.5668693009118541 0.5871692642261689 0.5455927051671733 0.5849945632475535 0.5326747720364742 0.5817325117796303 0.5227963525835866 0.5744835085175788 0.5197568389057751
20 0.5951431678144256 0.5098784194528876 0.5889815150416817 0.5106382978723404 0.582819862268938 0.5144376899696048 0.5784704603117071 0.5189969604863222 0.5770206596592968 0.526595744680851 0.5799202609641174 0.5455927051671733 0.5810076114534252 0.5554711246200608 0.5839072127582458 0.567629179331307 0.5871692642261689 0.5797872340425532 0.5893439652047844 0.5896656534954408 0.5907937658571947 0.5980243161094225 0.6110909749909388 0.743161094224924 0.6332004349401957 0.7256838905775076 0.615077926785067 0.5098784194528876
22 0.6770569046756071 0.44072948328267475 0.6708952519028634 0.4521276595744681 0.6607466473359913 0.4582066869300912 0.6524102935846321 0.4627659574468085 0.6466110909749909 0.48328267477203646 0.651685393258427 0.506838905775076 0.6893802102210946 0.6398176291793313 0.7212758245741211 0.6816109422492401 0.7393983327292497 0.6747720364741642 0.750271837622327 0.6428571428571429 0.7444726350126858 0.6033434650455927 0.7042406669083001 0.4878419452887538 0.6922798115259152 0.44072948328267475
23 0.7147517216382747 0.4133738601823708 0.7071402682131207 0.4217325227963526 0.6998912649510692 0.4369300911854103 0.6969916636462486 0.44984802431610943 0.6962667633200434 0.46200607902735563 0.7017035157665821 0.4787234042553192 0.7078651685393258 0.49772036474164133 0.760420442189199 0.6025835866261399 0.79014135556361 0.6056231003039514 0.8035520115984052 0.581306990881459 0.8046393620877129 0.540273556231003 0.7883291047480971 0.4939209726443769 0.7683943457774556 0.45972644376899696 0.7557085900688655 0.42325227963525835 0.7506342877854295 0.4065349544072948 0.7390358825661472 0.3958966565349544 0.723812975715839 0.4012158054711246
24 0.5009061254077565 0.5189969604863222 0.49075752084088436 0.5174772036474165 0.4867705690467561 0.5455927051671733 0.4878579195360638 0.5630699088145896 0.4878579195360638 0.5767477203647416 0.48278361725262775 0.7127659574468085 0.4972816237767307 0.7135258358662614 0.5059804276911924 0.5592705167173252 0.5092424791591156 0.5182370820668692
25 0.4849583182312432 0.5250759878419453 0.46937296121783256 0.5174772036474165 0.46756071040231967 0.5501519756838906 0.46792316056542227 0.5866261398176292 0.46248640811888364 0.7112462006079028 0.48133381660021746 0.7127659574468085 0.48749546937296123 0.5509118541033434 0.48930772018847407 0.5364741641337386
26 0.46248640811888364 0.5220364741641338 0.466473359913012 0.5592705167173252 0.4682856107285248 0.587386018237082 0.45161290322580644 0.7059270516717325 0.42442914099311346 0.7667173252279635 0.40558173251177965 0.7416413373860182 0.43494019572308806 0.6367781155015197 0.44255164914824213 0.5752279635258358 0.44218919898513953 0.5531914893617021 0.4447263501268576 0.5379939209726444 0.449438202247191 0.5227963525835866 0.4577745559985502 0.5144376899696048
27 0.43928959768031894 0.49848024316109424 0.45161290322580644 0.5364741641337386 0.44762595143167816 0.5539513677811551 0.441826748822037 0.5759878419452887 0.4374773468648061 0.5934650455927052 0.43385284523378037 0.6132218844984803 0.4106560347952157 0.729483282674772 0.39434577745559984 0.7218844984802432 0.41319318593693366 0.5645896656534954 0.41609278724175425 0.5372340425531915 0.42044218919898513 0.5174772036474165 0.42551649148242116 0.5045592705167173
28 0.4186299383834723 0.5007598784194529 0.4110184849583182 0.49772036474164133 0.400144980065241 0.4969604863221885 0.39144617615077926 0.5 0.38528452337803554 0.5174772036474165 0.3816600217470098 0.5372340425531915 0.3816600217470098 0.5645896656534954 0.3675244653860094 0.7142857142857143 0.39579557810801014 0.7249240121580547 0.41355563610003626 0.5569908814589666 0.4233417905038057 0.506079027355623
31 0.2522653135193911 0.36322188449848025 0.19318593693367161 0.5037993920972644 0.21747009786154403 0.5775075987841946 0.2776368249365712 0.506838905775076 0.30337078651685395 0.45288753799392095 0.2975715839072128 0.40805471124620063 0.2758245741210584 0.3670212765957447
12 0.6295759333091699 0.2127659574468085 0.6303008336353751 0.3434650455927052 0.6342877854295035 0.4217325227963526 0.6303008336353751 0.44224924012158057 0.6281261326567597 0.44984802431610943 0.6226893802102211 0.44984802431610943 0.6190648785791953 0.4452887537993921 0.6158028271112722 0.43009118541033436 0.6154403769481697 0.4004559270516717 0.6114534251540413 0.35030395136778114 0.610003624501631 0.2887537993920973 0.6143530264588619 0.20288753799392098 0.6292134831460674 0.19908814589665655