8 0.4880868955851437 0.47188449848024316 0.5175192711983182 0.46656534954407297 0.52697967764541 0.25 0.4971969166082691 0.24620060790273557 0.48913805185704273 0.3974164133738602 0.4863349684653118 0.4574468085106383
9 0.5329362298528382 0.24088145896656535 0.5546601261387526 0.24316109422492402 0.5532585844428872 0.3890577507598784 0.5494043447792571 0.41717325227963525 0.5487035739313244 0.446048632218845 0.551156271899089 0.45364741641337386 0.5469516468114927 0.46808510638297873 0.5287316047652417 0.4627659574468085 0.5210231254379818 0.46504559270516715 0.5189208128941836 0.4490881458966565 0.5238262088297126 0.4095744680851064
10 0.5767344078486335 0.21656534954407294 0.6082690960056062 0.21808510638297873 0.5837421163279608 0.46048632218844987 0.5788367203924317 0.4764437689969605 0.5770847932725999 0.4825227963525836 0.5763840224246671 0.48404255319148937 0.5718290119131044 0.4848024316109423 0.5637701471618781 0.4726443768996961 0.5553608969866853 0.4635258358662614 0.5518570427470217 0.4574468085106383 0.5494043447792571 0.45364741641337386 0.5490539593552908 0.43465045592705165 0.5487035739313244 0.42933130699088146 0.5487035739313244 0.4194528875379939 0.5508058864751226 0.40577507598784196 0.5539593552908199 0.38677811550151975 0.5553608969866853 0.3761398176291793 0.5732305536089699 0.21656534954407294
11 0.5798878766643307 0.47112462006079026 0.5767344078486335 0.4612462006079027 0.594604064470918 0.20896656534954408 0.6222845129642607 0.21656534954407294 0.6156271899088998 0.3913373860182371 0.6156271899088998 0.45972644376899696 0.6156271899088998 0.4696048632218845 0.6044148563419762 0.49012158054711247 0.5903994393833216 0.4703647416413374
12 0.6254379817799579 0.21656534954407294 0.6566222845129642 0.21656534954407294 0.6436580238262088 0.42629179331306993 0.6475122634898388 0.4521276595744681 0.644709180098108 0.47188449848024316 0.6320953048353188 0.48556231003039513 0.6191310441485635 0.47188449848024316 0.6145760336370008 0.47188449848024316 0.6107217939733707 0.46656534954407297 0.6089698668535389 0.4308510638297872 0.6131744919411353 0.40805471124620063 0.626489138051857 0.270516717325228
13 0.6678346180798879 0.46808510638297873 0.6618780658724597 0.47796352583586627 0.6541695865451997 0.47796352583586627 0.6454099509460406 0.4696048632218845 0.6436580238262088 0.46808510638297873 0.6394533987386125 0.4521276595744681 0.6433076384022425 0.4148936170212766 0.6566222845129642 0.21808510638297873 0.6836019621583742 0.21808510638297873 0.6730903994393833 0.40577507598784196
14 0.6713384723195515 0.47416413373860183 0.6604765241765943 0.46504559270516715 0.673791170287316 0.21808510638297873 0.695865451997197 0.21504559270516718 0.6857042747021724 0.41641337386018235 0.6902592852137351 0.4521276595744681 0.6885073580939033 0.4688449848024316 0.6822004204625087 0.4848024316109423 0.6765942536790469 0.4817629179331307
15 0.6990189208128942 0.2256838905775076 0.7368605466012614 0.23100303951367782 0.7266993693062369 0.39893617021276595 0.728801681850035 0.44072948328267475 0.7245970567624387 0.4612462006079027 0.7196916608269096 0.4673252279635258 0.717238962859145 0.4551671732522796 0.701822004204625 0.47416413373860183 0.6944639103013315 0.47188449848024316 0.6895585143658024 0.46808510638297873 0.6864050455501051 0.4338905775075988 0.6923615977575333 0.34498480243161095 0.7025227750525578 0.25151975683890576
0 0.4555010511562719 0.20212765957446807 0.48458304134548 0.2013677811550152 0.48458304134548 0.41185410334346506 0.48563419761737914 0.46580547112462006 0.47862648913805184 0.4749240121580547 0.4576033637000701 0.4726443768996961 0.4533987386124737 0.45364741641337386 0.45409950946040645 0.41413373860182373
1 0.43307638402242465 0.19984802431610943 0.4593552908199019 0.20820668693009117 0.452697967764541 0.3974164133738602 0.45409950946040645 0.4506079027355623 0.45094604064470917 0.4551671732522796 0.44358794674141555 0.45972644376899696 0.4281709880868956 0.4612462006079027 0.42536790469516467 0.44224924012158057 0.42676944639103015 0.3776595744680851 0.4299229152067274 0.20288753799392098
2 0.4036440084092502 0.4734042553191489 0.39383321653819203 0.44224924012158057 0.3948843728100911 0.4217325227963526 0.38612473721093205 0.20440729483282674 0.4159074982480729 0.20288753799392098 0.4243167484232656 0.3898176291793313 0.4260686755430974 0.4316109422492401 0.41800981079187105 0.4642857142857143 0.41065171688857743 0.46808510638297873
3 0.3798177995795375 0.47720364741641336 0.3882270497547302 0.46656534954407297 0.38927820602662927 0.45972644376899696 0.39348283111422566 0.4612462006079027 0.397687456201822 0.4627659574468085 0.39523475823405746 0.19908814589665655 0.36825508058864753 0.20440729483282674 0.36965662228451296 0.3472644376899696 0.36685353889278205 0.44452887537993924 0.37070777855641207 0.47188449848024316
4 0.3419761737911703 0.19832826747720364 0.36685353889278205 0.2013677811550152 0.37281009110021024 0.4095744680851064 0.37281009110021024 0.44832826747720367 0.365802382620883 0.4627659574468085 0.3615977575332866 0.4627659574468085 0.3549404344779257 0.4726443768996961 0.34898388227049754 0.4673252279635258 0.34512964260686757 0.4673252279635258 0.3409250175192712 0.4430091185410334 0.3447792571829012 0.40425531914893614
5 0.31499649614576036 0.196048632218845 0.3419761737911703 0.19756838905775076 0.3493342676944639 0.41033434650455924 0.34723195515066574 0.44680851063829785 0.3391730903994394 0.45972644376899696 0.33216538192011213 0.4574468085106383 0.3286615276804485 0.4635258358662614 0.3181499649614576 0.4490881458966565 0.3097407147862649 0.4574468085106383 0.30238262088297124 0.44756838905775076 0.30168185003503856 0.42249240121580545 0.3072880168185004 0.3822188449848024
6 0.26278906797477225 0.17553191489361702 0.2995795374912404 0.1838905775075988 0.3076384022424667 0.3768996960486322 0.31114225648213034 0.3905775075987842 0.31219341275402945 0.40501519756838905 0.3090399439383322 0.425531914893617 0.30518570427470215 0.439209726443769 0.30168185003503856 0.44376899696048633 0.2981779957953749 0.4452887537993921 0.29292221443587946 0.4452887537993921 0.2841625788367204 0.4399696048632219 0.27925718290119134 0.43237082066869303 0.27505255781359494 0.43844984802431614 0.2708479327259986 0.4399696048632219 0.26454099509460405 0.418693009118541 0.26278906797477225 0.38145896656534956 0.26278906797477225 0.35790273556231
16 0.4898388227049755 0.49772036474164133 0.5063069376313946 0.4992401215805471 0.5080588647512263 0.5372340425531915 0.5073580939032937 0.7484802431610942 0.4905395935529082 0.7492401215805471 0.49194113524877364 0.5797872340425532 0.48878766643307636 0.541033434650456
17 0.5063069376313946 0.493161094224924 0.5301331464611072 0.5 0.5318850735809391 0.5212765957446809 0.5318850735809391 0.7515197568389058 0.5077084793272599 0.7484802431610942 0.5101611772950245 0.5653495440729484
18 0.5392431674842326 0.4969604863221885 0.5322354590049054 0.5121580547112462 0.5318850735809391 0.5516717325227963 0.535739313244569 0.7621580547112462 0.5525578135949545 0.7629179331306991 0.5623686054660126 0.6162613981762918 0.5602662929222144 0.5212765957446809
19 0.5700770847932726 0.5075987841945289 0.5574632095304836 0.5296352583586627 0.5620182200420463 0.7629179331306991 0.5798878766643307 0.7659574468085106 0.5886475122634899 0.5623100303951368 0.590749824807288 0.5357142857142857 0.5851436580238262 0.5174772036474165
20 0.5977575332866153 0.5053191489361702 0.5844428871758934 0.5212765957446809 0.5844428871758934 0.541033434650456 0.5914505956552207 0.5851063829787234 0.5974071478626489 0.7462006079027356 0.6268395234758234 0.7598784194528876 0.6257883672039243 0.648936170212766 0.6191310441485635 0.5843465045592705 0.6187806587245971 0.5577507598784195 0.6194814295725298 0.5258358662613982 0.6166783461807989 0.5144376899696048 0.6107217939733707 0.5129179331306991 0.6068675543097407 0.5106382978723404 0.6019621583742116 0.506079027355623
21 0.6229852838121934 0.5007598784194529 0.629292221443588 0.506838905775076 0.6387526278906798 0.5075987841945289 0.650665732305536 0.5022796352583586 0.6580238262088297 0.5075987841945289 0.6653819201121234 0.5129179331306991 0.6667834618079888 0.5235562310030395 0.6657323055360898 0.5600303951367781 0.6860546601261388 0.7264437689969605 0.653468815697267 0.7492401215805471 0.6362999299229152 0.6778115501519757 0.622634898388227 0.6314589665653495 0.6243868255080589 0.581306990881459 0.6201822004204625 0.5569908814589666 0.6163279607568325 0.5417933130699089 0.6145760336370008 0.520516717325228 0.6163279607568325 0.5053191489361702
22 0.6797477224947442 0.493161094224924 0.6846531184302733 0.4946808510638298 0.6895585143658024 0.49620060790273557 0.6927119831814996 0.48936170212765956 0.6983181499649614 0.48936170212765956 0.701822004204625 0.49012158054711247 0.7119831814996496 0.4946808510638298 0.7368605466012614 0.7142857142857143 0.6979677645409951 0.7302431610942249 0.6751927119831815 0.5828267477203647 0.662228451296426 0.5524316109422492 0.6615276804484933 0.5167173252279635 0.662228451296426 0.5037993920972644 0.673791170287316 0.4992401215805471
23 0.7217939733707078 0.47188449848024316 0.7196916608269096 0.4756838905775076 0.7196916608269096 0.4787234042553192 0.7168885774351786 0.48328267477203646 0.7158374211632796 0.48632218844984804 0.713384723195515 0.5007598784194529 0.7130343377715487 0.5045592705167173 0.7137351086194814 0.5129179331306991 0.7147862648913805 0.5182370820668692 0.7154870357393133 0.5235562310030395 0.7165381920112124 0.5372340425531915 0.7186405045550105 0.5448328267477204 0.7196916608269096 0.5554711246200608 0.7196916608269096 0.5600303951367781 0.7196916608269096 0.5683890577507599 0.7210932025227751 0.5881458966565349 0.7393132445690259 0.6945288753799392 0.7725998598458305 0.6945288753799392 0.7592852137351086 0.5455927051671733 0.7624386825508059 0.5113981762917933 0.7627890679747722 0.4825227963525836 0.759635599159075 0.479483282674772 0.7561317449194114 0.4787234042553192 0.7543798177995795 0.4787234042553192 0.7501751927119832 0.4787234042553192 0.7452697967764541 0.4764437689969605 0.7435178696566223 0.4756838905775076 0.7410651716888578 0.4734042553191489 0.7375613174491941 0.4734042553191489 0.7365101611772951 0.4817629179331307 0.728801681850035 0.4703647416413374
24 0.47091800981079185 0.49848024316109424 0.4821303433777155 0.4969604863221885 0.48913805185704273 0.4969604863221885 0.48843728100911005 0.7522796352583586 0.46811492641906094 0.7378419452887538 0.4730203223545901 0.5775075987841946 0.46741415557112825 0.5357142857142857 0.4677645409950946 0.5167173252279635 0.46916608269096005 0.5022796352583586
25 0.4621583742116328 0.49620060790273557 0.45094604064470917 0.4969604863221885 0.44674141555711283 0.5022796352583586 0.4460406447091801 0.5151975683890577 0.44533987386124735 0.5273556231003039 0.4470918009810792 0.5387537993920972 0.44849334267694463 0.5539513677811551 0.4477925718290119 0.5683890577507599 0.4477925718290119 0.5965045592705167 0.44674141555711283 0.6041033434650456 0.44639103013314646 0.6155015197568389 0.4460406447091801 0.6268996960486323 0.4456902592852137 0.6428571428571429 0.44919411352487737 0.7226443768996961 0.4649614576033637 0.736322188449848 0.46811492641906094 0.7112462006079028 0.4695164681149264 0.6185410334346505 0.46741415557112825 0.5562310030395137 0.46916608269096005 0.5334346504559271 0.4695164681149264 0.5189969604863222 0.4695164681149264 0.5083586626139818 0.4688156972669937 0.4969604863221885
26 0.44183601962158375 0.4908814589665654 0.43447792571829014 0.4969604863221885 0.42957252978276106 0.5015197568389058 0.42571829011913104 0.5045592705167173 0.42396636299929924 0.5083586626139818 0.42396636299929924 0.5113981762917933 0.42081289418360196 0.7120060790273556 0.4355290819901892 0.743161094224924 0.4460406447091801 0.7044072948328267 0.4477925718290119 0.5531914893617021 0.44674141555711283 0.513677811550152 0.4456902592852137 0.49620060790273557
27 0.41170287316047655 0.4946808510638298 0.40119131044148565 0.5113981762917933 0.397687456201822 0.5167173252279635 0.3927820602662929 0.71580547112462 0.41625788367203925 0.7226443768996961 0.4250175192711983 0.5638297872340425 0.4292221443587947 0.5357142857142857 0.42747021723896284 0.5151975683890577 0.42256482130343376 0.5106382978723404 0.4201121233356692 0.5083586626139818 0.41625788367203925 0.49620060790273557
28 0.39067974772249475 0.5 0.38192011212333565 0.5030395136778115 0.3759635599159075 0.5053191489361702 0.3731604765241766 0.526595744680851 0.3703573931324457 0.71580547112462 0.3885774351786966 0.7256838905775076 0.40189208128941833 0.5653495440729484 0.4081990189208129 0.5197568389057751 0.405395935529082 0.506838905775076 0.4022424667133847 0.5083586626139818 0.4008409250175193 0.5098784194528876 0.3987386124737211 0.5098784194528876 0.39698668535388926 0.506838905775076
29 0.34548002803083394 0.48936170212765956 0.3510861948142957 0.49012158054711247 0.3549404344779257 0.49164133738601823 0.3570427470217239 0.49164133738601823 0.3608969866853539 0.49240121580547114 0.365802382620883 0.4992401215805471 0.36790469516468116 0.5007598784194529 0.3752627890679748 0.49620060790273557 0.37911702873160474 0.49620060790273557 0.38121934127540297 0.49620060790273557 0.38472319551506656 0.5113981762917933 0.38472319551506656 0.5220364741641338 0.354239663629993 0.7317629179331308 0.306937631394534 0.7082066869300911 0.331114225648213 0.5668693009118541 0.3314646110721794 0.5440729483282675 0.3314646110721794 0.5387537993920972 0.3314646110721794 0.5319148936170213 0.3314646110721794 0.5258358662613982 0.3328661527680449 0.5159574468085106 0.3332165381920112 0.5083586626139818 0.33391730903994393 0.5022796352583586 0.3353188507358094 0.49620060790273557 0.3374211632796076 0.49240121580547114 0.33952347582340575 0.4908814589665654 0.3419761737911703 0.48936170212765956
30 0.29747722494744216 0.4642857142857143 0.2918710581639804 0.4734042553191489 0.29011913104414855 0.4787234042553192 0.287666433076384 0.49240121580547114 0.2869656622284513 0.5030395136778115 0.28276103714085493 0.5486322188449848 0.2613875262789068 0.6702127659574468 0.2747021723896286 0.6968085106382979 0.3269096005606167 0.5889057750759878 0.3346180798878767 0.5448328267477204 0.3374211632796076 0.5364741641337386 0.34127540294323755 0.5212765957446809 0.3430273300630694 0.5129179331306991 0.3433777154870357 0.5083586626139818 0.3461807988787666 0.4878419452887538 0.34267694463910303 0.48936170212765956 0.3360196215837421 0.4908814589665654 0.3325157673440785 0.48936170212765956 0.33076384022424665 0.4886018237082067 0.3293622985283812 0.48328267477203646 0.3241065171688858 0.4756838905775076 0.3153468815697267 0.47188449848024316 0.31254379817799577 0.47720364741641336 0.31079187105816397 0.4673252279635258 0.30168185003503856 0.4642857142857143
31 0.27189908899789766 0.4612462006079027 0.25998598458304134 0.4749240121580547 0.2463209530483532 0.46048632218844987 0.23440784863349684 0.4734042553191489 0.23335669236159776 0.5144376899696048 0.23300630693763139 0.6512158054711246 0.2543798177995795 0.6732522796352584 0.279957953749124 0.5767477203647416 0.2834618079887877 0.5357142857142857 0.2869656622284513 0.4946808510638298 0.2841625788367204 0.4756838905775076 0.2747021723896286 0.4574468085106383