0 0.5040590405904058 0.3487841945288754 0.5103321033210332 0.5030395136778115 0.5092250922509225 0.5440729483282675 0.477859778597786 0.5478723404255319 0.4752767527675277 0.5007598784194529 0.4734317343173432 0.3525835866261398
1 0.47601476014760147 0.3518237082066869 0.47601476014760147 0.4703647416413374 0.4708487084870849 0.5463525835866262 0.45166051660516604 0.5509118541033434 0.44280442804428044 0.5311550151975684 0.4439114391143911 0.49240121580547114 0.44981549815498156 0.43541033434650456 0.45608856088560884 0.3495440729483283
2 0.42878228782287825 0.3427051671732523 0.44723247232472324 0.48404255319148937 0.44944649446494467 0.5037993920972644 0.45018450184501846 0.5159574468085106 0.44981549815498156 0.5319148936170213 0.44280442804428044 0.5562310030395137 0.4350553505535055 0.5729483282674772 0.42472324723247235 0.560790273556231 0.411070110701107 0.5364741641337386 0.4059040590405904 0.35106382978723405
4 0.35608856088560886 0.3541033434650456 0.3874538745387454 0.4270516717325228 0.4014760147601476 0.5387537993920972 0.4014760147601476 0.5775075987841946 0.39114391143911437 0.5911854103343465 0.3804428044280443 0.5828267477203647 0.36974169741697416 0.574468085106383 0.36309963099631 0.5691489361702128 0.3627306273062731 0.5455927051671733 0.36051660516605166 0.49240121580547114 0.3372693726937269 0.3700607902735562
5 0.3376383763837638 0.3677811550151976 0.36199261992619924 0.5098784194528876 0.3678966789667897 0.5319148936170213 0.36974169741697416 0.5478723404255319 0.37047970479704795 0.567629179331307 0.37047970479704795 0.5881458966565349 0.36568265682656825 0.5972644376899696 0.35535055350553507 0.6071428571428571 0.34686346863468637 0.6086626139817629 0.33653136531365313 0.6086626139817629 0.32693726937269374 0.5987841945288754 0.3214022140221402 0.5835866261398176 0.3202952029520295 0.5387537993920972 0.3077490774907749 0.439209726443769 0.3033210332103321 0.39361702127659576
6 0.2915129151291513 0.37537993920972645 0.3033210332103321 0.42249240121580545 0.3118081180811808 0.44984802431610943 0.3173431734317343 0.48404255319148937 0.3210332103321033 0.5509118541033434 0.32214022140221404 0.5828267477203647 0.3129151291512915 0.5942249240121581 0.3029520295202952 0.5957446808510638 0.29298892988929887 0.5889057750759878 0.28892988929889296 0.5858662613981763 0.2819188191881919 0.5843465045592705 0.27638376383763835 0.5797872340425532 0.2726937269372694 0.5752279635258358 0.2730627306273063 0.5395136778115501 0.2767527675276753 0.48556231003039513 0.2690036900369004 0.39285714285714285
7 0.24797047970479705 0.3822188449848024 0.22472324723247233 0.5501519756838906 0.25940959409594094 0.5737082066869301 0.27121771217712176 0.5737082066869301 0.2771217712177122 0.5144376899696048 0.27638376383763835 0.4574468085106383 0.26605166051660517 0.3799392097264438
8 0.5118081180811808 0.34194528875379937 0.5081180811808118 0.5425531914893617 0.5232472324723247 0.5463525835866262 0.5391143911439115 0.5448328267477204 0.5450184501845018 0.5083586626139818 0.5446494464944649 0.3487841945288754
9 0.548339483394834 0.3495440729483283 0.5498154981549815 0.42249240121580545 0.5446494464944649 0.5106382978723404 0.5490774907749078 0.5296352583586627 0.555719557195572 0.5364741641337386 0.5638376383763838 0.5364741641337386 0.5708487084870849 0.5303951367781155 0.5763837638376383 0.5106382978723404 0.581549815498155 0.3586626139817629
10 0.6011070110701107 0.3411854103343465 0.5822878228782288 0.4316109422492401 0.577490774907749 0.47188449848024316 0.5756457564575646 0.5022796352583586 0.5738007380073801 0.5220364741641338 0.574169741697417 0.541033434650456 0.5785977859778598 0.5509118541033434 0.5830258302583026 0.5569908814589666 0.5878228782287823 0.5600303951367781 0.5922509225092251 0.560790273556231 0.6003690036900369 0.5509118541033434 0.6062730627306273 0.5319148936170213 0.6070110701107011 0.506079027355623 0.6099630996309963 0.43009118541033436 0.6247232472324723 0.3373860182370821 0.6047970479704797 0.3252279635258359
11 0.6151291512915129 0.3776595744680851 0.6088560885608856 0.4787234042553192 0.6040590405904059 0.5319148936170213 0.6022140221402214 0.5600303951367781 0.6162361623616236 0.5714285714285714 0.6302583025830258 0.5615501519756839 0.6387453874538745 0.5326747720364742 0.6413284132841328 0.3791793313069909
13 0.670479704797048 0.3738601823708207 0.6357933579335794 0.5729483282674772 0.6579335793357933 0.601823708206687 0.6797047970479705 0.6048632218844985 0.6881918819188192 0.5896656534954408 0.6900369003690037 0.5645896656534954 0.6907749077490775 0.53419452887538 0.7011070110701108 0.3837386018237082
14 0.7077490774907749 0.3768996960486322 0.6915129151291513 0.4810030395136778 0.6896678966789668 0.5326747720364742 0.6892988929889299 0.5661094224924013 0.6926199261992619 0.587386018237082 0.6981549815498155 0.5927051671732523 0.7033210332103321 0.5972644376899696 0.7114391143911439 0.5980243161094225 0.7258302583025831 0.5843465045592705 0.7302583025830258 0.5729483282674772 0.7284132841328413 0.5387537993920972 0.73690036900369 0.3662613981762918 0.7095940959409595 0.3655015197568389
15 0.7516605166051661 0.3860182370820669 0.7339483394833949 0.4642857142857143 0.7313653136531365 0.5091185410334347 0.7291512915129151 0.5463525835866262 0.7291512915129151 0.5699088145896657 0.7328413284132841 0.5919452887537994 0.7457564575645756 0.5949848024316109 0.7590405904059041 0.5889057750759878 0.7701107011070111 0.5547112462006079 0.7723247232472324 0.4969604863221885 0.7756457564575646 0.3898176291793313
16 0.5047970479704798 0.5668693009118541 0.5114391143911439 0.7735562310030395 0.5321033210332103 0.7621580547112462 0.5284132841328413 0.6413373860182371 0.5302583025830259 0.6253799392097265 0.5273062730627306 0.5585106382978723
17 0.5295202952029521 0.5524316109422492 0.5287822878228783 0.6094224924012158 0.5295202952029521 0.7302431610942249 0.5295202952029521 0.7462006079027356 0.5428044280442804 0.7454407294832827 0.5498154981549815 0.6268996960486323 0.5531365313653136 0.6033434650455927 0.5568265682656827 0.5881458966565349 0.5579335793357934 0.5592705167173252 0.5535055350553506 0.5516717325227963 0.5413284132841328 0.5516717325227963
18 0.5634686346863469 0.5592705167173252 0.559040590405904 0.574468085106383 0.555719557195572 0.5896656534954408 0.551660516605166 0.6041033434650456 0.5512915129151291 0.6193009118541033 0.5571955719557196 0.8282674772036475 0.5594095940959409 0.8449848024316109 0.5878228782287823 0.8404255319148937 0.5811808118081181 0.7150455927051672 0.5804428044280443 0.6572948328267477 0.5819188191881919 0.6101823708206687 0.5819188191881919 0.581306990881459
20 0.6088560885608856 0.5759878419452887 0.596309963099631 0.6147416413373861 0.6132841328413284 0.8062310030395137 0.644649446494465 0.8305471124620061 0.6501845018450184 0.7750759878419453 0.6387453874538745 0.6983282674772037 0.6380073800738008 0.6200607902735562 0.6361623616236163 0.574468085106383
22 0.6638376383763838 0.6071428571428571 0.6527675276752768 0.6185410334346505 0.6442804428044281 0.6436170212765957 0.6428044280442804 0.6732522796352584 0.6549815498154982 0.7135258358662614 0.6752767527675276 0.7644376899696048 0.7003690036900369 0.8153495440729484 0.7409594095940959 0.763677811550152 0.7088560885608856 0.6960486322188449 0.696309963099631 0.6565349544072948 0.6933579335793358 0.6253799392097265 0.6900369003690037 0.6063829787234043 0.6804428044280443 0.6025835866261399 0.6715867158671587 0.6033434650455927
23 0.7070110701107011 0.6041033434650456 0.6944649446494465 0.6109422492401215 0.6915129151291513 0.6246200607902735 0.6929889298892989 0.6428571428571429 0.6966789667896679 0.6641337386018237 0.7099630996309964 0.6914893617021277 0.7280442804428044 0.7256838905775076 0.7597785977859779 0.756079027355623 0.7723247232472324 0.6960486322188449 0.7409594095940959 0.648176291793313 0.7309963099630996 0.60790273556231 0.7206642066420664 0.5927051671732523 0.7154981549815498 0.5904255319148937 0.7099630996309964 0.5987841945288754
24 0.5047970479704798 0.5615501519756839 0.511070110701107 0.7484802431610942 0.4929889298892989 0.75 0.48560885608856086 0.6147416413373861 0.4845018450184502 0.5638297872340425
25 0.4830258302583026 0.5615501519756839 0.492619926199262 0.7492401215805471 0.4697416974169742 0.756838905775076 0.46420664206642065 0.6208206686930091 0.46457564575645754 0.60790273556231 0.4616236162361624 0.581306990881459 0.4612546125461255 0.5600303951367781 0.46715867158671587 0.5577507598784195 0.4752767527675277 0.5600303951367781
26 0.45498154981549815 0.5615501519756839 0.46457564575645754 0.6117021276595744 0.4734317343173432 0.8259878419452887 0.444280442804428 0.8343465045592705 0.43911439114391143 0.6831306990881459 0.4394833948339483 0.6550151975683891 0.43911439114391143 0.64209726443769 0.43874538745387454 0.6268996960486323 0.43653136531365316 0.6109422492401215 0.43394833948339484 0.5911854103343465 0.44501845018450187 0.5615501519756839
27 0.4232472324723247 0.574468085106383 0.43726937269372695 0.6094224924012158 0.44132841328413286 0.6208206686930091 0.4398523985239852 0.6352583586626139 0.4394833948339483 0.6512158054711246 0.43911439114391143 0.6656534954407295 0.43911439114391143 0.6838905775075987 0.4402214022140221 0.7811550151975684 0.43874538745387454 0.8685410334346505 0.4140221402214022 0.8548632218844985 0.4129151291512915 0.7355623100303952 0.4095940959409594 0.6405775075987842 0.407380073800738 0.6253799392097265 0.4059040590405904 0.6132218844984803 0.4062730627306273 0.601063829787234 0.41697416974169743 0.5737082066869301
28 0.3974169741697417 0.5927051671732523 0.4029520295202952 0.6003039513677811 0.40811808118081183 0.6056231003039514 0.4103321033210332 0.6139817629179332 0.411070110701107 0.6223404255319149 0.4103321033210332 0.6322188449848024 0.4095940959409594 0.6458966565349544 0.4151291512915129 0.7712765957446809 0.4136531365313653 0.8609422492401215 0.38634686346863467 0.8548632218844985 0.38191881918819187 0.7857142857142857 0.38671586715867157 0.7583586626139818 0.3763837638376384 0.6770516717325228 0.37490774907749075 0.6238601823708206 0.37490774907749075 0.60790273556231 0.3800738007380074 0.601823708206687 0.3848708487084871 0.5957446808510638 0.39114391143911437 0.5904255319148937
30 0.3066420664206642 0.6003039513677811 0.3018450184501845 0.6109422492401215 0.2985239852398524 0.6208206686930091 0.296309963099631 0.6299392097264438 0.2948339483394834 0.6398176291793313 0.2940959409594096 0.6512158054711246 0.2915129151291513 0.668693009118541 0.25904059040590405 0.7948328267477204 0.3018450184501845 0.8335866261398176 0.34428044280442804 0.6884498480243161 0.35535055350553507 0.6382978723404256 0.34280442804428046 0.6139817629179332 0.3210332103321033 0.6041033434650456
31 0.25904059040590405 0.5714285714285714 0.24649446494464944 0.5737082066869301 0.24095940959409595 0.5957446808510638 0.2177121771217712 0.6800911854103343 0.2003690036900369 0.7272036474164134 0.23062730627306274 0.7781155015197568 0.24833948339483394 0.7781155015197568 0.2701107011070111 0.7302431610942249 0.2867158671586716 0.6747720364741642 0.2966789667896679 0.6542553191489362 0.3011070110701107 0.6436170212765957 0.3040590405904059 0.6344984802431611 0.3040590405904059 0.6238601823708206 0.3029520295202952 0.6162613981762918 0.29704797047970477 0.5980243161094225 0.2892988929889299 0.5927051671732523 0.2785977859778598 0.5820668693009119 0.2693726937269373 0.5767477203647416 0.2612546125461255 0.574468085106383