0 0.458377239199157 0.6291793313069909 0.4949069195644538 0.6291793313069909 0.4931506849315068 0.5585106382978723 0.47910080786793113 0.3670212765957447 0.45802599227256763 0.37462006079027355 0.45732349841938885 0.5714285714285714
1 0.43238496663154197 0.6193009118541033 0.45662100456621 0.6253799392097265 0.458377239199157 0.5668693009118541 0.45275728837372675 0.38145896656534956 0.43414120126448896 0.3890577507598784 0.43238496663154197 0.5448328267477204
2 0.3997190024587285 0.601823708206687 0.4113101510361784 0.6276595744680851 0.4362486828240253 0.6139817629179332 0.43870741131015106 0.5630699088145896 0.42992623814541625 0.37462006079027355 0.4088514225500527 0.3791793313069909 0.4081489286968739 0.5113981762917933
3 0.37548296452406044 0.6041033434650456 0.3895328415876361 0.6322188449848024 0.4042852125043906 0.6094224924012158 0.4229012996136284 0.6155015197568389 0.4229012996136284 0.5417933130699089 0.4092026694766421 0.3655015197568389 0.38004917456972254 0.37462006079027355 0.38321039690902703 0.5326747720364742
4 0.3544081489286969 0.6025835866261399 0.36599929750614685 0.6170212765957447 0.3807516684229013 0.6056231003039514 0.39199157007376184 0.6025835866261399 0.39655778011942394 0.541033434650456 0.38250790305584825 0.3586626139817629 0.36002809975412714 0.3723404255319149 0.35967685282753775 0.5113981762917933 0.35265191429574994 0.5835866261398176
5 0.3178784685634001 0.5630699088145896 0.3245521601685985 0.6003039513677811 0.3340358271865121 0.5972644376899696 0.3519494204425711 0.6071428571428571 0.3628380751668423 0.5904255319148937 0.3565156304882332 0.5243161094224924 0.35581313663505443 0.46504559270516715 0.3386020372321742 0.3738601823708207 0.3217421847558834 0.3844984802431611 0.3217421847558834 0.44984802431610943 0.32314717246224095 0.5227963525835866
6 0.2785388127853881 0.5630699088145896 0.2989111345275729 0.587386018237082 0.3178784685634001 0.5790273556231003 0.32314717246224095 0.5045592705167173 0.3199859501229364 0.43465045592705165 0.30979978925184404 0.3639817629179331 0.2894274675096593 0.3670212765957447 0.2929399367755532 0.4369300911854103 0.2925886898489638 0.49544072948328266 0.2802950474183351 0.5334346504559271 0.2788900597119775 0.5486322188449848
8 0.49631190727081137 0.6276595744680851 0.5293291183702142 0.6238601823708206 0.5282753775904461 0.5668693009118541 0.5107130312609764 0.3844984802431611 0.4994731296101159 0.3913373860182371 0.4949069195644538 0.5417933130699089 0.4931506849315068 0.6041033434650456
9 0.5324903407095188 0.6276595744680851 0.5567263786441868 0.6155015197568389 0.5528626624517036 0.5379939209726444 0.5458377239199157 0.3890577507598784 0.525465402177731 0.39969604863221886 0.5275728837372673 0.5653495440729484 0.530031612223393 0.6056231003039514
10 0.5528626624517036 0.5851063829787234 0.5637513171759747 0.6170212765957447 0.5799086757990868 0.6193009118541033 0.5876361081840534 0.587386018237082 0.58377239199157 0.5395136778115501 0.5767474534597822 0.46200607902735563 0.5799086757990868 0.3708206686930091 0.5626975763962065 0.3670212765957447 0.5567263786441868 0.4574468085106383 0.5535651563048823 0.5433130699088146
12 0.5886898489638216 0.5934650455927052 0.5879873551106428 0.5683890577507599 0.5957147874956095 0.526595744680851 0.598876009834914 0.34194528875379937 0.6220583069898138 0.35030395136778114 0.6220583069898138 0.4825227963525836 0.6199508254302775 0.5805471124620061 0.616789603090973 0.6071428571428571 0.6059009483667018 0.6071428571428571 0.5950122936424306 0.6003039513677811
13 0.6181945907973305 0.6041033434650456 0.6129258868984896 0.587386018237082 0.6181945907973305 0.5258358662613982 0.6417281348788199 0.34422492401215804 0.6863364945556726 0.3556231003039514 0.6800140498770636 0.4369300911854103 0.6642079381805409 0.5311550151975684 0.6628029504741834 0.5630699088145896 0.6617492096944152 0.6086626139817629 0.6399719002458728 0.6071428571428571
16 0.5005268703898841 0.6496960486322189 0.5244116613979628 0.6458966565349544 0.5223041798384264 0.7104863221884499 0.5184404636459431 0.8639817629179332 0.5033368458025992 0.8601823708206687
17 0.5198454513523006 0.6458966565349544 0.5458377239199157 0.6458966565349544 0.5388127853881278 0.8723404255319149 0.5275728837372673 0.8693009118541033
18 0.5472427116262732 0.8457446808510638 0.5423252546540218 0.6458966565349544 0.5634000702493853 0.6306990881458967 0.5665612925886898 0.6717325227963525 0.5690200210748156 0.7241641337386018 0.5644538110291535 0.8928571428571429 0.549701440112399 0.8905775075987842
19 0.5721812434141201 0.8047112462006079 0.567615033368458 0.7013677811550152 0.5634000702493853 0.6557750759878419 0.5785036880927292 0.6177811550151976 0.5848261327713382 0.6322188449848024 0.5939585528626624 0.6565349544072948 0.5914998243765367 0.6983282674772037 0.5914998243765367 0.8738601823708206 0.5774499473129611 0.8685410334346505
20 0.6087109237794169 0.8305471124620061 0.5950122936424306 0.7241641337386018 0.5914998243765367 0.6914893617021277 0.585528626624517 0.6694528875379939 0.5893923428170004 0.6390577507598785 0.597119775201967 0.6253799392097265 0.6181945907973305 0.6375379939209727 0.621355813136635 0.6869300911854104 0.6206533192834562 0.7629179331306991 0.626624517035476 0.8624620060790273 0.6118721461187214 0.8693009118541033
21 0.652616789603091 0.8267477203647416 0.634703196347032 0.7948328267477204 0.626624517035476 0.7393617021276596 0.6073059360730594 0.6709726443768997 0.6097646645591851 0.6329787234042553 0.6336494555672638 0.6291793313069909 0.6508605549701441 0.6276595744680851 0.6666666666666666 0.6390577507598785 0.67053038285915 0.6846504559270516 0.6761503336845802 0.7325227963525835 0.7049525816649105 0.8199088145896657 0.672286617492097 0.8472644376899696
22 0.706357569371268 0.7963525835866262 0.6870389884088515 0.7287234042553191 0.6582367404285212 0.6474164133738601 0.6628029504741834 0.6139817629179332 0.6793115560238848 0.6086626139817629 0.7017913593256059 0.6025835866261399 0.7102212855637513 0.5972644376899696 0.7235686687741483 0.6512158054711246 0.7337548296452406 0.7082066869300911 0.7530734106076572 0.7697568389057751 0.7288373726729891 0.7948328267477204
24 0.47629083245521603 0.6443768996960486 0.5012293642430629 0.6458966565349544 0.5012293642430629 0.708966565349544 0.49736564805057953 0.8624620060790273 0.48717948717948717 0.8541033434650456
25 0.45521601685985247 0.6458966565349544 0.48015454864769935 0.648176291793313 0.47839831401475236 0.7051671732522796 0.4822620302072357 0.8708206686930091 0.46891464699683877 0.8761398176291794
26 0.4316824727783632 0.6937689969604863 0.4316824727783632 0.6595744680851063 0.44327362135581316 0.6390577507598785 0.4548647699332631 0.6428571428571429 0.45978222690551457 0.6914893617021277 0.4611872146118721 0.7879939209726444 0.45978222690551457 0.9012158054711246 0.4411661397962768 0.898936170212766 0.4355461889708465 0.7781155015197568
27 0.4113101510361784 0.8586626139817629 0.41201264488935724 0.7727963525835866 0.40498770635756937 0.6937689969604863 0.41060765718299963 0.6405775075987842 0.42395504039339654 0.6413373860182371 0.43238496663154197 0.662613981762918 0.43800491745697223 0.6861702127659575 0.43414120126448896 0.7340425531914894 0.43238496663154197 0.8791793313069909
28 0.37302423603793466 0.8419452887537994 0.3747804706708816 0.7370820668693009 0.3761854583772392 0.7013677811550152 0.38004917456972254 0.6542553191489362 0.3881278538812785 0.6360182370820668 0.40042149631190727 0.6413373860182371 0.4081489286968739 0.6610942249240122 0.41447137337548295 0.6542553191489362 0.41974007727432383 0.6785714285714286 0.412715138742536 0.7173252279635258 0.3856691253951528 0.8685410334346505
30 0.3020723568668774 0.8389057750759878 0.3350895679662803 0.7454407294832827 0.3519494204425711 0.7051671732522796 0.365296803652968 0.6496960486322189 0.35054443273621355 0.6329787234042553 0.3333333333333333 0.6155015197568389 0.3217421847558834 0.6124620060790273 0.31366350544432736 0.6208206686930091 0.3066385669125395 0.6580547112462006 0.2894274675096593 0.7203647416413373 0.27256761503336846 0.7796352583586627
31 0.2293642430628732 0.7066869300911854 0.2574639971900246 0.6633738601823708 0.2746750965929048 0.6177811550151976 0.2880224798033017 0.6086626139817629 0.3013698630136986 0.6375379939209727 0.3129610115911486 0.6610942249240122 0.3066385669125395 0.6937689969604863 0.285563751317176 0.723404255319149 0.23357920618194591 0.7811550151975684 0.2160168598524763 0.7165653495440729