0 0.4583333333333333 0.5364741641337386 0.4777777777777778 0.541033434650456 0.49166666666666664 0.5349544072948328 0.49236111111111114 0.4635258358662614 0.4791666666666667 0.27279635258358664 0.4552083333333333 0.2712765957446808 0.4583333333333333 0.44832826747720367
1 0.42777777777777776 0.4825227963525836 0.4284722222222222 0.5311550151975684 0.4461805555555556 0.5448328267477204 0.45555555555555555 0.541033434650456 0.46076388888888886 0.5182370820668692 0.4600694444444444 0.4574468085106383 0.45243055555555556 0.24620060790273557 0.43854166666666666 0.2507598784194529 0.43368055555555557 0.4369300911854103
2 0.3975694444444444 0.49772036474164133 0.4097222222222222 0.5478723404255319 0.4204861111111111 0.5615501519756839 0.4284722222222222 0.5379939209726444 0.43368055555555557 0.5281155015197568 0.4329861111111111 0.44376899696048633 0.42743055555555554 0.2507598784194529 0.4083333333333333 0.2560790273556231 0.4045138888888889 0.4217325227963526 0.39895833333333336 0.4825227963525836
3 0.37916666666666665 0.4787234042553192 0.38298611111111114 0.5486322188449848 0.39305555555555555 0.5668693009118541 0.40902777777777777 0.5585106382978723 0.41006944444444443 0.5091185410334347 0.4083333333333333 0.44832826747720367 0.40381944444444445 0.2674772036474164 0.3875 0.27279635258358664 0.384375 0.4331306990881459
5 0.2947916666666667 0.46200607902735563 0.2934027777777778 0.5182370820668692 0.30416666666666664 0.5463525835866262 0.3229166666666667 0.5547112462006079 0.3333333333333333 0.5615501519756839 0.34444444444444444 0.5334346504559271 0.33819444444444446 0.4703647416413374 0.33194444444444443 0.4217325227963526 0.3003472222222222 0.29635258358662614 0.2833333333333333 0.3130699088145897 0.29097222222222224 0.43465045592705165
8 0.49027777777777776 0.5281155015197568 0.5295138888888888 0.5281155015197568 0.525 0.45896656534954405 0.5295138888888888 0.28343465045592703 0.5048611111111111 0.2796352583586626 0.4947916666666667 0.44376899696048633
9 0.5239583333333333 0.4787234042553192 0.5295138888888888 0.5417933130699089 0.5496527777777778 0.5486322188449848 0.5565972222222222 0.4635258358662614 0.5565972222222222 0.2682370820668693 0.5357638888888889 0.2629179331306991 0.5295138888888888 0.4270516717325228
10 0.5420138888888889 0.4787234042553192 0.5534722222222223 0.5478723404255319 0.5774305555555556 0.5486322188449848 0.5819444444444445 0.5007598784194529 0.5805555555555556 0.4399696048632219 0.5836805555555555 0.26595744680851063 0.5673611111111111 0.26063829787234044 0.5496527777777778 0.4452887537993921
13 0.6576388888888889 0.4506079027355623 0.6489583333333333 0.4878419452887538 0.6475694444444444 0.5296352583586627 0.6614583333333334 0.5448328267477204 0.6736111111111112 0.5379939209726444 0.6822916666666666 0.5258358662613982 0.6975694444444445 0.5030395136778115 0.6947916666666667 0.45364741641337386 0.7024305555555556 0.3404255319148936 0.6697916666666667 0.3525835866261398
17 0.525 0.5653495440729484 0.5427083333333333 0.5699088145896657 0.5302083333333333 0.8305471124620061 0.521875 0.8351063829787234
18 0.5350694444444445 0.6512158054711246 0.5409722222222222 0.5919452887537994 0.5458333333333333 0.5699088145896657 0.5628472222222223 0.5782674772036475 0.5659722222222222 0.6041033434650456 0.5625 0.6732522796352584 0.5440972222222222 0.8381458966565349 0.53125 0.8335866261398176
19 0.565625 0.6747720364741642 0.5628472222222223 0.5866261398176292 0.5798611111111112 0.5835866261398176 0.5902777777777778 0.6124620060790273 0.590625 0.6846504559270516 0.5798611111111112 0.7933130699088146 0.565625 0.7948328267477204
23 0.6798611111111111 0.6474164133738601 0.6722222222222223 0.5987841945288754 0.6760416666666667 0.5721884498480243 0.6979166666666666 0.5683890577507599 0.709375 0.5767477203647416 0.7177083333333333 0.6056231003039514 0.759375 0.6595744680851063 0.7402777777777778 0.7272036474164134 0.7055555555555556 0.6831306990881459
24 0.47465277777777776 0.5721884498480243 0.49618055555555557 0.5805471124620061 0.49618055555555557 0.8047112462006079 0.47708333333333336 0.7993920972644377
25 0.4552083333333333 0.5699088145896657 0.47465277777777776 0.5683890577507599 0.4840277777777778 0.8199088145896657 0.46319444444444446 0.8145896656534954
26 0.4309027777777778 0.6869300911854104 0.4305555555555556 0.5942249240121581 0.44305555555555554 0.5752279635258358 0.45243055555555556 0.5820668693009119 0.4583333333333333 0.6109422492401215 0.4652777777777778 0.6846504559270516 0.4684027777777778 0.8708206686930091 0.44131944444444443 0.8723404255319149
27 0.41006944444444443 0.7188449848024316 0.403125 0.6732522796352584 0.4045138888888889 0.5919452887537994 0.41006944444444443 0.5866261398176292 0.4253472222222222 0.5919452887537994 0.42986111111111114 0.6322188449848024 0.4329861111111111 0.6968085106382979 0.43472222222222223 0.7522796352583586 0.4204861111111111 0.8685410334346505 0.40902777777777777 0.8487841945288754
31 0.2625 0.7241641337386018 0.3111111111111111 0.6595744680851063 0.31875 0.6565349544072948 0.3236111111111111 0.601823708206687 0.32048611111111114 0.5668693009118541 0.29270833333333335 0.5463525835866262 0.278125 0.587386018237082 0.23854166666666668 0.6360182370820668