0 0.4790648988136776 0.4582066869300912 0.4783670621074669 0.49772036474164133 0.48255408234473135 0.5281155015197568 0.5052337752965806 0.53419452887538 0.5115143056524774 0.5250759878419453 0.5146545708304257 0.5075987841945289 0.5122121423586881 0.4012158054711246 0.5181437543614794 0.30851063829787234 0.5226796929518492 0.23024316109422494 0.5216329378925332 0.1945288753799392 0.515003489183531 0.1770516717325228 0.4989532449406839 0.18693009118541035 0.48778785764131194 0.35714285714285715
1 0.45882763433356594 0.4490881458966565 0.45917655268667135 0.49772036474164133 0.4713886950453594 0.5281155015197568 0.4842986741102582 0.5227963525835866 0.4895324494068388 0.48632218844984804 0.4870900209351012 0.39209726443769 0.48778785764131194 0.31534954407294835 0.49023028611304953 0.25455927051671734 0.4965108164689463 0.19224924012158054 0.4884856943475227 0.15425531914893617 0.47732030704815076 0.1831306990881459 0.47662247034194 0.23024316109422494 0.4668527564549895 0.3427051671732523 0.46161898115840894 0.4278115501519757
2 0.4295184926727146 0.4635258358662614 0.4277739009071877 0.49620060790273557 0.4406838799720865 0.5281155015197568 0.450453593859037 0.5303951367781155 0.46441032798325194 0.49240121580547114 0.4675505931612003 0.43009118541033436 0.4668527564549895 0.31534954407294835 0.4703419399860433 0.2629179331306991 0.4703419399860433 0.22796352583586627 0.4685973482205164 0.1899696048632219 0.45987438939288205 0.17553191489361702 0.4494068387997209 0.19072948328267478 0.4361479413817167 0.36322188449848025
3 0.41032798325191905 0.4369300911854103 0.40648988136775993 0.479483282674772 0.4082344731332868 0.513677811550152 0.4291695743196092 0.5113981762917933 0.44696441032798323 0.49848024316109424 0.4528960223307746 0.4756838905775076 0.4539427773900907 0.4012158054711246 0.45115143056524776 0.3047112462006079 0.45184926727145847 0.25835866261398177 0.45010467550593164 0.20516717325227962 0.4466154919748779 0.17325227963525835 0.4361479413817167 0.16945288753799392 0.4277739009071877 0.20896656534954408
4 0.37787857641311934 0.45288753799392095 0.37508722958827634 0.479483282674772 0.3876482903000698 0.5098784194528876 0.41032798325191905 0.5075987841945289 0.4225401256106071 0.5015197568389058 0.42568039078855546 0.46580547112462006 0.4267271458478716 0.3366261398176292 0.4267271458478716 0.28191489361702127 0.4232379623168179 0.24012158054711247 0.41695743196092117 0.23252279635258358 0.4057920446615492 0.2317629179331307 0.4005582693649686 0.2530395136778115
6 0.32205163991625957 0.4126139817629179 0.32135380321004886 0.4278115501519757 0.31856245638520586 0.4430091185410334 0.32658757850662945 0.4673252279635258 0.34647592463363575 0.4810030395136778 0.3586880669923238 0.4787234042553192 0.371946964410328 0.44832826747720367 0.3674110258199581 0.4065349544072948 0.3597348220516399 0.3465045592705167 0.35275645498953245 0.30015197568389057 0.34752267969295186 0.256838905775076 0.3405443126308444 0.23024316109422494 0.32833217027215633 0.2127659574468085 0.3091416608513608 0.21732522796352582 0.30565247732030704 0.25151975683890576 0.3080949057920447 0.303951367781155 0.31612002791346827 0.364741641337386
7 0.2739009071877181 0.3898176291793313 0.2697138869504536 0.41033434650455924 0.26796929518492674 0.4278115501519757 0.2721563154221912 0.4430091185410334 0.2791346824842987 0.4430091185410334 0.29134682484298674 0.45972644376899696 0.3018143754361479 0.4673252279635258 0.31507327285415215 0.45440729483282677 0.32100488485694345 0.4278115501519757 0.3192602930914166 0.3541033434650456 0.32100488485694345 0.3161094224924012 0.3143754361479414 0.2773556231003039 0.3087927424982554 0.24696048632218845 0.3000697836706211 0.2393617021276596 0.27948360083740403 0.24772036474164133 0.2756454989532449 0.28495440729483285 0.2784368457780879 0.3404255319148936
8 0.5136078157711096 0.44984802431610943 0.5129099790648988 0.49164133738601823 0.5146545708304257 0.5288753799392097 0.5251221214235868 0.5334346504559271 0.5383810188415911 0.5220364741641338 0.5439637124912771 0.5113981762917933 0.5439637124912771 0.4521276595744681 0.537334263782275 0.3525835866261398 0.5366364270760642 0.2811550151975684 0.5359385903698535 0.2507598784194529 0.5369853454291695 0.21656534954407294 0.531751570132589 0.196048632218845 0.520586182833217 0.21048632218844984 0.5157013258897418 0.3183890577507599
9 0.5422191207257502 0.4369300911854103 0.5422191207257502 0.48936170212765956 0.5453593859036985 0.513677811550152 0.5505931612002791 0.5151975683890577 0.5628053035589672 0.5083586626139818 0.5704815073272854 0.49544072948328266 0.5676901605024425 0.42933130699088146 0.5586182833217027 0.33282674772036475 0.5558269364968598 0.26595744680851063 0.5561758548499651 0.22036474164133737 0.5582693649685974 0.2006079027355623 0.5533845080251221 0.19224924012158054 0.5439637124912771 0.19756838905775076 0.5415212840195395 0.23328267477203649 0.5397766922540126 0.3905775075987842
10 0.5631542219120725 0.44756838905775076 0.5642009769713887 0.479483282674772 0.571877180739707 0.5113981762917933 0.5851360781577111 0.5235562310030395 0.5945568736915562 0.5098784194528876 0.5994417306350314 0.48024316109422494 0.5966503838101884 0.4278115501519757 0.5907187718073971 0.3404255319148936 0.5826936496859735 0.2591185410334346 0.5778087927424983 0.20440729483282674 0.5739706908583392 0.18009118541033434 0.5669923237962317 0.1702127659574468 0.5648988136775994 0.21124620060790272 0.5617585484996511 0.2933130699088146 0.560711793440335 0.35638297872340424
11 0.5847871598046057 0.42401215805471126 0.5879274249825541 0.4635258358662614 0.592463363572924 0.4939209726443769 0.6032798325191905 0.5007598784194529 0.6189811584089323 0.5015197568389058 0.6259595254710397 0.47720364741641336 0.6273551988834613 0.44376899696048633 0.6158408932309839 0.4012158054711246 0.6078157711095603 0.3282674772036474 0.6039776692254013 0.28495440729483285 0.5983949755757153 0.24848024316109424 0.5956036287508722 0.20972644376899696 0.5889741800418702 0.19148936170212766 0.5823447313328681 0.1952887537993921 0.578506629448709 0.21428571428571427 0.5833914863921842 0.2933130699088146
12 0.618632240055827 0.4194528875379939 0.6168876482903001 0.45364741641337386 0.6224703419399861 0.48632218844984804 0.6399162595952547 0.48328267477203646 0.6482903000697837 0.4726443768996961 0.6524773203070482 0.45896656534954405 0.6517794836008374 0.43617021276595747 0.6367759944173064 0.34194528875379937 0.6231681786461968 0.2743161094224924 0.6158408932309839 0.2393617021276596 0.6113049546406141 0.2188449848024316 0.6078157711095603 0.21048632218844984 0.6025819958129798 0.2135258358662614 0.6015352407536636 0.23556231003039513 0.6067690160502442 0.2948328267477204
14 0.6577110956036287 0.4004559270516717 0.6521284019539427 0.42629179331306993 0.6524773203070482 0.44984802431610943 0.6639916259595254 0.46048632218844987 0.6741102581995813 0.45972644376899696 0.6779483600837404 0.44148936170212766 0.6835310537334264 0.42933130699088146 0.6901605024424284 0.42933130699088146 0.6960921144452198 0.42021276595744683 0.6988834612700628 0.4072948328267477 0.706559665038381 0.34422492401215804 0.7090020935101187 0.2993920972644377 0.7107466852756456 0.26063829787234044 0.7090020935101187 0.24164133738601823 0.7023726448011165 0.22340425531914893 0.6789951151430565 0.22796352583586627 0.6699232379623168 0.26443768996960487 0.6657362177250523 0.31155015197568386 0.6657362177250523 0.35714285714285715
15 0.7020237264480111 0.3860182370820669 0.6992323796231682 0.41109422492401215 0.6995812979762736 0.43541033434650456 0.7083042568039079 0.4490881458966565 0.7187718073970691 0.44984802431610943 0.7358688066992324 0.4369300911854103 0.7470341939986044 0.4133738601823708 0.741102581995813 0.35638297872340424 0.7376133984647593 0.2933130699088146 0.7369155617585486 0.2591185410334346 0.7278436845778088 0.23404255319148937 0.7222609909281228 0.22416413373860183 0.7110956036287509 0.24772036474164133 0.7096999302163294 0.2712765957446808 0.706559665038381 0.33586626139817627
23 0.7372644801116539 0.4270516717325228 0.7187718073970691 0.46656534954407297 0.7222609909281228 0.5015197568389058 0.7390090718771808 0.5387537993920972 0.7512212142358689 0.5668693009118541 0.7721563154221912 0.5714285714285714 0.7829727843684577 0.541033434650456 0.7815771109560363 0.4749240121580547 0.7679692951849267 0.4399696048632219 0.758897418004187 0.42401215805471126 0.7480809490579204 0.41641337386018235
22 0.6678297278436846 0.4825227963525836 0.665387299371947 0.5243161094224924 0.6845778087927425 0.5661094224924013 0.7072575017445918 0.6261398176291794 0.7215631542219121 0.6519756838905775 0.7309839497557572 0.6610942249240122 0.749476622470342 0.6519756838905775 0.7536636427076064 0.6025835866261399 0.7435450104675506 0.5493920972644377 0.7240055826936497 0.5083586626139818 0.7180739706908583 0.46048632218844987 0.6985345429169574 0.4513677811550152 0.670969993021633 0.47416413373860183
21 0.6378227494766224 0.4908814589665654 0.6263084438241452 0.4969604863221885 0.618632240055827 0.5159574468085106 0.6332868108862526 0.5683890577507599 0.6535240753663643 0.6854103343465046 0.6695743196092114 0.736322188449848 0.6824842986741103 0.7386018237082067 0.7002791346824843 0.7241641337386018 0.7107466852756456 0.6816109422492401 0.7103977669225401 0.6474164133738601 0.6922540125610607 0.601063829787234 0.6779483600837404 0.5478723404255319 0.6734124214933705 0.4946808510638298 0.6632937892533147 0.4825227963525836 0.6538729937194696 0.4749240121580547
20 0.6025819958129798 0.506838905775076 0.5917655268667132 0.5250759878419453 0.5942079553384508 0.5547112462006079 0.6147941381716678 0.64209726443769 0.630844382414515 0.7256838905775076 0.6486392184228891 0.7575987841945289 0.6577110956036287 0.7606382978723404 0.6608513607815771 0.7378419452887538 0.6496859734822051 0.6846504559270516 0.630844382414515 0.5805471124620061 0.6311933007676204 0.5349544072948328 0.6294487090020935 0.5167173252279635 0.6172365666434054 0.5037993920972644
19 0.578506629448709 0.5167173252279635 0.5715282623866015 0.5250759878419453 0.5631542219120725 0.5425531914893617 0.566294487090021 0.5729483282674772 0.5795533845080251 0.6322188449848024 0.5945568736915562 0.7287234042553191 0.6025819958129798 0.763677811550152 0.6147941381716678 0.7697568389057751 0.619678995115143 0.7424012158054711 0.6043265875785067 0.6344984802431611 0.6001395673412422 0.5562310030395137 0.5973482205163991 0.5296352583586627 0.5900209351011864 0.520516717325228
18 0.5457083042568039 0.5197568389057751 0.5390788555478018 0.5463525835866262 0.5436147941381717 0.5934650455927052 0.5603628750872296 0.7211246200607903 0.5736217725052338 0.7872340425531915 0.5816468946266573 0.8077507598784195 0.5914166085136078 0.8047112462006079 0.5907187718073971 0.770516717325228 0.5823447313328681 0.6671732522796353 0.5736217725052338 0.5767477203647416 0.572923935799023 0.5531914893617021 0.5635031402651779 0.5288753799392097
17 0.5275645498953245 0.5334346504559271 0.5191905094207956 0.5372340425531915 0.5198883461270063 0.574468085106383 0.5366364270760642 0.7606382978723404 0.5415212840195395 0.7955927051671733 0.5526866713189114 0.8145896656534954 0.560711793440335 0.791033434650456 0.5488485694347522 0.6671732522796353 0.5439637124912771 0.581306990881459 0.5436147941381717 0.5486322188449848 0.5408234473133287 0.5334346504559271
16 0.5073272854152129 0.5417933130699089 0.5031402651779484 0.547112462006079 0.5041870202372645 0.587386018237082 0.5146545708304257 0.7332826747720365 0.5184926727145848 0.7819148936170213 0.5275645498953245 0.7933130699088146 0.5327983251919051 0.7834346504559271 0.526168876482903 0.6474164133738601 0.5251221214235868 0.5759878419452887 0.520586182833217 0.5417933130699089 0.5108164689462665 0.5395136778115501
24 0.49057920446615494 0.541033434650456 0.4842986741102582 0.5478723404255319 0.4867411025819958 0.5729483282674772 0.4891835310537334 0.6702127659574468 0.49057920446615494 0.7522796352583586 0.5010467550593162 0.7978723404255319 0.5087229588276343 0.8016717325227963 0.5146545708304257 0.7743161094224924 0.5097697138869505 0.6504559270516718 0.5066294487090021 0.5729483282674772 0.5052337752965806 0.5501519756838906 0.4965108164689463 0.541033434650456
25 0.47348220516399164 0.5417933130699089 0.4672016748080949 0.5486322188449848 0.46441032798325194 0.5683890577507599 0.471039776692254 0.6679331306990881 0.4703419399860433 0.7735562310030395 0.4762735519888346 0.8199088145896657 0.4856943475226797 0.8221884498480243 0.4895324494068388 0.7834346504559271 0.4874389392882066 0.6512158054711246 0.4874389392882066 0.5919452887537994 0.4874389392882066 0.5714285714285714 0.48360083740404747 0.5531914893617021
26 0.4549895324494068 0.5417933130699089 0.444870900209351 0.5539513677811551 0.43998604326587576 0.6193009118541033 0.4361479413817167 0.6838905775075987 0.43754361479413817 0.7750759878419453 0.44207955338450805 0.8145896656534954 0.4581297976273552 0.8282674772036475 0.46650383810188417 0.7553191489361702 0.4727843684577809 0.6094224924012158 0.4647592463363573 0.5539513677811551
27 0.42847173761339846 0.5326747720364742 0.421493370551291 0.5433130699088146 0.41660851360781576 0.5721884498480243 0.4099790648988137 0.6770516717325228 0.40369853454291693 0.7537993920972644 0.4026517794836008 0.7933130699088146 0.4197487787857641 0.8016717325227963 0.43091416608513605 0.7188449848024316 0.44103279832519193 0.6147416413373861 0.4521981856245639 0.5858662613981763 0.45080251221214235 0.5661094224924013 0.44696441032798323 0.5478723404255319 0.44103279832519193 0.5326747720364742
28 0.39427773900907187 0.5349544072948328 0.39043963712491275 0.5577507598784195 0.38520586182833216 0.6208206686930091 0.3743893928820656 0.7165653495440729 0.3702023726448011 0.7659574468085106 0.3782274947662247 0.7834346504559271 0.39148639218422887 0.7682370820668692 0.4099790648988137 0.6641337386018237 0.4162595952547104 0.5889057750759878 0.4267271458478716 0.5562310030395137 0.42742498255408234 0.5395136778115501 0.42463363572923934 0.5273556231003039 0.4124214933705513 0.5220364741641338 0.4043963712491277 0.5167173252279635
29 0.34368457780879275 0.5851063829787234 0.3349616189811584 0.6398176291793313 0.33286810886252616 0.6740121580547113 0.3360083740404745 0.7013677811550152 0.3614794138171668 0.6922492401215805 0.3845080251221214 0.6086626139817629 0.3890439637124913 0.5721884498480243 0.3827634333565946 0.5554711246200608 0.37159804605722263 0.5387537993920972 0.36427076064200975 0.5349544072948328 0.3534542916957432 0.5372340425531915 0.3450802512212142 0.5478723404255319
30 0.31612002791346827 0.45972644376899696 0.30286113049546404 0.479483282674772 0.3000697836706211 0.5007598784194529 0.28890439637124915 0.5585106382978723 0.2620376831821354 0.6390577507598785 0.2585484996510816 0.6778115501519757 0.27285415212840197 0.71580547112462 0.30146545708304257 0.689209726443769 0.3269364968597348 0.6306990881458967 0.3433356594556874 0.5668693009118541 0.35624563852058616 0.5258358662613982 0.35519888346127004 0.5030395136778115 0.34542916957431963 0.48556231003039513 0.33740404745289604 0.4726443768996961 0.322400558269365 0.4612462006079027
31 0.2669225401256106 0.4399696048632219 0.2477320307048151 0.44452887537993924 0.24284717376133985 0.4969604863221885 0.23133286810886253 0.5592705167173252 0.22365666434054432 0.6086626139817629 0.23307745987438938 0.648176291793313 0.2515701325889742 0.6512158054711246 0.27529658060013956 0.6033434650455927 0.2875087229588276 0.5562310030395137 0.29937194696441033 0.5212765957446809 0.3087927424982554 0.49544072948328266 0.30565247732030704 0.47796352583586627 0.2916957431960921 0.45896656534954405 0.2829727843684578 0.44832826747720367 0.2759944173063503 0.44148936170212766