0 0.48741496598639455 0.42249240121580545 0.48741496598639455 0.4825227963525836 0.48435374149659866 0.5045592705167173 0.463265306122449 0.506079027355623 0.45034013605442175 0.4939209726443769 0.44829931972789117 0.4756838905775076 0.45170068027210886 0.40805471124620063 0.45170068027210886 0.32674772036474165 0.44761904761904764 0.27887537993920974 0.4414965986394558 0.22872340425531915 0.4421768707482993 0.196048632218845 0.4523809523809524 0.1899696048632219 0.46904761904761905 0.2393617021276596 0.4785714285714286 0.2917933130699088 0.48741496598639455 0.3639817629179331
1 0.4227891156462585 0.3837386018237082 0.41836734693877553 0.43237082066869303 0.41904761904761906 0.46808510638297873 0.427891156462585 0.4870820668693009 0.44319727891156463 0.49012158054711247 0.45102040816326533 0.45972644376899696 0.45102040816326533 0.4027355623100304 0.45102040816326533 0.3465045592705167 0.4534013605442177 0.30775075987841943 0.4568027210884354 0.26063829787234044 0.4568027210884354 0.21504559270516718 0.4554421768707483 0.19148936170212766 0.4496598639455782 0.1831306990881459 0.44081632653061226 0.2006079027355623 0.4357142857142857 0.2560790273556231
2 0.39183673469387753 0.39209726443769 0.3901360544217687 0.40805471124620063 0.38877551020408163 0.4513677811550152 0.39693877551020407 0.48404255319148937 0.4054421768707483 0.4870820668693009 0.41904761904761906 0.47720364741641336 0.42653061224489797 0.4399696048632219 0.4248299319727891 0.4012158054711246 0.4207482993197279 0.3290273556231003 0.4207482993197279 0.2735562310030395 0.4207482993197279 0.23480243161094225 0.4163265306122449 0.18465045592705168 0.4085034013605442 0.16337386018237082 0.39693877551020407 0.18009118541033434 0.3945578231292517 0.23480243161094225
3 0.36768707482993196 0.378419452887538 0.36122448979591837 0.4209726443768997 0.3619047619047619 0.47112462006079026 0.38605442176870747 0.48404255319148937 0.4054421768707483 0.425531914893617 0.4034013605442177 0.3822188449848024 0.40034013605442176 0.30243161094224924 0.39965986394557823 0.24012158054711247 0.3976190476190476 0.189209726443769 0.3925170068027211 0.1702127659574468 0.3802721088435374 0.1770516717325228 0.3758503401360544 0.20440729483282674 0.373469387755102 0.2917933130699088
4 0.3445578231292517 0.3655015197568389 0.341156462585034 0.4027355623100304 0.336734693877551 0.44376899696048633 0.341156462585034 0.4642857142857143 0.3585034013605442 0.4642857142857143 0.373469387755102 0.44148936170212766 0.37448979591836734 0.40425531914893614 0.37517006802721087 0.3191489361702128 0.3772108843537415 0.2621580547112462 0.376530612244898 0.22188449848024316 0.3707482993197279 0.196048632218845 0.3619047619047619 0.196048632218845 0.35272108843537414 0.22644376899696048 0.3489795918367347 0.27811550151975684
5 0.3013605442176871 0.37537993920972645 0.29897959183673467 0.41793313069908816 0.3047619047619048 0.4452887537993921 0.33163265306122447 0.45440729483282677 0.345578231292517 0.43541033434650456 0.3510204081632653 0.39361702127659576 0.35034013605442177 0.33358662613981765 0.35340136054421767 0.26595744680851063 0.35408163265306125 0.2393617021276596 0.35272108843537414 0.2006079027355623 0.3469387755102041 0.1899696048632219 0.3346938775510204 0.19148936170212766 0.32448979591836735 0.21732522796352582 0.3227891156462585 0.2530395136778115
6 0.2649659863945578 0.3305471124620061 0.26224489795918365 0.33966565349544076 0.2564625850340136 0.38677811550151975 0.2724489795918367 0.4126139817629179 0.2904761904761905 0.4308510638297872 0.3047619047619048 0.3966565349544073 0.3193877551020408 0.23024316109422494 0.31564625850340133 0.19756838905775076 0.3013605442176871 0.19300911854103345 0.2795918367346939 0.21048632218844984 0.27721088435374147 0.26367781155015196 0.27312925170068025 0.3123100303951368
7 0.24897959183673468 0.22492401215805471 0.24081632653061225 0.25759878419452886 0.23945578231292516 0.2826747720364742 0.24523809523809523 0.3123100303951368 0.25918367346938775 0.33206686930091184 0.2673469387755102 0.3252279635258359 0.2789115646258503 0.3009118541033435 0.28469387755102044 0.28495440729483285 0.291156462585034 0.2560790273556231 0.2935374149659864 0.22796352583586627 0.29285714285714287 0.20820668693009117 0.2857142857142857 0.19376899696048633 0.2751700680272109 0.18693009118541035 0.2619047619047619 0.20288753799392098
8 0.4884353741496599 0.4194528875379939 0.48741496598639455 0.4566869300911854 0.4891156462585034 0.5015197568389058 0.501360544217687 0.506079027355623 0.5166666666666667 0.5022796352583586 0.523469387755102 0.4878419452887538 0.5258503401360545 0.45288753799392095 0.523469387755102 0.3905775075987842 0.527891156462585 0.2925531914893617 0.5261904761904762 0.20364741641337386 0.523469387755102 0.1770516717325228 0.5142857142857142 0.18161094224924013 0.5020408163265306 0.2613981762917933 0.4965986394557823 0.3183890577507599
9 0.5214285714285715 0.42629179331306993 0.5207482993197279 0.45592705167173253 0.5244897959183673 0.48936170212765956 0.5391156462585034 0.49544072948328266 0.5537414965986395 0.4908814589665654 0.5585034013605442 0.4506079027355623 0.5520408163265306 0.3890577507598784 0.5506802721088435 0.32370820668693007 0.55 0.2864741641337386 0.55 0.2454407294832827 0.55 0.1899696048632219 0.5425170068027211 0.17325227963525835 0.5316326530612245 0.17933130699088146 0.5282312925170068 0.20820668693009117 0.5282312925170068 0.27811550151975684
10 0.5465986394557824 0.41717325227963525 0.545578231292517 0.4376899696048632 0.5506802721088435 0.48328267477203646 0.5629251700680272 0.5015197568389058 0.5755102040816327 0.49772036474164133 0.5846938775510204 0.46504559270516715 0.5857142857142857 0.43541033434650456 0.5857142857142857 0.3966565349544073 0.5870748299319728 0.3229483282674772 0.591156462585034 0.27811550151975684 0.591156462585034 0.2074468085106383 0.5894557823129252 0.16261398176291794 0.5714285714285714 0.16641337386018237 0.5629251700680272 0.21048632218844984 0.5608843537414966 0.27203647416413373
11 0.5741496598639456 0.39893617021276595 0.5714285714285714 0.45440729483282677 0.5894557823129252 0.49772036474164133 0.6034013605442177 0.4939209726443769 0.6146258503401361 0.4642857142857143 0.6153061224489796 0.4217325227963526 0.6122448979591837 0.34194528875379937 0.6142857142857143 0.25987841945288753 0.6153061224489796 0.19148936170212766 0.6142857142857143 0.16261398176291794 0.6040816326530613 0.15881458966565348 0.5986394557823129 0.16717325227963525 0.5938775510204082 0.22188449848024316 0.591156462585034 0.2651975683890577
12 0.6023809523809524 0.40577507598784196 0.6017006802721089 0.43009118541033436 0.6078231292517007 0.4749240121580547 0.6234693877551021 0.4870820668693009 0.6384353741496599 0.4810030395136778 0.6462585034013606 0.46048632218844987 0.6438775510204081 0.40501519756838905 0.638095238095238 0.35790273556231 0.6329931972789116 0.3009118541033435 0.6326530612244898 0.25987841945288753 0.6326530612244898 0.23480243161094225 0.6309523809523809 0.20972644376899696 0.6282312925170068 0.18768996960486323 0.6180272108843538 0.17933130699088146 0.6081632653061224 0.19832826747720364 0.6071428571428571 0.25379939209726443
13 0.6292517006802721 0.3700607902735562 0.6418367346938776 0.4566869300911854 0.6493197278911564 0.47112462006079026 0.6710884353741496 0.46656534954407297 0.6833333333333333 0.44452887537993924 0.6860544217687075 0.4194528875379939 0.6812925170068027 0.3723404255319149 0.6795918367346939 0.33966565349544076 0.6795918367346939 0.30623100303951367 0.6806122448979591 0.2674772036474164 0.6761904761904762 0.24088145896656535 0.6693877551020408 0.22492401215805471 0.6564625850340136 0.21656534954407294 0.6445578231292517 0.22264437689969604 0.6374149659863946 0.24088145896656535 0.6319727891156462 0.26367781155015196 0.6292517006802721 0.2917933130699088
14 0.6795918367346939 0.34574468085106386 0.6802721088435374 0.385258358662614 0.6850340136054421 0.42933130699088146 0.6962585034013605 0.446048632218845 0.7173469387755103 0.4316109422492401 0.7275510204081632 0.42401215805471126 0.7346938775510204 0.39969604863221886 0.7275510204081632 0.3541033434650456 0.7231292517006803 0.3168693009118541 0.7292517006802721 0.2682370820668693 0.7299319727891157 0.2393617021276596 0.7017006802721089 0.22492401215805471 0.6877551020408164 0.22644376899696048 0.6789115646258503 0.2454407294832827 0.6758503401360544 0.2712765957446808 0.6768707482993197 0.32750759878419455
15 0.7244897959183674 0.33890577507598785 0.7299319727891157 0.3708206686930091 0.7404761904761905 0.3913373860182371 0.7571428571428571 0.3677811550151976 0.7585034013605442 0.3130699088145897 0.7523809523809524 0.26367781155015196 0.7459183673469387 0.22492401215805471 0.7404761904761905 0.21048632218844984 0.7248299319727891 0.21048632218844984 0.7193877551020408 0.24772036474164133 0.7193877551020408 0.2978723404255319
24 0.4901360544217687 0.5182370820668692 0.48027210884353744 0.513677811550152 0.47619047619047616 0.5288753799392097 0.48027210884353744 0.5714285714285714 0.47993197278911565 0.6185410334346505 0.47993197278911565 0.6618541033434651 0.4785714285714286 0.7036474164133738 0.4819727891156463 0.7340425531914894 0.495578231292517 0.736322188449848 0.5003401360544217 0.6990881458966566 0.49863945578231295 0.6428571428571429 0.501360544217687 0.5691489361702128 0.5010204081632653 0.5243161094224924
25 0.45510204081632655 0.5486322188449848 0.4554421768707483 0.5797872340425532 0.45816326530612245 0.6276595744680851 0.45816326530612245 0.668693009118541 0.45816326530612245 0.708966565349544 0.46258503401360546 0.7393617021276596 0.4738095238095238 0.7424012158054711 0.4785714285714286 0.6907294832826748 0.48027210884353744 0.6246200607902735 0.4812925170068027 0.5668693009118541 0.4792517006802721 0.5159574468085106 0.4744897959183674 0.5098784194528876 0.45918367346938777 0.5144376899696048 0.45510204081632655 0.53419452887538
26 0.427891156462585 0.541033434650456 0.42959183673469387 0.5699088145896657 0.42891156462585034 0.6162613981762918 0.42517006802721086 0.6557750759878419 0.4197278911564626 0.708966565349544 0.41496598639455784 0.7302431610942249 0.41870748299319727 0.7583586626139818 0.4302721088435374 0.7606382978723404 0.4435374149659864 0.7218844984802432 0.45102040816326533 0.6785714285714286 0.45714285714285713 0.601823708206687 0.4602040816326531 0.5577507598784195 0.4602040816326531 0.5281155015197568 0.4554421768707483 0.5197568389057751 0.4452380952380952 0.5182370820668692 0.4370748299319728 0.5197568389057751
27 0.40034013605442176 0.53419452887538 0.40034013605442176 0.5653495440729484 0.40034013605442176 0.6041033434650456 0.3982993197278912 0.648176291793313 0.3976190476190476 0.6838905775075987 0.39285714285714285 0.7355623100303952 0.39727891156462586 0.756079027355623 0.413265306122449 0.7446808510638298 0.41870748299319727 0.7074468085106383 0.4268707482993197 0.6618541033434651 0.42959183673469387 0.5965045592705167 0.4340136054421769 0.5630699088145896 0.43537414965986393 0.5448328267477204 0.4312925170068027 0.5303951367781155 0.4238095238095238 0.5167173252279635 0.4159863945578231 0.5113981762917933 0.40680272108843535 0.5159574468085106
28 0.3761904761904762 0.5326747720364742 0.37517006802721087 0.5699088145896657 0.3659863945578231 0.6458966565349544 0.35816326530612247 0.6785714285714286 0.354421768707483 0.7127659574468085 0.36054421768707484 0.7302431610942249 0.3727891156462585 0.7302431610942249 0.3891156462585034 0.6930091185410334 0.4 0.6428571428571429 0.40748299319727893 0.5835866261398176 0.41496598639455784 0.5493920972644377 0.41836734693877553 0.5258358662613982 0.41564625850340137 0.5121580547112462 0.41020408163265304 0.5037993920972644 0.3982993197278912 0.49620060790273557 0.3870748299319728 0.49620060790273557 0.3792517006802721 0.506079027355623 0.37551020408163266 0.520516717325228
29 0.33741496598639453 0.479483282674772 0.33197278911564626 0.4939209726443769 0.33129251700680273 0.5281155015197568 0.3258503401360544 0.5691489361702128 0.31394557823129254 0.6048632218844985 0.30612244897959184 0.6398176291793313 0.30170068027210883 0.6747720364741642 0.31020408163265306 0.7006079027355623 0.32551020408163267 0.7173252279635258 0.34965986394557824 0.7066869300911854 0.36360544217687074 0.6717325227963525 0.37448979591836734 0.5987841945288754 0.38299319727891157 0.5699088145896657 0.3945578231292517 0.5227963525835866 0.3945578231292517 0.5037993920972644 0.3880952380952381 0.49164133738601823 0.3806122448979592 0.48556231003039513 0.3595238095238095 0.4756838905775076 0.3442176870748299 0.4688449848024316
30 0.28061224489795916 0.5113981762917933 0.27448979591836736 0.53419452887538 0.2653061224489796 0.5691489361702128 0.26326530612244897 0.6025835866261399 0.26598639455782314 0.6428571428571429 0.2826530612244898 0.6633738601823708 0.2972789115646258 0.6618541033434651 0.30986394557823127 0.6253799392097265 0.3193877551020408 0.5881458966565349 0.3282312925170068 0.5509118541033434 0.33741496598639453 0.526595744680851 0.3438775510204082 0.5075987841945289 0.3448979591836735 0.47720364741641336 0.3401360544217687 0.46048632218844987 0.3258503401360544 0.44680851063829785 0.31258503401360543 0.44072948328267475 0.30170068027210883 0.43844984802431614 0.295578231292517 0.44984802431610943 0.29081632653061223 0.4756838905775076
31 0.24319727891156462 0.45896656534954405 0.23401360544217686 0.4908814589665654 0.2261904761904762 0.5182370820668692 0.2217687074829932 0.5493920972644377 0.2248299319727891 0.5737082066869301 0.23639455782312926 0.5980243161094225 0.2537414965986395 0.5980243161094225 0.26598639455782314 0.5721884498480243 0.27312925170068025 0.540273556231003 0.27993197278911564 0.5167173252279635 0.2901360544217687 0.48556231003039513 0.2972789115646258 0.4566869300911854 0.2969387755102041 0.4316109422492401 0.28809523809523807 0.4194528875379939 0.2785714285714286 0.41109422492401215 0.26666666666666666 0.4012158054711246 0.25510204081632654 0.4088145896656535 0.24829931972789115 0.43237082066869303
16 0.5061224489795918 0.5167173252279635 0.5010204081632653 0.526595744680851 0.5010204081632653 0.5653495440729484 0.5003401360544217 0.6291793313069909 0.501360544217687 0.6884498480243161 0.5047619047619047 0.7424012158054711 0.5176870748299319 0.7256838905775076 0.5170068027210885 0.6580547112462006 0.5207482993197279 0.5668693009118541 0.5207482993197279 0.5243161094224924 0.5142857142857142 0.5113981762917933
17 0.5197278911564626 0.5592705167173252 0.5197278911564626 0.5987841945288754 0.5187074829931972 0.6474164133738601 0.5159863945578231 0.7013677811550152 0.5187074829931972 0.7477203647416414 0.5295918367346939 0.7522796352583586 0.5343537414965986 0.7150455927051672 0.5401360544217687 0.6352583586626139 0.5435374149659864 0.5820668693009119 0.5465986394557824 0.5433130699088146 0.5465986394557824 0.5227963525835866 0.5435374149659864 0.5121580547112462 0.530952380952381 0.5121580547112462 0.5224489795918368 0.5159574468085106 0.5190476190476191 0.5319148936170213
18 0.5452380952380952 0.5638297872340425 0.54421768707483 0.5775075987841946 0.5401360544217687 0.6101823708206687 0.5418367346938775 0.6633738601823708 0.5452380952380952 0.6983282674772037 0.545578231292517 0.7401215805471124 0.5530612244897959 0.756838905775076 0.567687074829932 0.756838905775076 0.5755102040816327 0.7332826747720365 0.5782312925170068 0.6968085106382979 0.5792517006802721 0.6512158054711246 0.5785714285714286 0.6048632218844985 0.5738095238095238 0.5782674772036475 0.5683673469387756 0.547112462006079 0.564625850340136 0.5182370820668692 0.5544217687074829 0.5167173252279635 0.5472789115646258 0.5326747720364742
19 0.567687074829932 0.540273556231003 0.5758503401360544 0.6003039513677811 0.576530612244898 0.6291793313069909 0.5806122448979592 0.6740121580547113 0.5850340136054422 0.7036474164133738 0.5894557823129252 0.7218844984802432 0.5938775510204082 0.7393617021276596 0.6030612244897959 0.7401215805471124 0.6105442176870748 0.7218844984802432 0.608843537414966 0.6869300911854104 0.6034013605442177 0.6413373860182371 0.6023809523809524 0.60790273556231 0.6030612244897959 0.5797872340425532 0.601360544217687 0.5463525835866262 0.5948979591836735 0.5227963525835866 0.5897959183673469 0.5182370820668692 0.5806122448979592 0.520516717325228 0.5741496598639456 0.5319148936170213
20 0.5867346938775511 0.5349544072948328 0.5870748299319728 0.560790273556231 0.5938775510204082 0.5957446808510638 0.601360544217687 0.6246200607902735 0.6095238095238096 0.6603343465045592 0.6146258503401361 0.6838905775075987 0.6197278911564625 0.7013677811550152 0.6238095238095238 0.7211246200607903 0.6292517006802721 0.7355623100303952 0.6401360544217687 0.7401215805471124 0.6527210884353741 0.729483282674772 0.6537414965986394 0.7112462006079028 0.6476190476190476 0.6838905775075987 0.6326530612244898 0.6496960486322189 0.6265306122448979 0.5904255319148937 0.6244897959183674 0.540273556231003 0.6200680272108844 0.5220364741641338 0.6095238095238096 0.4992401215805471 0.5948979591836735 0.5053191489361702
21 0.6125850340136054 0.5486322188449848 0.6197278911564625 0.5759878419452887 0.6343537414965986 0.6231003039513677 0.6421768707482993 0.6762917933130699 0.6530612244897959 0.702887537993921 0.6585034013605442 0.7196048632218845 0.6670068027210885 0.7332826747720365 0.6789115646258503 0.7332826747720365 0.6945578231292517 0.709726443768997 0.7061224489795919 0.6724924012158054 0.7051020408163265 0.6534954407294833 0.6877551020408164 0.6109422492401215 0.6775510204081633 0.567629179331307 0.672108843537415 0.5372340425531915 0.6710884353741496 0.5113981762917933 0.6659863945578232 0.4908814589665654 0.6585034013605442 0.4810030395136778 0.6448979591836734 0.4848024316109423 0.6292517006802721 0.49164133738601823 0.6187074829931973 0.49772036474164133 0.6095238095238096 0.5144376899696048
22 0.6649659863945578 0.4734042553191489 0.6602040816326531 0.4817629179331307 0.6612244897959184 0.5227963525835866 0.6775510204081633 0.5516717325227963 0.6904761904761905 0.6041033434650456 0.7010204081632653 0.6428571428571429 0.7163265306122449 0.6861702127659575 0.7363945578231292 0.6983282674772037 0.7547619047619047 0.6603343465045592 0.7557823129251701 0.6109422492401215 0.7442176870748299 0.5630699088145896 0.7309523809523809 0.5258358662613982 0.7156462585034014 0.4673252279635258 0.7108843537414966 0.44376899696048633 0.6982993197278912 0.44680851063829785 0.6860544217687075 0.45896656534954405
23 0.7156462585034014 0.43009118541033436 0.7153061224489796 0.45592705167173253 0.7238095238095238 0.5015197568389058 0.7377551020408163 0.5547112462006079 0.7547619047619047 0.5927051671732523 0.763265306122449 0.6147416413373861 0.782312925170068 0.60790273556231 0.7891156462585034 0.5668693009118541 0.7795918367346939 0.5167173252279635 0.7649659863945578 0.4756838905775076 0.7585034013605442 0.4156534954407295 0.7438775510204082 0.4034954407294833 0.7312925170068028 0.4316109422492401