0 0.5106076950737145 0.3009118541033435 0.5055735346997483 0.5668693009118541 0.47824523552678894 0.5592705167173252 0.4753685724559511 0.49620060790273557 0.48004314994606256 0.46504559270516715 0.4811218985976268 0.42021276595744683 0.4829198130169004 0.27887537993920974 0.5091693635382956 0.28495440729483285
1 0.4818410643653362 0.27203647416413373 0.4804027328299173 0.4688449848024316 0.4753685724559511 0.547112462006079 0.46098525710176197 0.5547112462006079 0.45559151384394103 0.5288753799392097 0.4545127651923768 0.4992401215805471 0.4563106796116505 0.4506079027355623 0.4617044228694714 0.2689969604863222
2 0.4563106796116505 0.25379939209726443 0.4552319309600863 0.49620060790273557 0.4519956850053937 0.5326747720364742 0.43976986695433296 0.5417933130699089 0.42898238043869114 0.5288753799392097 0.4250269687162891 0.48936170212765956 0.4286227975548364 0.45592705167173253 0.4286227975548364 0.40577507598784196 0.42898238043869114 0.2765957446808511
3 0.42682488313556277 0.2689969604863222 0.4300611290902553 0.44832826747720367 0.43473570658036675 0.47720364741641336 0.43473570658036675 0.4946808510638298 0.4336569579288026 0.5075987841945289 0.42970154620640055 0.5167173252279635 0.41567781373606616 0.540273556231003 0.40668824163969797 0.5364741641337386 0.3984178353110392 0.5129179331306991 0.3984178353110392 0.48632218844984804 0.4002157497303128 0.4574468085106383 0.4023732470334412 0.44072948328267475 0.40381157856886013 0.385258358662614 0.4059690758719885 0.27203647416413373
4 0.39661992089176556 0.25151975683890576 0.40632865875584323 0.3898176291793313 0.4045307443365696 0.43237082066869303 0.40668824163969797 0.4627659574468085 0.4074074074074074 0.4878419452887538 0.4027328299172959 0.5106382978723404 0.3919453434016541 0.5220364741641338 0.3811578568860122 0.5151975683890577 0.3725278676734987 0.48936170212765956 0.3757641136281913 0.46200607902735563 0.380079108234448 0.41413373860182373 0.3768428622797555 0.2621580547112462
5 0.37216828478964403 0.2553191489361702 0.37900035958288386 0.44680851063829785 0.3768428622797555 0.4764437689969605 0.37037037037037035 0.5030395136778115 0.3567062207838907 0.506838905775076 0.3329737504494786 0.5075987841945289 0.32793959007551243 0.4756838905775076 0.3329737504494786 0.44832826747720367 0.3340524991010428 0.41185410334346506 0.32218626393383676 0.27583586626139817
6 0.3124775260697591 0.2393617021276596 0.3344120819848975 0.3670212765957447 0.335131247752607 0.44452887537993924 0.3243437612369651 0.5030395136778115 0.29090255303847534 0.48632218844984804 0.2736425746134484 0.4635258358662614 0.27184466019417475 0.42249240121580545 0.2772384034519957 0.36930091185410335 0.26681049982020855 0.24924012158054712
8 0.5242718446601942 0.2689969604863222 0.5080906148867314 0.45364741641337386 0.5048543689320388 0.5531914893617021 0.5260697590794678 0.5630699088145896 0.5379359942466738 0.5592705167173252 0.5397339086659475 0.5296352583586627 0.5408126573175117 0.48632218844984804 0.5422509888529305 0.4316109422492401 0.5469255663430421 0.270516717325228
9 0.5526788924847177 0.2689969604863222 0.5400934915498022 0.4992401215805471 0.5400934915498022 0.5463525835866262 0.5537576411362819 0.5486322188449848 0.5631067961165048 0.5455927051671733 0.5674217907227616 0.5250759878419453 0.568140956490471 0.49544072948328266 0.5756921970514204 0.2712765957446808
10 0.5850413520316433 0.27279635258358664 0.5699388709097447 0.46808510638297873 0.5670622078389068 0.5417933130699089 0.5803667745415318 0.5562310030395137 0.593311758360302 0.5478723404255319 0.6005034160373967 0.5250759878419453 0.5965480043149946 0.5106382978723404 0.5983459187342682 0.49620060790273557 0.6033800791082344 0.446048632218845 0.6148867313915858 0.2811550151975684
11 0.6267529665587918 0.303951367781155 0.6044588277597986 0.4574468085106383 0.5990650845019777 0.49012158054711247 0.5961884214311399 0.5091185410334347 0.5961884214311399 0.53419452887538 0.6023013304566702 0.5524316109422492 0.6130888169723121 0.5539513677811551 0.6202804746494067 0.5493920972644377 0.6253146350233729 0.5319148936170213 0.6299892125134844 0.520516717325228 0.6271125494426465 0.49620060790273557 0.6267529665587918 0.4642857142857143 0.6440129449838188 0.30851063829787234
12 0.6432937792161093 0.30243161094224924 0.6339446242358864 0.3958966565349544 0.6303487953973391 0.4452887537993921 0.6274721323265012 0.47796352583586627 0.6260338007910824 0.48936170212765956 0.6256742179072277 0.5083586626139818 0.626393383674937 0.5243161094224924 0.6299892125134844 0.5395136778115501 0.6371808701905789 0.5440729483282675 0.6432937792161093 0.5425531914893617 0.6486875224739302 0.5303951367781155 0.6472491909385113 0.5151975683890577 0.651564185544768 0.5007598784194529 0.6504854368932039 0.4749240121580547 0.6616325062927004 0.2978723404255319
13 0.6627112549442646 0.2925531914893617 0.6512046026609133 0.4825227963525836 0.6494066882416397 0.5 0.6501258540093492 0.5243161094224924 0.6598345918734269 0.5509118541033434 0.6824883135562747 0.5433130699088146 0.6886012225818051 0.5129179331306991 0.6882416396979504 0.4825227963525836 0.6853649766271126 0.44832826747720367 0.6900395541172241 0.4004559270516717 0.6961524631427544 0.2993920972644377
14 0.7029845379359942 0.2857142857142857 0.6889608054656599 0.4308510638297872 0.6868033081625314 0.4756838905775076 0.6882416396979504 0.5030395136778115 0.6911183027687882 0.5197568389057751 0.7051420352391227 0.5273556231003039 0.7116145271485077 0.5227963525835866 0.7166486875224739 0.5174772036474165 0.724559510967278 0.5015197568389058 0.72851492268968 0.46656534954407297 0.7216828478964401 0.4308510638297872 0.727076591154261 0.35714285714285715 0.7317511686443725 0.30243161094224924
15 0.7357065803667745 0.30623100303951367 0.7234807623157138 0.38753799392097266 0.7213232650125854 0.4316109422492401 0.723121179431859 0.44832826747720367 0.7263574253865516 0.46808510638297873 0.7274361740381158 0.47796352583586627 0.7241999280834233 0.5007598784194529 0.724559510967278 0.5296352583586627 0.7446961524631428 0.5303951367781155 0.7551240560949298 0.5167173252279635 0.765551959726717 0.4946808510638298 0.7597986335850414 0.46580547112462006 0.7454153182308522 0.3130699088145897
16 0.505933117583603 0.5714285714285714 0.511326860841424 0.8069908814589666 0.5289464221503056 0.7948328267477204 0.5278676734987414 0.6003039513677811 0.5264293419633226 0.5653495440729484
17 0.5275080906148867 0.5645896656534954 0.5271485077310321 0.8130699088145896 0.552319309600863 0.8100303951367781 0.5501618122977346 0.6231003039513677 0.5512405609492989 0.5653495440729484
18 0.5516001438331536 0.5623100303951368 0.5598705501618123 0.8670212765957447 0.5922330097087378 0.8556231003039514 0.5814455231930961 0.6185410334346505 0.5789284430061129 0.6025835866261399 0.5796476087738224 0.5919452887537994 0.5803667745415318 0.5638297872340425
19 0.5821646889608054 0.5600303951367781 0.5800071916576771 0.6253799392097265 0.5958288385472852 0.837386018237082 0.6296296296296297 0.8047112462006079 0.6076950737144912 0.6200607902735562 0.6102121539014743 0.5987841945288754 0.6087738223660554 0.5828267477203647 0.6033800791082344 0.5645896656534954
20 0.6120100683207479 0.5661094224924013 0.6062567421790723 0.5805471124620061 0.6051779935275081 0.6063829787234043 0.6094929881337648 0.6291793313069909 0.627831715210356 0.8123100303951368 0.6483279395900755 0.7925531914893617 0.6400575332614168 0.621580547112462 0.6411362819129809 0.5782674772036475 0.6346637900035959 0.5638297872340425 0.6206400575332615 0.5638297872340425
21 0.6458108594030925 0.5600303951367781 0.6429341963322546 0.6352583586626139 0.6454512765192377 0.7006079027355623 0.6548004314994607 0.7629179331306991 0.668824163969795 0.8031914893617021 0.7004674577490112 0.7773556231003039 0.6968716289104638 0.71580547112462 0.6824883135562747 0.64209726443769 0.6799712333692917 0.6041033434650456 0.6814095649047105 0.5851063829787234 0.6846458108594031 0.5661094224924013 0.6803308162531464 0.5531914893617021 0.6760158216468896 0.547112462006079
22 0.6871628910463862 0.5433130699088146 0.6770945702984538 0.5509118541033434 0.6760158216468896 0.5714285714285714 0.6792520676015822 0.5965045592705167 0.6817691477885652 0.6170212765957447 0.7044228694714132 0.7857142857142857 0.740381157856886 0.7629179331306991 0.7317511686443725 0.6656534954407295 0.7303128371089536 0.6117021276595744 0.7281553398058253 0.5592705167173252 0.723121179431859 0.5334346504559271
24 0.5062927004674578 0.5729483282674772 0.5142035239122618 0.8214285714285714 0.49262855088097807 0.8229483282674772 0.4879539733908666 0.6306990881458967 0.4843581445523193 0.5767477203647416
25 0.48399856166846456 0.5737082066869301 0.49766271125494427 0.8404255319148937 0.48327939590075514 0.8404255319148937 0.4721323265012585 0.7408814589665653 0.4696152463142754 0.648176291793313 0.4591873426824883 0.5729483282674772
26 0.45846817691477887 0.5714285714285714 0.46997482919813016 0.648176291793313 0.472851492268968 0.8556231003039514 0.43797195253505933 0.831306990881459 0.4419273642574613 0.6268996960486323 0.44084861560589717 0.5987841945288754 0.4444444444444444 0.5889057750759878 0.4469615246314275 0.5668693009118541 0.4527148507731032 0.5592705167173252
27 0.44156778137360664 0.5653495440729484 0.44588277597986337 0.581306990881459 0.44588277597986337 0.5987841945288754 0.4451636102121539 0.6139817629179332 0.44156778137360664 0.6291793313069909 0.43905070118662354 0.648936170212766 0.43473570658036675 0.8297872340425532 0.41064365336209996 0.8168693009118541 0.41891405969075873 0.6223404255319149 0.4174757281553398 0.5980243161094225 0.4174757281553398 0.5835866261398176 0.42143113987774183 0.5729483282674772 0.4235886371808702 0.5661094224924013 0.4279036317871269 0.5585106382978723 0.43221862639338365 0.5516717325227963
28 0.39877741819489393 0.5486322188449848 0.40812657317511686 0.5448328267477204 0.41423948220064727 0.5455927051671733 0.4228694714131607 0.5524316109422492 0.4300611290902553 0.5630699088145896 0.43221862639338365 0.5759878419452887 0.42898238043869114 0.5934650455927052 0.4235886371808702 0.6117021276595744 0.41891405969075873 0.6208206686930091 0.4149586479683567 0.6314589665653495 0.4128011506652283 0.6512158054711246 0.39554117224020136 0.7963525835866262 0.37037037037037035 0.7895136778115501 0.389428263214671 0.6124620060790273 0.3901474289823804 0.581306990881459 0.39158576051779936 0.574468085106383 0.3944624235886372 0.5600303951367781
29 0.35526788924847175 0.5319148936170213 0.346997482919813 0.5319148936170213 0.3419633225458468 0.5357142857142857 0.33980582524271846 0.5509118541033434 0.3405249910104279 0.5737082066869301 0.3441208198489752 0.5851063829787234 0.30816253146350236 0.743161094224924 0.3541891405969076 0.7864741641337386 0.3833153541891406 0.6550151975683891 0.3887090974469615 0.621580547112462 0.3926645091693635 0.60790273556231 0.3976986695433297 0.5942249240121581 0.4002157497303128 0.5843465045592705 0.40165408126573177 0.5706686930091185 0.40057533261416756 0.5531914893617021 0.3994965839626034 0.5433130699088146 0.39626033800791083 0.5296352583586627 0.38655160014383316 0.5296352583586627 0.3718087019057893 0.5281155015197568
30 0.2952175476447321 0.5030395136778115 0.29054297015462066 0.5151975683890577 0.28802588996763756 0.5258358662613982 0.28443006112909025 0.540273556231003 0.2840704782452355 0.5577507598784195 0.27939590075512405 0.5828267477203647 0.2682488313556275 0.6375379939209727 0.25026968716289105 0.6907294832826748 0.30600503416037395 0.7340425531914894 0.33980582524271846 0.5889057750759878 0.346997482919813 0.5661094224924013 0.34951456310679613 0.5524316109422492 0.34951456310679613 0.5379939209726444 0.3477166486875225 0.5227963525835866 0.3401654081265732 0.5083586626139818 0.33117583603020495 0.5037993920972644 0.31535418914059693 0.5022796352583586
31 0.2621359223300971 0.48328267477203646 0.24199928083423228 0.48328267477203646 0.23121179431859043 0.4992401215805471 0.22761596548004315 0.5189969604863222 0.22150305645451276 0.5638297872340425 0.21251348435814454 0.6185410334346505 0.20496224379719524 0.662613981762918 0.24775260697590795 0.6960486322188449 0.28443006112909025 0.5516717325227963 0.29090255303847534 0.5189969604863222 0.2898238043869112 0.5045592705167173 0.2840704782452355 0.4969604863221885 0.27436174038115785 0.48556231003039513