0 0.46285714285714286 0.4430091185410334 0.4607142857142857 0.5121580547112462 0.4710714285714286 0.5326747720364742 0.4928571428571429 0.53419452887538 0.5003571428571428 0.506079027355623 0.5014285714285714 0.4004559270516717 0.5039285714285714 0.2682370820668693 0.5039285714285714 0.2066869300911854 0.4992857142857143 0.18085106382978725 0.4882142857142857 0.18009118541033434 0.47964285714285715 0.2006079027355623
1 0.42964285714285716 0.4369300911854103 0.43 0.4787234042553192 0.4317857142857143 0.5167173252279635 0.44785714285714284 0.5182370820668692 0.45821428571428574 0.5106382978723404 0.46464285714285714 0.45896656534954405 0.4657142857142857 0.36854103343465044 0.4685714285714286 0.2765957446808511 0.47035714285714286 0.19300911854103345 0.46464285714285714 0.18009118541033434 0.4496428571428571 0.18085106382978725 0.44285714285714284 0.21808510638297873
2 0.395 0.46200607902735563 0.39321428571428574 0.5007598784194529 0.41285714285714287 0.5326747720364742 0.42714285714285716 0.520516717325228 0.43464285714285716 0.48632218844984804 0.43535714285714283 0.44680851063829785 0.43357142857142855 0.35714285714285715 0.4253571428571429 0.2682370820668693 0.41785714285714287 0.20820668693009117 0.4107142857142857 0.18617021276595744 0.3921428571428571 0.18085106382978725 0.38642857142857145 0.20516717325227962
3 0.36857142857142855 0.45288753799392095 0.3657142857142857 0.4908814589665654 0.3707142857142857 0.5220364741641338 0.3892857142857143 0.5288753799392097 0.4014285714285714 0.5182370820668692 0.41 0.48404255319148937 0.4092857142857143 0.43465045592705165 0.4007142857142857 0.31458966565349544 0.39321428571428574 0.24316109422492402 0.38571428571428573 0.20288753799392098 0.3703571428571429 0.20896656534954408
4 0.34035714285714286 0.4399696048632219 0.33785714285714286 0.506079027355623 0.35 0.5281155015197568 0.3725 0.5250759878419453 0.3817857142857143 0.4908814589665654 0.37607142857142856 0.4209726443768997 0.3678571428571429 0.3047112462006079 0.3703571428571429 0.2530395136778115 0.3678571428571429 0.20820668693009117 0.35714285714285715 0.19832826747720364 0.34785714285714286 0.23860182370820668
5 0.2975 0.4521276595744681 0.2960714285714286 0.49012158054711247 0.30464285714285716 0.5387537993920972 0.32535714285714284 0.541033434650456 0.3460714285714286 0.5220364741641338 0.35285714285714287 0.4726443768996961 0.345 0.418693009118541 0.3432142857142857 0.2948328267477204 0.3482142857142857 0.2621580547112462 0.34714285714285714 0.22872340425531915 0.3385714285714286 0.20516717325227962 0.32535714285714284 0.23708206686930092 0.305 0.3844984802431611
6 0.2571428571428571 0.43465045592705165 0.25142857142857145 0.48632218844984804 0.26071428571428573 0.53419452887538 0.2825 0.5379939209726444 0.30178571428571427 0.5227963525835866 0.30964285714285716 0.4908814589665654 0.3078571428571429 0.43465045592705165 0.30178571428571427 0.3465045592705167 0.30178571428571427 0.2925531914893617 0.2907142857142857 0.2507598784194529 0.2792857142857143 0.24468085106382978 0.2692857142857143 0.256838905775076 0.27285714285714285 0.36246200607902734
7 0.2175 0.35106382978723405 0.21571428571428572 0.3905775075987842 0.23142857142857143 0.4369300911854103 0.24821428571428572 0.4430091185410334 0.2617857142857143 0.4308510638297872 0.27214285714285713 0.40805471124620063 0.2739285714285714 0.3609422492401216 0.2689285714285714 0.310790273556231 0.2646428571428571 0.25835866261398177 0.25892857142857145 0.22644376899696048 0.24535714285714286 0.22112462006079028 0.22857142857142856 0.24696048632218845 0.22 0.3047112462006079
8 0.5 0.4430091185410334 0.4982142857142857 0.49620060790273557 0.4953571428571429 0.5220364741641338 0.5142857142857142 0.5319148936170213 0.5314285714285715 0.5227963525835866 0.5360714285714285 0.4764437689969605 0.5367857142857143 0.4065349544072948 0.5446428571428571 0.2925531914893617 0.5539285714285714 0.23860182370820668 0.5482142857142858 0.2006079027355623 0.5357142857142857 0.19680851063829788 0.5189285714285714 0.24848024316109424
9 0.5357142857142857 0.4490881458966565 0.5357142857142857 0.4886018237082067 0.5428571428571428 0.5144376899696048 0.5596428571428571 0.520516717325228 0.5714285714285714 0.5022796352583586 0.5714285714285714 0.44680851063829785 0.5757142857142857 0.37462006079027355 0.5810714285714286 0.32674772036474165 0.5878571428571429 0.2864741641337386 0.5892857142857143 0.2507598784194529 0.5775 0.22796352583586627 0.5632142857142857 0.24316109422492402 0.5567857142857143 0.30243161094224924
10 0.5678571428571428 0.45592705167173253 0.5689285714285715 0.49012158054711247 0.5775 0.5220364741641338 0.5875 0.53419452887538 0.6028571428571429 0.5227963525835866 0.6110714285714286 0.46656534954407297 0.6103571428571428 0.3829787234042553 0.6175 0.3069908814589666 0.6217857142857143 0.27203647416413373 0.6289285714285714 0.23100303951367782 0.6382142857142857 0.1945288753799392 0.6289285714285714 0.16109422492401215 0.6053571428571428 0.1762917933130699 0.5907142857142857 0.2864741641337386
11 0.5964285714285714 0.43237082066869303 0.5925 0.4749240121580547 0.6121428571428571 0.5220364741641338 0.6253571428571428 0.53419452887538 0.6382142857142857 0.520516717325228 0.6428571428571429 0.4521276595744681 0.6403571428571428 0.35638297872340424 0.6432142857142857 0.3047112462006079 0.6471428571428571 0.25 0.6471428571428571 0.2127659574468085 0.6385714285714286 0.17857142857142858 0.6235714285714286 0.18617021276595744
12 0.63 0.42021276595744683 0.6282142857142857 0.4810030395136778 0.6396428571428572 0.5189969604863222 0.6496428571428572 0.5250759878419453 0.665 0.506079027355623 0.6675 0.46048632218844987 0.6635714285714286 0.40501519756838905 0.6635714285714286 0.32598784194528874 0.6646428571428571 0.27887537993920974 0.6646428571428571 0.24012158054711247 0.6646428571428571 0.1831306990881459 0.6478571428571429 0.17401215805471124 0.6396428571428572 0.23100303951367782
13 0.6617857142857143 0.4331306990881459 0.6560714285714285 0.4810030395136778 0.6621428571428571 0.5129179331306991 0.6721428571428572 0.5227963525835866 0.6889285714285714 0.5243161094224924 0.7021428571428572 0.5083586626139818 0.7025 0.4726443768996961 0.6996428571428571 0.41109422492401215 0.7089285714285715 0.364741641337386 0.71 0.34194528875379937 0.7125 0.270516717325228 0.7053571428571429 0.23252279635258358 0.6917857142857143 0.20820668693009117 0.6778571428571428 0.22112462006079028 0.6692857142857143 0.26443768996960487
14 0.7014285714285714 0.4270516717325228 0.7003571428571429 0.4810030395136778 0.7067857142857142 0.5083586626139818 0.7246428571428571 0.5159574468085106 0.7464285714285714 0.5030395136778115 0.7585714285714286 0.46200607902735563 0.7567857142857143 0.4270516717325228 0.7521428571428571 0.39209726443769 0.755 0.3525835866261398 0.7589285714285714 0.31458966565349544 0.7603571428571428 0.2750759878419453 0.755 0.23480243161094225 0.7485714285714286 0.2066869300911854 0.7314285714285714 0.20288753799392098 0.7175 0.23404255319148937 0.71 0.270516717325228
15 0.7360714285714286 0.3351063829787234 0.7435714285714285 0.3860182370820669 0.7635714285714286 0.3951367781155015 0.7810714285714285 0.3943768996960486 0.7896428571428571 0.35106382978723405 0.7917857142857143 0.310790273556231 0.7907142857142857 0.26671732522796354 0.7971428571428572 0.22796352583586627 0.8003571428571429 0.1945288753799392 0.8046428571428571 0.13221884498480244 0.7935714285714286 0.11702127659574468 0.7782142857142857 0.12082066869300911 0.7689285714285714 0.15273556231003038 0.74 0.2887537993920973
16 0.5003571428571428 0.5379939209726444 0.5021428571428571 0.6170212765957447 0.5014285714285714 0.6762917933130699 0.5014285714285714 0.7507598784194529 0.5153571428571428 0.776595744680851 0.525 0.756838905775076 0.5239285714285714 0.708966565349544 0.5239285714285714 0.628419452887538 0.5217857142857143 0.5683890577507599 0.5228571428571429 0.5326747720364742 0.5071428571428571 0.53419452887538
17 0.525 0.5243161094224924 0.5228571428571429 0.5547112462006079 0.5217857142857143 0.6588145896656535 0.5210714285714285 0.7279635258358662 0.5210714285714285 0.7545592705167173 0.5239285714285714 0.7720364741641338 0.5314285714285715 0.7803951367781155 0.5428571428571428 0.7750759878419453 0.55 0.7226443768996961 0.5489285714285714 0.5965045592705167 0.5503571428571429 0.5539513677811551 0.5482142857142858 0.5319148936170213 0.5339285714285714 0.5182370820668692
18 0.55 0.540273556231003 0.5489285714285714 0.5904255319148937 0.5510714285714285 0.736322188449848 0.5471428571428572 0.7849544072948328 0.5492857142857143 0.8290273556231003 0.5667857142857143 0.824468085106383 0.5803571428571429 0.7598784194528876 0.5817857142857142 0.6542553191489362 0.5828571428571429 0.6041033434650456 0.5828571428571429 0.5600303951367781 0.5775 0.5303951367781155 0.5714285714285714 0.5189969604863222 0.5596428571428571 0.5189969604863222
19 0.5857142857142857 0.5364741641337386 0.5782142857142857 0.560790273556231 0.5810714285714286 0.64209726443769 0.5803571428571429 0.7249240121580547 0.5821428571428572 0.7659574468085106 0.5857142857142857 0.7864741641337386 0.5942857142857143 0.791033434650456 0.6071428571428571 0.7788753799392097 0.61 0.7264437689969605 0.6114285714285714 0.6101823708206687 0.6157142857142858 0.5683890577507599 0.6114285714285714 0.53419452887538 0.5996428571428571 0.5220364741641338 0.5892857142857143 0.5243161094224924
20 0.6057142857142858 0.5661094224924013 0.61 0.6139817629179332 0.6142857142857143 0.6983282674772037 0.6217857142857143 0.7583586626139818 0.6271428571428571 0.7788753799392097 0.6346428571428572 0.7864741641337386 0.6457142857142857 0.7864741641337386 0.6496428571428572 0.7446808510638298 0.6421428571428571 0.6185410334346505 0.65 0.5623100303951368 0.645 0.5379939209726444 0.6317857142857143 0.5288753799392097 0.6071428571428571 0.5425531914893617
21 0.6439285714285714 0.5303951367781155 0.6364285714285715 0.5319148936170213 0.6385714285714286 0.5889057750759878 0.645 0.6884498480243161 0.6628571428571428 0.7986322188449848 0.6857142857142857 0.8024316109422492 0.6964285714285714 0.7727963525835866 0.6964285714285714 0.6990881458966566 0.6825 0.6003039513677811 0.6882142857142857 0.5509118541033434 0.6807142857142857 0.5281155015197568 0.665 0.5227963525835866
22 0.6742857142857143 0.5645896656534954 0.6882142857142857 0.6542553191489362 0.6978571428571428 0.7325227963525835 0.7089285714285715 0.7583586626139818 0.7228571428571429 0.7682370820668692 0.7425 0.7659574468085106 0.7528571428571429 0.7287234042553191 0.7528571428571429 0.6861702127659575 0.7467857142857143 0.628419452887538 0.7364285714285714 0.5889057750759878 0.7360714285714286 0.541033434650456 0.7210714285714286 0.520516717325228 0.7042857142857143 0.5167173252279635 0.68 0.5243161094224924 0.6714285714285714 0.5486322188449848
23 0.7371428571428571 0.53419452887538 0.7353571428571428 0.5600303951367781 0.74 0.6109422492401215 0.7585714285714286 0.648936170212766 0.7757142857142857 0.6702127659574468 0.7885714285714286 0.6770516717325228 0.8057142857142857 0.668693009118541 0.8078571428571428 0.6268996960486323 0.8046428571428571 0.5805471124620061 0.7896428571428571 0.5326747720364742 0.7682142857142857 0.5007598784194529 0.7596428571428572 0.5007598784194529 0.7467857142857143 0.526595744680851
24 0.4807142857142857 0.53419452887538 0.47785714285714287 0.5509118541033434 0.48142857142857143 0.6838905775075987 0.48142857142857143 0.756838905775076 0.4853571428571429 0.791033434650456 0.5032142857142857 0.791033434650456 0.5021428571428571 0.7484802431610942 0.5003571428571428 0.6344984802431611 0.5014285714285714 0.5645896656534954 0.4992857142857143 0.5326747720364742
25 0.45535714285714285 0.5349544072948328 0.4496428571428571 0.5501519756838906 0.45321428571428574 0.6664133738601824 0.45357142857142857 0.7484802431610942 0.46464285714285714 0.8024316109422492 0.48142857142857143 0.8001519756838906 0.485 0.7401215805471124 0.4807142857142857 0.6162613981762918 0.4807142857142857 0.547112462006079 0.47214285714285714 0.526595744680851
26 0.4317857142857143 0.5303951367781155 0.4203571428571429 0.5721884498480243 0.41964285714285715 0.6223404255319149 0.4278571428571429 0.7226443768996961 0.4278571428571429 0.7940729483282675 0.4328571428571429 0.8320668693009119 0.44285714285714284 0.8442249240121581 0.45357142857142857 0.8206686930091185 0.455 0.6838905775075987 0.455 0.5759878419452887 0.4492857142857143 0.53419452887538 0.44035714285714284 0.520516717325228
27 0.3960714285714286 0.5661094224924013 0.39571428571428574 0.6200607902735562 0.39964285714285713 0.7241641337386018 0.39964285714285713 0.8130699088145896 0.4139285714285714 0.8389057750759878 0.42678571428571427 0.810790273556231 0.42964285714285716 0.6580547112462006 0.4325 0.5851063829787234 0.4307142857142857 0.5524316109422492 0.4157142857142857 0.5379939209726444 0.4089285714285714 0.5319148936170213
28 0.375 0.541033434650456 0.3610714285714286 0.5569908814589666 0.3675 0.6101823708206687 0.3657142857142857 0.7241641337386018 0.3632142857142857 0.7978723404255319 0.37714285714285717 0.8206686930091185 0.3914285714285714 0.7940729483282675 0.39785714285714285 0.6861702127659575 0.4089285714285714 0.5866261398176292 0.4092857142857143 0.5562310030395137 0.3939285714285714 0.540273556231003
29 0.3271428571428571 0.560790273556231 0.3225 0.5790273556231003 0.3242857142857143 0.6542553191489362 0.3107142857142857 0.7446808510638298 0.315 0.8039513677811551 0.33035714285714285 0.8282674772036475 0.3517857142857143 0.8123100303951368 0.36607142857142855 0.7545592705167173 0.38107142857142856 0.6124620060790273 0.38571428571428573 0.5539513677811551 0.3742857142857143 0.53419452887538 0.35464285714285715 0.5326747720364742
30 0.27285714285714285 0.5645896656534954 0.2717857142857143 0.6048632218844985 0.26535714285714285 0.6641337386018237 0.2571428571428571 0.7082066869300911 0.24857142857142858 0.7545592705167173 0.26035714285714284 0.7925531914893617 0.2792857142857143 0.8069908814589666 0.29892857142857143 0.7826747720364742 0.3107142857142857 0.7188449848024316 0.3275 0.6261398176291794 0.335 0.5942249240121581 0.33321428571428574 0.5585106382978723 0.32071428571428573 0.5440729483282675 0.30464285714285716 0.5387537993920972 0.28785714285714287 0.5387537993920972
31 0.22035714285714286 0.5501519756838906 0.21464285714285714 0.5729483282674772 0.1957142857142857 0.6025835866261399 0.18357142857142858 0.628419452887538 0.18 0.6869300911854104 0.19857142857142857 0.7249240121580547 0.225 0.7180851063829787 0.24571428571428572 0.6808510638297872 0.25785714285714284 0.6527355623100304 0.2785714285714286 0.6299392097264438 0.2764285714285714 0.5927051671732523 0.26607142857142857 0.560790273556231 0.24928571428571428 0.5463525835866262 0.2275 0.5319148936170213