2 0.4476510067114094 0.5478723404255319 0.44563758389261743 0.60790273556231 0.45369127516778524 0.6238601823708206 0.46442953020134226 0.621580547112462 0.47248322147651006 0.5957446808510638 0.4691275167785235 0.5121580547112462 0.47013422818791945 0.45288753799392095 0.4728187919463087 0.3898176291793313 0.4697986577181208 0.3533434650455927 0.46442953020134226 0.3472644376899696 0.45436241610738254 0.3768996960486322
3 0.4312080536912752 0.5478723404255319 0.425503355704698 0.5683890577507599 0.43087248322147653 0.5904255319148937 0.4389261744966443 0.5957446808510638 0.45 0.5843465045592705 0.45503355704697984 0.5562310030395137 0.45503355704697984 0.5091185410334347 0.45436241610738254 0.44376899696048633 0.4557046979865772 0.378419452887538 0.4526845637583893 0.3343465045592705 0.44563758389261743 0.3343465045592705 0.4419463087248322 0.3617021276595745 0.4406040268456376 0.4627659574468085
4 0.4167785234899329 0.5075987841945289 0.41241610738255036 0.541033434650456 0.4147651006711409 0.574468085106383 0.4231543624161074 0.5843465045592705 0.43791946308724833 0.5691489361702128 0.438255033557047 0.5243161094224924 0.438255033557047 0.44452887537993924 0.44228187919463086 0.3723404255319149 0.4406040268456376 0.3229483282674772 0.4285234899328859 0.3373860182370821 0.4268456375838926 0.3677811550151976
5 0.387248322147651 0.5379939209726444 0.3838926174496644 0.5638297872340425 0.39496644295302014 0.5934650455927052 0.41946308724832215 0.5911854103343465 0.42751677852348996 0.5653495440729484 0.4248322147651007 0.5091185410334347 0.42583892617449665 0.439209726443769 0.42583892617449665 0.38677811550151975 0.4248322147651007 0.3495440729483283 0.4191275167785235 0.33890577507598785 0.4087248322147651 0.3472644376899696 0.39664429530201345 0.34498480243161095 0.38154362416107385 0.371580547112462 0.38154362416107385 0.41185410334346506 0.388255033557047 0.45592705167173253 0.39228187919463087 0.5
6 0.3516778523489933 0.5600303951367781 0.3604026845637584 0.5759878419452887 0.37986577181208053 0.5881458966565349 0.3919463087248322 0.5820668693009119 0.39731543624161075 0.5577507598784195 0.4 0.4939209726443769 0.4040268456375839 0.45288753799392095 0.4040268456375839 0.3951367781155015 0.39798657718120806 0.3556231003039514 0.38691275167785233 0.34194528875379937 0.3731543624161074 0.3465045592705167 0.3667785234899329 0.36854103343465044 0.3651006711409396 0.39969604863221886 0.36543624161073823 0.45896656534954405 0.3610738255033557 0.5075987841945289 0.35704697986577183 0.5197568389057751 0.3530201342281879 0.5334346504559271
7 0.3238255033557047 0.5243161094224924 0.3251677852348993 0.5440729483282675 0.33758389261744964 0.5668693009118541 0.36006711409395975 0.5661094224924013 0.3640939597315436 0.5425531914893617 0.3681208053691275 0.5015197568389058 0.37214765100671143 0.4726443768996961 0.37651006711409396 0.44756838905775076 0.37986577181208053 0.39893617021276595 0.37986577181208053 0.36246200607902734 0.3785234899328859 0.3411854103343465 0.374496644295302 0.3282674772036474 0.3691275167785235 0.3168693009118541 0.35906040268456374 0.31990881458966564 0.35369127516778526 0.32978723404255317 0.35369127516778526 0.3594224924012158 0.35503355704697986 0.3837386018237082 0.3466442953020134 0.44756838905775076 0.33288590604026846 0.4878419452887538
10 0.5483221476510067 0.5547112462006079 0.5496644295302013 0.5851063829787234 0.5506711409395973 0.6299392097264438 0.5610738255033557 0.64209726443769 0.5691275167785235 0.6208206686930091 0.5681208053691276 0.5486322188449848 0.5677852348993289 0.44756838905775076 0.5644295302013422 0.39969604863221886 0.5624161073825503 0.3655015197568389 0.5523489932885906 0.36322188449848025 0.548993288590604 0.3966565349544073 0.548993288590604 0.44452887537993924
11 0.5604026845637584 0.5881458966565349 0.5654362416107382 0.6033434650455927 0.5775167785234899 0.6238601823708206 0.587248322147651 0.6139817629179332 0.588255033557047 0.5843465045592705 0.5828859060402685 0.5387537993920972 0.5798657718120805 0.45364741641337386 0.5785234899328859 0.3966565349544073 0.5775167785234899 0.36930091185410335 0.5718120805369128 0.3556231003039514 0.5651006711409396 0.3594224924012158 0.5604026845637584 0.371580547112462 0.5590604026845638 0.4012158054711246
12 0.5758389261744966 0.5577507598784195 0.574496644295302 0.574468085106383 0.5818791946308725 0.60790273556231 0.5932885906040268 0.6200607902735562 0.5993288590604027 0.6003039513677811 0.6016778523489933 0.5683890577507599 0.5959731543624162 0.5 0.5932885906040268 0.4270516717325228 0.5892617449664429 0.371580547112462 0.5825503355704698 0.3655015197568389 0.5751677852348993 0.3799392097264438 0.5721476510067114 0.40805471124620063 0.5724832214765101 0.44376899696048633
13 0.5926174496644295 0.547112462006079 0.5909395973154362 0.5569908814589666 0.5936241610738255 0.5957446808510638 0.5976510067114094 0.6086626139817629 0.6057046979865772 0.6155015197568389 0.6154362416107383 0.60790273556231 0.6241610738255033 0.5987841945288754 0.6342281879194631 0.5653495440729484 0.6187919463087248 0.5113981762917933 0.6140939597315436 0.45364741641337386 0.6140939597315436 0.4072948328267477 0.6114093959731544 0.37537993920972645 0.6040268456375839 0.36854103343465044 0.5966442953020135 0.3776595744680851 0.5939597315436241 0.40805471124620063
14 0.6187919463087248 0.5334346504559271 0.6194630872483221 0.5509118541033434 0.62751677852349 0.5835866261398176 0.6395973154362417 0.5790273556231003 0.6597315436241611 0.5683890577507599 0.663758389261745 0.5357142857142857 0.6523489932885906 0.4810030395136778 0.6422818791946309 0.40805471124620063 0.6379194630872483 0.3662613981762918 0.6325503355704698 0.3525835866261398 0.6218120805369127 0.3617021276595745 0.6177852348993289 0.4012158054711246
15 0.6449664429530201 0.5319148936170213 0.6516778523489933 0.5562310030395137 0.6624161073825503 0.5592705167173252 0.6859060402684564 0.5212765957446809 0.6885906040268457 0.4969604863221885 0.6771812080536913 0.44984802431610943 0.6671140939597315 0.39285714285714285 0.6577181208053692 0.3404255319148936 0.6526845637583892 0.32674772036474165 0.6436241610738255 0.3282674772036474 0.6369127516778523 0.34498480243161095 0.6338926174496644 0.45288753799392095 0.639261744966443 0.5106382978723404
16 0.5053691275167785 0.64209726443769 0.5026845637583892 0.7036474164133738 0.5006711409395973 0.770516717325228 0.49966442953020135 0.8039513677811551 0.5040268456375839 0.817629179331307 0.5093959731543625 0.8130699088145896 0.5181208053691275 0.7424012158054711 0.5248322147651007 0.6542553191489362 0.5234899328859061 0.6382978723404256 0.5120805369127517 0.6352583586626139
17 0.52248322147651 0.6656534954407295 0.5154362416107383 0.7393617021276596 0.5134228187919463 0.7887537993920972 0.5140939597315436 0.8206686930091185 0.5184563758389261 0.8328267477203647 0.5251677852348994 0.824468085106383 0.5281879194630873 0.7689969604863222 0.5385906040268457 0.6884498480243161 0.5426174496644295 0.6443768996960486 0.536241610738255 0.6398176291793313 0.5241610738255034 0.6360182370820668
18 0.5422818791946309 0.6390577507598785 0.5389261744966443 0.6428571428571429 0.5375838926174497 0.6542553191489362 0.5335570469798657 0.7066869300911854 0.5275167785234899 0.7727963525835866 0.5234899328859061 0.8100303951367781 0.5302013422818792 0.8305471124620061 0.538255033557047 0.8206686930091185 0.5493288590604026 0.7575987841945289 0.5523489932885906 0.6846504559270516 0.5550335570469799 0.6519756838905775 0.552013422818792 0.6443768996960486
19 0.5557046979865772 0.6443768996960486 0.5546979865771812 0.6534954407294833 0.5496644295302013 0.7203647416413373 0.5453020134228188 0.7826747720364742 0.547986577181208 0.8335866261398176 0.5493288590604026 0.8632218844984803 0.5587248322147651 0.8693009118541033 0.5671140939597316 0.8617021276595744 0.5677852348993289 0.7978723404255319 0.5721476510067114 0.7021276595744681 0.5748322147651007 0.6694528875379939 0.5664429530201343 0.648936170212766
20 0.565771812080537 0.6702127659574468 0.5681208053691276 0.7066869300911854 0.5711409395973155 0.7917933130699089 0.5751677852348993 0.837386018237082 0.5842281879194631 0.8601823708206687 0.5932885906040268 0.8541033434650456 0.5946308724832214 0.8191489361702128 0.5912751677852349 0.7036474164133738 0.5922818791946308 0.6519756838905775 0.5838926174496645 0.6413373860182371 0.5731543624161074 0.648936170212766
21 0.5802013422818791 0.6641337386018237 0.5892617449664429 0.7188449848024316 0.5922818791946308 0.7887537993920972 0.6003355704697987 0.824468085106383 0.6073825503355704 0.8427051671732523 0.6174496644295302 0.8449848024316109 0.6221476510067114 0.8343465045592705 0.6187919463087248 0.791033434650456 0.6100671140939598 0.71580547112462 0.6073825503355704 0.668693009118541 0.602013422818792 0.64209726443769 0.5899328859060403 0.6322188449848024 0.5815436241610739 0.6398176291793313
22 0.6046979865771812 0.668693009118541 0.6231543624161073 0.7082066869300911 0.6483221476510067 0.7454407294832827 0.6661073825503355 0.7796352583586627 0.6822147651006711 0.7697568389057751 0.6875838926174497 0.7386018237082067 0.6778523489932886 0.7021276595744681 0.6580536912751678 0.6595744680851063 0.6510067114093959 0.6291793313069909 0.6436241610738255 0.6185410334346505 0.6315436241610738 0.6086626139817629 0.6201342281879194 0.60790273556231 0.6067114093959731 0.6238601823708206
23 0.635234899328859 0.6124620060790273 0.6409395973154363 0.64209726443769 0.6583892617449665 0.6694528875379939 0.6825503355704698 0.6937689969604863 0.696979865771812 0.7051671732522796 0.7171140939597316 0.709726443768997 0.7268456375838926 0.6854103343465046 0.7167785234899329 0.648936170212766 0.702013422818792 0.6322188449848024 0.6942953020134228 0.6033434650455927 0.687248322147651 0.581306990881459 0.6724832214765101 0.5691489361702128 0.661744966442953 0.5638297872340425 0.648993288590604 0.5782674772036475 0.6382550335570469 0.5987841945288754
24 0.4899328859060403 0.6329787234042553 0.48523489932885905 0.71580547112462 0.48322147651006714 0.7659574468085106 0.48322147651006714 0.7993920972644377 0.4835570469798658 0.8191489361702128 0.4899328859060403 0.8221884498480243 0.4966442953020134 0.8161094224924013 0.5013422818791946 0.7393617021276596 0.5053691275167785 0.6785714285714286 0.5073825503355704 0.648176291793313 0.4993288590604027 0.6337386018237082
25 0.4657718120805369 0.6595744680851063 0.46174496644295304 0.756838905775076 0.46174496644295304 0.7887537993920972 0.46174496644295304 0.8297872340425532 0.4657718120805369 0.8487841945288754 0.47651006711409394 0.8427051671732523 0.4818791946308725 0.8085106382978723 0.48590604026845635 0.7112462006079028 0.4879194630872483 0.6603343465045592 0.4885906040268456 0.6337386018237082 0.4798657718120805 0.6261398176291794 0.4674496644295302 0.6291793313069909 0.4651006711409396 0.6474164133738601
26 0.43926174496644294 0.6519756838905775 0.438255033557047 0.702887537993921 0.4389261744966443 0.7507598784194529 0.4369127516778524 0.8001519756838906 0.438255033557047 0.8221884498480243 0.4526845637583893 0.8275075987841946 0.4604026845637584 0.797112462006079 0.4664429530201342 0.7142857142857143 0.4684563758389262 0.6534954407294833 0.4620805369127517 0.6329787234042553 0.44966442953020136 0.6329787234042553 0.44228187919463086 0.6398176291793313
27 0.4161073825503356 0.6382978723404256 0.41241610738255036 0.668693009118541 0.41140939597315435 0.7218844984802432 0.41140939597315435 0.756838905775076 0.40604026845637586 0.7872340425531915 0.40939597315436244 0.8039513677811551 0.4214765100671141 0.8123100303951368 0.43087248322147653 0.7940729483282675 0.4419463087248322 0.7036474164133738 0.448993288590604 0.648936170212766 0.4469798657718121 0.6246200607902735 0.4389261744966443 0.6185410334346505 0.4302013422818792 0.6185410334346505