0 0.47746478873239434 0.5189969604863222 0.47464788732394364 0.574468085106383 0.4823943661971831 0.5949848024316109 0.49295774647887325 0.5972644376899696 0.5052816901408451 0.5919452887537994 0.5038732394366198 0.5151975683890577 0.5056338028169014 0.43617021276595747 0.5119718309859155 0.371580547112462 0.5119718309859155 0.31458966565349544 0.5084507042253521 0.2689969604863222 0.49295774647887325 0.26975683890577506 0.4852112676056338 0.3290273556231003
8 0.5024647887323944 0.520516717325228 0.5028169014084507 0.5729483282674772 0.5056338028169014 0.5942249240121581 0.5133802816901408 0.5972644376899696 0.5299295774647887 0.5911854103343465 0.5345070422535211 0.5524316109422492 0.5295774647887324 0.4870820668693009 0.5257042253521127 0.41109422492401215 0.526056338028169 0.3434650455927052 0.526056338028169 0.2993920972644377 0.5221830985915493 0.2796352583586626 0.5165492957746479 0.27583586626139817 0.5098591549295775 0.29103343465045595
9 0.5313380281690141 0.5007598784194529 0.5327464788732394 0.5524316109422492 0.5426056338028169 0.5820668693009119 0.5517605633802817 0.5759878419452887 0.5584507042253521 0.5600303951367781 0.5545774647887324 0.5129179331306991 0.55 0.4338905775075988 0.5492957746478874 0.3890577507598784 0.5492957746478874 0.34498480243161095 0.5419014084507042 0.3229483282674772 0.532394366197183 0.3290273556231003 0.5295774647887324 0.3639817629179331
10 0.5545774647887324 0.48936170212765956 0.5535211267605634 0.5151975683890577 0.5573943661971831 0.5539513677811551 0.5676056338028169 0.5911854103343465 0.5774647887323944 0.5866261398176292 0.5841549295774648 0.5455927051671733 0.5869718309859155 0.4627659574468085 0.5866197183098592 0.3655015197568389 0.5823943661971831 0.3069908814589666 0.5707746478873239 0.28419452887537994 0.5626760563380282 0.303951367781155 0.5598591549295775 0.3829787234042553
11 0.5732394366197183 0.4870820668693009 0.5707746478873239 0.5159574468085106 0.5774647887323944 0.5569908814589666 0.5880281690140845 0.5683890577507599 0.6014084507042253 0.5600303951367781 0.6084507042253521 0.541033434650456 0.6045774647887324 0.4946808510638298 0.6031690140845071 0.40501519756838905 0.606338028169014 0.35714285714285715 0.606338028169014 0.30243161094224924 0.6031690140845071 0.26443768996960487 0.5904929577464789 0.2553191489361702 0.5823943661971831 0.2826747720364742
12 0.5961267605633803 0.4946808510638298 0.5961267605633803 0.5319148936170213 0.6080985915492958 0.5592705167173252 0.6183098591549295 0.5554711246200608 0.627112676056338 0.5395136778115501 0.6225352112676056 0.48632218844984804 0.6211267605633802 0.3951367781155015 0.6218309859154929 0.3541033434650456 0.6235915492957746 0.310790273556231 0.6235915492957746 0.27203647416413373 0.6183098591549295 0.24848024316109424 0.6102112676056338 0.25835866261398177 0.6014084507042253 0.31382978723404253
13 0.6176056338028169 0.5189969604863222 0.6190140845070422 0.5524316109422492 0.6278169014084507 0.5592705167173252 0.6408450704225352 0.5569908814589666 0.6556338028169014 0.5509118541033434 0.6591549295774648 0.541033434650456 0.6591549295774648 0.5106382978723404 0.6559859154929577 0.44224924012158057 0.657394366197183 0.39285714285714285 0.6584507042253521 0.3548632218844985 0.6584507042253521 0.3252279635258359 0.6545774647887324 0.2993920972644377 0.6468309859154929 0.2826747720364742 0.6373239436619719 0.2811550151975684 0.6299295774647887 0.30243161094224924 0.6235915492957746 0.3655015197568389
14 0.6577464788732394 0.4886018237082067 0.6577464788732394 0.5281155015197568 0.6693661971830986 0.5509118541033434 0.680281690140845 0.5501519756838906 0.6940140845070423 0.5349544072948328 0.6961267605633803 0.5075987841945289 0.6943661971830986 0.4870820668693009 0.6915492957746479 0.42401215805471126 0.6922535211267605 0.3844984802431611 0.6922535211267605 0.34802431610942247 0.6961267605633803 0.30243161094224924 0.6915492957746479 0.27887537993920974 0.6845070422535211 0.27203647416413373 0.6746478873239437 0.27583586626139817 0.6644366197183098 0.32598784194528874
15 0.6940140845070423 0.4726443768996961 0.6943661971830986 0.5015197568389058 0.702112676056338 0.5319148936170213 0.7098591549295775 0.5349544072948328 0.7253521126760564 0.5212765957446809 0.7320422535211267 0.5037993920972644 0.7306338028169014 0.46656534954407297 0.725 0.4065349544072948 0.7306338028169014 0.3586626139817629 0.723943661971831 0.29559270516717323 0.7183098591549296 0.28191489361702127 0.7070422535211267 0.2750759878419453 0.6940140845070423 0.29407294832826747 0.6901408450704225 0.31155015197568386
23 0.7119718309859155 0.5539513677811551 0.7154929577464789 0.5904255319148937 0.7348591549295774 0.6382978723404256 0.7531690140845071 0.6960486322188449 0.7679577464788733 0.7173252279635258 0.7841549295774648 0.7082066869300911 0.7901408450704225 0.6709726443768997 0.7873239436619718 0.6268996960486323 0.7647887323943662 0.5835866261398176 0.7577464788732394 0.5440729483282675 0.7450704225352113 0.5091185410334347 0.7355633802816901 0.5182370820668692
22 0.6693661971830986 0.5858662613981763 0.6665492957746478 0.6231003039513677 0.6859154929577465 0.675531914893617 0.7112676056338029 0.7355623100303952 0.7200704225352113 0.7575987841945289 0.7302816901408451 0.7674772036474165 0.7489436619718309 0.7697568389057751 0.7559859154929578 0.7492401215805471 0.7559859154929578 0.7226443768996961 0.7436619718309859 0.6732522796352584 0.7225352112676057 0.6185410334346505 0.7179577464788732 0.5851063829787234 0.7102112676056338 0.5562310030395137 0.6964788732394366 0.5585106382978723
21 0.6285211267605634 0.6025835866261399 0.6257042253521127 0.6238601823708206 0.6380281690140845 0.675531914893617 0.6461267605633803 0.7522796352583586 0.6598591549295775 0.8115501519756839 0.6704225352112676 0.8335866261398176 0.6848591549295775 0.8343465045592705 0.7007042253521126 0.8214285714285714 0.7091549295774648 0.7963525835866262 0.7077464788732394 0.7530395136778115 0.6978873239436619 0.7112462006079028 0.6799295774647888 0.6496960486322189 0.6792253521126761 0.6177811550151976 0.6778169014084507 0.5919452887537994 0.6704225352112676 0.5805471124620061 0.6535211267605634 0.5828267477203647 0.6380281690140845 0.5965045592705167
20 0.6003521126760564 0.6056231003039514 0.6014084507042253 0.6534954407294833 0.6176056338028169 0.7545592705167173 0.6278169014084507 0.824468085106383 0.6426056338028169 0.8700607902735562 0.6549295774647887 0.8746200607902735 0.6612676056338028 0.8548632218844985 0.648943661971831 0.7895136778115501 0.6401408450704226 0.7287234042553191 0.6366197183098592 0.6838905775075987 0.6355633802816901 0.6344984802431611 0.6306338028169014 0.6033434650455927 0.6126760563380281 0.5904255319148937
19 0.5823943661971831 0.6185410334346505 0.5823943661971831 0.6352583586626139 0.5908450704225352 0.7598784194528876 0.5964788732394366 0.8168693009118541 0.6017605633802817 0.8434650455927052 0.6073943661971831 0.8594224924012158 0.620774647887324 0.8548632218844985 0.6235915492957746 0.8396656534954408 0.6140845070422535 0.7811550151975684 0.6070422535211267 0.708966565349544 0.6070422535211267 0.6709726443768997 0.6088028169014085 0.64209726443769 0.6045774647887324 0.6109422492401215 0.598943661971831 0.6063829787234043 0.5919014084507043 0.6117021276595744
18 0.5588028169014084 0.6094224924012158 0.5535211267605634 0.6405775075987842 0.5647887323943662 0.7530395136778115 0.571830985915493 0.8343465045592705 0.576056338028169 0.8639817629179332 0.5869718309859155 0.8685410334346505 0.5936619718309859 0.8563829787234043 0.5933098591549296 0.8290273556231003 0.5852112676056338 0.723404255319149 0.5827464788732394 0.6504559270516718 0.5830985915492958 0.6177811550151976 0.5742957746478873 0.6003039513677811
17 0.5309859154929577 0.6109422492401215 0.5309859154929577 0.6413373860182371 0.5383802816901408 0.7545592705167173 0.55 0.8259878419452887 0.5573943661971831 0.8366261398176292 0.5665492957746479 0.8145896656534954 0.5559859154929577 0.7173252279635258 0.555281690140845 0.64209726443769 0.5545774647887324 0.6185410334346505 0.5440140845070423 0.60790273556231
16 0.5084507042253521 0.6033434650455927 0.5080985915492958 0.6322188449848024 0.5137323943661972 0.7218844984802432 0.5200704225352113 0.7689969604863222 0.527112676056338 0.790273556231003 0.5341549295774648 0.7849544072948328 0.5404929577464789 0.7727963525835866 0.5327464788732394 0.6732522796352584 0.5299295774647887 0.6268996960486323 0.5232394366197183 0.6086626139817629
24 0.49119718309859156 0.6041033434650456 0.4852112676056338 0.6139817629179332 0.49119718309859156 0.6914893617021277 0.4950704225352113 0.7530395136778115 0.5017605633802817 0.791033434650456 0.5088028169014085 0.7803951367781155 0.5098591549295775 0.6990881458966566 0.5070422535211268 0.6360182370820668 0.5066901408450705 0.6003039513677811 0.49753521126760564 0.5934650455927052
25 0.4679577464788732 0.5942249240121581 0.4623239436619718 0.6063829787234043 0.4679577464788732 0.6595744680851063 0.4735915492957746 0.7249240121580547 0.4742957746478873 0.7689969604863222 0.4795774647887324 0.7879939209726444 0.4866197183098592 0.7940729483282675 0.49577464788732395 0.7940729483282675 0.4964788732394366 0.743920972644377 0.4876760563380282 0.6124620060790273 0.4742957746478873 0.5972644376899696
26 0.45140845070422536 0.5851063829787234 0.44084507042253523 0.5949848024316109 0.44295774647887326 0.6641337386018237 0.4471830985915493 0.7545592705167173 0.451056338028169 0.7993920972644377 0.45704225352112676 0.8305471124620061 0.4686619718309859 0.8305471124620061 0.4732394366197183 0.7849544072948328 0.47007042253521125 0.675531914893617 0.4707746478873239 0.6185410334346505 0.46338028169014084 0.5904255319148937
27 0.426056338028169 0.5835866261398176 0.42077464788732394 0.5965045592705167 0.41619718309859155 0.6314589665653495 0.4158450704225352 0.662613981762918 0.423943661971831 0.7522796352583586 0.427112676056338 0.8054711246200608 0.4376760563380282 0.8229483282674772 0.4461267605633803 0.8161094224924013 0.451056338028169 0.756079027355623 0.4524647887323944 0.6314589665653495 0.44859154929577466 0.5980243161094225 0.44084507042253523 0.5828267477203647
28 0.4014084507042254 0.5820668693009119 0.3957746478873239 0.6139817629179332 0.3936619718309859 0.6694528875379939 0.38204225352112675 0.7575987841945289 0.38098591549295774 0.7849544072948328 0.3873239436619718 0.8077507598784195 0.40035211267605636 0.8047112462006079 0.42007042253521126 0.7348024316109423 0.4334507042253521 0.6322188449848024 0.4355633802816901 0.5965045592705167 0.42570422535211266 0.574468085106383 0.4109154929577465 0.5661094224924013
29 0.3630281690140845 0.5478723404255319 0.35140845070422533 0.5980243161094225 0.3408450704225352 0.6504559270516718 0.32640845070422536 0.7044072948328267 0.31690140845070425 0.7401215805471124 0.3267605633802817 0.7720364741641338 0.3352112676056338 0.7925531914893617 0.35563380281690143 0.7781155015197568 0.3767605633802817 0.7408814589665653 0.4024647887323944 0.6534954407294833 0.4126760563380282 0.6056231003039514 0.41056338028169015 0.5759878419452887 0.39507042253521124 0.5569908814589666 0.3714788732394366 0.547112462006079
30 0.32711267605633804 0.5303951367781155 0.31161971830985913 0.5623100303951368 0.2982394366197183 0.60790273556231 0.2704225352112676 0.6702127659574468 0.2619718309859155 0.6930091185410334 0.2876760563380282 0.7469604863221885 0.30528169014084505 0.7355623100303952 0.32816901408450705 0.7021276595744681 0.35352112676056335 0.64209726443769 0.37183098591549296 0.5911854103343465 0.3767605633802817 0.5661094224924013 0.3700704225352113 0.5455927051671733 0.3457746478873239 0.5303951367781155
31 0.28450704225352114 0.49164133738601823 0.27007042253521124 0.5098784194528876 0.2591549295774648 0.5501519756838906 0.2397887323943662 0.5775075987841946 0.2278169014084507 0.6200607902735562 0.23169014084507042 0.6641337386018237 0.2640845070422535 0.6740121580547113 0.2859154929577465 0.6443768996960486 0.31197183098591547 0.5995440729483282 0.3278169014084507 0.5653495440729484 0.32922535211267606 0.5524316109422492 0.32711267605633804 0.541033434650456 0.32253521126760565 0.5106382978723404 0.29859154929577464 0.49012158054711247
1 0.4538732394366197 0.4870820668693009 0.4528169014084507 0.5455927051671733 0.4640845070422535 0.5645896656534954 0.47288732394366195 0.5623100303951368 0.48098591549295777 0.49240121580547114 0.4908450704225352 0.425531914893617 0.5007042253521127 0.3700607902735562 0.5066901408450705 0.33814589665653494 0.5 0.30851063829787234 0.49190140845070424 0.3130699088145897 0.4823943661971831 0.33206686930091184
2 0.4352112676056338 0.479483282674772 0.43661971830985913 0.5174772036474165 0.44366197183098594 0.5600303951367781 0.4556338028169014 0.5440729483282675 0.4665492957746479 0.5037993920972644 0.46549295774647886 0.4430091185410334 0.46725352112676055 0.3700607902735562 0.4686619718309859 0.3366261398176292 0.47007042253521125 0.30243161094224924 0.4707746478873239 0.27203647416413373 0.47464788732394364 0.24316109422492402 0.4721830985915493 0.22872340425531915 0.4647887323943662 0.21656534954407294 0.4496478873239437 0.24088145896656535 0.4394366197183099 0.38069908814589665
7 0.30704225352112674 0.42401215805471126 0.30246478873239435 0.46200607902735563 0.31338028169014087 0.49240121580547114 0.3313380281690141 0.5098784194528876 0.35 0.49164133738601823 0.35563380281690143 0.4399696048632219 0.35563380281690143 0.3601823708206687 0.34964788732394364 0.30167173252279633 0.34401408450704224 0.2750759878419453 0.3352112676056338 0.2621580547112462 0.3211267605633803 0.25835866261398177 0.31619718309859157 0.2826747720364742
6 0.3401408450704225 0.4369300911854103 0.3334507042253521 0.47720364741641336 0.33943661971830985 0.5045592705167173 0.3538732394366197 0.5189969604863222 0.3711267605633803 0.520516717325228 0.3834507042253521 0.4939209726443769 0.38485915492957745 0.44224924012158057 0.38380281690140844 0.3639817629179331 0.3785211267605634 0.3100303951367781 0.37183098591549296 0.2621580547112462 0.3570422535211268 0.25227963525835867 0.34683098591549294 0.2796352583586626
5 0.3742957746478873 0.4574468085106383 0.3704225352112676 0.5129179331306991 0.39154929577464787 0.5349544072948328 0.4098591549295775 0.5303951367781155 0.42183098591549295 0.5174772036474165 0.4288732394366197 0.47416413373860183 0.42183098591549295 0.4095744680851064 0.42077464788732394 0.3343465045592705 0.42077464788732394 0.29027355623100304 0.41619718309859155 0.26443768996960487 0.4091549295774648 0.25835866261398177 0.38873239436619716 0.29027355623100304
4 0.4042253521126761 0.4825227963525836 0.40387323943661974 0.5319148936170213 0.41901408450704225 0.5425531914893617 0.4362676056338028 0.5334346504559271 0.4433098591549296 0.47720364741641336 0.44084507042253523 0.3731003039513678 0.43697183098591547 0.2993920972644377 0.4355633802816901 0.27887537993920974 0.428169014084507 0.2689969604863222 0.4176056338028169 0.2826747720364742
3 0.4225352112676056 0.48936170212765956 0.4214788732394366 0.5250759878419453 0.44014084507042256 0.5417933130699089 0.45316901408450705 0.5212765957446809 0.4595070422535211 0.3860182370820669 0.45985915492957746 0.2864741641337386 0.45774647887323944 0.23252279635258358 0.4461267605633803 0.22416413373860183 0.43697183098591547 0.25227963525835867