0 0.48114478114478115 0.33966565349544076 0.4734006734006734 0.4452887537993921 0.4771043771043771 0.5121580547112462 0.48013468013468014 0.5478723404255319 0.49696969696969695 0.5478723404255319 0.5040404040404041 0.5364741641337386 0.501010101010101 0.49164133738601823 0.49696969696969695 0.46504559270516715 0.49595959595959593 0.4430091185410334 0.49595959595959593 0.4095744680851064 0.498989898989899 0.3533434650455927
1 0.4575757575757576 0.32674772036474165 0.45656565656565656 0.35106382978723405 0.45555555555555555 0.3890577507598784 0.45555555555555555 0.41793313069908816 0.45555555555555555 0.44756838905775076 0.45252525252525255 0.49620060790273557 0.45252525252525255 0.5273556231003039 0.45656565656565656 0.5547112462006079 0.4771043771043771 0.5478723404255319 0.4781144781144781 0.5075987841945289 0.4771043771043771 0.4452887537993921 0.4754208754208754 0.4316109422492401 0.4764309764309764 0.33586626139817627
2 0.4286195286195286 0.3465045592705167 0.42592592592592593 0.37537993920972645 0.42592592592592593 0.40501519756838905 0.4239057239057239 0.53419452887538 0.43367003367003365 0.567629179331307 0.4484848484848485 0.5569908814589666 0.4494949494949495 0.5189969604863222 0.4494949494949495 0.4870820668693009 0.4494949494949495 0.43844984802431614 0.4494949494949495 0.3799392097264438 0.4505050505050505 0.33966565349544076
3 0.403030303030303 0.3601823708206687 0.40606060606060607 0.38677811550151975 0.4107744107744108 0.41109422492401215 0.4117845117845118 0.4582066869300912 0.4117845117845118 0.4870820668693009 0.4090909090909091 0.5189969604863222 0.4090909090909091 0.5387537993920972 0.4090909090909091 0.5615501519756839 0.4107744107744108 0.5790273556231003 0.4198653198653199 0.581306990881459 0.4265993265993266 0.5721884498480243 0.43265993265993263 0.5592705167173252 0.42962962962962964 0.5364741641337386 0.4265993265993266 0.49620060790273557 0.42592592592592593 0.46048632218844987 0.42592592592592593 0.4247720364741641 0.42592592592592593 0.3822188449848024 0.42592592592592593 0.3670212765957447
4 0.3771043771043771 0.3776595744680851 0.3771043771043771 0.4072948328267477 0.38417508417508417 0.43617021276595747 0.3872053872053872 0.47188449848024316 0.38821548821548824 0.5007598784194529 0.38821548821548824 0.5319148936170213 0.39225589225589225 0.581306990881459 0.4080808080808081 0.581306990881459 0.41279461279461277 0.5433130699088146 0.41279461279461277 0.49620060790273557 0.41279461279461277 0.46048632218844987 0.4090909090909091 0.41793313069908816 0.40505050505050505 0.3822188449848024 0.397979797979798 0.3601823708206687
5 0.3505050505050505 0.3799392097264438 0.3505050505050505 0.4270516717325228 0.3525252525252525 0.4673252279635258 0.35353535353535354 0.5098784194528876 0.35454545454545455 0.5721884498480243 0.3592592592592593 0.5904255319148937 0.3781144781144781 0.5949848024316109 0.39124579124579123 0.5904255319148937 0.3929292929292929 0.5592705167173252 0.39124579124579123 0.5364741641337386 0.3861952861952862 0.4870820668693009 0.38215488215488214 0.4338905775075988 0.3811447811447811 0.3958966565349544 0.3723905723905724 0.3670212765957447
6 0.3127946127946128 0.4095744680851064 0.3178451178451178 0.45592705167173253 0.31885521885521884 0.5030395136778115 0.31885521885521884 0.5433130699088146 0.31885521885521884 0.5721884498480243 0.3245791245791246 0.5904255319148937 0.34074074074074073 0.5972644376899696 0.35353535353535354 0.601823708206687 0.3602693602693603 0.581306990881459 0.3565656565656566 0.5433130699088146 0.34949494949494947 0.5053191489361702 0.3464646464646465 0.4673252279635258 0.34545454545454546 0.42249240121580545 0.34545454545454546 0.39361702127659576 0.3255892255892256 0.3776595744680851
8 0.502020202020202 0.35106382978723405 0.502020202020202 0.3844984802431611 0.502020202020202 0.42933130699088146 0.502020202020202 0.47416413373860183 0.503030303030303 0.5144376899696048 0.5070707070707071 0.541033434650456 0.5188552188552189 0.5478723404255319 0.5259259259259259 0.541033434650456 0.5259259259259259 0.5144376899696048 0.5239057239057239 0.48328267477203646 0.5198653198653199 0.44756838905775076 0.5178451178451179 0.4004559270516717 0.5178451178451179 0.36930091185410335 0.5198653198653199 0.34194528875379937
9 0.5276094276094276 0.33586626139817627 0.5276094276094276 0.3776595744680851 0.5276094276094276 0.42933130699088146 0.5276094276094276 0.4870820668693009 0.5296296296296297 0.5189969604863222 0.5397306397306397 0.5364741641337386 0.5505050505050505 0.5387537993920972 0.5525252525252525 0.5098784194528876 0.5474747474747474 0.46048632218844987 0.5454545454545454 0.4270516717325228 0.5454545454545454 0.3776595744680851 0.5464646464646464 0.331306990881459
10 0.5602693602693603 0.33586626139817627 0.5595959595959596 0.37537993920972645 0.5565656565656566 0.4095744680851064 0.5535353535353535 0.4316109422492401 0.5525252525252525 0.4764437689969605 0.5525252525252525 0.5075987841945289 0.5555555555555556 0.5364741641337386 0.5693602693602694 0.5478723404255319 0.5801346801346802 0.541033434650456 0.5821548821548822 0.5053191489361702 0.5781144781144781 0.47188449848024316 0.5764309764309764 0.4316109422492401 0.5764309764309764 0.3958966565349544 0.5791245791245792 0.33586626139817627
11 0.5902356902356902 0.3373860182370821 0.5861952861952862 0.371580547112462 0.5851851851851851 0.4156534954407295 0.5831649831649832 0.4513677811550152 0.5821548821548822 0.5053191489361702 0.5831649831649832 0.5364741641337386 0.5949494949494949 0.5615501519756839 0.6090909090909091 0.5638297872340425 0.6168350168350168 0.5547112462006079 0.6198653198653199 0.5319148936170213 0.6158249158249158 0.48936170212765956 0.6117845117845118 0.4513677811550152 0.6117845117845118 0.4095744680851064 0.6117845117845118 0.3556231003039514 0.6117845117845118 0.33358662613981765
13 0.6764309764309764 0.3731003039513678 0.6643097643097643 0.41793313069908816 0.6595959595959596 0.4452887537993921 0.6494949494949495 0.4810030395136778 0.6427609427609428 0.5098784194528876 0.6387205387205387 0.541033434650456 0.6427609427609428 0.5699088145896657 0.6565656565656566 0.5858662613981763 0.6683501683501684 0.581306990881459 0.6734006734006734 0.5615501519756839 0.6754208754208754 0.5212765957446809 0.6774410774410774 0.47188449848024316 0.6831649831649832 0.42249240121580545 0.6912457912457912 0.3822188449848024
14 0.705050505050505 0.3799392097264438 0.6989898989898989 0.4133738601823708 0.6892255892255892 0.4582066869300912 0.6821548821548822 0.49164133738601823 0.6774410774410774 0.5144376899696048 0.6754208754208754 0.5501519756838906 0.6764309764309764 0.574468085106383 0.695959595959596 0.5858662613981763 0.7138047138047138 0.574468085106383 0.7158249158249158 0.5547112462006079 0.7168350168350168 0.49620060790273557 0.7208754208754209 0.4490881458966565 0.7289562289562289 0.4095744680851064
16 0.5080808080808081 0.7598784194528876 0.5070707070707071 0.7066869300911854 0.5060606060606061 0.6664133738601824 0.5040404040404041 0.621580547112462 0.502020202020202 0.5904255319148937 0.5080808080808081 0.5767477203647416 0.5228956228956229 0.574468085106383 0.5239057239057239 0.601823708206687 0.5218855218855218 0.6375379939209727 0.5188552188552189 0.6595744680851063 0.5188552188552189 0.6975683890577508 0.5188552188552189 0.7287234042553191 0.5188552188552189 0.7515197568389058 0.5198653198653199 0.7712765957446809
17 0.5276094276094276 0.7933130699088146 0.5286195286195287 0.7689969604863222 0.5239057239057239 0.7173252279635258 0.5218855218855218 0.6838905775075987 0.5218855218855218 0.6458966565349544 0.5218855218855218 0.6147416413373861 0.5228956228956229 0.5972644376899696 0.5249158249158249 0.574468085106383 0.5336700336700336 0.567629179331307 0.5397306397306397 0.5835866261398176 0.5397306397306397 0.6193009118541033 0.5387205387205387 0.6527355623100304 0.5367003367003367 0.6861702127659575 0.5367003367003367 0.7264437689969605 0.5367003367003367 0.7598784194528876 0.5367003367003367 0.7758358662613982
18 0.5535353535353535 0.7712765957446809 0.5505050505050505 0.7492401215805471 0.5474747474747474 0.7173252279635258 0.5464646464646464 0.6838905775075987 0.5454545454545454 0.6504559270516718 0.5454545454545454 0.628419452887538 0.5454545454545454 0.5995440729483282 0.5444444444444444 0.5767477203647416 0.5505050505050505 0.5721884498480243 0.5632996632996633 0.5721884498480243 0.5653198653198653 0.6124620060790273 0.5643097643097643 0.6504559270516718 0.5643097643097643 0.6732522796352584 0.5632996632996633 0.7044072948328267 0.5632996632996633 0.7355623100303952
19 0.5723905723905723 0.7781155015197568 0.5673400673400674 0.7196048632218845 0.5653198653198653 0.6861702127659575 0.5643097643097643 0.6458966565349544 0.5643097643097643 0.6033434650455927 0.5693602693602694 0.581306990881459 0.5811447811447812 0.5858662613981763 0.5872053872053872 0.6147416413373861 0.5882154882154882 0.6458966565349544 0.5861952861952862 0.6816109422492401 0.5861952861952862 0.7196048632218845 0.5851851851851851 0.7803951367781155 0.5851851851851851 0.8001519756838906 0.5723905723905723 0.8115501519756839
20 0.593939393939394 0.7895136778115501 0.593939393939394 0.7575987841945289 0.5892255892255892 0.7241641337386018 0.5861952861952862 0.6952887537993921 0.5861952861952862 0.648176291793313 0.5861952861952862 0.6147416413373861 0.5861952861952862 0.5881458966565349 0.5922558922558923 0.5835866261398176 0.602020202020202 0.5858662613981763 0.6080808080808081 0.5995440729483282 0.6101010101010101 0.6238601823708206 0.6101010101010101 0.6550151975683891 0.6090909090909091 0.6816109422492401 0.6080808080808081 0.7044072948328267 0.6070707070707071 0.7310030395136778 0.6070707070707071 0.7598784194528876 0.6070707070707071 0.7803951367781155 0.6070707070707071 0.8001519756838906
24 0.49696969696969695 0.8024316109422492 0.49696969696969695 0.7469604863221885 0.49696969696969695 0.6952887537993921 0.503030303030303 0.6413373860182371 0.5070707070707071 0.5927051671732523 0.503030303030303 0.5767477203647416 0.48215488215488217 0.5767477203647416 0.4791245791245791 0.5927051671732523 0.48013468013468014 0.6261398176291794 0.4841750841750842 0.6572948328267477 0.4841750841750842 0.6930091185410334 0.4831649831649832 0.7492401215805471 0.48215488215488217 0.7872340425531915 0.4841750841750842 0.8047112462006079
25 0.4781144781144781 0.7735562310030395 0.48114478114478115 0.7332826747720365 0.48215488215488217 0.7044072948328267 0.4831649831649832 0.675531914893617 0.4831649831649832 0.6398176291793313 0.4831649831649832 0.5949848024316109 0.4831649831649832 0.5721884498480243 0.4602693602693603 0.5699088145896657 0.4653198653198653 0.6504559270516718 0.4663299663299663 0.675531914893617 0.4663299663299663 0.708966565349544 0.4663299663299663 0.7469604863221885 0.4663299663299663 0.7781155015197568 0.4663299663299663 0.8024316109422492 0.4663299663299663 0.8297872340425532 0.4771043771043771 0.831306990881459
22 0.6592592592592592 0.7963525835866262 0.6481481481481481 0.7750759878419453 0.635016835016835 0.7355623100303952 0.631986531986532 0.709726443768997 0.6265993265993266 0.682370820668693 0.6208754208754209 0.6610942249240122 0.6144781144781145 0.6466565349544073 0.6124579124579125 0.6193009118541033 0.6171717171717171 0.5957446808510638 0.6245791245791246 0.581306990881459 0.6397306397306397 0.5790273556231003 0.6461279461279461 0.5835866261398176 0.6565656565656566 0.6253799392097265 0.6592592592592592 0.6527355623100304 0.661952861952862 0.6717325227963525 0.6676767676767676 0.7059270516717325 0.6734006734006734 0.7370820668693009 0.6787878787878788 0.7712765957446809
23 0.705050505050505 0.7834346504559271 0.6986531986531986 0.7583586626139818 0.6835016835016835 0.7120060790273556 0.6787878787878788 0.6952887537993921 0.6723905723905724 0.6785714285714286 0.663973063973064 0.6572948328267477 0.6555555555555556 0.6337386018237082 0.6555555555555556 0.6193009118541033 0.6555555555555556 0.6063829787234043 0.6656565656565656 0.5896656534954408 0.6771043771043771 0.587386018237082 0.6872053872053872 0.5851063829787234 0.7023569023569024 0.5835866261398176 0.7070707070707071 0.6147416413373861 0.7107744107744107 0.6382978723404256 0.7134680134680135 0.6679331306990881 0.7198653198653199 0.6884498480243161 0.7276094276094276 0.7180851063829787 0.7313131313131314 0.7393617021276596 0.734006734006734 0.7583586626139818
26 0.4585858585858586 0.5828267477203647 0.4478114478114478 0.5805471124620061 0.4444444444444444 0.6223404255319149 0.4444444444444444 0.6565349544072948 0.4444444444444444 0.6869300911854104 0.4468013468013468 0.7211246200607903 0.4494949494949495 0.7575987841945289 0.4511784511784512 0.7879939209726444 0.45286195286195285 0.8297872340425532 0.4612794612794613 0.8237082066869301 0.4612794612794613 0.776595744680851 0.4612794612794613 0.7424012158054711 0.4612794612794613 0.7059270516717325 0.4612794612794613 0.6702127659574468 0.4663299663299663 0.6223404255319149 0.4663299663299663 0.5957446808510638
27 0.4444444444444444 0.8351063829787234 0.4444444444444444 0.8009118541033434 0.44343434343434346 0.7575987841945289 0.4417508417508417 0.7287234042553191 0.44343434343434346 0.6907294832826748 0.4478114478114478 0.648936170212766 0.4494949494949495 0.6246200607902735 0.4484848484848485 0.5980243161094225 0.435016835016835 0.5980243161094225 0.42424242424242425 0.6246200607902735 0.42424242424242425 0.6436170212765957 0.42424242424242425 0.6702127659574468 0.42592592592592593 0.7021276595744681 0.4276094276094276 0.7287234042553191 0.4276094276094276 0.7689969604863222 0.4276094276094276 0.8031914893617021 0.43097643097643096 0.8351063829787234
28 0.4208754208754209 0.8237082066869301 0.4208754208754209 0.8123100303951368 0.4198653198653199 0.7727963525835866 0.42154882154882156 0.7287234042553191 0.42592592592592593 0.6702127659574468 0.4292929292929293 0.6322188449848024 0.4158249158249158 0.6246200607902735 0.4090909090909091 0.6436170212765957 0.4074074074074074 0.6565349544072948 0.4074074074074074 0.6816109422492401 0.4074074074074074 0.7006079027355623 0.4074074074074074 0.723404255319149 0.4074074074074074 0.7613981762917933 0.4074074074074074 0.8199088145896657
29 0.3962962962962963 0.8161094224924013 0.3956228956228956 0.7819148936170213 0.3929292929292929 0.7401215805471124 0.3939393939393939 0.709726443768997 0.4006734006734007 0.6778115501519757 0.40404040404040403 0.6451367781155015 0.4006734006734007 0.6094224924012158 0.38552188552188554 0.6071428571428571 0.3744107744107744 0.6109422492401215 0.3686868686868687 0.6261398176291794 0.36767676767676766 0.6550151975683891 0.367003367003367 0.6869300911854104 0.3552188552188552 0.7933130699088146 0.3592592592592593 0.8183890577507599 0.3744107744107744 0.8297872340425532 0.3872053872053872 0.8351063829787234
30 0.3383838383838384 0.8351063829787234 0.3424242424242424 0.8199088145896657 0.3474747474747475 0.7689969604863222 0.35084175084175084 0.7515197568389058 0.35353535353535354 0.7249240121580547 0.36094276094276095 0.6831306990881459 0.367003367003367 0.662613981762918 0.36767676767676766 0.6398176291793313 0.3592592592592593 0.6147416413373861 0.34175084175084175 0.6147416413373861 0.33400673400673403 0.6147416413373861 0.3282828282828283 0.6109422492401215 0.31986531986531985 0.628419452887538 0.31986531986531985 0.6413373860182371 0.3181818181818182 0.6588145896656535 0.3154882154882155 0.6930091185410334 0.31313131313131315 0.7196048632218845 0.30976430976430974 0.75 0.3047138047138047 0.7879939209726444 0.30303030303030304 0.8145896656534954 0.3148148148148148 0.8275075987841946 0.32996632996632996 0.8297872340425532