0 0.4841580633677465 0.3768996960486322 0.48914204343182627 0.4148936170212766 0.48914204343182627 0.44832826747720367 0.48736205055179777 0.47188449848024316 0.4841580633677465 0.4969604863221885 0.48024207903168387 0.5493920972644377 0.4791740833036668 0.5835866261398176 0.48309006763972945 0.5980243161094225 0.5040939836240655 0.5919452887537994 0.5108579565681737 0.5752279635258358 0.5119259522961909 0.5372340425531915 0.5080099679601282 0.49240121580547114 0.5080099679601282 0.4506079027355623 0.5080099679601282 0.39361702127659576 0.5069419722321111 0.3723404255319149
1 0.4674261302954788 0.3662613981762918 0.4702741189035244 0.41033434650455924 0.47134211463154146 0.44224924012158057 0.47134211463154146 0.46504559270516715 0.4702741189035244 0.48024316109422494 0.4684941260234959 0.4969604863221885 0.4663581345674617 0.5182370820668692 0.4645781416874333 0.5683890577507599 0.4784620861516554 0.5919452887537994 0.49305802776788893 0.5562310030395137 0.49021003915984335 0.42325227963525835 0.48914204343182627 0.3913373860182371 0.4880740477038092 0.3723404255319149
2 0.4485582057671769 0.3617021276595745 0.44749021003915984 0.3974164133738602 0.4467782128871485 0.44376899696048633 0.4467782128871485 0.4696048632218845 0.4467782128871485 0.49240121580547114 0.4467782128871485 0.513677811550152 0.4517621929512282 0.5516717325227963 0.4574581701673193 0.5683890577507599 0.4684941260234959 0.5303951367781155 0.4684941260234959 0.4969604863221885 0.469562121751513 0.4506079027355623 0.469562121751513 0.42325227963525835 0.4674261302954788 0.385258358662614 0.4663581345674617 0.3639817629179331
3 0.4318262726949092 0.3487841945288754 0.4307582769668921 0.37462006079027355 0.42969028123887504 0.41033434650455924 0.42969028123887504 0.44832826747720367 0.4279102883588466 0.48404255319148937 0.42969028123887504 0.5288753799392097 0.43859024563901744 0.5577507598784195 0.4524741901032396 0.5349544072948328 0.45461018155927374 0.49240121580547114 0.449626201495194 0.44224924012158057 0.4467782128871485 0.40425531914893614 0.44571021715913134 0.3677811550151976 0.44464222143111426 0.3472644376899696
4 0.4190103239587042 0.3427051671732523 0.4190103239587042 0.3662613981762918 0.41794232823068705 0.4126139817629179 0.41794232823068705 0.44832826747720367 0.4161623353506586 0.48632218844984804 0.41402634389462445 0.5113981762917933 0.41402634389462445 0.5478723404255319 0.42969028123887504 0.5683890577507599 0.43787824848700607 0.5478723404255319 0.43681025275898894 0.4946808510638298 0.4339622641509434 0.44832826747720367 0.4339622641509434 0.40425531914893614 0.4339622641509434 0.3533434650455927
5 0.3951584193663225 0.3366261398176292 0.39337842648629406 0.378419452887538 0.3862584549661801 0.4316109422492401 0.3823424706301175 0.45440729483282677 0.380562477750089 0.4908814589665654 0.3823424706301175 0.5326747720364742 0.39622641509433965 0.5600303951367781 0.41687433250267 0.5288753799392097 0.41687433250267 0.4969604863221885 0.4161623353506586 0.45896656534954405 0.41402634389462445 0.40197568389057753 0.41402634389462445 0.3677811550151976 0.41402634389462445 0.32978723404255317 0.4040583837664649 0.31762917933130697
6 0.36952652189391244 0.32598784194528874 0.35955856176575296 0.3617021276595745 0.3545745817016732 0.3974164133738602 0.34887860448558206 0.4270516717325228 0.3456746173015308 0.446048632218845 0.34175863296546816 0.4627659574468085 0.3378426486294055 0.48404255319148937 0.33997864008543965 0.5075987841945289 0.3556425774296903 0.5303951367781155 0.3734425062299751 0.5372340425531915 0.38447846208615166 0.5182370820668692 0.38447846208615166 0.4612462006079027 0.3834104663581346 0.4209726443768997 0.38447846208615166 0.3700607902735562 0.39409042363830543 0.31534954407294835 0.3912424350302599 0.30243161094224924 0.37629049483802063 0.3009118541033435
7 0.35777856888572446 0.2629179331306991 0.35065859736561056 0.26671732522796354 0.33285866856532575 0.2857142857142857 0.32395870416518335 0.3009118541033435 0.31612673549305803 0.3130699088145897 0.31221075115699537 0.3366261398176292 0.31327874688501245 0.3594224924012158 0.3228907084371663 0.38677811550151975 0.336062655749377 0.40425531914893614 0.347810608757565 0.3958966565349544 0.3538625845496618 0.378419452887538 0.3616945532217871 0.3533434650455927 0.36845852616589536 0.3282674772036474 0.3734425062299751 0.30243161094224924 0.37557849768600926 0.29027355623100304 0.3745105019579922 0.27279635258358664
8 0.5108579565681737 0.3617021276595745 0.5108579565681737 0.39969604863221886 0.5108579565681737 0.4673252279635258 0.5108579565681737 0.5098784194528876 0.5080099679601282 0.5455927051671733 0.5058739765040939 0.5668693009118541 0.5097899608401566 0.5858662613981763 0.5218939124243503 0.5942249240121581 0.5347098611605554 0.5752279635258358 0.5364898540405838 0.5197568389057751 0.5347098611605554 0.48632218844984804 0.5307938768244927 0.4376899696048632 0.5297258810964756 0.39969604863221886 0.5297258810964756 0.3594224924012158
9 0.5396938412246352 0.3427051671732523 0.5375578497686009 0.3829787234042553 0.5286578853684585 0.446048632218845 0.5275898896404414 0.5197568389057751 0.5297258810964756 0.5539513677811551 0.5396938412246352 0.5683890577507599 0.5503737985048059 0.5516717325227963 0.5525097899608401 0.5075987841945289 0.5503737985048059 0.45288753799392095 0.5485938056247776 0.4148936170212766
10 0.5553577785688857 0.3427051671732523 0.5553577785688857 0.3677811550151976 0.5496618013527946 0.4270516717325228 0.5453898184407262 0.4946808510638298 0.5453898184407262 0.5372340425531915 0.5503737985048059 0.5752279635258358 0.5653257386970452 0.5668693009118541 0.5720897116411534 0.5243161094224924 0.5720897116411534 0.4627659574468085 0.5692417230331078 0.41033434650455924 0.5674617301530794 0.3472644376899696
11 0.5731577073691705 0.32978723404255317 0.5720897116411534 0.3594224924012158 0.5674617301530794 0.4316109422492401 0.563189747241011 0.45896656534954405 0.5624777500889997 0.513677811550152 0.5674617301530794 0.5478723404255319 0.5809896760412958 0.5577507598784195 0.5909576361694553 0.5539513677811551 0.5930936276254895 0.5159574468085106 0.5930936276254895 0.45440729483282677 0.5909576361694553 0.3958966565349544 0.5881096475614097 0.34498480243161095 0.5870416518333926 0.3130699088145897
13 0.595941616233535 0.310790273556231 0.5998576005695977 0.32978723404255317 0.5970096119615521 0.3617021276595745 0.5930936276254895 0.3958966565349544 0.5909576361694553 0.44376899696048633 0.5909576361694553 0.4886018237082067 0.5909576361694553 0.5197568389057751 0.5970096119615521 0.5372340425531915 0.6098255606977572 0.5372340425531915 0.6215735137059452 0.5288753799392097 0.6286934852260591 0.4969604863221885 0.6265574937700249 0.43541033434650456 0.6265574937700249 0.378419452887538 0.6265574937700249 0.3366261398176292
16 0.5108579565681737 0.7651975683890577 0.5119259522961909 0.7272036474164134 0.5119259522961909 0.6907294832826748 0.5119259522961909 0.6550151975683891 0.5119259522961909 0.6299392097264438 0.5147739409042363 0.6147416413373861 0.5218939124243503 0.6132218844984803 0.5236739053043787 0.6382978723404256 0.5236739053043787 0.6785714285714286 0.5229619081523674 0.6930091185410334 0.5197579209683161 0.7082066869300911 0.5218939124243503 0.7796352583586627
17 0.5364898540405838 0.6170212765957447 0.5275898896404414 0.6443768996960486 0.5247419010323958 0.7013677811550152 0.5297258810964756 0.7310030395136778 0.5307938768244927 0.7462006079027356 0.5347098611605554 0.790273556231003 0.5414738341046635 0.8199088145896657 0.5553577785688857 0.8069908814589666 0.5542897828408686 0.7545592705167173 0.551441794232823 0.7203647416413373 0.5503737985048059 0.6595744680851063 0.5503737985048059 0.6253799392097265
22 0.6532573869704521 0.5197568389057751 0.6386614453542185 0.5455927051671733 0.6354574581701673 0.5668693009118541 0.6464934140263439 0.6048632218844985 0.6564613741545033 0.6428571428571429 0.6699893200427198 0.682370820668693 0.6988252046991812 0.7203647416413373 0.7226771092915628 0.6846504559270516 0.7233891064435742 0.6717325227963525 0.7176931292274831 0.6170212765957447 0.704877180491278 0.5896656534954408 0.696689213243147 0.5645896656534954 0.6888572445710217 0.5349544072948328 0.6781772872908508 0.5243161094224924 0.6692773228907084 0.5220364741641338
24 0.49804200783196867 0.6003039513677811 0.49021003915984335 0.6276595744680851 0.49021003915984335 0.6512158054711246 0.49305802776788893 0.6785714285714286 0.49626201495194017 0.7036474164133738 0.4969740121039516 0.7477203647416414 0.5001779992880029 0.8047112462006079 0.5090779636881453 0.7773556231003039 0.5097899608401566 0.7272036474164134 0.5097899608401566 0.6952887537993921 0.5097899608401566 0.6527355623100304 0.5090779636881453 0.6322188449848024
25 0.482378070487718 0.6109422492401215 0.4749021003915984 0.6329787234042553 0.4749021003915984 0.6580547112462006 0.4773940904236383 0.6861702127659575 0.47988608045567815 0.7127659574468085 0.4809540761836953 0.756838905775076 0.48593805624777503 0.8138297872340425 0.49341402634389464 0.8047112462006079 0.49483802064791743 0.7743161094224924 0.49483802064791743 0.7378419452887538 0.49483802064791743 0.6952887537993921 0.49483802064791743 0.6352583586626139 0.49234603061587756 0.6071428571428571
28 0.4318262726949092 0.6139817629179332 0.42541829832680667 0.6367781155015197 0.4247063011747953 0.6846504559270516 0.4229263082947668 0.7287234042553191 0.4186543253826985 0.7712765957446809 0.41794232823068705 0.8085106382978723 0.43289426842292633 0.7781155015197568 0.4353862584549662 0.7378419452887538 0.43681025275898894 0.7059270516717325 0.44784620861516555 0.648936170212766 0.4510501957992168 0.6086626139817629
30 0.3816304734781061 0.6101823708206687 0.37486650053399784 0.6276595744680851 0.3656105375578498 0.6458966565349544 0.3542185831256675 0.668693009118541 0.3435386258454966 0.6793313069908815 0.3300106799572802 0.6914893617021277 0.31790672837308653 0.7006079027355623 0.3068707725169099 0.7074468085106383 0.29690281238875044 0.6899696048632219 0.2936988252046992 0.6740121580547113 0.29120683517265933 0.6474164133738601 0.3086507653969384 0.6208206686930091 0.32253470986116056 0.6048632218844985 0.3392666429334283 0.587386018237082 0.3510145959416162 0.5714285714285714 0.35813456746173017 0.5623100303951368 0.3730865076539694 0.567629179331307 0.37985048059807763 0.5889057750759878