8 0.4864038069340585 0.5387537993920972 0.49796057104010877 0.5531914893617021 0.5118966689326988 0.5448328267477204 0.512576478585996 0.5045592705167173 0.5193745751189667 0.371580547112462 0.4921821889870836 0.3700607902735562 0.491162474507138 0.4582066869300912 0.4877634262406526 0.5098784194528876
9 0.5142760027192386 0.5433130699088146 0.5336505778382054 0.5395136778115501 0.5394289598912304 0.3662613981762918 0.5200543847722637 0.3700607902735562 0.5156356220258328 0.439209726443769 0.5169952413324269 0.5083586626139818
10 0.535350101971448 0.5212765957446809 0.5401087695445276 0.5372340425531915 0.561182868796737 0.5387537993920972 0.5628823929299797 0.3677811550151976 0.5431679129843644 0.3677811550151976 0.5384092454112849 0.44756838905775076 0.5356900067980965 0.5083586626139818
13 0.6063902107409925 0.5493920972644377 0.6142080217539089 0.5600303951367781 0.6216859279401767 0.5531914893617021 0.6312032630863358 0.5577507598784195 0.6373215499660095 0.5493920972644377 0.6454792658055745 0.378419452887538 0.6165873555404486 0.3700607902735562 0.611148878314072 0.44452887537993924 0.6074099252209382 0.4878419452887538 0.6036709721278042 0.5159574468085106 0.6036709721278042 0.5303951367781155
14 0.6373215499660095 0.5281155015197568 0.6441196464989802 0.5455927051671733 0.6692726036709721 0.541033434650456 0.67675050985724 0.3731003039513678 0.6461590754588715 0.36930091185410335 0.6393609789259007 0.47796352583586627
0 0.46261046906866077 0.371580547112462 0.4874235214140041 0.3768996960486322 0.486743711760707 0.5455927051671733 0.4785859959211421 0.5493920972644377 0.4615907545887152 0.5448328267477204 0.46057104010876954 0.5334346504559271 0.46227056424201224 0.4870820668693009 0.4619306594153637 0.3890577507598784
1 0.44119646498980286 0.5235562310030395 0.44085656016315433 0.46580547112462006 0.4398368456832087 0.3860182370820669 0.4405166553365058 0.36930091185410335 0.4612508497620666 0.3708206686930091 0.45955132562882395 0.4399696048632219 0.4615907545887152 0.48632218844984804 0.46057104010876954 0.5357142857142857 0.4564921821889871 0.5433130699088146 0.44663494221617944 0.5425531914893617 0.44221617946974845 0.5372340425531915
31 0.27668252889191025 0.547112462006079 0.28925900747790617 0.5638297872340425 0.31203263086335825 0.5585106382978723 0.3157715839564922 0.574468085106383 0.31475186947654654 0.5972644376899696 0.2865397688647179 0.7279635258358662 0.2467709041468389 0.6747720364741642 0.270224337185588 0.6048632218844985
30 0.31543167912984366 0.5623100303951368 0.3086335825968729 0.6041033434650456 0.28755948334466347 0.7332826747720365 0.3205302515295717 0.7629179331306991 0.3636981645139361 0.574468085106383 0.34568320870156355 0.5767477203647416 0.33480625424881033 0.5623100303951368 0.3266485384092454 0.5699088145896657
28 0.38885112168592795 0.5759878419452887 0.38613188307273966 0.5790273556231003 0.385112168592794 0.587386018237082 0.38579197824609107 0.601063829787234 0.3885112168592794 0.6261398176291794 0.3908905506458192 0.6709726443768997 0.3908905506458192 0.7021276595744681 0.38885112168592795 0.743161094224924 0.3881713120326309 0.7522796352583586 0.40108769544527534 0.7583586626139818 0.40720598232494903 0.7583586626139818 0.4123045547246771 0.7408814589665653 0.4112848402447315 0.7241641337386018 0.4095853161114888 0.6952887537993921 0.4082256968048946 0.6732522796352584 0.4089055064581917 0.6382978723404256 0.4106050305914344 0.6231003039513677 0.41332426920462273 0.6086626139817629 0.4150237933378654 0.5927051671732523 0.4157036029911625 0.5790273556231003 0.4157036029911625 0.574468085106383 0.4112848402447315 0.5729483282674772 0.4061862678450034 0.5729483282674772 0.3953093133922502 0.5729483282674772
27 0.4157036029911625 0.5782674772036475 0.420462270564242 0.5775075987841946 0.4238613188307274 0.5775075987841946 0.4323589394969409 0.5820668693009119 0.43507817811012917 0.5858662613981763 0.43609789259007475 0.5949848024316109 0.43677770224337187 0.6086626139817629 0.43677770224337187 0.6231003039513677 0.43609789259007475 0.6390577507598785 0.43473827328348064 0.6550151975683891 0.433718558803535 0.6778115501519757 0.43337865397688646 0.708966565349544 0.4326988443235894 0.7325227963525835 0.4309993201903467 0.7515197568389058 0.43031951053704964 0.7583586626139818 0.42114208021753907 0.7575987841945289 0.4140040788579198 0.7530395136778115 0.41026512576478585 0.743161094224924 0.4082256968048946 0.7211246200607903 0.4078857919782461 0.7135258358662614 0.4078857919782461 0.6983282674772037 0.4078857919782461 0.6838905775075987 0.40924541128484027 0.6671732522796353 0.40924541128484027 0.648936170212766 0.40924541128484027 0.6299392097264438 0.40924541128484027 0.6147416413373861 0.4112848402447315 0.6033434650455927 0.4106050305914344 0.581306990881459
26 0.4357579877634262 0.581306990881459 0.4323589394969409 0.5919452887537994 0.43133922501699523 0.6337386018237082 0.43133922501699523 0.6747720364741642 0.43167912984364376 0.7142857142857143 0.43201903467029235 0.7446808510638298 0.4476546566961251 0.7477203647416414 0.4541128484024473 0.6565349544072948 0.4530931339225017 0.6048632218844985 0.4537729435757988 0.5835866261398176 0.4510537049626105 0.581306990881459
25 0.45479265805574437 0.5797872340425532 0.469068660774983 0.5858662613981763 0.47314751869476546 0.6329787234042553 0.4728076138681169 0.6504559270516718 0.4724677090414684 0.7127659574468085 0.4568320870156356 0.7135258358662614 0.45479265805574437 0.6436170212765957 0.4520734194425561 0.587386018237082
24 0.4711080897348742 0.5866261398176292 0.48878314072059825 0.5866261398176292 0.49422161794697483 0.71580547112462 0.47926580557443915 0.71580547112462 0.473487423521414 0.6390577507598785
16 0.491162474507138 0.5881458966565349 0.5074779061862679 0.5881458966565349 0.512576478585996 0.7416413373860182 0.49422161794697483 0.7378419452887538 0.4952413324269205 0.6474164133738601
17 0.5081577158395649 0.587386018237082 0.5268524813052345 0.5843465045592705 0.527192386131883 0.6367781155015197 0.527192386131883 0.7302431610942249 0.5135961930659415 0.7317629179331308 0.512576478585996 0.6474164133738601
18 0.5292318150917743 0.5835866261398176 0.5489462950373896 0.5828267477203647 0.552345343303875 0.6451367781155015 0.5520054384772264 0.7530395136778115 0.5333106730115568 0.7484802431610942 0.5329707681849082 0.648176291793313 0.5278721957851802 0.6177811550151976 0.5278721957851802 0.5911854103343465
19 0.561862678450034 0.5790273556231003 0.5540448674371176 0.5866261398176292 0.552345343303875 0.5949848024316109 0.552345343303875 0.6056231003039514 0.5543847722637661 0.6276595744680851 0.5554044867437118 0.6390577507598785 0.5581237253569 0.7484802431610942 0.5819170632222977 0.75 0.5764785859959212 0.6565349544072948 0.5805574439157036 0.6291793313069909 0.5781781101291639 0.5965045592705167 0.5774983004758668 0.5851063829787234 0.5717199184228416 0.5797872340425532 0.5679809653297077 0.5752279635258358
20 0.5805574439157036 0.5752279635258358 0.5842963970088375 0.5706686930091185 0.5900747790618627 0.5752279635258358 0.5975526852481305 0.5767477203647416 0.6026512576478587 0.5820668693009119 0.6029911624745071 0.6003039513677811 0.6033310673011557 0.6314589665653495 0.6002719238613188 0.6671732522796353 0.6029911624745071 0.7340425531914894 0.5870156356220259 0.736322188449848 0.5832766825288919 0.6458966565349544 0.5771583956492182 0.5911854103343465
22 0.631883072739633 0.5805471124620061 0.6400407885791978 0.5843465045592705 0.6648538409245411 0.5706686930091185 0.6702923181509177 0.574468085106383 0.6743711760707002 0.6352583586626139 0.6968048946295038 0.7477203647416414 0.659755268524813 0.7591185410334347 0.6451393609789259 0.6762917933130699 0.6383412644459552 0.6572948328267477 0.6291638341264446 0.6041033434650456
23 0.6757307953772943 0.5691489361702128 0.6719918422841604 0.587386018237082 0.6794697484704283 0.6588145896656535 0.699524133242692 0.7522796352583586 0.7307953772943576 0.7112462006079028 0.7144799456152278 0.6063829787234043 0.7104010876954453 0.5623100303951368 0.698844323589395 0.5661094224924013 0.6927260367097213 0.581306990881459 0.6849082256968049 0.5630699088145896
2 0.4150237933378654 0.4939209726443769 0.4170632222977566 0.4696048632218845 0.416043507817811 0.3731003039513678 0.43609789259007475 0.36930091185410335 0.4398368456832087 0.3731003039513678 0.44085656016315433 0.479483282674772 0.4449354180829368 0.4969604863221885 0.43609789259007475 0.5319148936170213 0.41638341264445955 0.5364741641337386
3 0.3970088375254929 0.5303951367781155 0.40856560163154315 0.5364741641337386 0.41366417403127126 0.5319148936170213 0.4177430319510537 0.5349544072948328 0.41978246091094495 0.3609422492401216 0.4004078857919782 0.3594224924012158 0.3990482664853841 0.46200607902735563
4 0.3752549286199864 0.5197568389057751 0.3752549286199864 0.4946808510638298 0.37797416723317473 0.4627659574468085 0.380693405846363 0.41109422492401215 0.3823929299796057 0.3541033434650456 0.3834126444595513 0.3427051671732523 0.40278721957851804 0.3601823708206687 0.40414683888511216 0.3768996960486322 0.39938817131203264 0.47112462006079026 0.40278721957851804 0.5250759878419453 0.4007477906186268 0.5334346504559271 0.389530931339225 0.5349544072948328 0.38001359619306596 0.5250759878419453
5 0.340924541128484 0.5379939209726444 0.3487423521414004 0.5501519756838906 0.35825968728755947 0.5539513677811551 0.36607749830047587 0.5585106382978723 0.3769544527532291 0.5585106382978723 0.38375254928619984 0.5440729483282675 0.3834126444595513 0.5311550151975684 0.3769544527532291 0.5197568389057751 0.3752549286199864 0.5 0.3752549286199864 0.4817629179331307 0.376274643099932 0.4551671732522796 0.37831407205982326 0.4148936170212766 0.3817131203263086 0.3700607902735562 0.3708361658735554 0.34194528875379937 0.34432358939496943 0.3525835866261398 0.34398368456832085 0.42401215805471126 0.3484024473147519 0.4703647416413374 0.345343303874915 0.5091185410334347
6 0.30727396329027873 0.3525835866261398 0.3116927260367097 0.4749240121580547 0.3086335825968729 0.5159574468085106 0.3133922501699524 0.5319148936170213 0.3239292997960571 0.5364741641337386 0.3327668252889191 0.5440729483282675 0.34126444595513256 0.5379939209726444 0.3450033990482665 0.5 0.345343303874915 0.46656534954407297 0.34398368456832085 0.43465045592705165 0.34024473147518697 0.4065349544072948 0.34126444595513256 0.3723404255319149 0.3433038749150238 0.3434650455927052 0.33820530251529574 0.3427051671732523 0.3096532970768185 0.3465045592705167