0 0.4894605216148625 0.3670212765957447 0.4894605216148625 0.38145896656534956 0.4894605216148625 0.41641337386018235 0.4894605216148625 0.45592705167173253 0.48838871025366204 0.48404255319148937 0.4855305466237942 0.5212765957446809 0.4866023579849946 0.5539513677811551 0.4933904966059307 0.5706686930091185 0.5076813147552698 0.5767477203647416 0.5126831011075385 0.5600303951367781 0.5144694533762058 0.5091185410334347 0.5144694533762058 0.48632218844984804 0.5162558056448732 0.4430091185410334 0.5162558056448732 0.41033434650455924 0.5162558056448732 0.3670212765957447 0.5133976420150054 0.3343465045592705
1 0.4644515898535191 0.3366261398176292 0.46516613076098606 0.35714285714285715 0.46730975348338694 0.39209726443769 0.46730975348338694 0.4369300911854103 0.46052161486245086 0.4635258358662614 0.45766345123258306 0.4946808510638298 0.4565916398713826 0.5357142857142857 0.46230796713111827 0.5562310030395137 0.47481243301178994 0.5524316109422492 0.4805287602715255 0.5395136778115501 0.4844587352625938 0.5030395136778115 0.4855305466237942 0.45592705167173253 0.4855305466237942 0.418693009118541 0.4873168988924616 0.3837386018237082 0.4894605216148625 0.3343465045592705
2 0.4390853876384423 0.33206686930091184 0.4390853876384423 0.35714285714285715 0.43729903536977494 0.3958966565349544 0.4315827081100393 0.44984802431610943 0.4287245444801715 0.47416413373860183 0.4294390853876384 0.5091185410334347 0.4344408717399071 0.5379939209726444 0.4430153626295105 0.5524316109422492 0.4526616648803144 0.5379939209726444 0.4555198285101822 0.5113981762917933 0.4555198285101822 0.48632218844984804 0.4565916398713826 0.44984802431610943 0.4565916398713826 0.4148936170212766 0.4565916398713826 0.38753799392097266 0.45766345123258306 0.34498480243161095
3 0.41693461950696675 0.3221884498480243 0.41407645587709896 0.37537993920972645 0.41121829224723117 0.4065349544072948 0.40836012861736337 0.44148936170212766 0.40728831725616294 0.47416413373860183 0.40728831725616294 0.4969604863221885 0.40728831725616294 0.5174772036474165 0.40836012861736337 0.5357142857142857 0.41872097177563417 0.5524316109422492 0.4265809217577706 0.5440729483282675 0.4294390853876384 0.5189969604863222 0.4287245444801715 0.4908814589665654 0.4294390853876384 0.4452887537993921 0.4315827081100393 0.39209726443769 0.43229724901750627 0.3487841945288754
4 0.3919256877456234 0.3282674772036474 0.390853876384423 0.3609422492401216 0.3890675241157556 0.40197568389057753 0.38406573776348696 0.4452887537993921 0.38013576277241873 0.4908814589665654 0.3829939264022865 0.5357142857142857 0.39299749910682386 0.5379939209726444 0.40050017863522686 0.5258358662613982 0.40335834226509465 0.49240121580547114 0.4055019649874955 0.43541033434650456 0.40836012861736337 0.38753799392097266 0.41014648088603073 0.33890577507598785
5 0.3619149696320114 0.3465045592705167 0.3551268310110754 0.3738601823708207 0.3504823151125402 0.40197568389057753 0.3504823151125402 0.42857142857142855 0.34941050375133975 0.44756838905775076 0.34726688102893893 0.46808510638297873 0.3454805287602715 0.48632218844984804 0.3426223651304037 0.5174772036474165 0.34941050375133975 0.5417933130699089 0.36477313326187927 0.5478723404255319 0.3783494105037513 0.5478723404255319 0.38406573776348696 0.5440729483282675 0.38692390139335475 0.5258358662613982 0.38692390139335475 0.4886018237082067 0.38620936048588783 0.4635258358662614 0.3851375491246874 0.42249240121580545 0.38406573776348696 0.3655015197568389 0.38406573776348696 0.3343465045592705
6 0.3347624151482672 0.33890577507598785 0.3340478742408003 0.3594224924012158 0.3311897106109325 0.38753799392097266 0.323329760628796 0.4209726443768997 0.31939978563772775 0.439209726443769 0.31475526973919254 0.4703647416413374 0.3115398356555913 0.4886018237082067 0.3097534833869239 0.5007598784194529 0.3108252947481243 0.5212765957446809 0.3244015719899964 0.5463525835866262 0.3415505537692033 0.5478723404255319 0.34726688102893893 0.5357142857142857 0.34726688102893893 0.48024316109422494 0.34726688102893893 0.44984802431610943 0.34726688102893893 0.4126139817629179 0.34941050375133975 0.36930091185410335 0.3504823151125402 0.35714285714285715 0.3522686673812076 0.34498480243161095
7 0.3126116470167917 0.2933130699088146 0.3051089674883887 0.30547112462006076 0.2904608788853162 0.3404255319148936 0.2808145766345123 0.35714285714285715 0.2740264380135763 0.3738601823708207 0.2722400857449089 0.40197568389057753 0.28474455162558054 0.43541033434650456 0.293319042515184 0.45972644376899696 0.3097534833869239 0.44984802431610943 0.3176134333690604 0.40197568389057753 0.3251161128974634 0.3609422492401216 0.3290460878885316 0.3427051671732523 0.3319042515183994 0.3183890577507599
8 0.5269739192568774 0.33206686930091184 0.5269739192568774 0.3738601823708207 0.5241157556270096 0.40425531914893614 0.5212575919971418 0.4308510638297872 0.518399428367274 0.4635258358662614 0.5155412647374062 0.4969604863221885 0.5133976420150054 0.5258358662613982 0.5126831011075385 0.5600303951367781 0.5280457306180779 0.5668693009118541 0.5423365487674169 0.5539513677811551 0.548410146480886 0.5296352583586627 0.548410146480886 0.4703647416413374 0.548410146480886 0.4369300911854103 0.5455519828510182 0.38753799392097266 0.5423365487674169 0.3427051671732523 0.54162200785995 0.3221884498480243
11 0.5927116827438371 0.36930091185410335 0.5909253304751697 0.3943768996960486 0.5848517327617007 0.45592705167173253 0.579135405501965 0.5113981762917933 0.579135405501965 0.5463525835866262 0.5877098963915685 0.5600303951367781 0.5973561986423723 0.5668693009118541 0.6041443372633083 0.5296352583586627 0.6052161486245088 0.4969604863221885 0.6080743122543766 0.42857142857142855 0.6102179349767775 0.36322188449848025
12 0.6148624508753127 0.3655015197568389 0.6130760986066452 0.40425531914893614 0.609146123615577 0.44984802431610943 0.6073597713469097 0.49240121580547114 0.6062879599857092 0.5273556231003039 0.6073597713469097 0.5585106382978723 0.6109324758842444 0.5729483282674772 0.6227224008574491 0.5790273556231003 0.6312968917470525 0.5790273556231003 0.6352268667381208 0.5585106382978723 0.6352268667381208 0.5151975683890577 0.6295105394783851 0.44984802431610943 0.6284387281171847 0.4126139817629179 0.6295105394783851 0.36322188449848025
13 0.6495176848874598 0.38145896656534956 0.6488031439799928 0.3981762917933131 0.646659521257592 0.43541033434650456 0.646659521257592 0.46580547112462006 0.6438013576277242 0.5007598784194529 0.6409431939978564 0.5273556231003039 0.6409431939978564 0.5600303951367781 0.646659521257592 0.5851063829787234 0.669882100750268 0.574468085106383 0.6755984280100036 0.5645896656534954 0.6755984280100036 0.5296352583586627 0.6755984280100036 0.48404255319148937 0.669882100750268 0.4209726443768997 0.6680957484816006 0.38145896656534956
14 0.6688102893890675 0.3898176291793313 0.669882100750268 0.4369300911854103 0.6738120757413362 0.48632218844984804 0.6748838871025367 0.5273556231003039 0.6788138620936048 0.5706686930091185 0.6941764916041443 0.5805471124620061 0.7084673097534834 0.5706686930091185 0.7152554483744195 0.5463525835866262 0.7163272597356198 0.5091185410334347 0.7106109324758842 0.46580547112462006 0.6988210075026795 0.3981762917933131 0.6873883529832083 0.3525835866261398
15 0.69989281886388 0.324468085106383 0.6913183279742765 0.3465045592705167 0.6884601643444087 0.3594224924012158 0.6931046802429439 0.3860182370820669 0.7016791711325473 0.4209726443768997 0.706680957484816 0.44756838905775076 0.7106109324758842 0.48632218844984804 0.7202572347266881 0.4969604863221885 0.7306180778849589 0.4946808510638298 0.743479814219364 0.4703647416413374 0.7452661664880315 0.4430091185410334 0.7402643801357628 0.40805471124620063 0.7316898892461593 0.3837386018237082 0.7173990710968203 0.3594224924012158
16 0.5066095033940693 0.7803951367781155 0.5066095033940693 0.7553191489361702 0.5076813147552698 0.7203647416413373 0.5076813147552698 0.6816109422492401 0.5076813147552698 0.648936170212766 0.5048231511254019 0.6200607902735562 0.5048231511254019 0.5972644376899696 0.518399428367274 0.5911854103343465 0.5280457306180779 0.5972644376899696 0.5269739192568774 0.6443768996960486 0.5269739192568774 0.6793313069908815 0.5291175419792783 0.7203647416413373 0.5291175419792783 0.7598784194528876 0.5223294033583422 0.78419452887538
17 0.5434083601286174 0.5911854103343465 0.5223294033583422 0.60790273556231 0.5212575919971418 0.6588145896656535 0.525902107895677 0.7226443768996961 0.525902107895677 0.7674772036474165 0.5280457306180779 0.8047112462006079 0.5359056806002144 0.7758358662613982 0.5387638442300822 0.7408814589665653 0.5423365487674169 0.6983282674772037 0.5462665237584852 0.6550151975683891
18 0.5551982851018221 0.5828267477203647 0.5455519828510182 0.6322188449848024 0.5444801714898178 0.6648936170212766 0.5501964987495535 0.7021276595744681 0.5530546623794212 0.7613981762917933 0.5580564487316899 0.810790273556231 0.5637727759914255 0.8229483282674772 0.571632725973562 0.810790273556231 0.5752054305108968 0.7674772036474165 0.5780635941407646 0.7287234042553191 0.5802072168631655 0.6937689969604863 0.5752054305108968 0.6443768996960486 0.5734190782422294 0.6033434650455927 0.564844587352626 0.5889057750759878
19 0.5848517327617007 0.6139817629179332 0.5780635941407646 0.6177811550151976 0.5762772418720972 0.6588145896656535 0.5773490532332977 0.6937689969604863 0.5812790282243658 0.7287234042553191 0.585923544122901 0.78419452887538 0.5887817077527688 0.8130699088145896 0.5966416577349053 0.8069908814589666 0.5973561986423723 0.763677811550152 0.5994998213647731 0.7142857142857143 0.6034297963558414 0.6565349544072948 0.6041443372633083 0.628419452887538
20 0.6073597713469097 0.5934650455927052 0.5916398713826366 0.60790273556231 0.5994998213647731 0.6466565349544073 0.6102179349767775 0.6960486322188449 0.6148624508753127 0.743161094224924 0.6216505894962486 0.8069908814589666 0.632368703108253 0.8009118541033434 0.6330832440157199 0.743161094224924 0.6295105394783851 0.6816109422492401 0.6295105394783851 0.648936170212766 0.6295105394783851 0.6200607902735562 0.6170060735977134 0.5934650455927052
21 0.6341550553769203 0.5889057750759878 0.623436941764916 0.6139817629179332 0.6312968917470525 0.6633738601823708 0.6420150053590568 0.7059270516717325 0.6488031439799928 0.7515197568389058 0.653447659878528 0.8009118541033434 0.6659521257591997 0.810790273556231 0.6748838871025367 0.7963525835866262 0.6823865666309397 0.7659574468085106 0.68345837799214 0.7325227963525835 0.6755984280100036 0.6960486322188449 0.6727402643801358 0.6694528875379939 0.6727402643801358 0.6223404255319149 0.6709539121114684 0.6056231003039514 0.6659521257591997 0.5851063829787234 0.6438013576277242 0.5828267477203647
22 0.6891747052518756 0.5805471124620061 0.6709539121114684 0.5949848024316109 0.6659521257591997 0.6094224924012158 0.6873883529832083 0.6588145896656535 0.6948910325116113 0.6998480243161094 0.706680957484816 0.7515197568389058 0.7181136120042872 0.7720364741641338 0.7316898892461593 0.7598784194528876 0.7356198642372276 0.7370820668693009 0.7338335119685602 0.6960486322188449 0.7259735619864237 0.6527355623100304 0.7202572347266881 0.6155015197568389 0.713469096105752 0.5767477203647416 0.7009646302250804 0.5706686930091185
23 0.7491961414790996 0.5972644376899696 0.7395498392282959 0.6155015197568389 0.7327617006073598 0.6299392097264438 0.7327617006073598 0.6633738601823708 0.7402643801357628 0.6899696048632219 0.7566988210075026 0.7188449848024316 0.7684887459807074 0.7408814589665653 0.7752768846016435 0.7537993920972644 0.7849231868524473 0.7537993920972644 0.7956413004644516 0.7325227963525835 0.797427652733119 0.7044072948328267 0.7859949982136477 0.6588145896656535 0.7713469096105752 0.6299392097264438 0.7627724187209718 0.6094224924012158
24 0.49803501250446586 0.7819148936170213 0.5008931761343337 0.7575987841945289 0.5037513397642015 0.7287234042553191 0.5048231511254019 0.6899696048632219 0.5066095033940693 0.6527355623100304 0.5076813147552698 0.6238601823708206 0.5066095033940693 0.6033434650455927 0.4826723829939264 0.5949848024316109 0.48160057163272596 0.6155015197568389 0.4826723829939264 0.6504559270516718 0.4855305466237942 0.7758358662613982 0.4873168988924616 0.810790273556231 0.5030367988567346 0.810790273556231
25 0.4769560557341908 0.8085106382978723 0.47874240800285817 0.7758358662613982 0.4805287602715255 0.7348024316109423 0.4805287602715255 0.6854103343465046 0.48160057163272596 0.6550151975683891 0.48374419435512683 0.628419452887538 0.47874240800285817 0.5889057750759878 0.4662379421221865 0.5889057750759878 0.45766345123258306 0.6033434650455927 0.45444801714898175 0.6299392097264438 0.4565916398713826 0.6633738601823708 0.46123615576991783 0.6998480243161094 0.4644515898535191 0.7393617021276596 0.46516613076098606 0.7743161094224924
26 0.44015719899964273 0.7803951367781155 0.45373347624151483 0.7249240121580547 0.46052161486245086 0.6648936170212766 0.4633797784923187 0.6360182370820668 0.46230796713111827 0.5972644376899696 0.45373347624151483 0.587386018237082 0.4430153626295105 0.587386018237082 0.43729903536977494 0.5949848024316109 0.43515541264737406 0.60790273556231 0.43729903536977494 0.6428571428571429 0.43837084673097537 0.6816109422492401 0.43729903536977494 0.7165653495440729
27 0.4180064308681672 0.7819148936170213 0.4265809217577706 0.7325227963525835 0.43051089674883886 0.6793313069908815 0.43837084673097537 0.6382978723404256 0.4419435512683101 0.601823708206687 0.4430153626295105 0.5805471124620061 0.4255091103965702 0.5645896656534954 0.4180064308681672 0.5706686930091185 0.41693461950696675 0.5911854103343465 0.41586280814576637 0.6261398176291794 0.4151482672382994 0.6610942249240122 0.4130046445158985 0.6983282674772037 0.40836012861736337 0.7492401215805471 0.40264380135762773 0.7819148936170213
28 0.39478385137549127 0.7743161094224924 0.39764201500535906 0.7454407294832827 0.4062165058949625 0.6914893617021277 0.4090746695248303 0.6428571428571429 0.41014648088603073 0.6094224924012158 0.4151482672382994 0.587386018237082 0.41693461950696675 0.5706686930091185 0.40264380135762773 0.5562310030395137 0.3919256877456234 0.5668693009118541 0.39371204001429083 0.6056231003039514 0.39371204001429083 0.6443768996960486 0.390853876384423 0.6983282674772037 0.38406573776348696 0.743161094224924 0.38120757413361916 0.7720364741641338
29 0.3619149696320114 0.7598784194528876 0.37334762415148265 0.7165653495440729 0.3851375491246874 0.6550151975683891 0.390853876384423 0.6139817629179332 0.39299749910682386 0.5790273556231003 0.3744194355126831 0.5478723404255319 0.35619864237227583 0.5524316109422492 0.3483386923901393 0.5805471124620061 0.34726688102893893 0.6261398176291794 0.3415505537692033 0.6778115501519757 0.3340478742408003 0.7370820668693009 0.3408360128617363 0.7553191489361702
30 0.2990353697749196 0.743161094224924 0.3068953197570561 0.7203647416413373 0.31654162200785996 0.6876899696048632 0.3251161128974634 0.6671732522796353 0.33583422650946765 0.6360182370820668 0.34726688102893893 0.6033434650455927 0.3504823151125402 0.5668693009118541 0.3319042515183994 0.5585106382978723 0.31368345837799216 0.5524316109422492 0.3018935334047874 0.5501519756838906 0.29617720614505183 0.5934650455927052 0.2876027152554484 0.6261398176291794 0.27902822436584496 0.6694528875379939 0.27295462665237585 0.6983282674772037
31 0.2615219721329046 0.6983282674772037 0.28367274026438016 0.6405775075987842 0.28867452661664883 0.6139817629179332 0.29617720614505183 0.5889057750759878 0.29617720614505183 0.5683890577507599 0.2915326902465166 0.5463525835866262 0.27581279028224365 0.5395136778115501 0.26259378349410506 0.5258358662613982 0.2529474812433012 0.5296352583586627 0.24687388352983208 0.5585106382978723 0.24687388352983208 0.5934650455927052 0.24687388352983208 0.6322188449848024 0.24115755627009647 0.6648936170212766 0.2508038585209003 0.6914893617021277