0 0.4652827487473157 0.6086626139817629 0.4928418038654259 0.6033434650455927 0.4917680744452398 0.5326747720364742 0.484251968503937 0.3366261398176292 0.47029348604151755 0.33966565349544076 0.4674302075876879 0.5486322188449848
1 0.449176807444524 0.6063829787234043 0.468503937007874 0.6086626139817629 0.4699355762347888 0.5486322188449848 0.47029348604151755 0.33814589665653494 0.452755905511811 0.34194528875379937 0.44953471725125266 0.5220364741641338 0.44595561918396565 0.5835866261398176
2 0.421259842519685 0.5820668693009119 0.42770221904080175 0.6124620060790273 0.43772369362920543 0.6063829787234043 0.44523979957050824 0.5752279635258358 0.4520400858983536 0.5531914893617021 0.45347172512526845 0.5182370820668692 0.45526127415891193 0.331306990881459 0.4345025053686471 0.32750759878419455 0.4309234073013601 0.46048632218844987 0.4269863994273443 0.5091185410334347 0.42376521116678595 0.5516717325227963 0.4226914817465999 0.5691489361702128
3 0.4008589835361489 0.5699088145896657 0.40622763063707945 0.5927051671732523 0.41589119541875447 0.5980243161094225 0.4251968503937008 0.5767477203647416 0.4345025053686471 0.5797872340425532 0.4420186113099499 0.5569908814589666 0.4416607015032212 0.5167173252279635 0.4345025053686471 0.4756838905775076 0.43843951324266284 0.3168693009118541 0.41374373657838226 0.3221884498480243 0.40837508947745166 0.47188449848024316 0.40837508947745166 0.5220364741641338
4 0.380100214745884 0.5592705167173252 0.38188976377952755 0.5858662613981763 0.3919112383679313 0.5911854103343465 0.40336435218324984 0.5767477203647416 0.40765926986399426 0.5767477203647416 0.41589119541875447 0.5592705167173252 0.41589119541875447 0.5258358662613982 0.41517537580529706 0.5045592705167173 0.4162491052254832 0.3100303951367781 0.3962061560486757 0.32066869300911854 0.3904795991410165 0.4878419452887538 0.3854688618468146 0.5235562310030395
5 0.3418038654259127 0.5098784194528876 0.3435934144595562 0.5357142857142857 0.35182534001431637 0.5516717325227963 0.3593414459556192 0.5569908814589666 0.3654259126700072 0.5638297872340425 0.37616320687186827 0.5729483282674772 0.3854688618468146 0.5531914893617021 0.39441660701503223 0.5288753799392097 0.3911954187544739 0.4969604863221885 0.39513242662848963 0.30851063829787234 0.3611309949892627 0.32370820668693007 0.35790980672870437 0.41793313069908816 0.3536148890479599 0.4513677811550152 0.3493199713672155 0.4726443768996961
6 0.29599141016463854 0.493161094224924 0.3027916964924839 0.5091185410334347 0.31352899069434503 0.5098784194528876 0.3185397279885469 0.520516717325228 0.33285612025769507 0.5235562310030395 0.34216177523264135 0.5091185410334347 0.3493199713672155 0.4726443768996961 0.3528990694345025 0.44224924012158057 0.3604151753758053 0.4012158054711246 0.3586256263421618 0.31155015197568386 0.32677165354330706 0.3252279635258359 0.3235504652827487 0.39969604863221886 0.319613457408733 0.4247720364741641 0.30780243378668576 0.44072948328267475 0.29957050823192555 0.4688449848024316
7 0.2877594846098783 0.39285714285714285 0.3020758768790265 0.4126139817629179 0.3138869005010737 0.41717325227963525 0.3285612025769506 0.4034954407294833 0.3443092340730136 0.3700607902735562 0.3493199713672155 0.33814589665653494 0.3045812455261274 0.3009118541033435 0.29026485325697926 0.3290273556231003 0.28453829634932 0.35714285714285715 0.2838224767358626 0.3791793313069909
8 0.490336435218325 0.6086626139817629 0.5125268432355047 0.6086626139817629 0.5200429491768075 0.5980243161094225 0.5182534001431639 0.5364741641337386 0.5042949176807444 0.32066869300911854 0.4853256979241231 0.33282674772036475 0.4917680744452398 0.5364741641337386
9 0.5168217609162491 0.5592705167173252 0.51932712956335 0.5904255319148937 0.5236220472440944 0.5995440729483282 0.5382963493199714 0.5965045592705167 0.5450966356478167 0.5782674772036475 0.5418754473872585 0.5417933130699089 0.5182534001431639 0.33282674772036475 0.5003579098067287 0.33966565349544076 0.5125268432355047 0.4810030395136778
10 0.5361488904795991 0.5250759878419453 0.5450966356478167 0.560790273556231 0.5558339298496778 0.5699088145896657 0.5633500357909806 0.5691489361702128 0.5708661417322834 0.5433130699088146 0.566571224051539 0.4992401215805471 0.5594130279169649 0.46504559270516715 0.5508231925554761 0.371580547112462 0.5493915533285612 0.3168693009118541 0.5257695060844667 0.3221884498480243 0.5232641374373658 0.4156534954407295 0.5293486041517538 0.4673252279635258
12 0.5644237652111668 0.49164133738601823 0.556907659269864 0.5486322188449848 0.5633500357909806 0.5691489361702128 0.5758768790264853 0.5691489361702128 0.5923407301360057 0.5645896656534954 0.5984251968503937 0.5486322188449848 0.5941302791696492 0.47720364741641336 0.5909090909090909 0.4088145896656535 0.5808876163206872 0.31382978723404253 0.5601288475304224 0.32370820668693007 0.5740873299928418 0.4331306990881459
13 0.60773085182534 0.560790273556231 0.5991410164638511 0.5486322188449848 0.5966356478167502 0.5167173252279635 0.5977093772369363 0.4886018237082067 0.6009305654974947 0.46580547112462006 0.5966356478167502 0.4126139817629179 0.6105941302791696 0.3183890577507599 0.6349319971367215 0.32370820668693007 0.6435218324982105 0.4247720364741641 0.6417322834645669 0.46200607902735563 0.6481746599856836 0.49012158054711247 0.6524695776664281 0.5098784194528876 0.6492483894058697 0.5478723404255319 0.6406585540443808 0.5661094224924013 0.623478883321403 0.5645896656534954
14 0.6567644953471725 0.53419452887538 0.6449534717251253 0.5220364741641338 0.6399427344309234 0.4886018237082067 0.6399427344309234 0.47188449848024316 0.6410164638511096 0.43009118541033436 0.635647816750179 0.3343465045592705 0.6374373657838225 0.3168693009118541 0.6692913385826772 0.30775075987841943 0.6725125268432355 0.40501519756838905 0.6717967072297781 0.4247720364741641 0.6850393700787402 0.45288753799392095 0.6889763779527559 0.47416413373860183 0.6871868289191124 0.5091185410334347 0.6793128131710809 0.5288753799392097 0.6667859699355763 0.53419452887538
15 0.6825340014316392 0.4072948328267477 0.6717967072297781 0.4065349544072948 0.6642806012884753 0.39285714285714285 0.6567644953471725 0.364741641337386 0.6542591267000716 0.3465045592705167 0.6757337151037939 0.31155015197568386 0.690050107372942 0.2978723404255319 0.699713672154617 0.33282674772036475 0.7040085898353615 0.35030395136778114 0.7040085898353615 0.3768996960486322 0.6975662133142448 0.3890577507598784 0.6914817465998568 0.4034954407294833
16 0.5057265569076592 0.6314589665653495 0.51932712956335 0.6276595744680851 0.5250536864710093 0.6724924012158054 0.5243378668575519 0.8183890577507599 0.5110952040085899 0.8168693009118541
17 0.5232641374373658 0.6208206686930091 0.5493915533285612 0.6208206686930091 0.5468861846814602 0.6702127659574468 0.5375805297065139 0.8130699088145896 0.5250536864710093 0.8130699088145896
18 0.5418754473872585 0.6276595744680851 0.5518969219756621 0.601823708206687 0.5590551181102362 0.5980243161094225 0.5701503221188261 0.6063829787234043 0.5719398711524696 0.6930091185410334 0.5658554044380816 0.8351063829787234 0.5443808160343594 0.8237082066869301
19 0.5719398711524696 0.6527355623100304 0.5644237652111668 0.6155015197568389 0.56907659269864 0.601063829787234 0.582319255547602 0.5927051671732523 0.5966356478167502 0.5942249240121581 0.601646385110952 0.6177811550151976 0.6009305654974947 0.6740121580547113 0.617394416607015 0.831306990881459 0.5934144595561919 0.8396656534954408
20 0.6066571224051539 0.6527355623100304 0.5998568360773086 0.6223404255319149 0.5977093772369363 0.5927051671732523 0.60773085182534 0.574468085106383 0.6267000715819614 0.5805471124620061 0.6306370794559771 0.5957446808510638 0.6309949892627058 0.6436170212765957 0.6474588403722262 0.8130699088145896 0.6324266284896206 0.8206686930091185 0.6284896206156049 0.8168693009118541
22 0.6467430207587688 0.64209726443769 0.6292054402290623 0.5904255319148937 0.6360057265569077 0.5699088145896657 0.648890479599141 0.5531914893617021 0.6581961345740873 0.5379939209726444 0.6757337151037939 0.5448328267477204 0.6832498210450967 0.5820668693009119 0.6914817465998568 0.6155015197568389 0.719040801717967 0.6968085106382979 0.6950608446671439 0.7218844984802432 0.6567644953471725 0.6770516717325228
23 0.7140300644237653 0.6474164133738601 0.6982820329277022 0.6436170212765957 0.6921975662133143 0.6155015197568389 0.6889763779527559 0.5911854103343465 0.6914817465998568 0.567629179331307 0.7025769506084467 0.5364741641337386 0.7075876879026486 0.5273556231003039 0.7283464566929134 0.5417933130699089 0.7365783822476736 0.5851063829787234 0.7358625626342162 0.6344984802431611
24 0.4860415175375805 0.6246200607902735 0.5068002863278454 0.6299392097264438 0.5125268432355047 0.8009118541033434 0.4992841803865426 0.7993920972644377
25 0.4667143879742305 0.6291793313069909 0.4910522548317824 0.6291793313069909 0.4985683607730852 0.8168693009118541 0.47995705082319257 0.8191489361702128
26 0.44595561918396565 0.6648936170212766 0.44953471725125266 0.6276595744680851 0.45705082319255547 0.6086626139817629 0.47244094488188976 0.6291793313069909 0.48031496062992124 0.6648936170212766 0.4778095919828203 0.7355623100303952 0.48031496062992124 0.8449848024316109 0.4602720114531138 0.8366261398176292 0.4509663564781675 0.723404255319149
27 0.4262705798138869 0.7051671732522796 0.42376521116678595 0.6580547112462006 0.4262705798138869 0.6238601823708206 0.43342877594846096 0.6124620060790273 0.4520400858983536 0.6177811550151976 0.45705082319255547 0.6261398176291794 0.4516821760916249 0.7036474164133738 0.4509663564781675 0.8541033434650456 0.4366499642090193 0.85790273556231
28 0.38260558339298495 0.8191489361702128 0.3937007874015748 0.7515197568389058 0.39871152469577664 0.7059270516717325 0.3994273443092341 0.682370820668693 0.4008589835361489 0.6367781155015197 0.4044380816034359 0.6124620060790273 0.4183965640658554 0.6063829787234043 0.43199713672154616 0.6124620060790273 0.43772369362920543 0.6223404255319149 0.43951324266284897 0.6405775075987842 0.42770221904080175 0.6724924012158054 0.41267000715819613 0.7849544072948328 0.3926270579813887 0.8472644376899696
29 0.32605583392984966 0.7408814589665653 0.34216177523264135 0.6952887537993921 0.3543307086614173 0.6512158054711246 0.3625626342161775 0.6299392097264438 0.36292054402290624 0.601823708206687 0.3686471009305655 0.5889057750759878 0.40622763063707945 0.5965045592705167 0.417680744452398 0.6048632218844985 0.4226914817465999 0.6124620060790273 0.4119541875447387 0.6512158054711246 0.3994273443092341 0.668693009118541 0.3911954187544739 0.743161094224924 0.3453829634931997 0.8062310030395137
30 0.2788117394416607 0.7059270516717325 0.2877594846098783 0.675531914893617 0.2927702219040802 0.6405775075987842 0.2984967788117394 0.6155015197568389 0.30851825340014316 0.587386018237082 0.31531853972798857 0.5645896656534954 0.319613457408733 0.5364741641337386 0.33214030064423766 0.5288753799392097 0.34967788117394416 0.5379939209726444 0.3686471009305655 0.5661094224924013 0.3693629205440229 0.5904255319148937 0.3586256263421618 0.6246200607902735 0.3410880458124553 0.6451367781155015 0.33178239083750893 0.6778115501519757 0.30851825340014316 0.743161094224924
31 0.25196850393700787 0.601063829787234 0.25554760200429494 0.5858662613981763 0.26879026485325697 0.5569908814589666 0.2802433786685755 0.541033434650456 0.29098067287043666 0.5364741641337386 0.2970651395848246 0.5501519756838906 0.30028632784538295 0.5714285714285714 0.3110236220472441 0.5858662613981763 0.3113815318539728 0.6223404255319149 0.2970651395848246 0.6367781155015197 0.2802433786685755 0.648936170212766 0.26521116678596995 0.6527355623100304 0.2612741589119542 0.6610942249240122