16 0.4804159445407279 0.6261398176291794 0.4838821490467938 0.682370820668693 0.4838821490467938 0.7613981762917933 0.4880415944540728 0.8130699088145896 0.5019064124783362 0.8343465045592705 0.5067590987868285 0.8085106382978723 0.5088388214904679 0.756838905775076 0.5088388214904679 0.6975683890577508 0.5074523396880416 0.6291793313069909 0.5005199306759098 0.6139817629179332 0.4873483535528596 0.6109422492401215
17 0.5074523396880416 0.621580547112462 0.5060658578856152 0.6778115501519757 0.5074523396880416 0.7173252279635258 0.5109185441941074 0.7644376899696048 0.512998266897747 0.7993920972644377 0.5192374350086655 0.831306990881459 0.5310225303292895 0.8343465045592705 0.5351819757365684 0.7887537993920972 0.5337954939341422 0.71580547112462 0.5317157712305026 0.6580547112462006 0.5310225303292895 0.6170212765957447 0.521317157712305 0.60790273556231 0.5109185441941074 0.6063829787234043
18 0.5303292894280762 0.6124620060790273 0.5310225303292895 0.662613981762918 0.5324090121317158 0.7066869300911854 0.5344887348353553 0.7537993920972644 0.5386481802426343 0.7963525835866262 0.5435008665511265 0.8267477203647416 0.5518197573656846 0.8404255319148937 0.5629116117850953 0.8358662613981763 0.5642980935875217 0.8009118541033434 0.5642980935875217 0.7446808510638298 0.5622183708838822 0.6899696048632219 0.5608318890814558 0.6200607902735562 0.5469670710571923 0.5957446808510638
19 0.5573656845753899 0.6185410334346505 0.561525129982669 0.648936170212766 0.5670710571923744 0.7021276595744681 0.5705372616984402 0.7522796352583586 0.574003466204506 0.7933130699088146 0.5850953206239168 0.8115501519756839 0.5968804159445408 0.8085106382978723 0.5975736568457539 0.7735562310030395 0.5913344887348354 0.723404255319149 0.5906412478336222 0.6762917933130699 0.5941074523396881 0.6352583586626139 0.5948006932409012 0.6033434650455927 0.5837088388214905 0.5805471124620061 0.5719237435008665 0.5820668693009119 0.5649913344887348 0.6003039513677811
20 0.5830155979202774 0.6003039513677811 0.581629116117851 0.6231003039513677 0.5927209705372617 0.6443768996960486 0.5948006932409012 0.6914893617021277 0.6024263431542461 0.7522796352583586 0.6093587521663778 0.7857142857142857 0.6162911611785096 0.8069908814589666 0.6266897746967071 0.8085106382978723 0.6329289428076257 0.7826747720364742 0.6253032928942808 0.7203647416413373 0.6218370883882149 0.6717325227963525 0.6211438474870017 0.621580547112462 0.6232235701906412 0.5972644376899696 0.6162911611785096 0.574468085106383 0.6051993067590988 0.5668693009118541 0.5941074523396881 0.5714285714285714
21 0.61421143847487 0.5820668693009119 0.6128249566724436 0.6124620060790273 0.6246100519930676 0.6291793313069909 0.6308492201039861 0.6732522796352584 0.6370883882149047 0.709726443768997 0.6488734835355287 0.7522796352583586 0.6634315424610052 0.7826747720364742 0.6779896013864818 0.7917933130699089 0.6890814558058925 0.7796352583586627 0.6890814558058925 0.743161094224924 0.6849220103986136 0.6975683890577508 0.6766031195840555 0.6519756838905775 0.6717504332755633 0.6155015197568389 0.6703639514731369 0.5820668693009119 0.6710571923743501 0.5531914893617021 0.6613518197573657 0.5440729483282675 0.6481802426343154 0.541033434650456 0.6350086655112651 0.5592705167173252 0.6225303292894281 0.5577507598784195
22 0.658578856152513 0.560790273556231 0.6599653379549394 0.5896656534954408 0.6752166377816291 0.6155015197568389 0.6849220103986136 0.6732522796352584 0.695320623916811 0.7142857142857143 0.7098786828422877 0.7370820668693009 0.7209705372616985 0.7507598784194529 0.7348353552859619 0.7477203647416414 0.7417677642980935 0.71580547112462 0.7369150779896014 0.6656534954407295 0.7299826689774697 0.6246200607902735 0.7223570190641248 0.5896656534954408 0.7161178509532062 0.5638297872340425 0.7133448873483536 0.5364741641337386 0.7022530329289428 0.5167173252279635 0.6890814558058925 0.5151975683890577 0.6779896013864818 0.5288753799392097 0.6662045060658579 0.5486322188449848
23 0.711265164644714 0.5364741641337386 0.71473136915078 0.5805471124620061 0.7258232235701907 0.6231003039513677 0.735528596187175 0.6641337386018237 0.7445407279029462 0.6914893617021277 0.7584055459272097 0.7082066869300911 0.7743500866551126 0.7036474164133738 0.7812824956672444 0.6808510638297872 0.779896013864818 0.648936170212766 0.7722703639514731 0.6109422492401215 0.7646447140381283 0.5699088145896657 0.7646447140381283 0.5288753799392097 0.7535528596187175 0.48936170212765956 0.7376083188908146 0.5015197568389058 0.7223570190641248 0.5075987841945289
25 0.4554592720970537 0.621580547112462 0.4540727902946274 0.6869300911854104 0.4589254766031196 0.8085106382978723 0.4540727902946274 0.8267477203647416 0.444367417677643 0.8267477203647416 0.43674176776429807 0.7537993920972644 0.43050259965337956 0.7006079027355623 0.42842287694974 0.6550151975683891 0.4270363951473137 0.6124620060790273 0.43258232235701904 0.601823708206687 0.44991334488734835 0.6094224924012158
26 0.4291161178509532 0.6139817629179332 0.4318890814558059 0.6565349544072948 0.4291161178509532 0.7036474164133738 0.4277296360485269 0.7416413373860182 0.42564991334488733 0.7796352583586627 0.4214904679376083 0.8054711246200608 0.4180242634315425 0.8434650455927052 0.40623916811091854 0.8541033434650456 0.4055459272097054 0.8069908814589666 0.4055459272097054 0.7553191489361702 0.40623916811091854 0.7036474164133738 0.40623916811091854 0.6565349544072948 0.40623916811091854 0.60790273556231 0.4145580589254766 0.5957446808510638 0.4221837088388215 0.5927051671732523
27 0.4076256499133449 0.6094224924012158 0.40623916811091854 0.6534954407294833 0.4027729636048527 0.6884498480243161 0.40069324090121317 0.7355623100303952 0.3993067590987868 0.7689969604863222 0.3923743500866551 0.8054711246200608 0.38613518197573654 0.8161094224924013 0.38128249566724437 0.7963525835866262 0.37920277296360483 0.7477203647416414 0.37920277296360483 0.7006079027355623 0.38058925476603117 0.6580547112462006 0.379896013864818 0.6170212765957447 0.38752166377816294 0.5851063829787234 0.3951473136915078 0.5851063829787234
28 0.3625649913344887 0.5759878419452887 0.35424610051993066 0.5957446808510638 0.35424610051993066 0.6231003039513677 0.35493934142114386 0.6580547112462006 0.35493934142114386 0.7051671732522796 0.35493934142114386 0.7325227963525835 0.3521663778162912 0.7629179331306991 0.355632582322357 0.790273556231003 0.36741767764298094 0.8009118541033434 0.37642980935875214 0.770516717325228 0.38058925476603117 0.7340425531914894 0.3826689774696707 0.6914893617021277 0.3826689774696707 0.6474164133738601 0.39098786828422877 0.6170212765957447 0.3923743500866551 0.5835866261398176 0.38682842287694974 0.5706686930091185 0.37885615251299826 0.5775075987841946 0.3705372616984402 0.5661094224924013
29 0.3663778162911612 0.5729483282674772 0.36499133448873483 0.6048632218844985 0.3584055459272097 0.6314589665653495 0.35077989601386483 0.6595744680851063 0.34488734835355284 0.6998480243161094 0.3417677642980936 0.7310030395136778 0.3292894280762565 0.7606382978723404 0.32027729636048524 0.7735562310030395 0.30086655112651645 0.7788753799392097 0.2956672443674177 0.756079027355623 0.30086655112651645 0.7074468085106383 0.3074523396880416 0.6603343465045592 0.31334488734835353 0.6193009118541033 0.31542461005199307 0.5927051671732523 0.31542461005199307 0.5638297872340425 0.321317157712305 0.5440729483282675 0.32859618717504335 0.5478723404255319 0.3396880415944541 0.5433130699088146 0.3469670710571924 0.5569908814589666 0.3611785095320624 0.5547112462006079
30 0.27868284228769497 0.5212765957446809 0.2748700173310225 0.5364741641337386 0.27175043327556325 0.5577507598784195 0.26724436741767765 0.5858662613981763 0.26204506065857885 0.6124620060790273 0.2561525129982669 0.6428571428571429 0.24991334488734834 0.675531914893617 0.24506065857885614 0.7006079027355623 0.24922010398613517 0.7218844984802432 0.26551126516464474 0.7340425531914894 0.27868284228769497 0.7241641337386018 0.2922010398613518 0.702887537993921 0.3001733102253033 0.675531914893617 0.3091854419410745 0.64209726443769 0.31542461005199307 0.6101823708206687 0.321317157712305 0.5889057750759878 0.3265164644714038 0.5645896656534954 0.32270363951473136 0.5372340425531915 0.31542461005199307 0.5303951367781155 0.30953206239168113 0.53419452887538 0.3022530329289428 0.526595744680851 0.2876949740034662 0.5106382978723404
31 0.22564991334488735 0.49848024316109424 0.21767764298093586 0.5098784194528876 0.21767764298093586 0.5349544072948328 0.22079722703639515 0.5592705167173252 0.21975736568457538 0.5835866261398176 0.21629116117850952 0.6048632218844985 0.20901213171577124 0.6268996960486323 0.2045060658578856 0.6504559270516718 0.2045060658578856 0.6740121580547113 0.21559792027729635 0.6907294832826748 0.22772963604852686 0.6937689969604863 0.2419410745233969 0.682370820668693 0.2519930675909879 0.6648936170212766 0.258578856152513 0.6314589665653495 0.26447140381282497 0.601823708206687 0.2703639514731369 0.5752279635258358 0.27452339688041594 0.5547112462006079 0.2772963604852686 0.5235562310030395 0.2703639514731369 0.5083586626139818 0.2630849220103986 0.4969604863221885 0.2561525129982669 0.4946808510638298 0.24506065857885614 0.4908814589665654
0 0.4689774696707106 0.5303951367781155 0.47209705372616984 0.574468085106383 0.46932409012131715 0.6003039513677811 0.46724436741767766 0.6101823708206687 0.4558058925476603 0.6124620060790273 0.44298093587521664 0.60790273556231 0.4346620450606586 0.5858662613981763 0.43570190641247836 0.5501519756838906 0.43778162911611784 0.5174772036474165 0.4415944540727903 0.4878419452887538 0.4440207972270364 0.4209726443768997 0.4440207972270364 0.40501519756838905 0.4440207972270364 0.371580547112462 0.4478336221837088 0.3465045592705167 0.45788561525129984 0.33814589665653494 0.46239168110918544 0.35790273556231 0.4662045060658579 0.39209726443769 0.46724436741767766 0.43009118541033436 0.4689774696707106 0.4703647416413374
1 0.434315424610052 0.5258358662613982 0.43674176776429807 0.5455927051671733 0.43084922010398613 0.5889057750759878 0.4162911611785095 0.5889057750759878 0.41039861351819756 0.5775075987841946 0.41039861351819756 0.5463525835866262 0.41143847487001733 0.5083586626139818 0.41143847487001733 0.4696048632218845 0.41143847487001733 0.44072948328267475 0.41421143847487 0.4004559270516717 0.4162911611785095 0.371580547112462 0.4204506065857886 0.35106382978723405 0.42634315424610053 0.3518237082066869 0.43154246100519933 0.3761398176291793 0.4336221837088388 0.4126139817629179 0.434315424610052 0.45592705167173253
2 0.41143847487001733 0.506079027355623 0.4124783362218371 0.5364741641337386 0.4072790294627383 0.5706686930091185 0.3951473136915078 0.5911854103343465 0.3896013864818024 0.5661094224924013 0.3847487001733102 0.5387537993920972 0.38856152512998265 0.5037993920972644 0.3896013864818024 0.4696048632218845 0.39168110918544197 0.4369300911854103 0.3948006932409012 0.4012158054711246 0.3951473136915078 0.3655015197568389 0.3951473136915078 0.3404255319148936 0.39722703639514734 0.31990881458966564 0.4048526863084922 0.31762917933130697 0.4093587521663778 0.3495440729483283 0.4072790294627383 0.3844984802431611 0.4083188908145581 0.41185410334346506 0.4083188908145581 0.439209726443769 0.4093587521663778 0.47188449848024316
3 0.395840554592721 0.5075987841945289 0.394107452339688 0.5364741641337386 0.3896013864818024 0.5645896656534954 0.3785095320623917 0.5577507598784195 0.36949740034662043 0.5699088145896657 0.3590987868284229 0.541033434650456 0.3642980935875217 0.5075987841945289 0.3681109185441941 0.4787234042553192 0.3705372616984402 0.44072948328267475 0.3705372616984402 0.41413373860182373 0.3712305025996534 0.3768996960486322 0.3722703639514731 0.3556231003039514 0.37469670710571923 0.33206686930091184 0.38232235701906414 0.31155015197568386 0.3930675909878683 0.32066869300911854 0.3986135181975737 0.4582066869300912
4 0.34280762564991335 0.4817629179331307 0.3396880415944541 0.5098784194528876 0.3396880415944541 0.5243161094224924 0.34488734835355284 0.5455927051671733 0.34974003466204506 0.5547112462006079 0.35528596187175043 0.541033434650456 0.36395147313691506 0.5501519756838906 0.36915077989601386 0.541033434650456 0.3733102253032929 0.5129179331306991 0.3733102253032929 0.48404255319148937 0.36915077989601386 0.446048632218845 0.3705372616984402 0.41793313069908816 0.3705372616984402 0.3943768996960486 0.37157712305025997 0.3738601823708207 0.37019064124783363 0.35106382978723405 0.3632582322357019 0.3252279635258359 0.3487001733102253 0.3229483282674772 0.3407279029462738 0.3586626139817629 0.34488734835355284 0.40501519756838905 0.3438474870017331 0.45896656534954405
5 0.30849220103986136 0.46504559270516715 0.302946273830156 0.4992401215805471 0.3119584055459272 0.5281155015197568 0.321317157712305 0.5212765957446809 0.33067590987868284 0.541033434650456 0.3417677642980936 0.5319148936170213 0.3466204506065858 0.5167173252279635 0.3476603119584055 0.4810030395136778 0.3459272097053726 0.44148936170212766 0.3431542461005199 0.40805471124620063 0.3431542461005199 0.3844984802431611 0.3431542461005199 0.3586626139817629 0.3441941074523397 0.33586626139817627 0.34280762564991335 0.31382978723404253 0.33587521663778164 0.310790273556231 0.3275563258232236 0.31155015197568386 0.3237435008665511 0.3541033434650456 0.32027729636048524 0.3958966565349544 0.31403812824956673 0.41641337386018235
6 0.2759098786828423 0.418693009118541 0.26967071057192377 0.44756838905775076 0.26655112651646445 0.4703647416413374 0.26967071057192377 0.4992401215805471 0.2807625649913345 0.49620060790273557 0.2876949740034662 0.5098784194528876 0.29913344887348353 0.506079027355623 0.307105719237435 0.48404255319148937 0.30953206239168113 0.4566869300911854 0.31126516464471404 0.42933130699088146 0.31126516464471404 0.3890577507598784 0.31022530329289427 0.3427051671732523 0.307105719237435 0.324468085106383 0.3001733102253033 0.31762917933130697 0.2932409012131716 0.32066869300911854 0.29116117850953205 0.3427051671732523 0.2901213171577123 0.364741641337386 0.28388214904679376 0.39893617021276595
7 0.2634315424610052 0.26595744680851063 0.2519930675909879 0.2735562310030395 0.25233968804159446 0.29103343465045595 0.2564991334488735 0.310790273556231 0.2564991334488735 0.3229483282674772 0.2641247833622184 0.33206686930091184 0.26724436741767765 0.3518237082066869 0.27868284228769497 0.364741641337386 0.29393414211438473 0.3556231003039514 0.3050259965337955 0.3252279635258359 0.3143847487001733 0.310790273556231 0.32027729636048524 0.2978723404255319 0.3216637781629116 0.2796352583586626 0.3161178509532062 0.2560790273556231 0.3081455805892548 0.2439209726443769 0.29878682842287696 0.2393617021276596 0.2835355285961872 0.24164133738601823 0.268630849220104 0.2553191489361702
8 0.47625649913344886 0.5577507598784195 0.47625649913344886 0.5843465045592705 0.478682842287695 0.5972644376899696 0.48769497400346623 0.601823708206687 0.5001733102253033 0.601823708206687 0.5091854419410745 0.5904255319148937 0.5119584055459272 0.5592705167173252 0.511265164644714 0.5235562310030395 0.507105719237435 0.5037993920972644 0.507105719237435 0.46580547112462006 0.5060658578856152 0.43465045592705165 0.5050259965337955 0.39893617021276595 0.5039861351819758 0.364741641337386 0.5012131715771231 0.3427051671732523 0.492894280762565 0.32978723404255317 0.4838821490467938 0.33358662613981765 0.48076256499133446 0.3670212765957447 0.4793760831889081 0.4278115501519757 0.47625649913344886 0.4787234042553192
9 0.511265164644714 0.5189969604863222 0.5109185441941074 0.5569908814589666 0.5123050259965338 0.5790273556231003 0.521317157712305 0.5889057750759878 0.5306759098786828 0.5866261398176292 0.5383015597920278 0.5790273556231003 0.541421143847487 0.5638297872340425 0.541421143847487 0.5364741641337386 0.5383015597920278 0.49848024316109424 0.5376083188908145 0.44832826747720367 0.5383015597920278 0.4270516717325228 0.5376083188908145 0.4004559270516717 0.5365684575389948 0.3738601823708207 0.5355285961871751 0.36246200607902734 0.5292894280762565 0.34194528875379937 0.5209705372616984 0.33814589665653494 0.5164644714038128 0.37462006079027355 0.5143847487001733 0.425531914893617
10 0.5417677642980936 0.5197568389057751 0.5417677642980936 0.5615501519756839 0.5511265164644714 0.5820668693009119 0.5611785095320624 0.5927051671732523 0.5701906412478336 0.5775075987841946 0.5785095320623916 0.5440729483282675 0.5764298093587522 0.5220364741641338 0.5722703639514731 0.49240121580547114 0.5691507798960138 0.4506079027355623 0.5632582322357019 0.38753799392097266 0.5601386481802426 0.3541033434650456 0.5587521663778163 0.33358662613981765 0.5559792027729636 0.30927051671732525 0.5476603119584056 0.2917933130699088 0.5403812824956672 0.29635258358662614 0.5383015597920278 0.3472644376899696 0.5376083188908145 0.3966565349544073 0.5376083188908145 0.4338905775075988
11 0.5632582322357019 0.4946808510638298 0.5608318890814558 0.5303951367781155 0.5681109185441942 0.5569908814589666 0.5733102253032929 0.5683890577507599 0.5844020797227036 0.5600303951367781 0.5927209705372617 0.5683890577507599 0.6048526863084922 0.5615501519756839 0.6079722703639515 0.5288753799392097 0.5989601386481802 0.47416413373860183 0.5965337954939341 0.43844984802431614 0.5937608318890815 0.4004559270516717 0.5913344887348354 0.3761398176291793 0.5892547660311959 0.3541033434650456 0.5805892547660312 0.3465045592705167 0.5722703639514731 0.3495440729483283 0.5674176776429809 0.3898176291793313 0.5663778162911611 0.4369300911854103
12 0.5937608318890815 0.4726443768996961 0.5906412478336222 0.5106382978723404 0.5968804159445408 0.5440729483282675 0.6065857885615251 0.5577507598784195 0.6138648180242634 0.5478723404255319 0.6204506065857885 0.5554711246200608 0.6305025996533795 0.5440729483282675 0.6367417677642981 0.5319148936170213 0.6367417677642981 0.5083586626139818 0.630155979202773 0.4726443768996961 0.6253032928942808 0.425531914893617 0.624263431542461 0.4027355623100304 0.624263431542461 0.378419452887538 0.6221837088388215 0.36246200607902734 0.6162911611785096 0.3495440729483283 0.6065857885615251 0.3472644376899696 0.5954939341421144 0.3609422492401216 0.5916811091854419 0.38677811550151975 0.5948006932409012 0.4338905775075988
13 0.6311958405545928 0.4627659574468085 0.6273830155979203 0.49240121580547114 0.6284228769497401 0.5151975683890577 0.634315424610052 0.5372340425531915 0.6422876949740035 0.5395136778115501 0.6540727902946274 0.5281155015197568 0.661005199306759 0.5326747720364742 0.6710571923743501 0.5197568389057751 0.6752166377816291 0.5030395136778115 0.6714038128249566 0.46808510638297873 0.6672443674176777 0.45288753799392095 0.6630849220103986 0.4247720364741641 0.6596187175043328 0.39893617021276595 0.6540727902946274 0.3723404255319149 0.6499133448873483 0.3495440729483283 0.6447140381282496 0.32674772036474165 0.6377816291161178 0.3229483282674772 0.6294627383015597 0.32674772036474165 0.6291161178509532 0.35790273556231 0.630155979202773 0.39893617021276595
14 0.6703639514731369 0.4506079027355623 0.6731369150779896 0.48404255319148937 0.6772963604852686 0.5030395136778115 0.6811091854419411 0.506079027355623 0.6876949740034662 0.5144376899696048 0.6998266897746968 0.5015197568389058 0.707105719237435 0.5007598784194529 0.7157712305025996 0.4886018237082067 0.717157712305026 0.45896656534954405 0.7116117850953206 0.4316109422492401 0.7039861351819757 0.41033434650455924 0.6984402079722704 0.3822188449848024 0.6883882149046794 0.35106382978723405 0.6856152512998267 0.33586626139817627 0.6783362218370884 0.32674772036474165 0.6700173310225304 0.3229483282674772 0.6616984402079723 0.33586626139817627 0.6637781629116117 0.371580547112462 0.6682842287694974 0.41413373860182373
15 0.6908145580589254 0.3670212765957447 0.6998266897746968 0.3844984802431611 0.7081455805892548 0.3943768996960486 0.7157712305025996 0.3981762917933131 0.7223570190641248 0.3913373860182371 0.7279029462738301 0.371580547112462 0.7344887348353553 0.34194528875379937 0.7386481802426343 0.324468085106383 0.7320623916811092 0.30243161094224924 0.7119584055459273 0.2803951367781155 0.7008665511265164 0.26671732522796354 0.6897746967071057 0.2507598784194529 0.6814558058925476 0.24240121580547114 0.6731369150779896 0.2439209726443769 0.6682842287694974 0.24696048632218845 0.6616984402079723 0.27583586626139817 0.6641247833622184 0.30015197568389057 0.6779896013864818 0.331306990881459 0.6876949740034662 0.3495440729483283