0 0.48640167364016734 0.5478723404255319 0.5170850767085077 0.5538563829787234 0.5258019525801952 0.5511968085106383 0.5264993026499303 0.47606382978723405 0.5125523012552301 0.26263297872340424 0.4815202231520223 0.2732712765957447 0.48535564853556484 0.4228723404255319 0.48535564853556484 0.4740691489361702 0.48535564853556484 0.49933510638297873 0.48535564853556484 0.5305851063829787
1 0.47384937238493724 0.5405585106382979 0.44839609483960946 0.5425531914893617 0.4421199442119944 0.5186170212765957 0.4445606694560669 0.45811170212765956 0.4351464435146444 0.29388297872340424 0.4497907949790795 0.29720744680851063 0.4619944211994421 0.3962765957446808 0.46513249651324967 0.425531914893617 0.4707112970711297 0.49601063829787234
2 0.41631799163179917 0.5492021276595744 0.42503486750348674 0.5498670212765957 0.4327057182705718 0.5465425531914894 0.4389818688981869 0.5305851063829787 0.4410739191073919 0.5066489361702128 0.4410739191073919 0.47606382978723405 0.41422594142259417 0.24933510638297873 0.3957461645746165 0.2646276595744681 0.4041143654114365 0.37367021276595747 0.4086471408647141 0.4401595744680851 0.4096931659693166 0.48736702127659576 0.4062064156206416 0.5053191489361702
4 0.3573919107391911 0.5285904255319149 0.3678521617852162 0.5425531914893617 0.3737796373779637 0.5405585106382979 0.3786610878661088 0.5319148936170213 0.3817991631799163 0.5232712765957447 0.3852859135285914 0.4966755319148936 0.3776150627615063 0.47007978723404253 0.36157601115760113 0.3038563829787234 0.3458856345885635 0.3178191489361702 0.35460251046025104 0.394281914893617 0.3552998605299861 0.4195478723404255 0.3573919107391911 0.45811170212765956 0.35460251046025104 0.49933510638297873
5 0.3204323570432357 0.5438829787234043 0.3305439330543933 0.5332446808510638 0.33612273361227335 0.5365691489361702 0.348326359832636 0.5365691489361702 0.35599721059972106 0.5272606382978723 0.3573919107391911 0.5126329787234043 0.3500697350069735 0.48271276595744683 0.3389121338912134 0.43550531914893614 0.3291492329149233 0.32513297872340424 0.30264993026499304 0.33643617021276595 0.28556485355648537 0.37101063829787234 0.29567642956764295 0.43882978723404253 0.3009065550906555 0.45944148936170215 0.30264993026499304 0.46941489361702127 0.30264993026499304 0.4920212765957447 0.30264993026499304 0.5172872340425532 0.301952580195258 0.5425531914893617 0.3103207810320781 0.5498670212765957
6 0.2608089260808926 0.5465425531914894 0.2754532775453278 0.5538563829787234 0.29428172942817293 0.5585106382978723 0.3009065550906555 0.5378989361702128 0.30264993026499304 0.5199468085106383 0.29707112970711297 0.4933510638297872 0.2918410041841004 0.48138297872340424 0.2660390516039052 0.3324468085106383 0.24442119944211996 0.33976063829787234 0.24511854951185494 0.4228723404255319 0.250697350069735 0.45811170212765956 0.25627615062761505 0.5026595744680851 0.2569735006973501 0.5246010638297872
8 0.5313807531380753 0.5571808510638298 0.5404463040446305 0.5571808510638298 0.5557880055788006 0.5585106382978723 0.5662482566248257 0.5585106382978723 0.5714783821478382 0.5585106382978723 0.5746164574616457 0.5418882978723404 0.5767085076708508 0.48603723404255317 0.5899581589958159 0.32313829787234044 0.5613668061366807 0.3158244680851064 0.5404463040446305 0.4341755319148936 0.5397489539748954 0.46941489361702127 0.5341701534170153 0.5093085106382979 0.5303347280334728 0.5392287234042553
9 0.5760111576011158 0.5492021276595744 0.5910041841004184 0.5478723404255319 0.604602510460251 0.5498670212765957 0.6108786610878661 0.49800531914893614 0.6373779637377964 0.3098404255319149 0.6108786610878661 0.31183510638297873 0.596931659693166 0.40492021276595747 0.5822873082287309 0.4800531914893617 0.5791492329149233 0.5186170212765957
10 0.6101813110181311 0.5492021276595744 0.6185495118549512 0.5598404255319149 0.6255230125523012 0.5625 0.6349372384937239 0.5625 0.6405160390516039 0.5345744680851063 0.6405160390516039 0.5159574468085106 0.648186889818689 0.4341755319148936 0.6722454672245467 0.28324468085106386 0.6436541143654114 0.2892287234042553 0.6234309623430963 0.41688829787234044 0.6185495118549512 0.4627659574468085 0.6101813110181311 0.5199468085106383
11 0.6419107391910739 0.5259308510638298 0.6464435146443515 0.5465425531914894 0.6499302649930265 0.5511968085106383 0.6576011157601116 0.555186170212766 0.6628312412831241 0.555186170212766 0.6705020920502092 0.5511968085106383 0.6729428172942817 0.5378989361702128 0.6698047419804742 0.5019946808510638 0.6691073919107392 0.4886968085106383 0.6792189679218968 0.3384308510638298 0.6558577405857741 0.355718085106383 0.6499302649930265 0.4295212765957447 0.648884239888424 0.47273936170212766 0.6464435146443515 0.5053191489361702
12 0.6729428172942817 0.5418882978723404 0.6792189679218968 0.5438829787234043 0.6931659693165969 0.5438829787234043 0.698744769874477 0.5365691489361702 0.6983960948396095 0.4640957446808511 0.7095536959553695 0.3045212765957447 0.6907252440725244 0.31316489361702127 0.6736401673640168 0.456781914893617 0.6736401673640168 0.47606382978723405 0.6715481171548117 0.49933510638297873 0.6715481171548117 0.5232712765957447
13 0.6956066945606695 0.5292553191489362 0.700139470013947 0.5452127659574468 0.7078103207810321 0.5538563829787234 0.7161785216178521 0.5465425531914894 0.7248953974895398 0.5418882978723404 0.7269874476987448 0.5498670212765957 0.7395397489539749 0.5538563829787234 0.7440725244072525 0.5452127659574468 0.74581589958159 0.5226063829787234 0.74581589958159 0.49069148936170215 0.7698744769874477 0.3497340425531915 0.7350069735006973 0.35438829787234044 0.7140864714086471 0.3809840425531915 0.7053695955369595 0.4242021276595745 0.7109483960948396 0.45478723404255317 0.6976987447698745 0.49601063829787234 0.6956066945606695 0.5093085106382979
14 0.7465132496513249 0.5292553191489362 0.747907949790795 0.5498670212765957 0.7590655509065551 0.555186170212766 0.7859135285913529 0.5392287234042553 0.7876569037656904 0.5319148936170213 0.7907949790794979 0.48736702127659576 0.8138075313807531 0.35771276595744683 0.7768479776847977 0.35438829787234044 0.7611576011157601 0.45944148936170215 0.75418410041841 0.4787234042553192 0.7440725244072525 0.5053191489361702
16 0.5202231520223152 0.5658244680851063 0.5428870292887029 0.5757978723404256 0.5418410041841004 0.6542553191489362 0.5411436541143654 0.7945478723404256 0.5278940027894002 0.793218085106383 0.5195258019525802 0.6615691489361702 0.5195258019525802 0.6309840425531915 0.5174337517433751 0.5970744680851063
17 0.5421896792189679 0.5731382978723404 0.5519525801952581 0.5691489361702128 0.5645048814504882 0.5691489361702128 0.5697350069735007 0.5684840425531915 0.5721757322175732 0.5924202127659575 0.5676429567642957 0.6456117021276596 0.5662482566248257 0.78125 0.5488145048814504 0.7759308510638298 0.5474198047419805 0.6575797872340425 0.5449790794979079 0.6309840425531915 0.543584379358438 0.59375
18 0.5700836820083682 0.6482712765957447 0.5700836820083682 0.6043882978723404 0.5728730822873083 0.5924202127659575 0.5746164574616457 0.5598404255319149 0.5941422594142259 0.5691489361702128 0.601813110181311 0.5791223404255319 0.604602510460251 0.625 0.604602510460251 0.6615691489361702 0.595536959553696 0.8224734042553191 0.5784518828451883 0.817154255319149 0.5739191073919108 0.7094414893617021 0.5739191073919108 0.6662234042553191
19 0.6094839609483961 0.6529255319148937 0.6032078103207811 0.5924202127659575 0.603905160390516 0.5824468085106383 0.6147140864714087 0.5631648936170213 0.6258716875871687 0.5684840425531915 0.6366806136680614 0.586436170212766 0.6335425383542538 0.629654255319149 0.6366806136680614 0.8111702127659575 0.6265690376569037 0.8151595744680851 0.6178521617852162 0.7267287234042553 0.6140167364016736 0.6748670212765957
20 0.6436541143654114 0.6648936170212766 0.6380753138075314 0.6276595744680851 0.6342398884239888 0.6070478723404256 0.6328451882845189 0.598404255319149 0.6405160390516039 0.581781914893617 0.6457461645746164 0.5791223404255319 0.6582984658298466 0.5824468085106383 0.6666666666666666 0.5970744680851063 0.6666666666666666 0.6263297872340425 0.6691073919107392 0.8184840425531915 0.6558577405857741 0.819813829787234
21 0.6736401673640168 0.6502659574468085 0.6635285913528591 0.59375 0.6621338912133892 0.581781914893617 0.6753835425383543 0.5644946808510638 0.6844490934449093 0.5718085106382979 0.691771269177127 0.5731382978723404 0.702231520223152 0.5718085106382979 0.7133891213389121 0.5731382978723404 0.7210599721059973 0.5804521276595744 0.7161785216178521 0.632313829787234 0.7179218967921897 0.6695478723404256 0.7402370990237099 0.7726063829787234 0.6963040446304045 0.7945478723404256 0.6753835425383543 0.7493351063829787 0.6753835425383543 0.7180851063829787
22 0.7304741980474198 0.6708776595744681 0.7186192468619247 0.629654255319149 0.7147838214783822 0.6143617021276596 0.7133891213389121 0.5957446808510638 0.7147838214783822 0.5824468085106383 0.7269874476987448 0.5718085106382979 0.7388423988842399 0.5691489361702128 0.7503486750348675 0.5691489361702128 0.7611576011157601 0.5718085106382979 0.7705718270571827 0.5924202127659575 0.7737099023709902 0.6103723404255319 0.7719665271966527 0.6469414893617021 0.7705718270571827 0.6589095744680851 0.7845188284518828 0.7726063829787234 0.7496513249651325 0.7845744680851063
23 0.7876569037656904 0.6469414893617021 0.7751046025104602 0.6143617021276596 0.7705718270571827 0.6023936170212766 0.7642956764295676 0.5877659574468085 0.7611576011157601 0.5731382978723404 0.7653417015341701 0.5565159574468085 0.7712691771269177 0.5492021276595744 0.7852161785216178 0.5492021276595744 0.7900976290097629 0.5525265957446809 0.805439330543933 0.5452127659574468 0.8138075313807531 0.555186170212766 0.8148535564853556 0.5718085106382979 0.8200836820083682 0.6422872340425532 0.8281032078103208 0.7194148936170213 0.8036959553695955 0.7227393617021277
24 0.496513249651325 0.5764627659574468 0.5244072524407253 0.5731382978723404 0.5188284518828452 0.6768617021276596 0.5111576011157601 0.7759308510638298 0.48640167364016734 0.7493351063829787 0.49407252440725247 0.6276595744680851
25 0.4721059972105997 0.5718085106382979 0.4902370990237099 0.5625 0.499302649930265 0.5764627659574468 0.49546722454672243 0.6469414893617021 0.47384937238493724 0.7965425531914894 0.45536959553695955 0.785904255319149 0.4689679218967922 0.663563829787234 0.4689679218967922 0.6156914893617021 0.4689679218967922 0.5851063829787234
26 0.4341004184100418 0.6336436170212766 0.4341004184100418 0.6023936170212766 0.43584379358437936 0.5824468085106383 0.4445606694560669 0.5644946808510638 0.45502092050209203 0.5611702127659575 0.4605997210599721 0.5625 0.46548117154811713 0.5718085106382979 0.46617852161785217 0.6456117021276596 0.4421199442119944 0.839095744680851 0.4194560669456067 0.8138297872340425
27 0.40237099023709905 0.663563829787234 0.40341701534170155 0.6409574468085106 0.40341701534170155 0.601063829787234 0.4041143654114365 0.581781914893617 0.4110878661087866 0.574468085106383 0.4205020920502092 0.5691489361702128 0.42573221757322177 0.5757978723404256 0.4382845188284519 0.6083776595744681 0.4281729428172943 0.6628989361702128 0.41736401673640167 0.8091755319148937 0.4041143654114365 0.7905585106382979
28 0.38145048814504884 0.6602393617021277 0.3786610878661088 0.6236702127659575 0.37552301255230125 0.601063829787234 0.3786610878661088 0.5644946808510638 0.38842398884239887 0.5644946808510638 0.39400278940027894 0.5611702127659575 0.4027196652719665 0.5658244680851063 0.4062064156206416 0.5757978723404256 0.40794979079497906 0.6043882978723404 0.40237099023709905 0.6502659574468085 0.38633193863319387 0.807845744680851 0.36610878661087864 0.7992021276595744
29 0.31520223152022314 0.7639627659574468 0.32112970711297073 0.7227393617021277 0.32426778242677823 0.6768617021276596 0.32810320781032076 0.6502659574468085 0.32810320781032076 0.6396276595744681 0.3197350069735007 0.59375 0.3204323570432357 0.574468085106383 0.3382147838214784 0.5731382978723404 0.3458856345885635 0.5658244680851063 0.36366806136680613 0.5658244680851063 0.3762203626220363 0.5684840425531915 0.3793584379358438 0.5924202127659575 0.37308228730822873 0.6482712765957447 0.37691771269177127 0.7094414893617021 0.3507670850767085 0.805186170212766
30 0.2594142259414226 0.7626329787234043 0.26324965132496514 0.7194148936170213 0.2723152022315202 0.6695478723404256 0.2733612273361227 0.6615691489361702 0.2698744769874477 0.6363031914893617 0.2670850767085077 0.6097074468085106 0.2723152022315202 0.581781914893617 0.27719665271966526 0.5718085106382979 0.29114365411436544 0.5691489361702128 0.30264993026499304 0.5718085106382979 0.3117154811715481 0.5718085106382979 0.32670850767085075 0.5950797872340425 0.3197350069735007 0.6363031914893617 0.31345885634588566 0.6961436170212766 0.28626220362622035 0.7892287234042553 0.2670850767085077 0.7759308510638298
31 0.19700139470013947 0.7194148936170213 0.2112970711297071 0.6781914893617021 0.22350069735006972 0.6363031914893617 0.22489539748953974 0.6190159574468085 0.22489539748953974 0.586436170212766 0.22663877266387727 0.567154255319149 0.23430962343096234 0.5538563829787234 0.24686192468619247 0.5498670212765957 0.26778242677824265 0.5538563829787234 0.27405857740585776 0.5684840425531915 0.28172942817294283 0.5824468085106383 0.26778242677824265 0.6230053191489362 0.252092050209205 0.6988031914893617 0.21827057182705717 0.754654255319149