0 0.45507345404851385 0.5395136778115501 0.4885548343013324 0.5379939209726444 0.4885548343013324 0.46200607902735563 0.4721557909121968 0.25987841945288753 0.4513153399385036 0.2613981762917933 0.4530235736248719 0.4513677811550152 0.45063204646395627 0.49772036474164133
1 0.4226170140075162 0.5273556231003039 0.4472155790912197 0.53419452887538 0.45507345404851385 0.493161094224924 0.44926545951486163 0.2735562310030395 0.4246668944311582 0.28191489361702127 0.4263751281175265 0.3723404255319149 0.42330030748206354 0.46504559270516715 0.4195421933720533 0.49012158054711247
2 0.40245985650837035 0.5273556231003039 0.42398360095661086 0.506079027355623 0.42569183464297916 0.4452887537993921 0.42569183464297916 0.3556231003039514 0.4113426716774855 0.2439209726443769 0.39665186197471813 0.256838905775076 0.40006832934745473 0.3677811550151976 0.3911855141783396 0.46200607902735563 0.3942603348138025 0.5159574468085106
3 0.36385377519644685 0.49772036474164133 0.37649470447557226 0.5227963525835866 0.39221045439016056 0.5129179331306991 0.4062179706183806 0.493161094224924 0.40826785104202257 0.46808510638297873 0.4010932695592757 0.24696048632218845 0.38332763922104546 0.25227963525835867 0.3734198838401093 0.42325227963525835 0.36385377519644685 0.48024316109422494
4 0.343696617697301 0.4817629179331307 0.3570208404509737 0.5015197568389058 0.36317048172189953 0.5 0.372736590365562 0.5 0.3874274000683294 0.4369300911854103 0.39152716091561324 0.22340425531914893 0.37581141100102494 0.22416413373860183 0.36077895456098397 0.3594224924012158 0.35497096002733175 0.4133738601823708 0.3488213187564059 0.425531914893617 0.34301332422275366 0.4635258358662614
5 0.31465664502903995 0.4817629179331307 0.3354970960027332 0.493161094224924 0.3467714383327639 0.4848024316109423 0.35736248718824737 0.4513677811550152 0.35497096002733175 0.4004559270516717 0.34745473180731123 0.23860182370820668 0.3112401776563034 0.24848024316109424 0.3112401776563034 0.3373860182370821 0.3119234711308507 0.3890577507598784 0.3088486504953878 0.43541033434650456 0.3061154765971985 0.47796352583586627
6 0.27912538435257944 0.44832826747720367 0.3013324222753673 0.46504559270516715 0.312606764605398 0.44680851063829785 0.31875640587632387 0.3958966565349544 0.30509053638537753 0.2439209726443769 0.2733173898189272 0.23328267477203649 0.27468397676802186 0.31155015197568386 0.27639221045439016 0.3677811550151976 0.2719508028698326 0.41033434650455924
8 0.490946361462248 0.5311550151975684 0.5281858558250768 0.5296352583586627 0.5117868124359413 0.27811550151975684 0.49162965493679534 0.2765957446808511 0.4892381277758797 0.4582066869300912
9 0.5257943286641612 0.5182370820668692 0.5459514861633071 0.5227963525835866 0.5582507687051589 0.49164133738601823 0.5421933720532969 0.26367781155015196 0.5213529210796037 0.2750759878419453 0.5251110351896139 0.4521276595744681 0.5220362145541511 0.5015197568389058
10 0.5503928937478647 0.5075987841945289 0.5739665186197472 0.5182370820668692 0.5835326272634096 0.49620060790273557 0.5763580457806627 0.2439209726443769 0.5555175948069696 0.2439209726443769 0.553126067646054 0.4217325227963526 0.5480013665869491 0.46808510638297873
11 0.5784079262043047 0.5030395136778115 0.5859241544243252 0.5045592705167173 0.5985650837034506 0.5227963525835866 0.6098394260334814 0.49164133738601823 0.5883156815852408 0.21048632218844984 0.571233344721558 0.22416413373860183 0.571233344721558 0.40425531914893614 0.5657669969251794 0.44680851063829785 0.5708916979842843 0.49772036474164133
12 0.6135975401434917 0.48936170212765956 0.6238469422617015 0.5030395136778115 0.6409292791253843 0.4848024316109423 0.6340963443799111 0.41185410334346506 0.6074478988725658 0.20212765957446807 0.5896822685343355 0.22036474164133737 0.5954902630679877 0.385258358662614 0.6009566108643662 0.4399696048632219 0.6067646053980185 0.4848024316109423
13 0.6303382302699009 0.4703647416413374 0.6429791595490263 0.493161094224924 0.6542535018790571 0.4878419452887538 0.674410659378203 0.4878419452887538 0.6809019473864024 0.46200607902735563 0.6795353604373078 0.4133738601823708 0.6720191322172874 0.3791793313069909 0.6750939528527502 0.3282674772036474 0.67133583874274 0.23708206686930092 0.6296549367953536 0.24012158054711247 0.6245302357362488 0.3556231003039514 0.6269217628971643 0.418693009118541
14 0.6802186539118551 0.46808510638297873 0.6959344038264434 0.4817629179331307 0.7239494362828836 0.46656534954407297 0.7300990775538093 0.4338905775075988 0.7225828493337889 0.3708206686930091 0.7307823710283566 0.21732522796352582 0.6908097027673386 0.22720364741641338 0.6774854800136658 0.31990881458966564 0.6781687734882131 0.3761398176291793 0.6771438332763922 0.41413373860182373
16 0.4947044755722583 0.5805471124620061 0.5175948069695935 0.5820668693009119 0.5011957635804578 0.7940729483282675 0.4858216604031432 0.7887537993920972
17 0.5124701059104886 0.5691489361702128 0.5377519644687393 0.567629179331307 0.536043730782371 0.6314589665653495 0.5182781004441408 0.8168693009118541 0.5025623505295524 0.8054711246200608
18 0.5346771438332764 0.5562310030395137 0.5585924154424325 0.5691489361702128 0.5599590023915272 0.6322188449848024 0.5562008882815169 0.8115501519756839 0.5278442090878032 0.8054711246200608 0.5322856166723607 0.6778115501519757 0.5288691492996241 0.5942249240121581
19 0.5555175948069696 0.5820668693009119 0.5739665186197472 0.5509118541033434 0.5879740348479672 0.5775075987841946 0.5879740348479672 0.6117021276595744 0.5879740348479672 0.8016717325227963 0.5688418175606423 0.8069908814589666 0.5599590023915272 0.6322188449848024
20 0.579091219678852 0.5638297872340425 0.5917321489579774 0.5478723404255319 0.614280833618039 0.560790273556231 0.6163307140416809 0.5957446808510638 0.6207721216262385 0.8138297872340425 0.6036897847625555 0.8100303951367781 0.5838742740006833 0.6185410334346505 0.5746498120942946 0.5820668693009119
21 0.6074478988725658 0.5562310030395137 0.6180389477280492 0.5379939209726444 0.6327297574308165 0.5379939209726444 0.6440040997608473 0.5258358662613982 0.6610864366245303 0.541033434650456 0.67133583874274 0.6003039513677811 0.7031089853091903 0.7340425531914894 0.6662111376836352 0.7758358662613982 0.6351212845917321 0.6945288753799392 0.6221387085753332 0.6352583586626139 0.6088144858216604 0.6071428571428571 0.6036897847625555 0.5737082066869301
22 0.6566450290399727 0.5273556231003039 0.686368295182781 0.5227963525835866 0.6973009907755381 0.506079027355623 0.7113085070037581 0.5281155015197568 0.720532968910147 0.5653495440729484 0.7529894089511445 0.6618541033434651 0.7188247352237787 0.709726443768997 0.6771438332763922 0.6268996960486323 0.6617697300990776 0.5858662613981763 0.6542535018790571 0.5463525835866262
24 0.47591390502220704 0.5805471124620061 0.4960710625213529 0.5805471124620061 0.4871882473522378 0.8153495440729484 0.4687393235394602 0.8138297872340425 0.476938845234028 0.6314589665653495 0.4738640245985651 0.6139817629179332
25 0.45165698667577725 0.5737082066869301 0.47591390502220704 0.574468085106383 0.4752306115476597 0.8199088145896657 0.4588315681585241 0.8267477203647416
26 0.42910830201571576 0.5759878419452887 0.4560983942603348 0.5737082066869301 0.45507345404851385 0.6679331306990881 0.4455073454048514 0.8503039513677811 0.42910830201571576 0.8480243161094225 0.41817560642295865 0.702887537993921 0.4226170140075162 0.6200607902735562
27 0.403826443457465 0.5775075987841946 0.41885889989750597 0.5737082066869301 0.43081653570208406 0.6101823708206687 0.42330030748206354 0.6702127659574468 0.4055346771438333 0.8267477203647416 0.38981892722924494 0.8199088145896657 0.3980184489238128 0.6314589665653495
28 0.37649470447557226 0.567629179331307 0.38674410659378206 0.560790273556231 0.4106593782029382 0.574468085106383 0.40758455756747525 0.6200607902735562 0.40006832934745473 0.64209726443769 0.3788862316364879 0.8221884498480243 0.36077895456098397 0.8100303951367781 0.3682951827810044 0.6945288753799392 0.36966176973009907 0.601823708206687
29 0.3467714383327639 0.5364741641337386 0.3563375469764264 0.541033434650456 0.36966176973009907 0.5539513677811551 0.3840109326955928 0.5440729483282675 0.39050222070379226 0.560790273556231 0.3846942261701401 0.6117021276595744 0.37581141100102494 0.64209726443769 0.343696617697301 0.78419452887538 0.3088486504953878 0.7537993920972644 0.327639221045439 0.6367781155015197 0.3348138025281859 0.6117021276595744 0.3354970960027332 0.567629179331307
30 0.3105568841817561 0.5045592705167173 0.34301332422275366 0.5311550151975684 0.34813802528185855 0.5493920972644377 0.33788862316364876 0.6071428571428571 0.2934745473180731 0.7522796352583586 0.2651178681243594 0.71580547112462 0.28151691151349506 0.6117021276595744 0.2910830201571575 0.5737082066869301 0.29484113426716774 0.5182370820668692
31 0.26955927570891697 0.46808510638297873 0.298599248377178 0.49012158054711247 0.3013324222753673 0.5273556231003039 0.29039972668261016 0.5691489361702128 0.25247693884523403 0.6876899696048632 0.223436966176973 0.6398176291793313 0.24666894431158182 0.5509118541033434 0.2538435257943287 0.5357142857142857 0.25555175948069697 0.49164133738601823 0.26272634096344377 0.4703647416413374