0 0.48211875843454793 0.39209726443769 0.49898785425101216 0.3943768996960486 0.5050607287449392 0.3974164133738602 0.5043859649122807 0.32598784194528874 0.5006747638326585 0.14969604863221886 0.49628879892037786 0.08662613981762918 0.48346828609986503 0.10486322188449848 0.4868421052631579 0.1838905775075988 0.4848178137651822 0.2439209726443769 0.48110661268556004 0.34194528875379937
1 0.4524291497975709 0.3799392097264438 0.45951417004048584 0.3974164133738602 0.47469635627530365 0.3943768996960486 0.48043184885290147 0.33586626139817627 0.4868421052631579 0.22720364741641338 0.4784075573549258 0.08890577507598785 0.4581646423751687 0.09498480243161095 0.46558704453441296 0.2256838905775076 0.4598515519568151 0.2887537993920973 0.4541160593792173 0.3556231003039514
2 0.432523616734143 0.36854103343465044 0.4382591093117409 0.3974164133738602 0.44973009446693657 0.3974164133738602 0.4581646423751687 0.3776595744680851 0.46524966261808365 0.3183890577507599 0.46524966261808365 0.23100303951367782 0.45883940620782726 0.08054711246200608 0.43690958164642374 0.08890577507598785 0.43690958164642374 0.17401215805471124 0.4352226720647773 0.2811550151975684 0.432523616734143 0.3290273556231003
3 0.4136302294197031 0.32978723404255317 0.40958164642375167 0.36854103343465044 0.41734143049932526 0.3890577507598784 0.42881241565452094 0.3905775075987842 0.43960863697705804 0.38145896656534956 0.446693657219973 0.3533434650455927 0.4446693657219973 0.3168693009118541 0.446693657219973 0.2826747720364742 0.4352226720647773 0.20820668693009117 0.4409581646423752 0.0980243161094225 0.4166666666666667 0.0919452887537994 0.41025641025641024 0.21808510638297873 0.40856950067476383 0.2553191489361702 0.41228070175438597 0.2872340425531915 0.4136302294197031 0.31155015197568386
6 0.317476383265857 0.3427051671732523 0.32186234817813764 0.364741641337386 0.33468286099865047 0.3799392097264438 0.35931174089068824 0.3860182370820669 0.36639676113360325 0.3472644376899696 0.3694331983805668 0.303951367781155 0.36707152496626183 0.2553191489361702 0.3549257759784076 0.12613981762917933 0.2958839406207827 0.13069908814589665 0.3026315789473684 0.20364741641337386 0.3232118758434548 0.30319148936170215
8 0.5064102564102564 0.39893617021276595 0.5236167341430499 0.4072948328267477 0.532051282051282 0.40197568389057753 0.532051282051282 0.31155015197568386 0.5307017543859649 0.20820668693009117 0.5337381916329285 0.11778115501519756 0.5155195681511471 0.12613981762917933 0.5097840755735492 0.2811550151975684 0.5050607287449392 0.364741641337386
9 0.5330634278002699 0.41033434650455924 0.548582995951417 0.40577507598784196 0.5566801619433198 0.3974164133738602 0.5536437246963563 0.33890577507598785 0.5516194331983806 0.2196048632218845 0.5573549257759784 0.10638297872340426 0.5401484480431848 0.10182370820668693 0.5300269905533064 0.22796352583586627 0.5300269905533064 0.3161094224924012 0.5313765182186235 0.38145896656534956
10 0.5543184885290149 0.3860182370820669 0.5718623481781376 0.418693009118541 0.578272604588394 0.4148936170212766 0.5867071524966262 0.3761398176291793 0.581646423751687 0.3373860182370821 0.5873819163292847 0.067629179331307 0.5668016194331984 0.07066869300911854 0.5560053981106613 0.23556231003039513 0.5543184885290149 0.32142857142857145 0.5549932523616734 0.3518237082066869
11 0.5775978407557355 0.40577507598784196 0.5759109311740891 0.35714285714285715 0.581646423751687 0.31990881458966564 0.5833333333333334 0.1276595744680851 0.5975033738191633 0.13221884498480244 0.5937921727395412 0.24848024316109424 0.599527665317139 0.3541033434650456 0.6012145748987854 0.39285714285714285 0.5954790823211876 0.41185410334346506
12 0.5931174089068826 0.3556231003039514 0.5904183535762483 0.4072948328267477 0.5968286099865048 0.4148936170212766 0.6076248313090419 0.41033434650455924 0.6140350877192983 0.4133738601823708 0.6204453441295547 0.3974164133738602 0.6167341430499326 0.3586626139817629 0.618421052631579 0.2925531914893617 0.6147098515519568 0.1276595744680851 0.6002024291497976 0.135258358662614 0.5975033738191633 0.26975683890577506 0.594804318488529 0.3404255319148936
13 0.6197705802968961 0.17553191489361702 0.6177462887989204 0.27811550151975684 0.6140350877192983 0.364741641337386 0.6167341430499326 0.40197568389057753 0.6312415654520918 0.4072948328267477 0.6447368421052632 0.39893617021276595 0.6605937921727395 0.39209726443769 0.6578947368421053 0.34574468085106386 0.6578947368421053 0.27583586626139817 0.652834008097166 0.13069908814589665 0.6211201079622132 0.13677811550151975
14 0.6562078272604588 0.3373860182370821 0.6548582995951417 0.36322188449848025 0.6612685560053981 0.3890577507598784 0.676450742240216 0.3731003039513678 0.6852226720647774 0.3586626139817629 0.6828609986504723 0.30547112462006076 0.6808367071524967 0.26595744680851063 0.696693657219973 0.1405775075987842 0.6578947368421053 0.14969604863221886 0.6521592442645074 0.21808510638297873 0.6541835357624831 0.27279635258358664 0.6541835357624831 0.3069908814589666
16 0.5141700404858299 0.48936170212765956 0.5300269905533064 0.5037993920972644 0.5357624831309041 0.5911854103343465 0.532051282051282 0.7803951367781155 0.5114709851551957 0.7834346504559271 0.5091093117408907 0.6208206686930091 0.5097840755735492 0.5448328267477204
17 0.5280026990553306 0.4946808510638298 0.541497975708502 0.49240121580547114 0.5495951417004049 0.49772036474164133 0.5549932523616734 0.5106382978723404 0.5543184885290149 0.5820668693009119 0.5644399460188934 0.8092705167173252 0.5458839406207827 0.8115501519756839 0.5330634278002699 0.5653495440729484
18 0.5516194331983806 0.5091185410334347 0.5657894736842105 0.4878419452887538 0.5718623481781376 0.48936170212765956 0.5833333333333334 0.5220364741641338 0.581646423751687 0.5638297872340425 0.582995951417004 0.648176291793313 0.5931174089068826 0.8305471124620061 0.5725371120107963 0.8419452887537994 0.5607287449392713 0.6094224924012158
19 0.5802968960863698 0.5106382978723404 0.5890688259109311 0.4848024316109423 0.5988529014844804 0.5053191489361702 0.599527665317139 0.5569908814589666 0.6147098515519568 0.8031914893617021 0.599527665317139 0.8145896656534954 0.5860323886639676 0.709726443768997 0.5833333333333334 0.60790273556231 0.5833333333333334 0.5577507598784195
20 0.5975033738191633 0.4939209726443769 0.6126855600539811 0.4749240121580547 0.6275303643724697 0.4992401215805471 0.6261808367071525 0.5379939209726444 0.6241565452091767 0.5767477203647416 0.6261808367071525 0.6466565349544073 0.6585695006747638 0.7484802431610942 0.6420377867746289 0.7674772036474165 0.6052631578947368 0.675531914893617 0.6025641025641025 0.5927051671732523 0.6032388663967612 0.5478723404255319
22 0.6656545209176788 0.5448328267477204 0.6541835357624831 0.49240121580547114 0.650472334682861 0.4734042553191489 0.6565452091767882 0.46048632218844987 0.6680161943319838 0.4574468085106383 0.6744264507422402 0.4316109422492401 0.6835357624831309 0.439209726443769 0.6929824561403509 0.4703647416413374 0.6973684210526315 0.5106382978723404 0.713225371120108 0.5569908814589666 0.7361673414304993 0.628419452887538 0.7051282051282052 0.6641337386018237 0.6892712550607287 0.6382978723404256 0.6744264507422402 0.5927051671732523
23 0.6879217273954116 0.45896656534954405 0.6852226720647774 0.4247720364741641 0.6980431848852902 0.41641337386018235 0.7139001349527665 0.3943768996960486 0.7196356275303644 0.3890577507598784 0.7344804318488529 0.4506079027355623 0.7739541160593792 0.5524316109422492 0.7412280701754386 0.5911854103343465 0.7196356275303644 0.5509118541033434 0.7024291497975709 0.49620060790273557 0.6923076923076923 0.47188449848024316
24 0.4925775978407557 0.4810030395136778 0.5134952766531714 0.49240121580547114 0.5097840755735492 0.5577507598784195 0.507085020242915 0.7462006079027356 0.4925775978407557 0.7370820668693009 0.49190283400809715 0.5349544072948328
25 0.4682860998650472 0.4939209726443769 0.4892037786774629 0.4749240121580547 0.4925775978407557 0.5752279635258358 0.4868421052631579 0.7591185410334347 0.4713225371120108 0.7644376899696048 0.4706477732793522 0.5706686930091185 0.4669365721997301 0.5075987841945289
26 0.4433198380566802 0.49240121580547114 0.45951417004048584 0.4764437689969605 0.4740215924426451 0.49240121580547114 0.46963562753036436 0.5425531914893617 0.46626180836707154 0.5965045592705167 0.4574898785425101 0.8047112462006079 0.43016194331983804 0.7986322188449848 0.43893387314439947 0.5881458966565349 0.4409581646423752 0.5189969604863222
27 0.41531713900134953 0.49620060790273557 0.42105263157894735 0.4764437689969605 0.4358974358974359 0.47796352583586627 0.44399460188933876 0.5075987841945289 0.44973009446693657 0.5250759878419453 0.4426450742240216 0.5668693009118541 0.4358974358974359 0.7203647416413373 0.4267881241565452 0.7819148936170213 0.4065452091767881 0.7720364741641338 0.4136302294197031 0.6352583586626139 0.41531713900134953 0.5463525835866262 0.41531713900134953 0.5106382978723404
28 0.3977732793522267 0.506079027355623 0.40215924426450744 0.4635258358662614 0.41295546558704455 0.45896656534954405 0.4203778677462888 0.479483282674772 0.4352226720647773 0.4848024316109423 0.4200404858299595 0.5509118541033434 0.4116059379217274 0.6367781155015197 0.398110661268556 0.790273556231003 0.38225371120107965 0.7887537993920972 0.38866396761133604 0.648176291793313 0.3913630229419703 0.5379939209726444
29 0.3562753036437247 0.5296352583586627 0.3582995951417004 0.479483282674772 0.3599865047233468 0.45896656534954405 0.36774628879892035 0.4490881458966565 0.3805668016194332 0.4490881458966565 0.39304993252361675 0.45592705167173253 0.402834008097166 0.4506079027355623 0.4065452091767881 0.48328267477203646 0.40215924426450744 0.5554711246200608 0.3950742240215924 0.6382978723404256 0.3582995951417004 0.7272036474164134 0.3269230769230769 0.6831306990881459 0.3427800269905533 0.6056231003039514
30 0.2989203778677463 0.5106382978723404 0.30465587044534415 0.46200607902735563 0.3124156545209177 0.43617021276595747 0.3356950067476383 0.4430091185410334 0.35290148448043185 0.4506079027355623 0.3606612685560054 0.4490881458966565 0.3643724696356275 0.4734042553191489 0.354251012145749 0.5334346504559271 0.3410931174089069 0.60790273556231 0.2918353576248313 0.7203647416413373 0.24561403508771928 0.6580547112462006 0.2759784075573549 0.5767477203647416
31 0.20209176788124156 0.5379939209726444 0.2300944669365722 0.479483282674772 0.24493927125506074 0.45364741641337386 0.2516869095816464 0.4034954407294833 0.26653171390013497 0.38753799392097266 0.2894736842105263 0.4072948328267477 0.3232118758434548 0.4430091185410334 0.31106612685560053 0.4749240121580547 0.29318488529014847 0.5037993920972644 0.27361673414304993 0.5638297872340425 0.22840755735492577 0.628419452887538 0.19399460188933873 0.5683890577507599