0 0.4524612272420769 0.5053191489361702 0.4861766689143628 0.5091185410334347 0.4804450438300742 0.20364741641337386 0.46257585974376264 0.2066869300911854 0.4524612272420769 0.46808510638297873
1 0.4251517194875253 0.47188449848024316 0.4318948078219825 0.4878419452887538 0.4538098449089683 0.49772036474164133 0.45751854349291976 0.4148936170212766 0.45684423465947405 0.2066869300911854 0.4389750505731625 0.21656534954407294 0.42886041807147673 0.4247720364741641
2 0.4002022926500337 0.4749240121580547 0.4160485502360081 0.5053191489361702 0.43020903573836816 0.49772036474164133 0.4332434254888739 0.4574468085106383 0.4332434254888739 0.4004559270516717 0.428186109238031 0.1899696048632219 0.3978422117329737 0.19832826747720364 0.4008766014834794 0.38145896656534956 0.4008766014834794 0.44452887537993924
3 0.37660148347943356 0.46656534954407297 0.38368172623061364 0.48328267477203646 0.406608226567768 0.4908814589665654 0.40964261631827376 0.46200607902735563 0.406608226567768 0.3974164133738602 0.39817936614969657 0.22112462006079028 0.37862440997977076 0.23100303951367782 0.3867161159811194 0.3617021276595745 0.38368172623061364 0.3974164133738602 0.3806473364801079 0.45364741641337386
4 0.3462575859743763 0.4574468085106383 0.3526635198921106 0.47796352583586627 0.3664868509777478 0.4848024316109423 0.38165879973027644 0.479483282674772 0.3931220498988537 0.439209726443769 0.3863789615643965 0.38753799392097266 0.37019554956169926 0.21504559270516718 0.34794335805799054 0.2256838905775076 0.35131490222521916 0.3541033434650456 0.346931894807822 0.38145896656534956 0.34221173297370194 0.418693009118541
5 0.306136210384356 0.4490881458966565 0.3155765340525961 0.4688449848024316 0.33041132838840187 0.4749240121580547 0.34558327714093057 0.479483282674772 0.34861766689143625 0.45592705167173253 0.3472690492245448 0.3905775075987842 0.34356035064059337 0.34574468085106386 0.32906271072151044 0.2530395136778115 0.3105192178017532 0.2629179331306991 0.31186783546864466 0.3586626139817629 0.30917060013486175 0.41793313069908816
6 0.2737693863789616 0.4278115501519757 0.2862440997977074 0.446048632218845 0.30175320296695884 0.46504559270516715 0.3135536075522589 0.439209726443769 0.3155765340525961 0.40197568389057753 0.3078219824679703 0.25987841945288753 0.2862440997977074 0.2682370820668693 0.28894133513149023 0.3586626139817629 0.27882670262980447 0.3844984802431611
8 0.4811193526635199 0.5037993920972644 0.4919082939986514 0.5075987841945289 0.50708024275118 0.5053191489361702 0.51416048550236 0.5007598784194529 0.5148347943358058 0.43617021276595747 0.5026972353337829 0.20212765957446807 0.4777478084962913 0.20364741641337386 0.4855023600809171 0.371580547112462 0.4817936614969656 0.4574468085106383
9 0.51416048550236 0.4946808510638298 0.5269723533378288 0.5053191489361702 0.5380984490896831 0.4946808510638298 0.5421443020903574 0.4734042553191489 0.5394470667565745 0.3541033434650456 0.5242751180040458 0.22720364741641338 0.5064059339177344 0.24012158054711247 0.5158462575859744 0.3844984802431611 0.512137559002023 0.4574468085106383
10 0.550236008091706 0.5007598784194529 0.5407956844234659 0.46200607902735563 0.5377612946729602 0.42021276595744683 0.5364126770060688 0.371580547112462 0.5293324342548887 0.1952887537993921 0.550236008091706 0.19984802431610943 0.5606877950101147 0.3533434650455927 0.566756574511126 0.40577507598784196 0.5674308833445718 0.43465045592705165 0.5674308833445718 0.4749240121580547 0.5616992582602832 0.5007598784194529
11 0.576534052596089 0.4734042553191489 0.5657451112609575 0.4848024316109423 0.5559676331759946 0.45364741641337386 0.5559676331759946 0.4034954407294833 0.5566419420094403 0.18693009118541035 0.5775455158462576 0.19072948328267478 0.5896830748482805 0.34422492401215804 0.5896830748482805 0.3860182370820669 0.5937289278489548 0.42325227963525835 0.5944032366824006 0.4703647416413374 0.5853000674308834 0.4848024316109423
12 0.5930546190155092 0.4810030395136778 0.5829399865138233 0.46504559270516715 0.5809170600134862 0.4217325227963526 0.5795684423465948 0.36322188449848025 0.578894133513149 0.2196048632218845 0.6055293324342549 0.2196048632218845 0.6102494942683749 0.371580547112462 0.6126095751854349 0.4148936170212766 0.6159811193526635 0.446048632218845 0.6102494942683749 0.47796352583586627 0.6024949426837491 0.4817629179331307
13 0.6166554281861092 0.4749240121580547 0.6055293324342549 0.4490881458966565 0.6038435603506406 0.40577507598784196 0.6095751854349292 0.3700607902735562 0.6075522589345921 0.23860182370820668 0.6513823331085637 0.25151975683890576 0.6496965610249494 0.3541033434650456 0.6520566419420094 0.3974164133738602 0.6520566419420094 0.43009118541033436 0.648347943358058 0.4635258358662614 0.6382333108563722 0.4749240121580547 0.6267700606877951 0.4703647416413374
14 0.6513823331085637 0.46504559270516715 0.6476736345246122 0.4217325227963526 0.6463250168577208 0.3844984802431611 0.6490222521915037 0.33586626139817627 0.6598111935266352 0.22948328267477203 0.677006068779501 0.23252279635258358 0.6850977747808497 0.3761398176291793 0.6898179366149697 0.40197568389057753 0.6915037086985839 0.43009118541033436 0.6786918408631153 0.45364741641337386 0.6662171274443696 0.46200607902735563 0.657788267026298 0.46200607902735563
15 0.6992582602832097 0.45592705167173253 0.6857720836142953 0.43009118541033436 0.6807147673634525 0.40577507598784196 0.6800404585300067 0.3518237082066869 0.6756574511126096 0.3168693009118541 0.6729602157788267 0.24240121580547114 0.6972353337828725 0.23708206686930092 0.7137559002022926 0.3487841945288754 0.7188132164531356 0.3662613981762918 0.7238705327039784 0.39285714285714285 0.7228590694538098 0.4247720364741641 0.708024275118004 0.439209726443769
17 0.5198921105866486 0.5493920972644377 0.5421443020903574 0.5592705167173252 0.5522589345920431 0.7689969604863222 0.5313553607552259 0.7720364741641338 0.519217801753203 0.6337386018237082
18 0.5306810519217802 0.560790273556231 0.5414699932569117 0.526595744680851 0.5593391773432232 0.5554711246200608 0.5664194200944033 0.6155015197568389 0.5809170600134862 0.7986322188449848 0.5593391773432232 0.8100303951367781 0.5438300741739717 0.6458966565349544
19 0.5650708024275118 0.6025835866261399 0.557316250842886 0.5752279635258358 0.5579905596763317 0.5509118541033434 0.569453809844909 0.5364741641337386 0.5782198246797033 0.5311550151975684 0.5866486850977748 0.5699088145896657 0.5890087660148348 0.60790273556231 0.6018206338503035 0.7986322188449848 0.5802427511800404 0.7887537993920972
20 0.5879973027646662 0.6253799392097265 0.5809170600134862 0.5896656534954408 0.5772083614295347 0.5569908814589666 0.578894133513149 0.5395136778115501 0.5890087660148348 0.526595744680851 0.598111935266352 0.526595744680851 0.6055293324342549 0.5577507598784195 0.6126095751854349 0.6094224924012158 0.6260957518543493 0.7727963525835866 0.6112609575185435 0.7727963525835866 0.5930546190155092 0.6816109422492401
21 0.6119352663519892 0.6025835866261399 0.6011463250168577 0.5668693009118541 0.5994605529332434 0.5250759878419453 0.6089008766014835 0.5182370820668692 0.6274443695212407 0.5189969604863222 0.641267700606878 0.5189969604863222 0.6496965610249494 0.5440729483282675 0.6496965610249494 0.5927051671732523 0.6827376938637896 0.7317629179331308 0.641267700606878 0.743161094224924 0.6210384356035064 0.6816109422492401
22 0.6534052596089008 0.5911854103343465 0.6389076196898179 0.5509118541033434 0.6325016857720837 0.5311550151975684 0.6439649359406608 0.49620060790273557 0.657788267026298 0.4946808510638298 0.6743088334457181 0.4878419452887538 0.6864463924477411 0.5220364741641338 0.6972353337828725 0.5797872340425532 0.7056641942009441 0.60790273556231 0.7258934592043156 0.6998480243161094 0.6915037086985839 0.7203647416413373
23 0.7022926500337154 0.5577507598784195 0.6915037086985839 0.5311550151975684 0.6844234659474039 0.5220364741641338 0.6807147673634525 0.4878419452887538 0.6820633850303439 0.4749240121580547 0.6958867161159811 0.46200607902735563 0.715104517869184 0.4490881458966565 0.7258934592043156 0.4490881458966565 0.7353337828725557 0.48632218844984804 0.7410654079568443 0.5364741641337386 0.7538772757923129 0.6170212765957447 0.7316250842886042 0.6299392097264438
24 0.4777478084962913 0.5554711246200608 0.4989885367498314 0.5493920972644377 0.5043830074173972 0.7986322188449848 0.49123398516520567 0.8016717325227963
25 0.45616992582602833 0.5463525835866262 0.48213081591368845 0.5539513677811551 0.4817936614969656 0.648176291793313 0.48482805124747136 0.7986322188449848 0.4612272420768712 0.7887537993920972
26 0.4318948078219825 0.5942249240121581 0.4318948078219825 0.5509118541033434 0.449763991908294 0.5349544072948328 0.4595414699932569 0.5653495440729484 0.4581928523263655 0.6709726443768997 0.46392447741065407 0.8191489361702128 0.43594066082265676 0.8077507598784195
27 0.41031692515171947 0.662613981762918 0.4052596089008766 0.5866261398176292 0.4052596089008766 0.5569908814589666 0.4204315576534053 0.5379939209726444 0.43695212407282535 0.5699088145896657 0.4396493594066082 0.5782674772036475 0.4325691166554282 0.6572948328267477 0.4339177343223196 0.7978723404255319 0.41469993256911664 0.7849544072948328
28 0.3867161159811194 0.7188449848024316 0.3830074173971679 0.6238601823708206 0.38165879973027644 0.5965045592705167 0.3857046527309508 0.5334346504559271 0.40222521915037085 0.5281155015197568 0.4130141604855024 0.5448328267477204 0.41672285906945383 0.5592705167173252 0.4130141604855024 0.6223404255319149 0.40222521915037085 0.7727963525835866 0.3867161159811194 0.7743161094224924
29 0.33074848280512475 0.7074468085106383 0.34221173297370194 0.6367781155015197 0.34490896830748485 0.5896656534954408 0.34356035064059337 0.5509118541033434 0.34794335805799054 0.5235562310030395 0.36918408631153066 0.520516717325228 0.3806473364801079 0.520516717325228 0.3937963587322994 0.5311550151975684 0.39716790289952797 0.5539513677811551 0.3921105866486851 0.5927051671732523 0.3792987188132165 0.6960486322188449 0.3583951449763992 0.7644376899696048 0.33479433580579904 0.7272036474164134
30 0.28118678354686444 0.6572948328267477 0.2946729602157788 0.6124620060790273 0.30209035738368173 0.5668693009118541 0.3054619015509103 0.5349544072948328 0.31186783546864466 0.5091185410334347 0.3270397842211733 0.5007598784194529 0.34288604180714766 0.5182370820668692 0.3519892110586649 0.5235562310030395 0.35569790964261633 0.5349544072948328 0.3519892110586649 0.5820668693009119 0.34221173297370194 0.6094224924012158 0.30984490896830746 0.709726443768997
31 0.2430883344571814 0.5896656534954408 0.2589345920431558 0.5349544072948328 0.26972353337828725 0.4992401215805471 0.27612946729602156 0.479483282674772 0.2852326365475388 0.4764437689969605 0.3004045853000674 0.4878419452887538 0.31759946055293325 0.5037993920972644 0.3213081591368847 0.5182370820668692 0.30107889413351313 0.5623100303951368 0.2855697909642616 0.5965045592705167 0.26298044504383006 0.6557750759878419 0.24005394470667565 0.6124620060790273