0 0.4767206477732793 0.3452868852459016 0.4832995951417004 0.4948770491803279 0.4812753036437247 0.5532786885245902 0.4640688259109312 0.5512295081967213 0.4569838056680162 0.5389344262295082 0.4569838056680162 0.5194672131147541 0.4574898785425101 0.35040983606557374
1 0.45445344129554655 0.3473360655737705 0.4569838056680162 0.4139344262295082 0.4559716599190283 0.5440573770491803 0.4382591093117409 0.5409836065573771 0.4331983805668016 0.5194672131147541 0.4326923076923077 0.492827868852459 0.4352226720647773 0.4713114754098361 0.4382591093117409 0.3442622950819672
2 0.4331983805668016 0.32786885245901637 0.4352226720647773 0.44364754098360654 0.4367408906882591 0.48258196721311475 0.4357287449392713 0.4969262295081967 0.43218623481781376 0.5204918032786885 0.4276315789473684 0.5440573770491803 0.4190283400809717 0.5450819672131147 0.4159919028340081 0.5317622950819673 0.41295546558704455 0.5194672131147541 0.41143724696356276 0.4989754098360656 0.41194331983805665 0.4641393442622951 0.4159919028340081 0.33299180327868855
3 0.40536437246963564 0.32581967213114754 0.4144736842105263 0.4067622950819672 0.4144736842105263 0.44672131147540983 0.4190283400809717 0.4723360655737705 0.4180161943319838 0.4989754098360656 0.41346153846153844 0.5184426229508197 0.4048582995951417 0.5327868852459017 0.395748987854251 0.5286885245901639 0.3917004048582996 0.5194672131147541 0.3876518218623482 0.5 0.38714574898785425 0.4764344262295082 0.39271255060728744 0.42110655737704916 0.3932186234817814 0.33299180327868855
4 0.3876518218623482 0.33299180327868855 0.3917004048582996 0.42418032786885246 0.3932186234817814 0.46209016393442626 0.3937246963562753 0.48463114754098363 0.39068825910931176 0.49077868852459017 0.37955465587044535 0.5163934426229508 0.36690283400809715 0.5 0.36538461538461536 0.47950819672131145 0.3674089068825911 0.46209016393442626 0.3694331983805668 0.32581967213114754 0.38714574898785425 0.32172131147540983
5 0.3598178137651822 0.305327868852459 0.3638663967611336 0.4098360655737705 0.36690283400809715 0.4364754098360656 0.3658906882591093 0.4641393442622951 0.3638663967611336 0.48770491803278687 0.35526315789473684 0.4969262295081967 0.3441295546558704 0.5 0.3355263157894737 0.4989754098360656 0.3299595141700405 0.492827868852459 0.3269230769230769 0.48463114754098363 0.32388663967611336 0.4610655737704918 0.33046558704453444 0.42418032786885246 0.32894736842105265 0.3637295081967213 0.3299595141700405 0.3350409836065574 0.3360323886639676 0.3094262295081967 0.3466599190283401 0.3073770491803279
6 0.3066801619433198 0.30327868852459017 0.29706477732793524 0.4057377049180328 0.291497975708502 0.42213114754098363 0.28795546558704455 0.4334016393442623 0.2834008097165992 0.45286885245901637 0.2854251012145749 0.46311475409836067 0.2940283400809717 0.4764344262295082 0.3041497975708502 0.48155737704918034 0.32034412955465585 0.47950819672131145 0.3243927125506073 0.4600409836065574 0.32894736842105265 0.42418032786885246 0.3274291497975709 0.3719262295081967 0.32945344129554655 0.33094262295081966 0.3340080971659919 0.3104508196721312
7 0.270748987854251 0.2827868852459016 0.2651821862348178 0.3360655737704918 0.2479757085020243 0.4098360655737705 0.284919028340081 0.45081967213114754 0.2940283400809717 0.4180327868852459 0.3001012145748988 0.3944672131147541 0.3081983805668016 0.29200819672131145
8 0.4807692307692308 0.3422131147540984 0.4832995951417004 0.5020491803278688 0.48228744939271256 0.5491803278688525 0.49898785425101216 0.5491803278688525 0.5075910931174089 0.5420081967213115 0.5106275303643725 0.5276639344262295 0.5035425101214575 0.33709016393442626
9 0.5025303643724697 0.3401639344262295 0.5096153846153846 0.492827868852459 0.5131578947368421 0.5368852459016393 0.5258097165991903 0.5389344262295082 0.5323886639676113 0.5276639344262295 0.5328947368421053 0.5092213114754098 0.5328947368421053 0.48770491803278687 0.5303643724696356 0.4682377049180328 0.5268218623481782 0.4364754098360656 0.520748987854251 0.33094262295081966
10 0.5222672064777328 0.33709016393442626 0.5288461538461539 0.46311475409836067 0.52834008097166 0.4733606557377049 0.52834008097166 0.48258196721311475 0.52834008097166 0.4887295081967213 0.5303643724696356 0.4948770491803279 0.5323886639676113 0.5010245901639344 0.5354251012145749 0.5133196721311475 0.5394736842105263 0.5317622950819673 0.5460526315789473 0.5307377049180327 0.5516194331983806 0.5266393442622951 0.5546558704453441 0.5133196721311475 0.5566801619433198 0.48668032786885246 0.5531376518218624 0.45286885245901637 0.5404858299595142 0.3237704918032787 0.520748987854251 0.32786885245901637
11 0.5480769230769231 0.32991803278688525 0.5516194331983806 0.4354508196721312 0.5480769230769231 0.4569672131147541 0.5470647773279352 0.4672131147540984 0.5460526315789473 0.47848360655737704 0.5506072874493927 0.5010245901639344 0.5561740890688259 0.5163934426229508 0.5632591093117408 0.5245901639344263 0.5708502024291497 0.5215163934426229 0.5759109311740891 0.5112704918032787 0.5789473684210527 0.5 0.5794534412955465 0.48770491803278687 0.5759109311740891 0.4723360655737705 0.5713562753036437 0.42520491803278687 0.5657894736842105 0.32581967213114754
12 0.5688259109311741 0.32684426229508196 0.5713562753036437 0.45389344262295084 0.569838056680162 0.4610655737704918 0.569331983805668 0.4713114754098361 0.569838056680162 0.48360655737704916 0.5713562753036437 0.492827868852459 0.5743927125506073 0.5030737704918032 0.5784412955465587 0.5102459016393442 0.5840080971659919 0.514344262295082 0.5890688259109311 0.5153688524590164 0.5946356275303644 0.5133196721311475 0.5986842105263158 0.5040983606557377 0.5996963562753036 0.492827868852459 0.59665991902834 0.45184426229508196 0.5905870445344129 0.319672131147541 0.569838056680162 0.31864754098360654
13 0.5931174089068826 0.3155737704918033 0.59665991902834 0.4600409836065574 0.6017206477732794 0.5030737704918032 0.6148785425101214 0.507172131147541 0.6234817813765182 0.5010245901639344 0.6325910931174089 0.4979508196721312 0.6381578947368421 0.47848360655737704 0.6356275303643725 0.444672131147541 0.6290485829959515 0.4047131147540984 0.625 0.3165983606557377
14 0.625 0.3145491803278688 0.6305668016194332 0.42418032786885246 0.6356275303643725 0.45081967213114754 0.6401821862348178 0.48668032786885246 0.6513157894736842 0.4887295081967213 0.6624493927125507 0.4805327868852459 0.6680161943319838 0.4713114754098361 0.6720647773279352 0.45901639344262296 0.6720647773279352 0.4385245901639344 0.6680161943319838 0.42110655737704916 0.6614372469635628 0.3985655737704918 0.6492914979757085 0.3073770491803279
15 0.65334008097166 0.3104508196721312 0.6563765182186235 0.3790983606557377 0.6659919028340081 0.41905737704918034 0.6766194331983806 0.45799180327868855 0.6867408906882592 0.44774590163934425 0.6953441295546559 0.4344262295081967 0.7024291497975709 0.42110655737704916 0.7054655870445344 0.41188524590163933 0.7004048582995951 0.39036885245901637 0.6907894736842105 0.35040983606557374 0.6771255060728745 0.2930327868852459
16 0.47874493927125505 0.5727459016393442 0.4782388663967611 0.6229508196721312 0.4777327935222672 0.7223360655737705 0.4959514170040486 0.7202868852459017 0.4934210526315789 0.6752049180327869 0.4959514170040486 0.6147540983606558 0.4974696356275304 0.5778688524590164
17 0.4974696356275304 0.5758196721311475 0.49544534412955465 0.6219262295081968 0.4934210526315789 0.6905737704918032 0.4974696356275304 0.7213114754098361 0.5080971659919028 0.7161885245901639 0.513663967611336 0.6147540983606558 0.5161943319838057 0.5993852459016393 0.5172064777327935 0.5860655737704918 0.5161943319838057 0.5758196721311475 0.5 0.5737704918032787
18 0.5222672064777328 0.576844262295082 0.5177125506072875 0.5850409836065574 0.5161943319838057 0.5932377049180327 0.5151821862348178 0.6034836065573771 0.5131578947368421 0.6168032786885246 0.5217611336032388 0.7745901639344263 0.5445344129554656 0.7756147540983607 0.5394736842105263 0.6229508196721312 0.5379554655870445 0.5952868852459017 0.5339068825910931 0.5778688524590164 0.5288461538461539 0.5717213114754098
19 0.5445344129554656 0.5747950819672131 0.5384615384615384 0.5778688524590164 0.5359311740890689 0.5778688524590164 0.5334008097165992 0.5911885245901639 0.5344129554655871 0.6024590163934426 0.5359311740890689 0.6157786885245902 0.5404858299595142 0.6301229508196722 0.5536437246963563 0.7807377049180327 0.5733805668016194 0.7694672131147541 0.562246963562753 0.6209016393442623 0.5617408906882592 0.5993852459016393 0.5571862348178138 0.5706967213114754 0.5495951417004049 0.5676229508196722
20 0.5668016194331984 0.5604508196721312 0.5602226720647774 0.5614754098360656 0.5571862348178138 0.569672131147541 0.555161943319838 0.5706967213114754 0.5506072874493927 0.5706967213114754 0.5480769230769231 0.576844262295082 0.5480769230769231 0.5809426229508197 0.5506072874493927 0.5932377049180327 0.555161943319838 0.6096311475409836 0.5612348178137652 0.6229508196721312 0.5668016194331984 0.6434426229508197 0.5941295546558705 0.7663934426229508 0.6199392712550608 0.7756147540983607 0.625 0.75 0.5941295546558705 0.6793032786885246 0.582995951417004 0.5973360655737705 0.5779352226720648 0.5573770491803278 0.5718623481781376 0.5573770491803278
21 0.5895748987854251 0.5512295081967213 0.5804655870445344 0.5645491803278688 0.5774291497975709 0.5706967213114754 0.5819838056680162 0.5973360655737705 0.590080971659919 0.6331967213114754 0.6002024291497976 0.6967213114754098 0.625 0.7561475409836066 0.6614372469635628 0.694672131147541 0.625 0.5819672131147541 0.6239878542510121 0.5584016393442623 0.6224696356275303 0.548155737704918 0.6174089068825911 0.5430327868852459 0.611336032388664 0.5430327868852459 0.6022267206477733 0.5430327868852459 0.5956477732793523 0.548155737704918
22 0.6366396761133604 0.5286885245901639 0.6285425101214575 0.5409836065573771 0.6265182186234818 0.548155737704918 0.625 0.5573770491803278 0.6244939271255061 0.5645491803278688 0.625 0.5758196721311475 0.6270242914979757 0.5901639344262295 0.6776315789473685 0.7090163934426229 0.7034412955465587 0.6721311475409836 0.667004048582996 0.5461065573770492 0.6573886639676113 0.5163934426229508 0.6482793522267206 0.514344262295082 0.6422064777327935 0.5163934426229508
23 0.6811740890688259 0.47438524590163933 0.6690283400809717 0.4887295081967213 0.6639676113360324 0.5 0.6589068825910931 0.5174180327868853 0.6624493927125507 0.5368852459016393 0.7125506072874493 0.6577868852459017 0.7484817813765182 0.6229508196721312 0.7100202429149798 0.49385245901639346 0.6923076923076923 0.4661885245901639 0.6842105263157895 0.4672131147540984
24 0.4782388663967611 0.569672131147541 0.4782388663967611 0.7233606557377049 0.46963562753036436 0.7223360655737705 0.46356275303643724 0.6168032786885246 0.4605263157894737 0.5911885245901639 0.4605263157894737 0.5727459016393442
25 0.45546558704453444 0.5706967213114754 0.4418016194331984 0.5942622950819673 0.4423076923076923 0.6137295081967213 0.4574898785425101 0.742827868852459 0.4706477732793522 0.7325819672131147 0.4625506072874494 0.6075819672131147 0.4605263157894737 0.5799180327868853 0.4590080971659919 0.5686475409836066
26 0.43724696356275305 0.576844262295082 0.44281376518218624 0.5973360655737705 0.4423076923076923 0.6147540983606558 0.44534412955465585 0.7612704918032787 0.42054655870445345 0.7612704918032787 0.42105263157894735 0.6137295081967213 0.4230769230769231 0.6014344262295082 0.4240890688259109 0.5932377049180327 0.423582995951417 0.5819672131147541 0.42965587044534415 0.5758196721311475
27 0.4215587044534413 0.5686475409836066 0.42459514170040485 0.5942622950819673 0.42105263157894735 0.617827868852459 0.40941295546558704 0.7838114754098361 0.3876518218623482 0.7704918032786885 0.39878542510121456 0.6198770491803278 0.39878542510121456 0.6004098360655737 0.39878542510121456 0.5870901639344263 0.40030364372469635 0.5778688524590164 0.4023279352226721 0.569672131147541 0.4089068825910931 0.5655737704918032 0.4180161943319838 0.5655737704918032
28 0.39271255060728744 0.5502049180327869 0.38714574898785425 0.5502049180327869 0.3805668016194332 0.5543032786885246 0.3765182186234818 0.5594262295081968 0.37550607287449395 0.5727459016393442 0.3603238866396761 0.7049180327868853 0.3410931174089069 0.7479508196721312 0.36538461538461536 0.7684426229508197 0.39473684210526316 0.6331967213114754 0.3992914979757085 0.6086065573770492 0.4043522267206478 0.5942622950819673 0.4089068825910931 0.5788934426229508 0.409919028340081 0.5635245901639344 0.4084008097165992 0.5532786885245902 0.402834008097166 0.5491803278688525 0.39878542510121456 0.5512295081967213
29 0.347165991902834 0.5276639344262295 0.3410931174089069 0.5338114754098361 0.3375506072874494 0.5399590163934426 0.3350202429149798 0.548155737704918 0.3350202429149798 0.5573770491803278 0.33451417004048584 0.5901639344262295 0.29959514170040485 0.7028688524590164 0.3340080971659919 0.742827868852459 0.35526315789473684 0.7202868852459017 0.3709514170040486 0.6045081967213115 0.37803643724696356 0.5788934426229508 0.3815789473684211 0.5512295081967213 0.38360323886639675 0.5358606557377049 0.3729757085020243 0.5338114754098361 0.3648785425101215 0.5297131147540983 0.3582995951417004 0.5225409836065574
30 0.30870445344129555 0.5081967213114754 0.3016194331983806 0.5133196721311475 0.2975708502024291 0.5286885245901639 0.2930161943319838 0.5409836065573771 0.25708502024291496 0.6721311475409836 0.2834008097165992 0.7069672131147541 0.31983805668016196 0.610655737704918 0.33704453441295545 0.5676229508196722 0.340080971659919 0.5543032786885246 0.340080971659919 0.5430327868852459 0.33653846153846156 0.5286885245901639 0.3314777327935223 0.5235655737704918 0.3223684210526316 0.5133196721311475 0.3183198380566802 0.5102459016393442
31 0.2601214574898785 0.45286885245901637 0.24746963562753035 0.5102459016393442 0.21862348178137653 0.5983606557377049 0.23279352226720648 0.6362704918032787 0.277834008097166 0.5686475409836066 0.2965587044534413 0.5348360655737705 0.30516194331983804 0.4979508196721312 0.2874493927125506 0.4713114754098361 0.2742914979757085 0.45594262295081966