0 0.5230125523012552 0.3863031914893617 0.5212691771269177 0.40691489361702127 0.5174337517433751 0.4341755319148936 0.5094142259414226 0.4734042553191489 0.5055788005578801 0.511968085106383 0.504881450488145 0.550531914893617 0.5174337517433751 0.5764627659574468 0.5348675034867504 0.5897606382978723 0.5404463040446305 0.5598404255319149 0.5376569037656904 0.511968085106383 0.5376569037656904 0.4621010638297872 0.5376569037656904 0.4009308510638298 0.5355648535564853 0.3829787234042553
8 0.548465829846583 0.3809840425531915 0.5474198047419805 0.4009308510638298 0.541492329149233 0.449468085106383 0.5397489539748954 0.4953457446808511 0.5397489539748954 0.5398936170212766 0.549163179916318 0.5764627659574468 0.5665969316596932 0.5764627659574468 0.5697350069735007 0.5545212765957447 0.5676429567642957 0.4900265957446808 0.5676429567642957 0.43816489361702127 0.5686889818688982 0.4029255319148936 0.5599721059972106 0.3882978723404255
9 0.5704323570432357 0.36768617021276595 0.5665969316596932 0.4089095744680851 0.5610181311018131 0.4714095744680851 0.5589260808926081 0.5252659574468085 0.5697350069735007 0.5598404255319149 0.5812412831241283 0.567154255319149 0.5889121338912134 0.5139627659574468 0.5878661087866108 0.4401595744680851 0.5910041841004184 0.3696808510638298 0.5840306834030683 0.3663563829787234
10 0.594839609483961 0.36768617021276595 0.5920502092050209 0.3996010638297872 0.5861227336122734 0.4660904255319149 0.5822873082287309 0.5086436170212766 0.5822873082287309 0.5472074468085106 0.597629009762901 0.5877659574468085 0.6133193863319386 0.5325797872340425 0.6112273361227336 0.4601063829787234 0.6150627615062761 0.36436170212765956 0.6112273361227336 0.3384308510638298
11 0.6182008368200836 0.3550531914893617 0.6112273361227336 0.4122340425531915 0.6094839609483961 0.46941489361702127 0.6094839609483961 0.5232712765957447 0.6188981868898187 0.5585106382978723 0.6297071129707112 0.5598404255319149 0.6335425383542538 0.5172872340425532 0.6335425383542538 0.45279255319148937 0.6394700139470014 0.39361702127659576 0.6422594142259415 0.3550531914893617
12 0.6537656903765691 0.3663563829787234 0.6499302649930265 0.40691489361702127 0.643305439330544 0.4621010638297872 0.6363319386331938 0.5232712765957447 0.6345885634588564 0.5598404255319149 0.6520223152022315 0.5764627659574468 0.6624825662482566 0.5472074468085106 0.6656206415620641 0.4734042553191489 0.6711994421199442 0.40691489361702127 0.6760808926080892 0.3716755319148936
14 0.7294281729428173 0.4029255319148936 0.7235006973500697 0.4474734042553192 0.7158298465829847 0.5086436170212766 0.7140864714086471 0.5325797872340425 0.7140864714086471 0.5658244680851063 0.7228033472803347 0.5751329787234043 0.7440725244072525 0.5751329787234043 0.7555788005578801 0.5378989361702128 0.7555788005578801 0.46742021276595747 0.7576708507670851 0.3996010638297872 0.7409344490934449 0.3882978723404255
15 0.7663877266387726 0.40691489361702127 0.7632496513249651 0.4341755319148936 0.7594142259414226 0.4900265957446808 0.7555788005578801 0.5305851063829787 0.7534867503486751 0.5545212765957447 0.7594142259414226 0.5731382978723404 0.7827754532775453 0.5565159574468085 0.7876569037656904 0.5252659574468085 0.7855648535564853 0.4587765957446808 0.7894002789400278 0.4122340425531915
1 0.50278940027894 0.3863031914893617 0.50278940027894 0.4288563829787234 0.49686192468619245 0.48271276595744683 0.4930264993026499 0.5305851063829787 0.4930264993026499 0.5731382978723404 0.5038354253835425 0.5638297872340425 0.5104602510460251 0.4900265957446808 0.5142956764295676 0.42686170212765956 0.5212691771269177 0.3829787234042553
2 0.4766387726638773 0.3809840425531915 0.4700139470013947 0.4288563829787234 0.46582984658298465 0.480718085106383 0.46513249651324967 0.511968085106383 0.4679218967921897 0.5658244680851063 0.48535564853556484 0.5585106382978723 0.49407252440725247 0.4920212765957447 0.5 0.42353723404255317 0.5038354253835425 0.38430851063829785
3 0.44386331938633194 0.3882978723404255 0.4417712691771269 0.43617021276595747 0.4417712691771269 0.4601063829787234 0.44281729428172945 0.5492021276595744 0.4592050209205021 0.5711436170212766 0.4745467224546722 0.5525265957446809 0.4766387726638773 0.5285904255319149 0.4766387726638773 0.4787234042553192 0.4787308228730823 0.4328457446808511 0.4787308228730823 0.37898936170212766
4 0.40481171548117156 0.39228723404255317 0.40481171548117156 0.4195478723404255 0.40585774058577406 0.4767287234042553 0.40690376569037656 0.5159574468085106 0.4096931659693166 0.550531914893617 0.42538354253835425 0.5691489361702128 0.446652719665272 0.5525265957446809 0.449442119944212 0.5285904255319149 0.4456066945606695 0.4953457446808511 0.43688981868898186 0.4434840425531915 0.43584379358437936 0.40492021276595747 0.43584379358437936 0.3829787234042553
5 0.35251046025104604 0.4142287234042553 0.35251046025104604 0.4454787234042553 0.35460251046025104 0.4734042553191489 0.35564853556485354 0.504654255319149 0.3573919107391911 0.5305851063829787 0.3573919107391911 0.5598404255319149 0.3633193863319386 0.5784574468085106 0.3866806136680614 0.5784574468085106 0.39609483960948394 0.567154255319149 0.40202231520223153 0.5492021276595744 0.403068340306834 0.5159574468085106 0.400278940027894 0.48404255319148937 0.3971408647140865 0.4621010638297872 0.39330543933054396 0.4288563829787234 0.38737796373779637 0.40691489361702127
6 0.301255230125523 0.4195478723404255 0.3082287308228731 0.46941489361702127 0.3099721059972106 0.5066489361702128 0.30718270571827055 0.5398936170212766 0.30613668061366806 0.5764627659574468 0.3284518828451883 0.5877659574468085 0.34205020920502094 0.5764627659574468 0.3486750348675035 0.5472074468085106 0.351813110181311 0.48603723404255317 0.3486750348675035 0.4401595744680851 0.33716875871687585 0.4029255319148936
16 0.5453277545327755 0.7579787234042553 0.5453277545327755 0.7207446808510638 0.5425383542538355 0.6728723404255319 0.5348675034867504 0.6117021276595744 0.5502092050209205 0.6003989361702128 0.5523012552301255 0.6416223404255319 0.5523012552301255 0.6655585106382979 0.5523012552301255 0.6914893617021277 0.5540446304044631 0.7227393617021277 0.5578800557880056 0.7593085106382979 0.5571827057182706 0.7832446808510638 0.546373779637378 0.7832446808510638
17 0.5617154811715481 0.7892287234042553 0.5617154811715481 0.7486702127659575 0.556136680613668 0.6968085106382979 0.556136680613668 0.6655585106382979 0.5540446304044631 0.6356382978723404 0.551255230125523 0.6083776595744681 0.5648535564853556 0.5950797872340425 0.5725244072524407 0.625 0.5746164574616457 0.6429521276595744 0.5735704323570432 0.6668882978723404 0.5704323570432357 0.6988031914893617 0.5704323570432357 0.7373670212765957 0.5714783821478382 0.7559840425531915 0.5746164574616457 0.7965425531914894
18 0.5937935843793585 0.8204787234042553 0.5871687587168759 0.7819148936170213 0.5840306834030683 0.7486702127659575 0.5801952580195258 0.7021276595744681 0.5801952580195258 0.6582446808510638 0.5784518828451883 0.6356382978723404 0.5774058577405857 0.6190159574468085 0.5822873082287309 0.6043882978723404 0.5920502092050209 0.6003989361702128 0.597629009762901 0.6210106382978723 0.597629009762901 0.6416223404255319 0.5986750348675035 0.663563829787234 0.5986750348675035 0.6968085106382979 0.599721059972106 0.742686170212766 0.602510460251046 0.7779255319148937 0.604602510460251 0.8091755319148937
19 0.6188981868898187 0.8058510638297872 0.6150627615062761 0.7613031914893617 0.6122733612273361 0.7373670212765957 0.6094839609483961 0.7227393617021277 0.6073919107391911 0.694813829787234 0.6052998605299861 0.6449468085106383 0.6063458856345886 0.6156914893617021 0.6140167364016736 0.6003989361702128 0.6248256624825662 0.6023936170212766 0.6286610878661087 0.6190159574468085 0.6286610878661087 0.6469414893617021 0.6258716875871687 0.6855053191489362 0.6258716875871687 0.7134308510638298 0.6269177126917713 0.7486702127659575 0.6307531380753139 0.7945478723404256 0.6345885634588564 0.8151595744680851
20 0.6499302649930265 0.8151595744680851 0.646094839609484 0.7819148936170213 0.643305439330544 0.7373670212765957 0.643305439330544 0.7041223404255319 0.6314504881450488 0.6396276595744681 0.6286610878661087 0.6210106382978723 0.6324965132496513 0.6097074468085106 0.6443514644351465 0.6083776595744681 0.6576011157601116 0.6263297872340425 0.6617852161785216 0.65625 0.6624825662482566 0.6855053191489362 0.6596931659693166 0.7280585106382979 0.6596931659693166 0.7666223404255319 0.6624825662482566 0.7998670212765957 0.6635285913528591 0.8257978723404256
21 0.6935146443514645 0.7965425531914894 0.6907252440725244 0.7832446808510638 0.6820083682008368 0.7632978723404256 0.6760808926080892 0.7320478723404256 0.6705020920502092 0.6988031914893617 0.6624825662482566 0.6595744680851063 0.6569037656903766 0.6376329787234043 0.6673640167364017 0.6190159574468085 0.694560669456067 0.6170212765957447 0.7109483960948396 0.6230053191489362 0.7158298465829847 0.6615691489361702 0.7179218967921897 0.7154255319148937 0.7283821478382148 0.7632978723404256 0.7360529986052998 0.7945478723404256
22 0.7702231520223152 0.7666223404255319 0.7555788005578801 0.7559840425531915 0.7419804741980475 0.7393617021276596 0.7294281729428173 0.7167553191489362 0.7168758716875872 0.6894946808510638 0.7109483960948396 0.65625 0.7109483960948396 0.6210106382978723 0.7266387726638772 0.6043882978723404 0.7534867503486751 0.5990691489361702 0.7663877266387726 0.6117021276595744 0.7740585774058577 0.6522606382978723 0.7806834030683403 0.6968085106382979 0.796373779637378 0.7413563829787234 0.7845188284518828 0.7706117021276596
24 0.5397489539748954 0.8018617021276596 0.5425383542538355 0.7373670212765957 0.5387029288702929 0.6855053191489362 0.5327754532775453 0.6396276595744681 0.5240585774058577 0.6156914893617021 0.5142956764295676 0.6117021276595744 0.5142956764295676 0.6376329787234043 0.5153417015341701 0.6668882978723404 0.5174337517433751 0.7021276595744681 0.5202231520223152 0.7413563829787234 0.5240585774058577 0.7832446808510638
25 0.5163877266387726 0.8184840425531915 0.5153417015341701 0.7593085106382979 0.5153417015341701 0.6748670212765957 0.5104602510460251 0.6156914893617021 0.4919804741980474 0.6117021276595744 0.4919804741980474 0.6582446808510638 0.49686192468619245 0.711436170212766 0.4989539748953975 0.7519946808510638 0.5 0.8038563829787234 0.5038354253835425 0.8257978723404256
26 0.4825662482566248 0.8204787234042553 0.4902370990237099 0.8184840425531915 0.49128312412831243 0.7912234042553191 0.49511854951185497 0.7579787234042553 0.49616457461645747 0.7320478723404256 0.49616457461645747 0.7021276595744681 0.49407252440725247 0.6688829787234043 0.49128312412831243 0.6063829787234043 0.4794281729428173 0.6083776595744681 0.4689679218967922 0.6097074468085106 0.46687587168758715 0.6303191489361702 0.4679218967921897 0.6595744680851063 0.4640864714086471 0.7061170212765957 0.4630404463040446 0.7466755319148937 0.46582984658298465 0.7819148936170213 0.4707112970711297 0.8184840425531915
27 0.45641562064156205 0.8058510638297872 0.46129707112970714 0.742686170212766 0.46687587168758715 0.6988031914893617 0.4679218967921897 0.6595744680851063 0.4679218967921897 0.6356382978723404 0.4581589958158996 0.6156914893617021 0.4445606694560669 0.6117021276595744 0.4396792189679219 0.6283244680851063 0.4407252440725244 0.65625 0.44281729428172945 0.694813829787234 0.44281729428172945 0.7333776595744681 0.43793584379358436 0.7799202127659575 0.43688981868898186 0.7985372340425532
28 0.4177126917712692 0.8164893617021277 0.4271269177126918 0.7746010638297872 0.4309623430962343 0.7333776595744681 0.4320083682008368 0.7001329787234043 0.4351464435146444 0.6582446808510638 0.43793584379358436 0.6263297872340425 0.4292189679218968 0.6097074468085106 0.41457461645746163 0.6170212765957447 0.40585774058577406 0.6303191489361702 0.40097629009762903 0.6582446808510638 0.40202231520223153 0.7134308510638298 0.403068340306834 0.7393617021276596 0.403068340306834 0.7819148936170213 0.40202231520223153 0.807845744680851
29 0.37482566248256627 0.8151595744680851 0.38458856345885634 0.7832446808510638 0.39435146443514646 0.71875 0.400278940027894 0.6595744680851063 0.403068340306834 0.6263297872340425 0.40202231520223153 0.6117021276595744 0.3786610878661088 0.6170212765957447 0.351813110181311 0.6136968085106383 0.3486750348675035 0.6781914893617021 0.3486750348675035 0.7021276595744681 0.34309623430962344 0.7486702127659575 0.33612273361227335 0.7912234042553191 0.344839609483961 0.824468085106383
30 0.301255230125523 0.807845744680851 0.3158995815899582 0.7832446808510638 0.3305439330543933 0.7579787234042553 0.344839609483961 0.7280585106382979 0.344839609483961 0.694813829787234 0.34797768479776847 0.6449468085106383 0.3458856345885635 0.6210106382978723 0.3197350069735007 0.6117021276595744 0.30613668061366806 0.6117021276595744 0.29358437935843795 0.6230053191489362 0.2907949790794979 0.6522606382978723 0.2869595536959554 0.680186170212766 0.2820781032078103 0.7041223404255319 0.27615062761506276 0.7393617021276596 0.2695258019525802 0.7686170212765957 0.2733612273361227 0.7945478723404256