0 0.4770480225988701 0.5288753799392097 0.5017655367231638 0.5258358662613982 0.5035310734463276 0.24088145896656535 0.4766949152542373 0.24012158054711247 0.4728107344632768 0.4308510638297872 0.4713983050847458 0.506838905775076
1 0.4502118644067797 0.4756838905775076 0.452683615819209 0.5258358662613982 0.4622175141242938 0.5273556231003039 0.471045197740113 0.5273556231003039 0.4752824858757062 0.5151975683890577 0.480225988700565 0.4688449848024316 0.4887005649717514 0.2439209726443769 0.4696327683615819 0.2439209726443769 0.455861581920904 0.4012158054711246
2 0.4262005649717514 0.4825227963525836 0.4293785310734463 0.5113981762917933 0.432909604519774 0.5273556231003039 0.4445621468926554 0.5288753799392097 0.455861581920904 0.5098784194528876 0.4615112994350282 0.4756838905775076 0.4625706214689266 0.418693009118541 0.4682203389830508 0.2196048632218845 0.4438559322033898 0.2317629179331307 0.4350282485875706 0.3943768996960486 0.4318502824858757 0.44756838905775076
3 0.4092514124293785 0.4635258358662614 0.4078389830508475 0.49240121580547114 0.4071327683615819 0.5121580547112462 0.4152542372881356 0.520516717325228 0.4205508474576271 0.513677811550152 0.4318502824858757 0.5045592705167173 0.4367937853107345 0.5045592705167173 0.4487994350282486 0.4878419452887538 0.4463276836158192 0.44756838905775076 0.4449152542372881 0.4270516717325228 0.4449152542372881 0.2196048632218845 0.4166666666666667 0.22720364741641338
4 0.3862994350282486 0.45972644376899696 0.3838276836158192 0.47720364741641336 0.3852401129943503 0.49772036474164133 0.3940677966101695 0.5098784194528876 0.4021892655367232 0.5083586626139818 0.4184322033898305 0.5015197568389058 0.4297316384180791 0.4878419452887538 0.4272598870056497 0.439209726443769 0.4297316384180791 0.20440729483282674 0.3997175141242938 0.2196048632218845 0.393361581920904 0.38069908814589665
5 0.3446327683615819 0.44984802431610943 0.3467514124293785 0.47416413373860183 0.3509887005649718 0.4878419452887538 0.3675847457627119 0.4878419452887538 0.3788841807909605 0.49240121580547114 0.394774011299435 0.4946808510638298 0.4071327683615819 0.46808510638297873 0.4053672316384181 0.43009118541033436 0.3958333333333333 0.21808510638297873 0.3446327683615819 0.24012158054711247 0.3502824858757062 0.3791793313069909
6 0.3082627118644068 0.446048632218845 0.3177966101694915 0.4635258358662614 0.3245056497175141 0.47188449848024316 0.3340395480225989 0.4756838905775076 0.346045197740113 0.46808510638297873 0.3531073446327684 0.4148936170212766 0.3531073446327684 0.3837386018237082 0.3580508474576271 0.23024316109422494 0.3266242937853107 0.23024316109422494 0.3220338983050847 0.33358662613981765 0.3163841807909605 0.3617021276595745
7 0.2690677966101695 0.3981762917933131 0.2786016949152542 0.418693009118541 0.2916666666666667 0.44072948328267475 0.3001412429378531 0.446048632218845 0.3146186440677966 0.43541033434650456 0.3220338983050847 0.3890577507598784 0.327683615819209 0.3305471124620061 0.3421610169491525 0.23024316109422494 0.3132062146892655 0.22340425531914893 0.2944915254237288 0.30927051671732525 0.2867231638418079 0.34574468085106386
8 0.5010593220338984 0.5311550151975684 0.524364406779661 0.5288753799392097 0.528954802259887 0.46504559270516715 0.5264830508474576 0.2712765957446808 0.5035310734463276 0.2803951367781155 0.4978813559322034 0.45288753799392095
9 0.5264830508474576 0.5288753799392097 0.5451977401129944 0.5189969604863222 0.5476694915254238 0.44224924012158057 0.5434322033898306 0.2803951367781155 0.5225988700564972 0.29027355623100304 0.5240112994350282 0.43541033434650456
10 0.5522598870056498 0.5288753799392097 0.5497881355932204 0.4787234042553192 0.5466101694915254 0.4308510638297872 0.5476694915254238 0.39209726443769 0.5522598870056498 0.24696048632218845 0.5653248587570622 0.2439209726443769 0.5667372881355932 0.36322188449848025 0.5737994350282486 0.4787234042553192 0.5699152542372882 0.5182370820668692 0.561087570621469 0.5303951367781155
11 0.5805084745762712 0.5083586626139818 0.5667372881355932 0.5083586626139818 0.5660310734463276 0.4946808510638298 0.5642655367231638 0.45440729483282677 0.5773305084745762 0.2682370820668693 0.5918079096045198 0.2765957446808511 0.5932203389830508 0.3252279635258359 0.5956920903954802 0.44984802431610943 0.5963983050847458 0.4787234042553192 0.5956920903954802 0.5045592705167173 0.588276836158192 0.5250759878419453
12 0.5981638418079096 0.5167173252279635 0.594632768361582 0.5083586626139818 0.5932203389830508 0.4756838905775076 0.5932203389830508 0.4430091185410334 0.5918079096045198 0.25455927051671734 0.6140536723163842 0.2613981762917933 0.6182909604519774 0.4027355623100304 0.6197033898305084 0.439209726443769 0.6197033898305084 0.46808510638297873 0.6246468926553672 0.4810030395136778 0.617231638418079 0.5121580547112462 0.6122881355932204 0.520516717325228
13 0.6324152542372882 0.5098784194528876 0.6197033898305084 0.506838905775076 0.6211158192090396 0.46656534954407297 0.6228813559322034 0.43237082066869303 0.618997175141243 0.3768996960486322 0.6299435028248588 0.25455927051671734 0.6652542372881356 0.2629179331306991 0.659957627118644 0.3905775075987842 0.6606638418079096 0.4133738601823708 0.66454802259887 0.4490881458966565 0.6680790960451978 0.47416413373860183 0.6574858757062146 0.5151975683890577 0.6437146892655368 0.5189969604863222 0.6324152542372882 0.5250759878419453
14 0.679731638418079 0.5 0.6670197740112994 0.48024316109422494 0.66454802259887 0.446048632218845 0.66454802259887 0.4148936170212766 0.66454802259887 0.39209726443769 0.6624293785310734 0.26595744680851063 0.6896186440677966 0.2591185410334346 0.693502824858757 0.25987841945288753 0.6984463276836158 0.41109422492401215 0.7005649717514124 0.42857142857142855 0.7023305084745762 0.4703647416413374 0.7005649717514124 0.4870820668693009 0.6871468926553672 0.49620060790273557
15 0.7086864406779662 0.46808510638297873 0.6984463276836158 0.44072948328267475 0.6984463276836158 0.3905775075987842 0.6959745762711864 0.34574468085106386 0.6945621468926554 0.24088145896656535 0.7143361581920904 0.24772036474164133 0.7319915254237288 0.3617021276595745 0.7344632768361582 0.41109422492401215 0.7358757062146892 0.44072948328267475 0.7274011299435028 0.46656534954407297 0.7182203389830508 0.47188449848024316
16 0.4985875706214689 0.5683890577507599 0.5194209039548022 0.5691489361702128 0.5225988700564972 0.7674772036474165 0.5169491525423728 0.7720364741641338
17 0.5187146892655368 0.6208206686930091 0.5130649717514124 0.5653495440729484 0.5370762711864406 0.5630699088145896 0.5384887005649718 0.6329787234042553 0.5353107344632768 0.7811550151975684 0.5201271186440678 0.7849544072948328
18 0.5420197740112994 0.6398176291793313 0.5353107344632768 0.5706686930091185 0.5451977401129944 0.5547112462006079 0.5603813559322034 0.5759878419452887 0.5617937853107344 0.6808510638297872 0.5628531073446328 0.8138297872340425 0.5416666666666666 0.8138297872340425
19 0.5635593220338984 0.6268996960486323 0.5572033898305084 0.5896656534954408 0.5621468926553672 0.5653495440729484 0.5706214689265536 0.5493920972644377 0.5850988700564972 0.5721884498480243 0.588276836158192 0.6063829787234043 0.5925141242937854 0.7933130699088146 0.5737994350282486 0.8054711246200608
20 0.591454802259887 0.6238601823708206 0.5829802259887006 0.5980243161094225 0.5805084745762712 0.5737082066869301 0.5956920903954802 0.5531914893617021 0.6094632768361582 0.5569908814589666 0.617231638418079 0.5820668693009119 0.615819209039548 0.6603343465045592 0.6253531073446328 0.797112462006079 0.6002824858757062 0.7933130699088146
22 0.6701977401129944 0.6200607902735562 0.6592514124293786 0.5820668693009119 0.6557203389830508 0.5600303951367781 0.659957627118644 0.53419452887538 0.6680790960451978 0.5235562310030395 0.6832627118644068 0.520516717325228 0.688912429378531 0.5121580547112462 0.6984463276836158 0.520516717325228 0.7048022598870056 0.5516717325227963 0.7153954802259888 0.6071428571428571 0.7489406779661016 0.7218844984802432 0.711864406779661 0.75 0.6822033898305084 0.6580547112462006
23 0.7175141242937854 0.5737082066869301 0.7030367231638418 0.5547112462006079 0.7033898305084746 0.5235562310030395 0.7048022598870056 0.5045592705167173 0.7182203389830508 0.48024316109422494 0.7249293785310734 0.47720364741641336 0.736228813559322 0.46808510638297873 0.7415254237288136 0.4703647416413374 0.7489406779661016 0.4946808510638298 0.751412429378531 0.5121580547112462 0.7768361581920904 0.6344984802431611 0.7609463276836158 0.6648936170212766 0.736228813559322 0.6344984802431611 0.7249293785310734 0.6101823708206687
24 0.481638418079096 0.5638297872340425 0.5 0.5668693009118541 0.5130649717514124 0.7727963525835866 0.4961158192090395 0.7773556231003039
25 0.4608050847457627 0.5615501519756839 0.4791666666666667 0.5638297872340425 0.5035310734463276 0.7879939209726444 0.4872881355932203 0.8016717325227963 0.471045197740113 0.675531914893617
26 0.4417372881355932 0.6344984802431611 0.4392655367231638 0.5820668693009119 0.4505649717514124 0.5516717325227963 0.4600988700564972 0.5600303951367781 0.4682203389830508 0.6101823708206687 0.480225988700565 0.6960486322188449 0.481638418079096 0.8229483282674772 0.4544491525423729 0.8275075987841946 0.4445621468926554 0.6914893617021277
27 0.4198446327683616 0.7378419452887538 0.4159604519774011 0.6580547112462006 0.4180790960451977 0.601063829787234 0.4205508474576271 0.5775075987841946 0.4247881355932203 0.5531914893617021 0.4413841807909605 0.5531914893617021 0.4495056497175141 0.5752279635258358 0.4456214689265537 0.675531914893617 0.4495056497175141 0.8206686930091185 0.4262005649717514 0.824468085106383
28 0.3884180790960452 0.8069908814589666 0.3983050847457627 0.7279635258358662 0.3958333333333333 0.6808510638297872 0.3940677966101695 0.6360182370820668 0.3926553672316384 0.5881458966565349 0.3926553672316384 0.5615501519756839 0.4071327683615819 0.5440729483282675 0.4216101694915254 0.5440729483282675 0.432909604519774 0.5448328267477204 0.4318502824858757 0.5759878419452887 0.4272598870056497 0.6306990881458967 0.4279661016949153 0.6960486322188449 0.4184322033898305 0.8069908814589666
29 0.332274011299435 0.7606382978723404 0.3333333333333333 0.689209726443769 0.3421610169491525 0.6360182370820668 0.346045197740113 0.6139817629179332 0.3467514124293785 0.5820668693009119 0.346045197740113 0.5493920972644377 0.3509887005649718 0.5273556231003039 0.3732344632768362 0.5250759878419453 0.3877118644067797 0.5220364741641338 0.4021892655367232 0.5326747720364742 0.4071327683615819 0.5372340425531915 0.4071327683615819 0.587386018237082 0.4014830508474576 0.6132218844984803 0.3862994350282486 0.6960486322188449 0.3622881355932203 0.7781155015197568
30 0.2690677966101695 0.6968085106382979 0.2786016949152542 0.6375379939209727 0.2867231638418079 0.5949848024316109 0.2962570621468927 0.5691489361702128 0.2994350282485876 0.5311550151975684 0.3057909604519774 0.506079027355623 0.3177966101694915 0.49620060790273557 0.3411016949152542 0.5045592705167173 0.3573446327683616 0.5235562310030395 0.3580508474576271 0.5493920972644377 0.3421610169491525 0.6086626139817629 0.330861581920904 0.6512158054711246 0.3026129943502825 0.7583586626139818
31 0.2153954802259887 0.6329787234042553 0.2266949152542373 0.5858662613981763 0.2355225988700565 0.5440729483282675 0.240819209039548 0.5235562310030395 0.2475282485875706 0.4878419452887538 0.2507062146892655 0.4582066869300912 0.2634180790960452 0.446048632218845 0.2944915254237288 0.45972644376899696 0.3125 0.4787234042553192 0.3245056497175141 0.493161094224924 0.3114406779661017 0.5288753799392097 0.298728813559322 0.5569908814589666 0.2849576271186441 0.5942249240121581 0.2560028248587571 0.6550151975683891