0 0.45228215767634855 0.4726443768996961 0.44744121715076074 0.5227963525835866 0.47372060857538034 0.5486322188449848 0.48686030428769017 0.5319148936170213 0.48201936376210236 0.4316109422492401 0.47372060857538034 0.2933130699088146 0.46957123098201936 0.24012158054711247 0.44951590594744123 0.21580547112462006 0.44398340248962653 0.2629179331306991 0.45228215767634855 0.44680851063829785
1 0.4239280774550484 0.46656534954407297 0.4239280774550484 0.5091185410334347 0.42946058091286304 0.5349544072948328 0.44536652835408025 0.5303951367781155 0.4529737206085754 0.5075987841945289 0.4529737206085754 0.40425531914893614 0.4529737206085754 0.3100303951367781 0.45020746887966806 0.2629179331306991 0.44813278008298757 0.2066869300911854 0.43015214384508993 0.21124620060790272 0.4239280774550484 0.30243161094224924
2 0.39764868603042874 0.4726443768996961 0.3997233748271093 0.5227963525835866 0.41286307053941906 0.547112462006079 0.4239280774550484 0.5288753799392097 0.43568464730290457 0.4696048632218845 0.42323651452282157 0.3677811550151976 0.41562932226832644 0.25227963525835867 0.4107883817427386 0.19300911854103345 0.3997233748271093 0.1838905775075988 0.3893499308437068 0.24164133738601823 0.3879668049792531 0.3723404255319149
3 0.3706777316735823 0.4787234042553192 0.3706777316735823 0.5182370820668692 0.38105117565698476 0.547112462006079 0.4004149377593361 0.5395136778115501 0.41286307053941906 0.5106382978723404 0.4135546334716459 0.44224924012158057 0.40594744121715076 0.3662613981762918 0.39903181189488246 0.29635258358662614 0.3941908713692946 0.24620060790273557 0.3872752420470263 0.2006079027355623 0.37413554633471646 0.2006079027355623 0.36721991701244816 0.2674772036474164 0.37206085753803597 0.4012158054711246
4 0.3457814661134163 0.47112462006079026 0.3450899031811895 0.5212765957446809 0.3644536652835408 0.5516717325227963 0.3796680497925311 0.5319148936170213 0.38865836791147995 0.4969604863221885 0.3796680497925311 0.425531914893617 0.3706777316735823 0.3373860182370821 0.3665283540802213 0.29027355623100304 0.3630705394190871 0.24012158054711247 0.3506224066390041 0.23404255319148937 0.34163208852005533 0.25835866261398177 0.34024896265560167 0.3525835866261398
5 0.31742738589211617 0.46504559270516715 0.31742738589211617 0.506079027355623 0.32088520055325037 0.5455927051671733 0.3354080221300138 0.5516717325227963 0.3575380359612725 0.5395136778115501 0.3575380359612725 0.5015197568389058 0.34854771784232363 0.4088145896656535 0.3457814661134163 0.31458966565349544 0.3409405255878285 0.2629179331306991 0.3326417704011065 0.24772036474164133 0.318118948824343 0.28419452887537994 0.31466113416320884 0.3601823708206687
6 0.28492392807745504 0.45288753799392095 0.28077455048409405 0.5015197568389058 0.2869986168741355 0.541033434650456 0.30221300138312585 0.547112462006079 0.32088520055325037 0.5303951367781155 0.3188105117565698 0.4878419452887538 0.3132780082987552 0.36930091185410335 0.30982019363762103 0.3282674772036474 0.3049792531120332 0.2674772036474164 0.29045643153526973 0.2507598784194529 0.2773167358229599 0.29027355623100304 0.27869986168741356 0.4072948328267477
7 0.24896265560165975 0.45440729483282677 0.24619640387275243 0.47720364741641336 0.24550484094052558 0.5106382978723404 0.26141078838174275 0.5334346504559271 0.27593360995850624 0.5243161094224924 0.2863070539419087 0.49848024316109424 0.2869986168741355 0.42401215805471126 0.28284923928077454 0.3252279635258359 0.2745504840940526 0.2674772036474164 0.2600276625172891 0.24772036474164133 0.23789764868603042 0.24924012158054712 0.2330567081604426 0.2948328267477204
8 0.48616874135546334 0.45440729483282677 0.4847856154910097 0.5243161094224924 0.4903181189488243 0.5455927051671733 0.508298755186722 0.547112462006079 0.5200553250345782 0.5303951367781155 0.520746887966805 0.49544072948328266 0.5124481327800829 0.4331306990881459 0.5159059474412172 0.34802431610942247 0.5145228215767634 0.2948328267477204 0.5110650069156293 0.24924012158054712 0.4979253112033195 0.2127659574468085 0.491701244813278 0.2066869300911854 0.487551867219917 0.24924012158054712
9 0.5124481327800829 0.46048632218844987 0.5145228215767634 0.5212765957446809 0.5297372060857538 0.5349544072948328 0.5449515905947441 0.5091185410334347 0.5442600276625172 0.4574468085106383 0.5387275242047026 0.364741641337386 0.5394190871369294 0.2948328267477204 0.5380359612724758 0.21580547112462006 0.5401106500691563 0.1702127659574468 0.5283540802213001 0.1413373860182371 0.5159059474412172 0.1474164133738602 0.5103734439834025 0.1702127659574468 0.5131396957123098 0.3708206686930091
10 0.5394190871369294 0.4209726443768997 0.533195020746888 0.45440729483282677 0.5373443983402489 0.5151975683890577 0.5553250345781466 0.5425531914893617 0.5677731673582296 0.5258358662613982 0.5726141078838174 0.4316109422492401 0.5795297372060858 0.3617021276595745 0.5802213001383126 0.2507598784194529 0.5816044260027663 0.1580547112462006 0.5691562932226832 0.14285714285714285 0.5532503457814661 0.17477203647416414 0.5401106500691563 0.25835866261398177
11 0.5573997233748271 0.4635258358662614 0.5567081604426003 0.4908814589665654 0.5615491009681881 0.5319148936170213 0.5871369294605809 0.5379939209726444 0.5968188105117566 0.5273556231003039 0.6023513139695712 0.4726443768996961 0.603042876901798 0.3799392097264438 0.6127247579529738 0.32674772036474165 0.6154910096818811 0.2750759878419453 0.6147994467496543 0.2127659574468085 0.5995850622406639 0.21580547112462006 0.5892116182572614 0.2553191489361702 0.5781466113416321 0.3495440729483283
12 0.5864453665283541 0.45440729483282677 0.5816044260027663 0.5015197568389058 0.5968188105117566 0.5455927051671733 0.6147994467496543 0.5455927051671733 0.6258644536652835 0.5319148936170213 0.6286307053941909 0.4848024316109423 0.6300138312586445 0.41033434650455924 0.6369294605809128 0.33282674772036475 0.6410788381742739 0.2826747720364742 0.6424619640387276 0.23708206686930092 0.6286307053941909 0.22644376899696048 0.6141078838174274 0.25835866261398177 0.598893499308437 0.3951367781155015
13 0.6244813278008299 0.45592705167173253 0.6168741355463347 0.4939209726443769 0.6230982019363762 0.5395136778115501 0.6459197786998617 0.5486322188449848 0.6618257261410788 0.5455927051671733 0.669432918395574 0.5319148936170213 0.6687413554633471 0.4756838905775076 0.673582295988935 0.4072948328267477 0.6763485477178424 0.3829787234042553 0.677731673582296 0.35106382978723405 0.6811894882434302 0.3252279635258359 0.6791147994467497 0.303951367781155 0.669432918395574 0.28419452887537994 0.6535269709543569 0.2857142857142857 0.6431535269709544 0.3191489361702128 0.6327800829875518 0.378419452887538
14 0.6659751037344398 0.46048632218844987 0.6659751037344398 0.5075987841945289 0.6742738589211619 0.5379939209726444 0.690179806362379 0.541033434650456 0.7047026279391425 0.5243161094224924 0.7060857538035962 0.4848024316109423 0.7095435684647303 0.43617021276595747 0.7143845089903181 0.37537993920972645 0.7157676348547718 0.34802431610942247 0.7157676348547718 0.3221884498480243 0.7088520055325035 0.2826747720364742 0.6957123098201936 0.2796352583586626 0.6839557399723375 0.303951367781155 0.6770401106500692 0.3465045592705167 0.6728907330567082 0.4012158054711246
15 0.7081604426002767 0.4635258358662614 0.706777316735823 0.49848024316109424 0.7102351313969572 0.5440729483282675 0.719225449515906 0.5516717325227963 0.7378976486860305 0.5334346504559271 0.7441217150760719 0.4969604863221885 0.7406639004149378 0.41793313069908816 0.7413554633471646 0.3434650455927052 0.7413554633471646 0.30243161094224924 0.7323651452282157 0.270516717325228 0.7213001383125864 0.2674772036474164 0.7157676348547718 0.30243161094224924
16 0.5034578146611342 0.5547112462006079 0.5006915629322268 0.5638297872340425 0.5006915629322268 0.6671732522796353 0.5006915629322268 0.7644376899696048 0.5020746887966805 0.7963525835866262 0.5193637621023514 0.7917933130699089 0.5228215767634855 0.756838905775076 0.520746887966805 0.6276595744680851 0.5255878284923928 0.560790273556231 0.5228215767634855 0.547112462006079 0.5096818810511756 0.5455927051671733
17 0.5221300138312587 0.547112462006079 0.5159059474412172 0.5547112462006079 0.5193637621023514 0.6139817629179332 0.5200553250345782 0.71580547112462 0.5214384508990318 0.7522796352583586 0.5228215767634855 0.7948328267477204 0.5297372060857538 0.8100303951367781 0.5421853388658368 0.770516717325228 0.5435684647302904 0.6641337386018237 0.5449515905947441 0.5942249240121581 0.5477178423236515 0.560790273556231 0.5387275242047026 0.5486322188449848
18 0.5477178423236515 0.5577507598784195 0.5380359612724758 0.5638297872340425 0.5394190871369294 0.6231003039513677 0.5435684647302904 0.729483282674772 0.5421853388658368 0.8237082066869301 0.5414937759336099 0.8495440729483282 0.5511756569847857 0.8632218844984803 0.5656984785615491 0.8434650455927052 0.573997233748271 0.7750759878419453 0.5719225449515906 0.6580547112462006 0.5705394190871369 0.5805471124620061 0.5650069156293223 0.5668693009118541
19 0.5816044260027663 0.5577507598784195 0.5705394190871369 0.5653495440729484 0.5670816044260027 0.5911854103343465 0.5663900414937759 0.6458966565349544 0.5719225449515906 0.7948328267477204 0.5753803596127247 0.8449848024316109 0.5836791147994468 0.8465045592705167 0.5933609958506224 0.8115501519756839 0.5954356846473029 0.7188449848024316 0.598893499308437 0.6276595744680851 0.5995850622406639 0.5866261398176292 0.5954356846473029 0.5668693009118541
20 0.5982019363762102 0.5683890577507599 0.5850622406639004 0.5805471124620061 0.5912863070539419 0.6610942249240122 0.6002766251728907 0.7629179331306991 0.6092669432918395 0.8328267477203647 0.6168741355463347 0.8525835866261399 0.6230982019363762 0.8419452887537994 0.6272475795297372 0.8206686930091185 0.6230982019363762 0.7537993920972644 0.6210235131396957 0.6337386018237082 0.6244813278008299 0.5851063829787234 0.6134163208852006 0.5638297872340425
21 0.6230982019363762 0.5592705167173252 0.6175656984785616 0.5592705167173252 0.6106500691562933 0.5942249240121581 0.6189488243430152 0.6428571428571429 0.6258644536652835 0.7674772036474165 0.6327800829875518 0.8206686930091185 0.6459197786998617 0.8297872340425532 0.6625172890733056 0.8282674772036475 0.6721991701244814 0.7963525835866262 0.6749654218533887 0.756838905775076 0.6666666666666666 0.6838905775075987 0.6632088520055325 0.6185410334346505 0.665283540802213 0.5805471124620061 0.6556016597510373 0.5623100303951368 0.6396957123098201 0.5562310030395137
22 0.673582295988935 0.5623100303951368 0.6618257261410788 0.5577507598784195 0.65283540802213 0.5699088145896657 0.65283540802213 0.6063829787234043 0.6632088520055325 0.6550151975683891 0.6680497925311203 0.7264437689969605 0.677731673582296 0.7796352583586627 0.6867219917012448 0.8054711246200608 0.7053941908713693 0.8085106382978723 0.7219917012448133 0.7963525835866262 0.7254495159059474 0.7674772036474165 0.7254495159059474 0.7340425531914894 0.7178423236514523 0.6899696048632219 0.7130013831258645 0.6504559270516718 0.7136929460580913 0.601823708206687 0.7074688796680498 0.5683890577507599 0.6970954356846473 0.5623100303951368
24 0.48616874135546334 0.5577507598784195 0.4847856154910097 0.5775075987841946 0.48616874135546334 0.682370820668693 0.48686030428769017 0.78419452887538 0.48893499308437066 0.8069908814589666 0.495850622406639 0.8100303951367781 0.5 0.7872340425531915 0.5013831258644537 0.662613981762918 0.5013831258644537 0.6003039513677811 0.5034578146611342 0.560790273556231
25 0.4605809128630705 0.5547112462006079 0.4633471645919779 0.6109422492401215 0.4654218533886584 0.7112462006079028 0.4681881051175657 0.790273556231003 0.47441217150760717 0.8221884498480243 0.48409405255878285 0.8191489361702128 0.48686030428769017 0.7781155015197568 0.48409405255878285 0.6762917933130699 0.4847856154910097 0.5881458966565349 0.4847856154910097 0.5592705167173252 0.4778699861687414 0.5516717325227963 0.470954356846473 0.5516717325227963
26 0.44744121715076074 0.5531914893617021 0.43568464730290457 0.5653495440729484 0.43291839557399725 0.6124620060790273 0.43291839557399725 0.7036474164133738 0.4315352697095436 0.8069908814589666 0.43983402489626555 0.8571428571428571 0.4515905947441217 0.8647416413373861 0.4633471645919779 0.8465045592705167 0.46473029045643155 0.7492401215805471 0.4640387275242047 0.621580547112462 0.4640387275242047 0.574468085106383 0.45850622406639 0.5547112462006079
27 0.4197786998616874 0.5653495440729484 0.4107883817427386 0.5714285714285714 0.40525587828492393 0.5987841945288754 0.4024896265560166 0.6474164133738601 0.4024896265560166 0.7036474164133738 0.40318118948824344 0.7963525835866262 0.40387275242047027 0.8297872340425532 0.4142461964038728 0.8434650455927052 0.4260027662517289 0.8389057750759878 0.43291839557399725 0.7933130699088146 0.4363762102351314 0.662613981762918 0.4426002766251729 0.6124620060790273 0.4432918395573997 0.5896656534954408 0.43568464730290457 0.5699088145896657
28 0.3914246196403873 0.5668693009118541 0.38589211618257263 0.5835866261398176 0.3817427385892116 0.6246200607902735 0.3775933609958506 0.7127659574468085 0.37206085753803597 0.7948328267477204 0.37136929460580914 0.8282674772036475 0.3796680497925311 0.8541033434650456 0.3900414937759336 0.8541033434650456 0.4017980636237898 0.817629179331307 0.40387275242047027 0.7325227963525835 0.4114799446749654 0.6458966565349544 0.4280774550484094 0.5911854103343465 0.4218533886583679 0.5699088145896657 0.4107883817427386 0.5653495440729484
29 0.35892116182572614 0.5638297872340425 0.338865836791148 0.5835866261398176 0.33955739972337484 0.6352583586626139 0.33195020746887965 0.776595744680851 0.326417704011065 0.8358662613981763 0.355463347164592 0.8541033434650456 0.3775933609958506 0.8069908814589666 0.3879668049792531 0.7462006079027356 0.39280774550484093 0.6474164133738601 0.40110650069156295 0.5775075987841946 0.3941908713692946 0.5577507598784195 0.3706777316735823 0.5592705167173252
30 0.3084370677731674 0.5516717325227963 0.3049792531120332 0.5653495440729484 0.2994467496542185 0.6048632218844985 0.29806362378976486 0.6702127659574468 0.28077455048409405 0.7522796352583586 0.28077455048409405 0.7811550151975684 0.29114799446749656 0.8267477203647416 0.3188105117565698 0.8282674772036475 0.330567081604426 0.7993920972644377 0.33955739972337484 0.7082066869300911 0.3450899031811895 0.6413373860182371 0.35131396957123096 0.5987841945288754 0.35131396957123096 0.5683890577507599 0.34923928077455046 0.5501519756838906 0.32918395573997233 0.5501519756838906 0.3153526970954357 0.5501519756838906
31 0.27247579529737204 0.5379939209726444 0.2621023513139696 0.5425531914893617 0.25933609958506226 0.5653495440729484 0.2524204702627939 0.6246200607902735 0.24066390041493776 0.6504559270516718 0.22130013831258644 0.6610942249240122 0.2143845089903181 0.6793313069908815 0.21230982019363762 0.7249240121580547 0.2268326417704011 0.756838905775076 0.2503457814661134 0.7629179331306991 0.27247579529737204 0.7340425531914894 0.29045643153526973 0.6914893617021277 0.3008298755186722 0.6382978723404256 0.31051175656984786 0.5851063829787234 0.3118948824343015 0.560790273556231 0.301521438450899 0.5486322188449848 0.2842323651452282 0.5425531914893617