0 0.485339772335288 0.33814589665653494 0.4870645050017247 0.3776595744680851 0.484304932735426 0.4270516717325228 0.48327009313556396 0.46200607902735563 0.48120041393583995 0.5007598784194529 0.48637461193515 0.5311550151975684 0.5039668851328044 0.5159574468085106 0.5060365643325284 0.48404255319148937 0.5039668851328044 0.41641337386018235 0.5050017247326665 0.37537993920972645 0.5087961365988272 0.33586626139817627 0.5029320455329424 0.32066869300911854 0.49223870300103484 0.32066869300911854
1 0.46360814073818557 0.32750759878419455 0.4577440496723008 0.39893617021276595 0.4594687823387375 0.4316109422492401 0.46153846153846156 0.46200607902735563 0.4694722318040704 0.5296352583586627 0.47533632286995514 0.5007598784194529 0.4763711624698172 0.4490881458966565 0.47533632286995514 0.3966565349544073 0.47533632286995514 0.3533434650455927
2 0.44567092100724387 0.33358662613981765 0.4467057606071059 0.3472644376899696 0.44877543980682993 0.3905775075987842 0.4467057606071059 0.42933130699088146 0.4408416695412211 0.4574468085106383 0.43704725767506036 0.5053191489361702 0.4536046912728527 0.49012158054711247 0.45670921007243875 0.418693009118541 0.4587788892721628 0.3639817629179331 0.4605036219385995 0.33206686930091184 0.45567437047257675 0.3168693009118541
3 0.43014832700931355 0.33586626139817627 0.42911348740945154 0.37537993920972645 0.4249741290100035 0.42933130699088146 0.42324939634356673 0.4642857142857143 0.4249741290100035 0.5053191489361702 0.43704725767506036 0.4969604863221885 0.4408416695412211 0.4551671732522796 0.4449810279406692 0.41413373860182373 0.4449810279406692 0.3708206686930091 0.44567092100724387 0.33586626139817627 0.44567092100724387 0.3183890577507599 0.43601241807519836 0.3123100303951368
4 0.41117626767850984 0.31458966565349544 0.41221110727837185 0.35106382978723405 0.41117626767850984 0.39893617021276595 0.404277337012763 0.44452887537993924 0.4015177647464643 0.479483282674772 0.417385305277682 0.4946808510638298 0.42324939634356673 0.4946808510638298 0.42807864780958954 0.46200607902735563 0.42807864780958954 0.41641337386018235 0.43014832700931355 0.37537993920972645 0.43014832700931355 0.33814589665653494 0.43014832700931355 0.3183890577507599 0.42911348740945154 0.2948328267477204
5 0.38668506381510864 0.3168693009118541 0.3818558123490859 0.3533434650455927 0.37702656088306313 0.39285714285714285 0.37288720248361507 0.42933130699088146 0.37288720248361507 0.4642857142857143 0.3828906519489479 0.4878419452887538 0.4004829251466023 0.48556231003039513 0.40531217661262503 0.4642857142857143 0.40531217661262503 0.4399696048632219 0.40531217661262503 0.4034954407294833 0.40358744394618834 0.33814589665653494 0.4063470162124871 0.3100303951367781 0.3984132459468782 0.29711246200607905
6 0.35908934115212143 0.28419452887537994 0.3563297688858227 0.3123100303951368 0.3511555708865126 0.3427051671732523 0.34322180062090374 0.37537993920972645 0.338392549154881 0.40805471124620063 0.337357709555019 0.44452887537993924 0.34839599862021386 0.4726443768996961 0.3632286995515695 0.4749240121580547 0.37702656088306313 0.46200607902735563 0.37392204208347707 0.4338905775075988 0.36805795101759226 0.3966565349544073 0.370817523283891 0.3533434650455927 0.37702656088306313 0.3123100303951368 0.37702656088306313 0.2796352583586626
7 0.3256295274232494 0.2864741641337386 0.3187305967575026 0.3252279635258359 0.31562607795791653 0.3533434650455927 0.3087271472921697 0.39893617021276595 0.3028630562262849 0.42325227963525835 0.2990686443601242 0.4551671732522796 0.3145912383580545 0.46656534954407297 0.3352880303552949 0.4703647416413374 0.3463263194204898 0.43844984802431614 0.3452914798206278 0.3882978723404255 0.3463263194204898 0.3472644376899696 0.3521904104863746 0.2993920972644377 0.3552949292859607 0.28419452887537994 0.33942738875474304 0.2712765957446808
8 0.516729906864436 0.32066869300911854 0.516729906864436 0.3487841945288754 0.514660227664712 0.4012158054711246 0.5119006553984132 0.4270516717325228 0.5070714039323905 0.45972644376899696 0.5060365643325284 0.5075987841945289 0.5087961365988272 0.5227963525835866 0.5225939979303208 0.5250759878419453 0.5305277681959296 0.5098784194528876 0.5325974473956536 0.4749240121580547 0.5336322869955157 0.4399696048632219 0.5363918592618144 0.3943768996960486 0.5384615384615384 0.3533434650455927 0.5443256295274232 0.3183890577507599
9 0.5453604691272853 0.32978723404255317 0.5422559503276992 0.3776595744680851 0.5353570196619524 0.42933130699088146 0.5336322869955157 0.479483282674772 0.5415660572611245 0.5121580547112462 0.5570886512590548 0.520516717325228 0.5629527423249396 0.4878419452887538 0.5629527423249396 0.4490881458966565 0.562262849258365 0.3776595744680851 0.5670921007243878 0.32066869300911854 0.5581234908589169 0.31458966565349544
10 0.5691617799241118 0.32066869300911854 0.5691617799241118 0.35790273556231 0.5629527423249396 0.4247720364741641 0.562262849258365 0.46200607902735563 0.5650224215246636 0.5007598784194529 0.5788202828561573 0.5030395136778115 0.5829596412556054 0.4688449848024316 0.5857192135219041 0.41413373860182373 0.5905484649879269 0.3472644376899696 0.5905484649879269 0.3123100303951368
11 0.5867540531217661 0.32750759878419455 0.5857192135219041 0.35790273556231 0.5829596412556054 0.4034954407294833 0.5798551224560193 0.4513677811550152 0.5798551224560193 0.4878419452887538 0.5898585719213522 0.5098784194528876 0.6015867540531218 0.4969604863221885 0.6036564332528458 0.46200607902735563 0.6043463263194205 0.4012158054711246 0.6043463263194205 0.3556231003039514 0.6064160055191445 0.3183890577507599 0.596757502587099 0.3123100303951368
12 0.6105553639185927 0.3229483282674772 0.6036564332528458 0.3662613981762918 0.5984822352535357 0.41185410334346506 0.595722662987237 0.4703647416413374 0.6015867540531218 0.5030395136778115 0.6222835460503622 0.5121580547112462 0.6360814073818558 0.4992401215805471 0.6381510865815798 0.4688449848024316 0.6340117281821318 0.40577507598784196 0.6340117281821318 0.34498480243161095 0.630217316315971 0.3229483282674772
13 0.6360814073818558 0.3100303951367781 0.6329768885822697 0.35106382978723405 0.6329768885822697 0.39893617021276595 0.6329768885822697 0.4399696048632219 0.6419454984477406 0.4817629179331307 0.6526388409796482 0.49012158054711247 0.6716109003104519 0.49240121580547114 0.6733356329768886 0.4749240121580547 0.6733356329768886 0.4551671732522796 0.672645739910314 0.41413373860182373 0.664711969644705 0.37537993920972645 0.661607450845119 0.32978723404255317 0.6567781993790962 0.30547112462006076
14 0.6695412211107279 0.30319148936170215 0.6685063815108658 0.3639817629179331 0.6685063815108658 0.42933130699088146 0.6716109003104519 0.4726443768996961 0.6881683339082442 0.479483282674772 0.7002414625733011 0.4642857142857143 0.7061055536391859 0.4490881458966565 0.707140393239048 0.4247720364741641 0.7012763021731632 0.38145896656534956 0.6912728527078302 0.34498480243161095 0.6912728527078302 0.2993920972644377
16 0.5060365643325284 0.5509118541033434 0.5018972059330804 0.5835866261398176 0.5029320455329424 0.6185410334346505 0.5001724732666437 0.6854103343465046 0.5001724732666437 0.7310030395136778 0.5087961365988272 0.6899696048632219 0.514660227664712 0.6360182370820668 0.516729906864436 0.6033434650455927 0.519834425664022 0.5683890577507599 0.519834425664022 0.5554711246200608
17 0.5256985167299069 0.5509118541033434 0.5187995860641601 0.6162613981762918 0.5187995860641601 0.6572948328267477 0.5119006553984132 0.7203647416413373 0.515695067264574 0.7811550151975684 0.5277681959296309 0.702887537993921 0.5336322869955157 0.6246200607902735 0.5363918592618144 0.5881458966565349 0.5422559503276992 0.5463525835866262
18 0.5374266988616765 0.5448328267477204 0.5353570196619524 0.6033434650455927 0.5353570196619524 0.6466565349544073 0.5363918592618144 0.7120060790273556 0.5415660572611245 0.7575987841945289 0.55122456019317 0.6618541033434651 0.5543290789927561 0.6185410334346505 0.5543290789927561 0.5790273556231003 0.5532942393928941 0.5448328267477204
19 0.5639875819248017 0.5486322188449848 0.5570886512590548 0.5638297872340425 0.5560538116591929 0.5942249240121581 0.5543290789927561 0.6534954407294833 0.5560538116591929 0.7051671732522796 0.562262849258365 0.7507598784194529 0.5660572611245257 0.6922492401215805 0.5681269403242497 0.6208206686930091 0.5708865125905485 0.5775075987841946
20 0.5760607105898585 0.5425531914893617 0.5681269403242497 0.5638297872340425 0.5729561917902725 0.6094224924012158 0.5767506036564333 0.6466565349544073 0.5798551224560193 0.7074468085106383 0.5888237323214902 0.7226443768996961 0.593652983787513 0.6876899696048632 0.593652983787513 0.6231003039513677 0.593652983787513 0.5661094224924013 0.5898585719213522 0.5357142857142857
22 0.6319420489824077 0.5250759878419453 0.626077957916523 0.540273556231003 0.6243532252500862 0.5554711246200608 0.6360814073818558 0.5942249240121581 0.6478095895136254 0.6398176291793313 0.6547085201793722 0.6816109422492401 0.6705760607105898 0.7051671732522796 0.6854087616419455 0.6770516717325228 0.6871334943083822 0.6291793313069909 0.6774749913763367 0.5775075987841946 0.6657468092445671 0.540273556231003 0.6664367023111418 0.5182370820668692
23 0.6843739220420835 0.5075987841945289 0.6716109003104519 0.5144376899696048 0.6685063815108658 0.5357142857142857 0.6774749913763367 0.5615501519756839 0.6864436012418075 0.5987841945288754 0.694032424974129 0.648936170212766 0.7088651259054847 0.6770516717325228 0.7236978268368403 0.6770516717325228 0.7288720248361504 0.6382978723404256 0.7316315971024491 0.6094224924012158 0.7236978268368403 0.5638297872340425 0.7098999655053466 0.5227963525835866 0.7061055536391859 0.5007598784194529 0.697136943773715 0.4969604863221885
24 0.4901690238013108 0.7226443768996961 0.4960331148671956 0.6770516717325228 0.49913763366678165 0.6314589665653495 0.5008623663332183 0.5881458966565349 0.5039668851328044 0.5486322188449848 0.4891341842014488 0.5357142857142857 0.4870645050017247 0.5577507598784195 0.4870645050017247 0.5790273556231003 0.48637461193515 0.6094224924012158 0.484304932735426 0.6398176291793313 0.48327009313556396 0.668693009118541 0.4801655743359779 0.7006079027355623
25 0.48223525353570196 0.5357142857142857 0.4763711624698172 0.5379939209726444 0.4705070714039324 0.5379939209726444 0.46257330113832357 0.5927051671732523 0.46360814073818557 0.6208206686930091 0.4684373922042083 0.6641337386018237 0.4684373922042083 0.7135258358662614 0.4705070714039324 0.7484802431610942 0.4774060020696792 0.6291793313069909 0.48223525353570196 0.5752279635258358
26 0.4525698516729907 0.5486322188449848 0.44877543980682993 0.5775075987841946 0.44774060020696793 0.5965045592705167 0.4467057606071059 0.6117021276595744 0.44567092100724387 0.6466565349544073 0.4467057606071059 0.6770516717325228 0.4467057606071059 0.7355623100303952 0.45670921007243875 0.7180851063829787 0.4577440496723008 0.6595744680851063 0.46567781993790963 0.5600303951367781
27 0.43808209727492237 0.5311550151975684 0.43014832700931355 0.5683890577507599 0.42911348740945154 0.601063829787234 0.4260089686098655 0.6337386018237082 0.4211797171438427 0.6816109422492401 0.4222145567437047 0.7424012158054711 0.43187305967575024 0.6702127659574468 0.4349775784753363 0.6268996960486323 0.4449810279406692 0.5661094224924013
28 0.40945153501207315 0.7332826747720365 0.41048637461193516 0.7006079027355623 0.4163504656778199 0.6702127659574468 0.43014832700931355 0.5942249240121581 0.4329078992756123 0.5661094224924013 0.43601241807519836 0.5379939209726444 0.4222145567437047 0.5273556231003039 0.4153156260779579 0.5379939209726444 0.41324594687823385 0.5554711246200608 0.41221110727837185 0.5835866261398176 0.40945153501207315 0.6139817629179332 0.4063470162124871 0.6443768996960486 0.404277337012763 0.6618541033434651 0.4004829251466023 0.6922492401215805
29 0.3897895826146947 0.7424012158054711 0.39082442221455677 0.71580547112462 0.3977233528803035 0.6770516717325228 0.3994480855467403 0.6360182370820668 0.40255260434632634 0.5965045592705167 0.4073818558123491 0.5661094224924013 0.41117626767850984 0.5334346504559271 0.404277337012763 0.5159574468085106 0.39254915488099346 0.5159574468085106 0.38565022421524664 0.5227963525835866 0.3818558123490859 0.5379939209726444 0.3787512935494998 0.5752279635258358 0.37288720248361507 0.60790273556231 0.36702311141773025 0.6360182370820668 0.36012418075198344 0.6641337386018237 0.35908934115212143 0.6899696048632219 0.36598827181786825 0.7120060790273556
30 0.34149706795446705 0.6793313069908815 0.3463263194204898 0.6512158054711246 0.3552949292859607 0.6139817629179332 0.3639185926181442 0.5858662613981763 0.37599172128320113 0.5577507598784195 0.37599172128320113 0.5311550151975684 0.371852362883753 0.5121580547112462 0.3632286995515695 0.4969604863221885 0.3511555708865126 0.49012158054711247 0.336322869955157 0.5007598784194529 0.3325284580889962 0.5334346504559271 0.3283890996895481 0.5661094224924013 0.3197654363573646 0.601063829787234 0.3118316660917558 0.6268996960486323 0.3197654363573646 0.6724924012158054
31 0.3001034839599862 0.6291793313069909 0.31390134529147984 0.5706686930091185 0.32459468782338735 0.5425531914893617 0.33356329768885823 0.5144376899696048 0.3325284580889962 0.4992401215805471 0.3145912383580545 0.4878419452887538 0.29699896516040014 0.47720364741641336 0.2890651948947913 0.49012158054711247 0.28423594342876857 0.5463525835866262 0.2731976543635736 0.5858662613981763 0.2763021731631597 0.6162613981762918