0 0.4762235334953141 0.547112462006079 0.5085039916695592 0.5296352583586627 0.4914960083304408 0.2378419452887538 0.4786532454009025 0.24696048632218845 0.4727525164873308 0.5159574468085106
1 0.44776119402985076 0.5053191489361702 0.4574800416522041 0.5319148936170213 0.4744880249913225 0.5243161094224924 0.4751822283929191 0.4787234042553192 0.4762235334953141 0.2629179331306991 0.45921555015619575 0.26443768996960487
2 0.4227698715723707 0.4870820668693009 0.43318292259632074 0.526595744680851 0.45192641443943077 0.5227963525835866 0.4581742450538008 0.48556231003039513 0.4439430753210691 0.25759878419452886 0.422075668170774 0.25759878419452886
3 0.397084345713294 0.4734042553191489 0.41062131204442903 0.5015197568389058 0.42450538007636235 0.49240121580547114 0.4276292953835474 0.4764437689969605 0.4404720583130857 0.4764437689969605 0.4422075668170774 0.42933130699088146 0.4186046511627907 0.24848024316109424 0.403332176327664 0.25227963525835867
4 0.37035751475182227 0.46580547112462006 0.375216938562999 0.48936170212765956 0.392919125303714 0.48936170212765956 0.40680319333564735 0.46580547112462006 0.41305102395001736 0.4308510638297872 0.3995140576188823 0.24848024316109424 0.388753904894134 0.2454407294832827
5 0.3307879208608122 0.4506079027355623 0.3398125650815689 0.47112462006079026 0.3630683790350573 0.4787234042553192 0.3745227351614023 0.4642857142857143 0.3818118708781673 0.4506079027355623 0.389795209996529 0.40805471124620063 0.3734814300590073 0.23632218844984804 0.36376258243665394 0.23480243161094225 0.34224227698715726 0.3723404255319149 0.3325234293648039 0.4217325227963526
6 0.2936480388753905 0.3844984802431611 0.2967719541825755 0.43465045592705165 0.33009371745921556 0.44148936170212766 0.3405067684831656 0.40805471124620063 0.34363068379035056 0.324468085106383 0.3405067684831656 0.2256838905775076 0.31551544602568554 0.16717325227963525 0.2887886150642138 0.17249240121580547 0.3009371745921555 0.324468085106383
8 0.5074626865671642 0.5349544072948328 0.5310656022214509 0.5349544072948328 0.5407844498438042 0.5243161094224924 0.5407844498438042 0.4946808510638298 0.5164873307879209 0.23100303951367782 0.5026032627559875 0.23480243161094225 0.5074626865671642 0.4574468085106383 0.5043387712599792 0.5212765957446809
9 0.5439083651509893 0.513677811550152 0.5671641791044776 0.49240121580547114 0.5383547379382159 0.22796352583586627 0.5269003818118709 0.23100303951367782 0.5310656022214509 0.3761398176291793 0.5383547379382159 0.44148936170212766 0.5373134328358209 0.49240121580547114
10 0.5657757723012843 0.49772036474164133 0.5834779590419993 0.5083586626139818 0.594585213467546 0.4696048632218845 0.5720236029156542 0.19908814589665655 0.5609163484901076 0.20288753799392098 0.5543214161749392 0.3123100303951368 0.5616105518917043 0.45592705167173253
11 0.5786185352308226 0.4308510638297872 0.585213467545991 0.47112462006079026 0.5931968066643527 0.47112462006079026 0.606039569593891 0.4817629179331307 0.6150642138146477 0.46048632218844987 0.602915654286706 0.26975683890577506 0.5876431794515793 0.20820668693009117 0.5761888233252342 0.2188449848024316 0.5793127386324193 0.39893617021276595
12 0.6067337729954877 0.44680851063829785 0.6157584172162444 0.46580547112462006 0.6303366886497744 0.46808510638297873 0.6400555362721277 0.44832826747720367 0.6400555362721277 0.42021276595744683 0.6303366886497744 0.37462006079027355 0.6067337729954877 0.196048632218845 0.5963207219715376 0.19908814589665655
13 0.6254772648385977 0.3951367781155015 0.6317250954529677 0.44680851063829785 0.6487330787920861 0.44680851063829785 0.6712946893439777 0.418693009118541 0.6664352655328011 0.3639817629179331 0.6334606039569594 0.17097264437689969 0.6230475529330094 0.17249240121580547 0.6230475529330094 0.32142857142857145 0.6261714682401944 0.36930091185410335
14 0.6747657063519611 0.42021276595744683 0.7101700798333912 0.3974164133738602 0.7094758764317945 0.33890577507598785 0.6980215203054495 0.2857142857142857 0.7028809441166262 0.22036474164133737 0.6942034015966678 0.14969604863221886 0.6754599097535577 0.1656534954407295 0.6570635196112461 0.2256838905775076 0.6608816383200278 0.30167173252279633 0.6681707740367928 0.40425531914893614
16 0.4946199236376258 0.5729483282674772 0.5168344324887192 0.567629179331307 0.5234293648038876 0.797112462006079 0.5060742797639708 0.7993920972644377 0.4925373134328358 0.587386018237082
17 0.5137105171815342 0.5775075987841946 0.5248177716070809 0.567629179331307 0.5446025685525859 0.5797872340425532 0.5380076362374175 0.8221884498480243 0.5265532801110725 0.8252279635258358
18 0.5369663311350226 0.5729483282674772 0.5484206872613676 0.5547112462006079 0.5595279416869142 0.5531914893617021 0.5716765012148559 0.581306990881459 0.5869489760499826 0.8434650455927052 0.5640402637972926 0.8472644376899696
19 0.5626518569940993 0.574468085106383 0.5688996876084693 0.5516717325227963 0.5869489760499826 0.5531914893617021 0.593543908365151 0.5592705167173252 0.6209649427282193 0.8237082066869301 0.6011801457827143 0.8335866261398176
20 0.5876431794515793 0.5585106382978723 0.5931968066643527 0.5357142857142857 0.6233946546338077 0.5379939209726444 0.6369316209649427 0.6770516717325228 0.6601874349184311 0.7507598784194529 0.645609163484901 0.7750759878419453 0.6147171121138494 0.7074468085106383 0.6001388406803193 0.6162613981762918 0.5890315862547727 0.581306990881459
21 0.612287400208261 0.5478723404255319 0.615411315515446 0.5288753799392097 0.6282540784449844 0.5167173252279635 0.633113502256161 0.5220364741641338 0.6386671294689344 0.4992401215805471 0.6435265532801111 0.4939209726443769 0.6615758417216244 0.5045592705167173 0.6695591808399861 0.5828267477203647 0.7167650121485595 0.6945288753799392 0.6650468587296078 0.7492401215805471 0.6442207566817078 0.6945288753799392 0.6320721971537661 0.6094224924012158
22 0.6515098923984728 0.5007598784194529 0.6640055536272128 0.4726443768996961 0.6719888927455745 0.48024316109422494 0.6841374522735162 0.4506079027355623 0.6935091981950712 0.4506079027355623 0.7056577577230129 0.4764437689969605 0.7150295036445679 0.5448328267477204 0.750433877125998 0.6618541033434651 0.7174592155501562 0.6945288753799392 0.6896910794862895 0.6390577507598785 0.6688649774383895 0.5623100303951368 0.6528982992016661 0.5182370820668692
23 0.7070461645262062 0.4574468085106383 0.7445331482124262 0.43617021276595747 0.7559875043387713 0.47796352583586627 0.7573759111419646 0.5303951367781155 0.7799375216938563 0.621580547112462 0.7455744533148212 0.6565349544072948 0.7264838597709129 0.6041033434650456 0.7119055883373828 0.5273556231003039 0.7007983339118362 0.5007598784194529 0.7032280458174245 0.46580547112462006
24 0.4710170079833391 0.5790273556231003 0.4967025338424158 0.5790273556231003 0.49982644914960084 0.8009118541033434 0.4790003471017008 0.8039513677811551
25 0.45192641443943077 0.5714285714285714 0.4727525164873308 0.5752279635258358 0.4807358556056925 0.8183890577507599 0.46303366886497743 0.8199088145896657 0.4501909059354391 0.6664133738601824
26 0.42138146476917737 0.5820668693009119 0.43283582089552236 0.5615501519756839 0.4439430753210691 0.5645896656534954 0.45505032974661574 0.5980243161094225 0.4526206178410274 0.8427051671732523 0.4317945157931274 0.8404255319148937 0.41929885456438737 0.6960486322188449 0.42138146476917737 0.6208206686930091
27 0.3936133287053107 0.5942249240121581 0.4015966678236723 0.5699088145896657 0.4144394307532107 0.5737082066869301 0.43110031239153074 0.6033434650455927 0.419993057965984 0.7165653495440729 0.396043040610899 0.837386018237082 0.37834085387018396 0.8161094224924013 0.3953488372093023 0.7150455927051672
28 0.37035751475182227 0.5539513677811551 0.4015966678236723 0.5562310030395137 0.40888580354043735 0.587386018237082 0.3634154807358556 0.8145896656534954 0.3425893786879556 0.790273556231003 0.36167997223186393 0.6922492401215805 0.36584519264144394 0.587386018237082
30 0.31794515793127387 0.4878419452887538 0.3408538701839639 0.5106382978723404 0.35369663311350225 0.5486322188449848 0.34328358208955223 0.6063829787234043 0.27698715723707046 0.7310030395136778 0.26275598750433876 0.7112462006079028 0.24678930926761541 0.6588145896656535 0.24678930926761541 0.6451367781155015 0.2738632419298855 0.601063829787234 0.2915654286706005 0.5615501519756839 0.30267268309614714 0.5174772036474165
31 0.2818465810482471 0.44224924012158057 0.3193335647344672 0.48632218844984804 0.3130857341200972 0.5121580547112462 0.2946893439777855 0.5661094224924013 0.2610204790003471 0.6360182370820668 0.24123568205484208 0.6466565349544073 0.21971537660534537 0.5858662613981763 0.23568205484206872 0.5417933130699089 0.2530371398819854 0.5 0.26275598750433876 0.4635258358662614