0 0.48160057163272596 0.5904255319148937 0.49446230796713114 0.32674772036474165 0.4555198285101822 0.324468085106383 0.44265809217577706 0.5273556231003039 0.4408717399071097 0.5775075987841946
1 0.4408717399071097 0.5797872340425532 0.44587352625937837 0.493161094224924 0.44873168988924617 0.3183890577507599 0.4219364058592354 0.33282674772036475 0.41693461950696675 0.5843465045592705
2 0.41693461950696675 0.5775075987841946 0.42300821722043586 0.520516717325228 0.4219364058592354 0.3290273556231003 0.3979992854590925 0.33282674772036475 0.3912111468381565 0.5843465045592705
3 0.3912111468381565 0.5653495440729484 0.3979992854590925 0.3290273556231003 0.37048946052161486 0.32674772036474165 0.3594140764558771 0.5775075987841946
5 0.35727045373347627 0.5524316109422492 0.33369060378706683 0.3221884498480243 0.29403358342265096 0.3411854103343465 0.31189710610932475 0.567629179331307
8 0.48231511254019294 0.5927051671732523 0.4894605216148625 0.3221884498480243 0.5312611647016792 0.3290273556231003 0.5251875669882101 0.5949848024316109
9 0.5230439442658092 0.5965045592705167 0.5312611647016792 0.3183890577507599 0.5627009646302251 0.33282674772036475 0.5480528760271526 0.49164133738601823 0.5498392282958199 0.5843465045592705
10 0.5805644873168989 0.5820668693009119 0.571632725973562 0.3290273556231003 0.5480528760271526 0.33282674772036475 0.5530546623794212 0.5904255319148937
11 0.5759199714183637 0.5843465045592705 0.5659163987138264 0.43844984802431614 0.5687745623436942 0.3100303951367781 0.5916398713826366 0.3221884498480243 0.6095033940693104 0.5737082066869301
12 0.6223651304037157 0.5820668693009119 0.6252232940335835 0.30775075987841943 0.5877098963915685 0.3183890577507599 0.5894962486602358 0.5820668693009119
13 0.6720257234726688 0.567629179331307 0.6530903894247946 0.324468085106383 0.6245087531261164 0.31382978723404253 0.623436941764916 0.5927051671732523
14 0.6709539121114684 0.5585106382978723 0.6530903894247946 0.324468085106383 0.6920328688817435 0.30775075987841943 0.7156127188281529 0.5379939209726444
16 0.4955341193283315 0.5927051671732523 0.49053233297606286 0.8206686930091185 0.49053233297606286 0.8563829787234043 0.5151839942836728 0.8525835866261399 0.5141121829224723 0.5927051671732523
17 0.5101822079314041 0.5949848024316109 0.5151839942836728 0.8624620060790273 0.5380493033226152 0.8525835866261399 0.5401929260450161 0.5904255319148937
18 0.5391211146838156 0.5843465045592705 0.5401929260450161 0.8647416413373861 0.5669882100750268 0.8586626139817629 0.5627009646302251 0.6641337386018237 0.5587709896391568 0.5881458966565349
19 0.5609146123615577 0.5866261398176292 0.5687745623436942 0.8541033434650456 0.5927116827438371 0.8480243161094225 0.5855662736691676 0.5881458966565349
20 0.5894962486602358 0.5820668693009119 0.5944980350125044 0.8525835866261399 0.6273669167559843 0.8419452887537994 0.6212933190425152 0.5759878419452887
22 0.6480886030725259 0.5927051671732523 0.6977491961414791 0.8039513677811551 0.7395498392282959 0.7386018237082067 0.7177563415505538 0.6793313069908815 0.7009646302250804 0.5569908814589666
23 0.7145409074669525 0.6770516717325228 0.75848517327617 0.7484802431610942 0.7881386209360486 0.628419452887538 0.7356198642372276 0.5501519756838906 0.7098963915684173 0.6200607902735562
24 0.4955341193283315 0.5949848024316109 0.48838871025366204 0.8693009118541033 0.4676670239371204 0.8647416413373861 0.4676670239371204 0.5949848024316109
25 0.4655234012147195 0.5927051671732523 0.4705251875669882 0.8693009118541033 0.4465880671668453 0.8731003039513677 0.44265809217577706 0.6603343465045592 0.4465880671668453 0.5904255319148937
26 0.44587352625937837 0.5866261398176292 0.4419435512683101 0.6641337386018237 0.4498035012504466 0.8814589665653495 0.4219364058592354 0.8731003039513677 0.41693461950696675 0.668693009118541 0.42479456948910327 0.5775075987841946
27 0.42086459449803504 0.5797872340425532 0.42086459449803504 0.8624620060790273 0.3972847445516256 0.8503039513677811 0.3890675241157556 0.6831306990881459 0.3972847445516256 0.5866261398176292
28 0.3940693104680243 0.5927051671732523 0.38406573776348696 0.8419452887537994 0.3565559128260093 0.831306990881459 0.3594140764558771 0.5797872340425532
30 0.3604858878170775 0.5965045592705167 0.3215434083601286 0.8016717325227963 0.2750982493747767 0.736322188449848 0.2990353697749196 0.6724924012158054 0.3197570560914612 0.5630699088145896
31 0.2990353697749196 0.6724924012158054 0.25616291532690244 0.736322188449848 0.2282958199356913 0.6329787234042553 0.2779564130046445 0.5630699088145896 0.3079671311182565 0.5866261398176292