0 0.520891364902507 0.3583776595744681 0.5247214484679665 0.5837765957446809 0.5118384401114207 0.5871010638297872 0.48885793871866295 0.5784574468085106 0.48746518105849584 0.5299202127659575 0.4881615598885794 0.3523936170212766 0.5191504178272981 0.3490691489361702
1 0.4885097493036212 0.3490691489361702 0.4885097493036212 0.5372340425531915 0.48642061281337046 0.5791223404255319 0.4648328690807799 0.574468085106383 0.46448467966573814 0.5378989361702128 0.4637883008356546 0.36103723404255317 0.4860724233983287 0.35638297872340424
2 0.4536908077994429 0.3324468085106383 0.4613509749303621 0.48271276595744683 0.46413649025069637 0.5299202127659575 0.4616991643454039 0.5711436170212766 0.4428969359331476 0.5771276595744681 0.43245125348189417 0.5485372340425532 0.43279944289693595 0.5246010638297872 0.4300139275766017 0.34375
3 0.42409470752089135 0.3377659574468085 0.43662952646239556 0.5206117021276596 0.43662952646239556 0.5372340425531915 0.4352367688022284 0.5511968085106383 0.4314066852367688 0.5664893617021277 0.42479108635097496 0.5711436170212766 0.4157381615598886 0.5684840425531915 0.4112116991643454 0.5638297872340425 0.40807799442896936 0.5525265957446809 0.40424791086350975 0.5392287234042553 0.40424791086350975 0.5285904255319149 0.40598885793871864 0.5086436170212766 0.3948467966573816 0.3497340425531915
4 0.38997214484679665 0.3410904255319149 0.40807799442896936 0.5172872340425532 0.40564066852367686 0.5325797872340425 0.4049442896935933 0.5492021276595744 0.3993732590529248 0.5605053191489362 0.391016713091922 0.5658244680851063 0.38335654596100277 0.5618351063829787 0.37813370473537605 0.5538563829787234 0.3770891364902507 0.5412234042553191 0.3763927576601671 0.5259308510638298 0.3673398328690808 0.34773936170212766
5 0.36664345403899723 0.3503989361702128 0.3777855153203343 0.5305851063829787 0.3770891364902507 0.5458776595744681 0.3746518105849582 0.5531914893617021 0.3683844011142061 0.5605053191489362 0.3551532033426184 0.5664893617021277 0.3447075208913649 0.5664893617021277 0.3370473537604457 0.5631648936170213 0.33008356545961004 0.555186170212766 0.3283426183844011 0.5445478723404256 0.32590529247910865 0.5279255319148937 0.326949860724234 0.5059840425531915 0.3311281337047354 0.3603723404255319
6 0.3311281337047354 0.36103723404255317 0.32764623955431754 0.5259308510638298 0.32520891364902504 0.5525265957446809 0.3185933147632312 0.5591755319148937 0.306058495821727 0.5605053191489362 0.29526462395543174 0.555186170212766 0.2889972144846797 0.5498670212765957 0.28481894150417825 0.5392287234042553 0.28342618384401114 0.5319148936170213 0.2823816155988858 0.519281914893617 0.2823816155988858 0.5093085106382979 0.2942200557103064 0.44148936170212766 0.30118384401114207 0.3663563829787234
7 0.266016713091922 0.3503989361702128 0.25974930362116994 0.42486702127659576 0.23711699164345404 0.49268617021276595 0.24860724233983286 0.5405585106382979 0.27541782729805014 0.5452127659574468 0.28342618384401114 0.5093085106382979 0.29352367688022285 0.4421542553191489 0.3008356545961003 0.3663563829787234
8 0.5254178272980501 0.363031914893617 0.5233286908077994 0.5784574468085106 0.560933147632312 0.5771276595744681 0.5616295264623955 0.5598404255319149 0.5584958217270195 0.3517287234042553 0.524025069637883 0.355718085106383
9 0.5588440111420613 0.34507978723404253 0.5591922005571031 0.538563829787234 0.5619777158774373 0.5804521276595744 0.5853064066852368 0.5824468085106383 0.5860027855153204 0.5412234042553191 0.5860027855153204 0.5212765957446809 0.5877437325905293 0.3550531914893617
10 0.6016713091922006 0.33976063829787234 0.5860027855153204 0.5272606382978723 0.5877437325905293 0.5651595744680851 0.5981894150417827 0.589095744680851 0.6117688022284122 0.5724734042553191 0.6183844011142061 0.5518617021276596 0.6277855153203342 0.35638297872340424
11 0.6326601671309192 0.36236702127659576 0.616991643454039 0.5033244680851063 0.6114206128133705 0.5305851063829787 0.6117688022284122 0.5545212765957447 0.6180362116991643 0.5777925531914894 0.6354456824512534 0.5851063829787234 0.6417130919220055 0.581781914893617 0.6493732590529248 0.5704787234042553 0.6514623955431755 0.5558510638297872 0.649025069637883 0.5292553191489362 0.6591225626740947 0.35904255319148937 0.6357938718662952 0.35438829787234044
12 0.6678272980501393 0.35106382978723405 0.6493732590529248 0.5345744680851063 0.645891364902507 0.5405585106382979 0.6444986072423399 0.5538563829787234 0.650766016713092 0.5691489361702128 0.6591225626740947 0.5777925531914894 0.6678272980501393 0.5824468085106383 0.6751392757660167 0.5724734042553191 0.677924791086351 0.5638297872340425 0.6782729805013927 0.5498670212765957 0.6908077994428969 0.355718085106383
13 0.6935933147632312 0.35904255319148937 0.6803621169916435 0.5039893617021277 0.6765320334261838 0.5252659574468085 0.6761838440111421 0.5438829787234043 0.677924791086351 0.5585106382978723 0.6848885793871866 0.5791223404255319 0.6974233983286908 0.5824468085106383 0.7113509749303621 0.5837765957446809 0.7207520891364902 0.5764627659574468 0.7245821727019499 0.5684840425531915 0.7280640668523677 0.5498670212765957 0.7280640668523677 0.5199468085106383 0.725974930362117 0.35771276595744683
14 0.725974930362117 0.3583776595744681 0.725974930362117 0.5226063829787234 0.7277158774373259 0.5511968085106383 0.7409470752089137 0.5711436170212766 0.7573119777158774 0.5664893617021277 0.7719359331476323 0.5525265957446809 0.7747214484679665 0.535904255319149 0.7754178272980501 0.519281914893617 0.7698467966573816 0.5033244680851063 0.7587047353760445 0.4820478723404255 0.7447771587743732 0.355718085106383
15 0.745125348189415 0.3617021276595745 0.7597493036211699 0.4853723404255319 0.7795961002785515 0.5305851063829787 0.8144150417827298 0.4753989361702128 0.7987465181058496 0.42021276595744683 0.7928272980501393 0.3962765957446808 0.7851671309192201 0.3503989361702128 0.7754178272980501 0.32513297872340424 0.7642757660167131 0.31981382978723405 0.7493036211699164 0.3257978723404255 0.7423398328690808 0.3523936170212766
16 0.5243732590529248 0.5831117021276596 0.5201949860724234 0.5857712765957447 0.5194986072423399 0.773936170212766 0.5435236768802229 0.7719414893617021 0.5473537604456824 0.6223404255319149 0.5487465181058496 0.5791223404255319 0.5275069637883009 0.5771276595744681
17 0.5588440111420613 0.5970744680851063 0.5473537604456824 0.5970744680851063 0.5466573816155988 0.6336436170212766 0.54491643454039 0.8351063829787234 0.5703342618384402 0.8297872340425532 0.5727715877437326 0.6469414893617021 0.5755571030640668 0.5997340425531915
18 0.5804317548746518 0.5950797872340425 0.5738161559888579 0.617686170212766 0.5724233983286908 0.8543882978723404 0.6051532033426184 0.8517287234042553 0.6013231197771588 0.6469414893617021 0.600974930362117 0.6023936170212766 0.588091922005571 0.5910904255319149
19 0.6096796657381616 0.6030585106382979 0.5995821727019499 0.6289893617021277 0.6016713091922006 0.648936170212766 0.6190807799442897 0.8324468085106383 0.6500696378830083 0.8045212765957447 0.6316155988857939 0.6449468085106383 0.6316155988857939 0.6289893617021277 0.6305710306406686 0.6170212765957447 0.6260445682451253 0.605718085106383 0.6190807799442897 0.6017287234042553 0.6190807799442897 0.6017287234042553
20 0.6469359331476323 0.5944148936170213 0.633008356545961 0.6150265957446809 0.6326601671309192 0.6389627659574468 0.6633008356545961 0.8430851063829787 0.6988161559888579 0.807845744680851 0.6646935933147632 0.6436170212765957 0.6643454038997214 0.6216755319148937 0.6615598885793872 0.6070478723404256 0.6552924791086351 0.5970744680851063
21 0.6803621169916435 0.601063829787234 0.6633008356545961 0.5964095744680851 0.6608635097493036 0.6256648936170213 0.6671309192200557 0.6542553191489362 0.6995125348189415 0.8344414893617021 0.7513927576601671 0.8025265957446809 0.7155292479108635 0.6343085106382979 0.7172701949860725 0.6156914893617021 0.7155292479108635 0.598404255319149 0.7085654596100278 0.5917553191489362 0.7009052924791086 0.5917553191489362 0.6894150417827298 0.59375
22 0.7273676880222841 0.5844414893617021 0.7155292479108635 0.6003989361702128 0.7169220055710307 0.6376329787234043 0.7562674094707521 0.7852393617021277 0.7907381615598886 0.7406914893617021 0.7705431754874652 0.6575797872340425 0.7677576601671309 0.6449468085106383 0.7694986072423399 0.6050531914893617 0.766016713091922 0.5678191489361702 0.7486072423398329 0.5691489361702128 0.7381615598885793 0.5784574468085106
23 0.7931754874651811 0.5651595744680851 0.7806406685236769 0.5871010638297872 0.7754178272980501 0.6077127659574468 0.7694986072423399 0.6256648936170213 0.7674094707520891 0.6436170212765957 0.7670612813370473 0.6589095744680851 0.7834261838440112 0.682845744680851 0.8443593314763231 0.7267287234042553 0.8530640668523677 0.6702127659574468 0.8283426183844012 0.6263297872340425 0.8154596100278552 0.5917553191489362 0.7994428969359332 0.569813829787234
24 0.5191504178272981 0.5837765957446809 0.5198467966573816 0.800531914893617 0.49651810584958217 0.7958776595744681 0.49512534818941506 0.6343085106382979 0.4923398328690808 0.5797872340425532 0.5038300835654597 0.5757978723404256 0.5181058495821727 0.5771276595744681
25 0.48920612813370473 0.5904255319148937 0.4717966573816156 0.5924202127659575 0.46901114206128136 0.6043882978723404 0.46935933147632314 0.6336436170212766 0.46309192200557103 0.8071808510638298 0.4860724233983287 0.807845744680851 0.4923398328690808 0.6742021276595744 0.49512534818941506 0.6210106382978723 0.49547353760445684 0.5977393617021277
26 0.46518105849582175 0.5930851063829787 0.45229805013927576 0.5804521276595744 0.44428969359331477 0.5924202127659575 0.44324512534818944 0.6110372340425532 0.4428969359331476 0.6243351063829787 0.42270194986072424 0.8151595744680851 0.44463788300835655 0.8231382978723404 0.46448467966573814 0.6695478723404256 0.46935933147632314 0.629654255319149 0.46866295264623953 0.5997340425531915
27 0.42479108635097496 0.5871010638297872 0.4133008356545961 0.6003989361702128 0.41051532033426186 0.605718085106383 0.4115598885793872 0.6230053191489362 0.39763231197771587 0.7805851063829787 0.4220055710306407 0.7972074468085106 0.4362813370473538 0.65625 0.4418523676880223 0.6303191489361702 0.4418523676880223 0.6156914893617021 0.44080779944289694 0.5997340425531915 0.4338440111420613 0.5897606382978723 0.4272284122562674 0.586436170212766
28 0.4101671309192201 0.5877659574468085 0.4011142061281337 0.5771276595744681 0.395891364902507 0.5764627659574468 0.3889275766016713 0.581781914893617 0.38440111420612816 0.5857712765957447 0.38091922005571033 0.5957446808510638 0.3816155988857939 0.6243351063829787 0.3506267409470752 0.7865691489361702 0.375 0.8071808510638298 0.40424791086350975 0.6476063829787234 0.40981894150417825 0.6349734042553191 0.41608635097493035 0.6223404255319149 0.4178272980501393 0.6070478723404256 0.4133008356545961 0.5917553191489362
29 0.3467966573816156 0.5797872340425532 0.3342618384401114 0.5791223404255319 0.3311281337047354 0.5904255319148937 0.32903899721448465 0.6023936170212766 0.3022284122562674 0.761968085106383 0.35480501392757663 0.7925531914893617 0.37395543175487467 0.6482712765957447 0.37848189415041783 0.636968085106383 0.3816155988857939 0.625 0.3826601671309192 0.6170212765957447 0.383008356545961 0.605718085106383 0.38196378830083566 0.5957446808510638 0.37569637883008355 0.5831117021276596 0.3673398328690808 0.5738031914893617 0.3603760445682451 0.574468085106383 0.35341225626740946 0.5777925531914894
30 0.30675487465181056 0.5684840425531915 0.2917827298050139 0.5565159574468085 0.28064066852367686 0.5751329787234043 0.2757660167130919 0.6117021276595744 0.26532033426183843 0.6702127659574468 0.2520891364902507 0.7240691489361702 0.2917827298050139 0.7519946808510638 0.3245125348189415 0.6303191489361702 0.3283426183844011 0.6123670212765957 0.32973537604456826 0.6003989361702128 0.32764623955431754 0.5824468085106383 0.32346796657381616 0.5724734042553191 0.3151114206128134 0.569813829787234
31 0.24303621169916434 0.5438829787234043 0.22110027855153203 0.5651595744680851 0.2155292479108635 0.7160904255319149 0.2541782729805014 0.7227393617021277 0.2670612813370474 0.663563829787234 0.2775069637883008 0.5970744680851063 0.28168523676880225 0.5644946808510638 0.262883008356546 0.5485372340425532