0 0.45826292666441365 0.4688449848024316 0.4542075025346401 0.5220364741641338 0.45724907063197023 0.5417933130699089 0.4765123352483947 0.5554711246200608 0.48698884758364314 0.5417933130699089 0.49036836769178777 0.4513677811550152 0.49814126394052044 0.3351063829787234 0.5038864481243663 0.25151975683890576 0.502196688070294 0.2066869300911854 0.49847921595133493 0.18465045592705168 0.49036836769178777 0.18693009118541035 0.47887799932409597 0.27583586626139817
1 0.4396755660696181 0.45288753799392095 0.4339303818857722 0.5091185410334347 0.445420750253464 0.5379939209726444 0.46198039878337277 0.5220364741641338 0.4684014869888476 0.46504559270516715 0.4731328151402501 0.37537993920972645 0.4798918553565394 0.3047112462006079 0.4856370395403853 0.24468085106382978 0.4863129435620142 0.2013677811550152 0.48360932747549845 0.17553191489361702 0.47347076715106456 0.1762917933130699 0.4653599188915174 0.22340425531914893 0.4501520784048665 0.3586626139817629
2 0.41804663737749237 0.46048632218844987 0.4163568773234201 0.5075987841945289 0.4244677255829672 0.5220364741641338 0.4396755660696181 0.5106382978723404 0.4491382223724231 0.4749240121580547 0.4518418384589388 0.42401215805471126 0.4508279824264954 0.35106382978723405 0.44778641432916527 0.2811550151975684 0.4474484623183508 0.22112462006079028 0.4427171341669483 0.17401215805471124 0.4362960459614735 0.16109422492401215 0.42683338965866846 0.18541033434650456
3 0.3967556606961811 0.4513677811550152 0.39776951672862454 0.48024316109422494 0.40351470091247044 0.5075987841945289 0.41534302129097667 0.49620060790273557 0.4217641094964515 0.5075987841945289 0.43291652585332885 0.48404255319148937 0.4362960459614735 0.4490881458966565 0.43730990199391684 0.3601823708206687 0.43730990199391684 0.25379939209726443 0.4369719499831024 0.18693009118541035 0.43460628590740114 0.1413373860182371 0.42683338965866846 0.13221884498480244 0.4139912132477188 0.24620060790273557 0.402500844880027 0.3898176291793313
4 0.3768164920581277 0.44376899696048633 0.37783034809057114 0.4870820668693009 0.3825616762419736 0.5030395136778115 0.39202433254477864 0.49848024316109424 0.4048665089557283 0.49240121580547114 0.40993578911794526 0.4688449848024316 0.4112875971612031 0.4095744680851064 0.4139912132477188 0.27203647416413373 0.4106116931395742 0.20516717325227962 0.39776951672862454 0.20820668693009117 0.38729300439337616 0.2591185410334346 0.38323758026360255 0.31155015197568386
5 0.34640081108482595 0.41641337386018235 0.3389658668469077 0.4506079027355623 0.33964177086853664 0.48556231003039513 0.379182156133829 0.49772036474164133 0.39270023656640757 0.45592705167173253 0.3903345724907063 0.41109422492401215 0.3879689084150051 0.3366261398176292 0.38729300439337616 0.3009118541033435 0.3839134842852315 0.270516717325228 0.38154782020953026 0.2317629179331307 0.37580263602568437 0.2196048632218845 0.364650219668807 0.2378419452887538 0.35113213923622844 0.3768996960486322
6 0.30922608989523487 0.3700607902735562 0.29469415343021294 0.39893617021276595 0.29469415343021294 0.43617021276595747 0.3163230821223386 0.46200607902735563 0.3355863467387631 0.4688449848024316 0.3477526191280838 0.446048632218845 0.35518756336600205 0.41109422492401215 0.3599188915174045 0.33358662613981765 0.3599188915174045 0.28419452887537994 0.3599188915174045 0.24620060790273557 0.3565393714092599 0.21580547112462006 0.3487664751605272 0.20364741641337386 0.3430212909766813 0.2196048632218845 0.3382899628252788 0.2378419452887538 0.33423453869550523 0.2796352583586626 0.3359242987495776 0.3221884498480243 0.3220682663061845 0.3518237082066869
7 0.2808381209868199 0.3047112462006079 0.28117607299763436 0.34802431610942247 0.3017911456573167 0.3601823708206687 0.33153092260898953 0.3427051671732523 0.3366002027712065 0.31382978723404253 0.3335586346738763 0.22872340425531915 0.3325447786414329 0.18693009118541035 0.3301791145657317 0.15273556231003038 0.31733693815478203 0.13069908814589665 0.3021290976681311 0.1276595744680851 0.2906387293004393 0.17097264437689969 0.2825278810408922 0.2196048632218845 0.27543088881378847 0.24164133738601823
8 0.49239607975667454 0.4696048632218845 0.4944237918215613 0.5273556231003039 0.49509969584319025 0.5417933130699089 0.5089557282865833 0.5425531914893617 0.5190942886110173 0.5395136778115501 0.5248394727948631 0.5288753799392097 0.5231497127407908 0.48404255319148937 0.521122000675904 0.44072948328267475 0.5187563366002028 0.3655015197568389 0.5204460966542751 0.31762917933130697 0.521122000675904 0.21428571428571427 0.5180804325785738 0.19148936170212766 0.5082798242649543 0.19148936170212766 0.5049003041568098 0.24012158054711247 0.4994930719837783 0.3541033434650456
9 0.5245015207840487 0.47112462006079026 0.5245015207840487 0.5167173252279635 0.5326123690435958 0.5303951367781155 0.5468063534978033 0.5189969604863222 0.5491720175735045 0.4886018237082067 0.54579249746536 0.4331306990881459 0.540047313281514 0.33814589665653494 0.5420750253464008 0.30775075987841943 0.5410611693139574 0.24848024316109424 0.5390334572490706 0.20820668693009117 0.5363298411625549 0.18009118541033434 0.5251774248056776 0.1702127659574468 0.521122000675904 0.2454407294832827
10 0.5427509293680297 0.439209726443769 0.5413991213247719 0.4726443768996961 0.5535653937140926 0.5144376899696048 0.5660696181142277 0.5227963525835866 0.5711388982764447 0.49848024316109424 0.5751943224062184 0.4749240121580547 0.5704629942548158 0.4217325227963526 0.569111186211558 0.3525835866261398 0.569111186211558 0.30015197568389057 0.5660696181142277 0.22036474164133737 0.5610003379520108 0.18768996960486323 0.5478202095302467 0.19072948328267478 0.54579249746536 0.21504559270516718 0.5424129773572153 0.29103343465045595 0.5454545454545454 0.3738601823708207
11 0.5643798580601554 0.43009118541033436 0.5596485299087529 0.46200607902735563 0.5650557620817844 0.4939209726443769 0.5738425143629604 0.506079027355623 0.5802636025684352 0.5037993920972644 0.5866846907739101 0.5091185410334347 0.5954714430550861 0.4992401215805471 0.5988509631632308 0.47112462006079026 0.5958093950659007 0.42401215805471126 0.592429874957756 0.3860182370820669 0.592429874957756 0.30775075987841943 0.5934437309901994 0.24924012158054712 0.5890503548496113 0.2256838905775076 0.5806015545792498 0.21504559270516718 0.5660696181142277 0.23860182370820668 0.5694491382223724 0.31382978723404253
12 0.5860087867522812 0.43617021276595747 0.5866846907739101 0.4749240121580547 0.5904021628928692 0.49164133738601823 0.6005407232173031 0.4908814589665654 0.6096654275092936 0.5022796352583586 0.6177762757688409 0.49240121580547114 0.6225076039202433 0.46656534954407297 0.6187901318012842 0.418693009118541 0.616424467725583 0.3761398176291793 0.6106792835417371 0.30547112462006076 0.6100033795201082 0.26443768996960487 0.6100033795201082 0.2454407294832827 0.5981750591416019 0.24012158054711247 0.5941196350118283 0.24164133738601823 0.587360594795539 0.28343465045592703 0.5887124028387969 0.36322188449848025
13 0.6120310915849949 0.4194528875379939 0.6096654275092936 0.44452887537993924 0.6150726596823252 0.48024316109422494 0.620817843866171 0.49164133738601823 0.6326461642446772 0.4908814589665654 0.6431226765799256 0.48632218844984804 0.6502196688070294 0.48328267477203646 0.6556269009800608 0.4688449848024316 0.6559648529908753 0.44680851063829785 0.6525853328827307 0.4126139817629179 0.649205812774586 0.3738601823708207 0.6495437647854004 0.33814589665653494 0.6471781007096993 0.30243161094224924 0.6437985806015546 0.26671732522796354 0.6390672524501521 0.23328267477203649 0.6312943562014194 0.21504559270516718 0.620817843866171 0.2256838905775076 0.616424467725583 0.31155015197568386
14 0.6512335248394728 0.40577507598784196 0.6569787090233187 0.45592705167173253 0.6637377492396079 0.4673252279635258 0.6752281176072997 0.46504559270516715 0.6843528218992903 0.46048632218844987 0.6911118621155796 0.446048632218845 0.6921257181480229 0.4156534954407295 0.6870564379858061 0.3844984802431611 0.6806353497803312 0.3556231003039514 0.6742142615748564 0.32674772036474165 0.6667793173369382 0.2811550151975684 0.6627238932071646 0.2393617021276596 0.6559648529908753 0.22264437689969604 0.649205812774586 0.22112462006079028 0.644812436633998 0.23860182370820668 0.6434606285907402 0.2743161094224924 0.6437985806015546 0.3130699088145897
15 0.6698208854342683 0.29407294832826747 0.6684690773910105 0.3130699088145897 0.6728624535315985 0.3305471124620061 0.6867184859749915 0.3465045592705167 0.7039540385265293 0.3343465045592705 0.7130787428185198 0.3123100303951368 0.711051030753633 0.2796352583586626 0.7042919905373437 0.24316109422492402 0.7049678945589726 0.20820668693009117 0.706657654613045 0.1838905775075988 0.7046299425481581 0.14893617021276595 0.6944913822237242 0.11702127659574468 0.6819871578235891 0.10258358662613981 0.673200405542413 0.12234042553191489 0.668131125380196 0.15653495440729484 0.6657654613044948 0.20972644376899696 0.6650895572828658 0.25151975683890576
23 0.7022642784724569 0.5531914893617021 0.7056437985806016 0.5881458966565349 0.7215275430888813 0.6253799392097265 0.7418046637377492 0.6717325227963525 0.7570125042244001 0.6854103343465046 0.7705305846569787 0.6550151975683891 0.7671510645488341 0.6003039513677811 0.75397093612707 0.5699088145896657 0.7448462318350794 0.5189969604863222 0.7384251436296045 0.5053191489361702 0.7245691111862116 0.506079027355623 0.7137546468401487 0.5258358662613982
22 0.6569787090233187 0.506838905775076 0.6495437647854004 0.5220364741641338 0.6529232848935451 0.5729483282674772 0.6738763095640419 0.6246200607902735 0.7069956066238594 0.6968085106382979 0.7140925988509632 0.7104863221884499 0.725582967218655 0.7066869300911854 0.7326799594457587 0.6861702127659575 0.7259209192294694 0.6360182370820668 0.7107130787428185 0.5972644376899696 0.7012504224400136 0.5653495440729484 0.6961811422777966 0.5144376899696048 0.6813112538019601 0.48404255319148937
21 0.6127069956066239 0.5189969604863222 0.6062859074011491 0.526595744680851 0.6032443393038188 0.5547112462006079 0.6100033795201082 0.6003039513677811 0.6279148360932748 0.7142857142857143 0.6576546130449477 0.7530395136778115 0.6661034133153092 0.75 0.6752281176072997 0.729483282674772 0.6765799256505576 0.6952887537993921 0.6677931733693816 0.6550151975683891 0.6579925650557621 0.6177811550151976 0.654275092936803 0.5775075987841946 0.6522473808719161 0.5440729483282675 0.6458262926664413 0.520516717325228 0.6380533964177086 0.5151975683890577 0.6272389320716458 0.5182370820668692
20 0.5836431226765799 0.5372340425531915 0.5795876985468064 0.547112462006079 0.5795876985468064 0.5737082066869301 0.5900642108820547 0.6337386018237082 0.5954714430550861 0.7074468085106383 0.6056100033795201 0.7537993920972644 0.620141939844542 0.7849544072948328 0.6255491720175735 0.7689969604863222 0.6160865157147685 0.6975683890577508 0.6103413315309226 0.628419452887538 0.6120310915849949 0.5623100303951368 0.6062859074011491 0.5296352583586627 0.5971612031091585 0.526595744680851 0.5904021628928692 0.5349544072948328
19 0.5653937140925989 0.5493920972644377 0.5620141939844542 0.5706686930091185 0.5576208178438662 0.5972644376899696 0.568435282189929 0.6702127659574468 0.5728286583305171 0.7492401215805471 0.5860087867522812 0.7917933130699089 0.5937816830010139 0.7834346504559271 0.5954714430550861 0.7462006079027356 0.5880364988171679 0.6580547112462006 0.5897262588712403 0.6056231003039514 0.5914160189253126 0.5752279635258358 0.5839810746873944 0.5433130699088146 0.5724907063197026 0.5334346504559271
18 0.5454545454545454 0.5630699088145896 0.5380196012166273 0.5661094224924013 0.5359918891517405 0.6329787234042553 0.5390334572490706 0.6732522796352584 0.5410611693139574 0.7348024316109423 0.5410611693139574 0.7758358662613982 0.5484961135518757 0.7993920972644377 0.558972625887124 0.7955927051671733 0.5667455221358567 0.7378419452887538 0.5667455221358567 0.6633738601823708 0.5650557620817844 0.6193009118541033 0.5637039540385266 0.5790273556231003 0.5610003379520108 0.5706686930091185 0.5522135856708348 0.5554711246200608 0.5484961135518757 0.5531914893617021
17 0.5204460966542751 0.560790273556231 0.516052720513687 0.567629179331307 0.5150388644812437 0.6117021276595744 0.5207840486650895 0.6937689969604863 0.5248394727948631 0.7492401215805471 0.5295708009462656 0.7773556231003039 0.5386955052382562 0.7712765957446809 0.5424129773572153 0.7424012158054711 0.540047313281514 0.6854103343465046 0.5380196012166273 0.6208206686930091 0.5380196012166273 0.5942249240121581 0.5383575532274417 0.560790273556231 0.5295708009462656 0.5547112462006079
16 0.5005069280162217 0.560790273556231 0.4967894558972626 0.5661094224924013 0.4947617438323758 0.5957446808510638 0.49847921595133493 0.6572948328267477 0.49915511997296386 0.7104863221884499 0.49814126394052044 0.7583586626139818 0.5062521122000676 0.7682370820668692 0.5103075363298412 0.7553191489361702 0.5143629604596147 0.6914893617021277 0.5163906725245015 0.621580547112462 0.5170665765461304 0.5805471124620061 0.5150388644812437 0.5645896656534954
24 0.4805677593781683 0.5623100303951368 0.47347076715106456 0.5653495440729484 0.4721189591078067 0.5896656534954408 0.4805677593781683 0.6474164133738601 0.483271375464684 0.7188449848024316 0.483271375464684 0.7492401215805471 0.4856370395403853 0.7621580547112462 0.4937478877999324 0.7629179331306991 0.49611355187563366 0.7378419452887538 0.49611355187563366 0.6588145896656535 0.49611355187563366 0.6063829787234043 0.49611355187563366 0.5805471124620061 0.49577559986481917 0.5600303951367781
25 0.4562352145995269 0.5630699088145896 0.4518418384589388 0.5729483282674772 0.4518418384589388 0.6041033434650456 0.45826292666441365 0.6534954407294833 0.4589388306860426 0.6930091185410334 0.46198039878337277 0.7317629179331308 0.46130449476174384 0.7530395136778115 0.46400811084825955 0.7788753799392097 0.46772558296721867 0.7917933130699089 0.47516052720513685 0.790273556231003 0.48090571138898275 0.7674772036474165 0.4815816154106117 0.6990881458966566 0.4771882392700237 0.6314589665653495 0.4775261912808381 0.5896656534954408 0.4775261912808381 0.5706686930091185
26 0.44508279824264957 0.5577507598784195 0.430888813788442 0.5782674772036475 0.43190266982088543 0.6466565349544073 0.42919905373436973 0.7120060790273556 0.42987495775599865 0.7575987841945289 0.4305508617776276 0.7917933130699089 0.4366339979722879 0.817629179331307 0.44778641432916527 0.8168693009118541 0.4538695505238256 0.7492401215805471 0.4589388306860426 0.6344984802431611 0.4589388306860426 0.6056231003039514 0.45826292666441365 0.5797872340425532 0.4538695505238256 0.5645896656534954
27 0.42412977357215276 0.5379939209726444 0.41162554917201755 0.5562310030395137 0.4082460290638729 0.5858662613981763 0.40993578911794526 0.6466565349544073 0.4048665089557283 0.7188449848024316 0.4079080770530585 0.7917933130699089 0.4133153092260899 0.810790273556231 0.42311591753970934 0.8077507598784195 0.4278472456911119 0.7697568389057751 0.43257857384251436 0.6656534954407295 0.4362960459614735 0.6253799392097265 0.44102737411287596 0.5904255319148937 0.4417032781345049 0.5759878419452887 0.435958093950659 0.5600303951367781
28 0.4079080770530585 0.5334346504559271 0.3906725245015208 0.5448328267477204 0.38729300439337616 0.5805471124620061 0.37749239607975665 0.75 0.3788442041230145 0.770516717325228 0.3896586684690774 0.7735562310030395 0.3991213247718824 0.7416413373860182 0.4045285569449138 0.6778115501519757 0.4143291652585333 0.6177811550151976 0.42142615748563705 0.5858662613981763 0.4258195336262251 0.5630699088145896 0.42345386955052383 0.5493920972644377
29 0.35755322744170326 0.526595744680851 0.350794187225414 0.5258358662613982 0.34606285907401146 0.5547112462006079 0.3403176748901656 0.601823708206687 0.33119297059817504 0.6344984802431611 0.31497127407908077 0.6785714285714286 0.3102399459276783 0.7196048632218845 0.31463332206826633 0.7507598784194529 0.32916525853328826 0.7651975683890577 0.3440351470091247 0.7651975683890577 0.36938154782020954 0.7051671732522796 0.3839134842852315 0.6610942249240122 0.39236228455559313 0.6193009118541033 0.4021628928692126 0.5805471124620061 0.4045285569449138 0.5623100303951368 0.40081108482595473 0.5357142857142857 0.3906725245015208 0.5349544072948328 0.3825616762419736 0.5357142857142857 0.3744508279824265 0.5273556231003039 0.3683676917877661 0.5227963525835866
30 0.32375802636025686 0.4878419452887538 0.30888813788442043 0.4908814589665654 0.2987495775599865 0.5288753799392097 0.29165258533288274 0.5585106382978723 0.2842176410949645 0.5828267477203647 0.27407908077053056 0.6025835866261399 0.26495437647854003 0.6322188449848024 0.25447786414329165 0.6512158054711246 0.24704291990537344 0.6854103343465046 0.256167624197364 0.708966565349544 0.2852314971274079 0.6922492401215805 0.3183507941872254 0.6504559270516718 0.3403176748901656 0.621580547112462 0.3524839472794863 0.5835866261398176 0.36262250760392023 0.541033434650456 0.36093274754984794 0.5151975683890577 0.35214599526867185 0.5174772036474165 0.34335924298749576 0.5091185410334347 0.33727610679283543 0.49772036474164133 0.3332206826630618 0.4969604863221885
31 0.25177424805677595 0.49620060790273557 0.24197363974315647 0.5053191489361702 0.2389320716458263 0.5197568389057751 0.22777965528894897 0.5729483282674772 0.21628928692125718 0.6124620060790273 0.20412301453193646 0.6367781155015197 0.20209530246704968 0.6747720364741642 0.20817843866171004 0.6914893617021277 0.23386279148360933 0.6876899696048632 0.2585332882730652 0.6466565349544073 0.2710375126732004 0.6170212765957447 0.2764447448462318 0.5957446808510638 0.28658330517066577 0.5737082066869301 0.29131463332206825 0.5509118541033434 0.2899628252788104 0.5303951367781155 0.2821899290300777 0.5174772036474165 0.27137546468401486 0.5121580547112462 0.2646164244677256 0.49848024316109424