0 0.4686446392447741 0.4756838905775076 0.4679703304113284 0.5303951367781155 0.48314227916385705 0.5425531914893617 0.49730276466621715 0.5357142857142857 0.4986513823331086 0.4848024316109423 0.49123398516520567 0.33814589665653494 0.4881995954146999 0.2454407294832827 0.4881995954146999 0.21124620060790272 0.48415374241402565 0.18693009118541035 0.476062036412677 0.1945288753799392 0.4686446392447741 0.23708206686930092 0.46965610249494266 0.3434650455927052 0.4703304113283884 0.46580547112462006
1 0.4487525286581254 0.4870820668693009 0.45043830074173974 0.5167173252279635 0.4595414699932569 0.526595744680851 0.4686446392447741 0.5106382978723404 0.46898179366149695 0.41109422492401215 0.46965610249494266 0.30243161094224924 0.46965610249494266 0.25987841945288753 0.4720161834120027 0.20896656534954408 0.46965610249494266 0.18085106382978725 0.46089008766014833 0.17249240121580547 0.4538098449089683 0.1884498480243161
2 0.4271746459878624 0.4612462006079027 0.4308833445718139 0.5212765957446809 0.4383007417397168 0.53419452887538 0.454484153742414 0.5167173252279635 0.4578556979096426 0.4673252279635258 0.4541469993256912 0.39209726443769 0.452124072825354 0.33586626139817627 0.44841537424140254 0.2591185410334346 0.4416722859069454 0.18768996960486323 0.43728927848954824 0.15653495440729484 0.4268374915711396 0.16793313069908813 0.4224544841537424 0.26063829787234044 0.42346594740391097 0.3898176291793313
3 0.40492245448415376 0.46808510638297873 0.4069453809844909 0.5303951367781155 0.42312879298718814 0.5258358662613982 0.42548887390424817 0.5091185410334347 0.4383007417397168 0.5167173252279635 0.44335805799055966 0.48632218844984804 0.43661496965610247 0.4088145896656535 0.4325691166554282 0.2743161094224924 0.4325691166554282 0.22872340425531915 0.42548887390424817 0.16109422492401215 0.4224544841537424 0.15273556231003038 0.4190829399865138 0.13297872340425532 0.4136884693189481 0.16337386018237082 0.40997977073499664 0.23100303951367782 0.40289952798381656 0.38145896656534956
4 0.38368172623061364 0.4642857142857143 0.38098449089683073 0.4886018237082067 0.3857046527309508 0.513677811550152 0.40256237356709373 0.5189969604863222 0.4160485502360081 0.5007598784194529 0.4204315576534053 0.4642857142857143 0.4150370869858395 0.3799392097264438 0.4150370869858395 0.3351063829787234 0.41672285906945383 0.2803951367781155 0.4194200944032367 0.2393617021276596 0.41739716790289955 0.2013677811550152 0.4133513149022252 0.16869300911854104 0.40896830748482804 0.16337386018237082 0.40492245448415376 0.17477203647416414 0.40155091031692514 0.2066869300911854 0.39413351314902223 0.32066869300911854
6 0.31726230613621037 0.3974164133738602 0.3125421443020904 0.4566869300911854 0.32231962238705325 0.4749240121580547 0.33715441672285906 0.4817629179331307 0.3590694538098449 0.45972644376899696 0.3624409979770735 0.42249240121580545 0.3583951449763992 0.3047112462006079 0.3583951449763992 0.25835866261398177 0.35772083614295347 0.22112462006079028 0.35064059339177345 0.20896656534954408 0.33715441672285906 0.22948328267477203 0.32333108563722185 0.3427051671732523
8 0.49662845583277143 0.4627659574468085 0.4983142279163857 0.520516717325228 0.50236008091706 0.5395136778115501 0.5182063385030344 0.540273556231003 0.5289952798381659 0.5174772036474165 0.5269723533378288 0.46580547112462006 0.5225893459204316 0.371580547112462 0.5225893459204316 0.31155015197568386 0.5225893459204316 0.25 0.5165205664194201 0.20288753799392098 0.5040458530006743 0.18085106382978725 0.4986513823331086 0.20440729483282674 0.49561699258260283 0.36246200607902734
9 0.5209035738368173 0.4012158054711246 0.5232636547538773 0.44452887537993924 0.5246122724207687 0.47188449848024316 0.5313553607552259 0.5113981762917933 0.5418071476736345 0.520516717325228 0.5495616992582603 0.4696048632218845 0.5475387727579232 0.3525835866261398 0.5488873904248146 0.26975683890577506 0.5441672285906946 0.2013677811550152 0.5350640593391773 0.15881458966565348 0.5303438975050573 0.1534954407294833 0.5252865812542145 0.16793313069908813 0.5222521915037087 0.22872340425531915 0.521577882670263 0.32978723404255317
10 0.5364126770060688 0.425531914893617 0.5306810519217802 0.4673252279635258 0.5320296695886716 0.5 0.5397842211732974 0.5159574468085106 0.5569790964261632 0.5129179331306991 0.564733648010789 0.5045592705167173 0.5704652730950776 0.4506079027355623 0.5704652730950776 0.38145896656534956 0.576534052596089 0.3047112462006079 0.5853000674308834 0.23252279635258358 0.5832771409305462 0.19680851063829788 0.5687795010114632 0.2006079027355623 0.5643964935940661 0.22416413373860183 0.547875927174646 0.33966565349544076
11 0.5536075522589345 0.4521276595744681 0.5492245448415374 0.4939209726443769 0.5532703978422118 0.5174772036474165 0.576534052596089 0.5159574468085106 0.5873229939312204 0.5083586626139818 0.5903573836817262 0.4627659574468085 0.5893459204315576 0.3472644376899696 0.5950775455158462 0.29635258358662614 0.6014834794335806 0.25151975683890576 0.6001348617666892 0.21124620060790272 0.5873229939312204 0.22036474164133737 0.5809170600134862 0.2393617021276596 0.574173971679029 0.28191489361702127 0.5643964935940661 0.40577507598784196
13 0.5947403910991234 0.44984802431610943 0.5896830748482805 0.49240121580547114 0.6001348617666892 0.5258358662613982 0.6213755900202292 0.526595744680851 0.6402562373567093 0.49620060790273557 0.6389076196898179 0.42249240121580545 0.6486850977747809 0.33814589665653494 0.6544167228590695 0.3130699088145897 0.662508428860418 0.270516717325228 0.660485502360081 0.2393617021276596 0.6476736345246122 0.23328267477203649 0.6341874578556979 0.2629179331306991 0.6146325016857721 0.331306990881459 0.6078894133513149 0.3700607902735562
14 0.6318273769386379 0.44832826747720367 0.6301416048550236 0.4825227963525836 0.6503708698583951 0.513677811550152 0.6692515171948753 0.5037993920972644 0.6824005394470668 0.48632218844984804 0.6837491571139582 0.4490881458966565 0.6756574511126096 0.40425531914893614 0.6679028995279838 0.3556231003039514 0.6712744436952124 0.30015197568389057 0.6773432231962239 0.2674772036474164 0.677006068779501 0.24772036474164133 0.6645313553607552 0.24696048632218845 0.6567768037761295 0.2796352583586626 0.6510451786918409 0.31534954407294835 0.6395819285232637 0.3951367781155015
23 0.6901550910316925 0.5516717325227963 0.6847606203641268 0.5759878419452887 0.6921780175320297 0.6048632218844985 0.7046527309507754 0.6337386018237082 0.7110586648685098 0.6588145896656535 0.7242076871207013 0.6854103343465046 0.7312879298718813 0.702887537993921 0.7403910991233985 0.7120060790273556 0.7542144302090358 0.7112462006079028 0.7643290627107215 0.6671732522796353 0.7484828051247472 0.5843465045592705 0.7336480107889414 0.5182370820668692 0.727242076871207 0.5129179331306991 0.7235333782872556 0.5121580547112462 0.7194875252865812 0.5113981762917933 0.7124072825354012 0.5075987841945289 0.7029669588671612 0.5197568389057751 0.6942009440323669 0.5425531914893617
22 0.6325016857720837 0.5417933130699089 0.6240728253540121 0.5493920972644377 0.6281186783546865 0.587386018237082 0.660485502360081 0.6702127659574468 0.6972353337828725 0.7287234042553191 0.7070128118678355 0.7408814589665653 0.722521915037087 0.7477203647416414 0.7363452461227242 0.7477203647416414 0.7380310182063385 0.7226443768996961 0.720161834120027 0.6800911854103343 0.7100472016183412 0.6337386018237082 0.693863789615644 0.6041033434650456 0.6857720836142953 0.5592705167173252 0.6783546864463924 0.5159574468085106 0.674645987862441 0.506838905775076 0.6679028995279838 0.5075987841945289 0.657788267026298 0.5167173252279635 0.6473364801078895 0.5243161094224924
19 0.5724881995954147 0.5493920972644377 0.5704652730950776 0.5759878419452887 0.5819285232636547 0.6466565349544073 0.5826028320971005 0.729483282674772 0.5933917734322319 0.790273556231003 0.6089008766014835 0.8259878419452887 0.6190155091031693 0.8297872340425532 0.6169925826028321 0.7819148936170213 0.6024949426837491 0.682370820668693 0.6024949426837491 0.5858662613981763 0.5994605529332434 0.5516717325227963 0.5933917734322319 0.5395136778115501 0.5839514497639919 0.5372340425531915
18 0.5627107215104518 0.547112462006079 0.5569790964261632 0.5592705167173252 0.550236008091706 0.5919452887537994 0.5566419420094403 0.6557750759878419 0.5593391773432232 0.7401215805471124 0.5701281186783547 0.8069908814589666 0.5795684423465948 0.8275075987841946 0.5896830748482805 0.8221884498480243 0.5893459204315576 0.7735562310030395 0.5782198246797033 0.6899696048632219 0.5815913688469319 0.6063829787234043 0.5815913688469319 0.5828267477203647 0.5792312879298719 0.5531914893617021 0.5704652730950776 0.5455927051671733 0.5677680377612947 0.5463525835866262
17 0.540458530006743 0.5417933130699089 0.5313553607552259 0.5425531914893617 0.5259608900876601 0.5585106382978723 0.5266351989211059 0.6101823708206687 0.5397842211732974 0.7142857142857143 0.5472016183412003 0.7917933130699089 0.5549561699258261 0.8427051671732523 0.5630478759271746 0.8571428571428571 0.5745111260957518 0.8457446808510638 0.5643964935940661 0.756079027355623 0.5566419420094403 0.6428571428571429 0.5576534052596089 0.5889057750759878 0.5569790964261632 0.5645896656534954 0.550236008091706 0.5417933130699089
16 0.5198921105866486 0.547112462006079 0.5101146325016858 0.5501519756838906 0.50472016183412 0.5645896656534954 0.5104517869184086 0.6231003039513677 0.5182063385030344 0.7287234042553191 0.5232636547538773 0.7803951367781155 0.5300067430883345 0.8297872340425532 0.5407956844234659 0.8297872340425532 0.5465273095077545 0.790273556231003 0.5377612946729602 0.6937689969604863 0.531018206338503 0.6155015197568389 0.5296695886716116 0.5714285714285714 0.5289952798381659 0.5516717325227963
30 0.34221173297370194 0.493161094224924 0.33546864463924475 0.4939209726443769 0.32333108563722185 0.5197568389057751 0.3004045853000674 0.6109422492401215 0.27680377612946727 0.6496960486322189 0.26871207012811865 0.6952887537993921 0.279838165879973 0.7606382978723404 0.3004045853000674 0.7515197568389058 0.33546864463924475 0.6846504559270516 0.35805799055967635 0.6329787234042553 0.38098449089683073 0.567629179331307 0.3867161159811194 0.5417933130699089 0.380310182063385 0.5174772036474165 0.3526635198921106 0.48632218844984804
29 0.3799730276466622 0.5083586626139818 0.3735670937289278 0.5151975683890577 0.36783546864463923 0.581306990881459 0.351652056641942 0.6702127659574468 0.33074848280512475 0.736322188449848 0.3267026298044504 0.763677811550152 0.32737693863789613 0.7948328267477204 0.34322319622387054 0.8016717325227963 0.38401888064733647 0.723404255319149 0.4069453809844909 0.6527355623100304 0.4150370869858395 0.6177811550151976 0.4275118004045853 0.5638297872340425 0.42481456507080245 0.540273556231003 0.41706001348617666 0.5296352583586627 0.40289952798381656 0.5151975683890577 0.39817936614969657 0.5129179331306991
28 0.42784895482130814 0.5600303951367781 0.4204315576534053 0.5569908814589666 0.4133513149022252 0.5699088145896657 0.4059339177343223 0.6413373860182371 0.39008766014834795 0.7066869300911854 0.36783546864463923 0.7773556231003039 0.36277815239379635 0.7978723404255319 0.3658125421443021 0.8320668693009119 0.3863789615643965 0.817629179331307 0.418745785569791 0.7044072948328267 0.44099797707349964 0.6208206686930091 0.4527983816587997 0.5987841945288754 0.4531355360755226 0.5775075987841946 0.43661496965610247 0.5668693009118541
26 0.44538098449089686 0.5493920972644377 0.4406608226567768 0.5638297872340425 0.45583277140930545 0.6648936170212766 0.471341874578557 0.7773556231003039 0.4844908968307485 0.8472644376899696 0.5003371544167229 0.8465045592705167 0.5084288604180714 0.8214285714285714 0.4942683749157114 0.729483282674772 0.4801078894133513 0.6550151975683891 0.4703304113283884 0.601823708206687 0.4659474039109912 0.5653495440729484 0.46358732299393124 0.5592705167173252 0.45515846257585973 0.5531914893617021 0.4514497639919083 0.5501519756838906
25 0.4723533378287256 0.5524316109422492 0.466621712744437 0.5547112462006079 0.46830748482805123 0.5858662613981763 0.49055967633175995 0.743920972644377 0.5091031692515172 0.8237082066869301 0.5138233310856373 0.8335866261398176 0.521577882670263 0.8191489361702128 0.4996628455832771 0.6846504559270516 0.4878624409979771 0.5919452887537994 0.48314227916385705 0.5592705167173252
24 0.4983142279163857 0.5493920972644377 0.48954821308159135 0.5455927051671733 0.47909642616318276 0.5501519756838906 0.4861766689143628 0.587386018237082 0.49629130141604855 0.6724924012158054 0.5138233310856373 0.7978723404255319 0.521577882670263 0.8297872340425532 0.531018206338503 0.8358662613981763 0.5343897505057317 0.817629179331307 0.5205664194200944 0.7135258358662614 0.5080917060013486 0.5934650455927052 0.5053944706675657 0.5600303951367781