8 0.5233160621761658 0.567629179331307 0.5188255613126079 0.5258358662613982 0.5208981001727115 0.44072948328267475 0.5233160621761658 0.36930091185410335 0.5419689119170984 0.3662613981762918 0.5474956822107081 0.38145896656534956 0.5416234887737479 0.40501519756838905 0.5461139896373057 0.5106382978723404 0.5516407599309153 0.5775075987841946 0.5281519861830742 0.5942249240121581 0.5208981001727115 0.5927051671732523
9 0.5509499136442142 0.5638297872340425 0.5602763385146805 0.5668693009118541 0.5678756476683938 0.547112462006079 0.5678756476683938 0.5083586626139818 0.5647668393782384 0.4810030395136778 0.5626943005181347 0.46580547112462006 0.5620034542314335 0.4452887537993921 0.5620034542314335 0.43009118541033436 0.5620034542314335 0.41413373860182373 0.5620034542314335 0.3943768996960486 0.5620034542314335 0.3639817629179331 0.5481865284974093 0.3495440729483283 0.5402417962003454 0.3898176291793313 0.5392055267702937 0.39969604863221886 0.5392055267702937 0.41717325227963525 0.5392055267702937 0.43541033434650456 0.5402417962003454 0.4551671732522796 0.5419689119170984 0.4734042553191489 0.5447322970639032 0.4908814589665654 0.5461139896373057 0.5091185410334347 0.5471502590673575 0.5372340425531915
10 0.566839378238342 0.33966565349544076 0.5868739205526771 0.33814589665653494 0.590328151986183 0.3822188449848024 0.5944732297063904 0.4992401215805471 0.5868739205526771 0.5600303951367781 0.5792746113989637 0.5691489361702128 0.5692573402417962 0.5159574468085106 0.5626943005181347 0.4703647416413374 0.5609671848013817 0.3594224924012158
11 0.5910189982728843 0.5516717325227963 0.6 0.5387537993920972 0.6075993091537133 0.5615501519756839 0.6189982728842832 0.5486322188449848 0.6172711571675302 0.5091185410334347 0.6189982728842832 0.4506079027355623 0.6196891191709845 0.34574468085106386 0.5958549222797928 0.33814589665653494 0.5924006908462867 0.3723404255319149 0.5899827288428324 0.44072948328267475 0.5889464594127807 0.5007598784194529 0.5924006908462867 0.5319148936170213
12 0.6117443868739205 0.5440729483282675 0.6151986183074266 0.49164133738601823 0.6179620034542315 0.41793313069908816 0.6151986183074266 0.38145896656534956 0.613126079447323 0.3487841945288754 0.6224525043177893 0.33966565349544076 0.631433506044905 0.3434650455927052 0.6404145077720207 0.36930091185410335 0.6455958549222798 0.4270516717325228 0.6473229706390328 0.48556231003039513 0.6449050086355785 0.5167173252279635 0.6442141623488774 0.5524316109422492 0.6359240069084628 0.5569908814589666 0.6245250431778929 0.5547112462006079 0.6210708117443868 0.5463525835866262
13 0.6449050086355785 0.3525835866261398 0.648013816925734 0.47416413373860183 0.6424870466321243 0.49848024316109424 0.648013816925734 0.5364741641337386 0.6556131260794473 0.5417933130699089 0.6652849740932643 0.5417933130699089 0.6683937823834197 0.5296352583586627 0.6766839378238342 0.5379939209726444 0.6829015544041451 0.53419452887538 0.6867012089810017 0.5075987841945289 0.6853195164075994 0.49164133738601823 0.6808290155440414 0.47112462006079026 0.6746113989637306 0.41793313069908816 0.6715025906735751 0.371580547112462 0.6687392055267702 0.3373860182370821 0.6563039723661486 0.33966565349544076
14 0.6929188255613126 0.3229483282674772 0.6967184801381693 0.3662613981762918 0.7105354058721934 0.4072948328267477 0.7174438687392055 0.4430091185410334 0.7243523316062176 0.48024316109422494 0.7198618307426597 0.49544072948328266 0.7115716753022453 0.49240121580547114 0.7015544041450777 0.5129179331306991 0.690846286701209 0.5144376899696048 0.6856649395509499 0.5022796352583586 0.6766839378238342 0.44756838905775076 0.6746113989637306 0.3905775075987842 0.6711571675302245 0.3434650455927052 0.6801381692573403 0.3351063829787234
15 0.7195164075993091 0.2682370820668693 0.7243523316062176 0.3191489361702128 0.730915371329879 0.3465045592705167 0.7326424870466322 0.3738601823708207 0.7295336787564767 0.38753799392097266 0.7167530224525043 0.41413373860182373 0.7105354058721934 0.3943768996960486 0.703972366148532 0.3943768996960486 0.6929188255613126 0.3366261398176292 0.6929188255613126 0.29711246200607905 0.6991364421416235 0.2750759878419453
0 0.5088082901554404 0.5942249240121581 0.5115716753022452 0.5509118541033434 0.510880829015544 0.5189969604863222 0.509153713298791 0.4566869300911854 0.5050086355785838 0.3670212765957447 0.4842832469775475 0.3670212765957447 0.49015544041450776 0.41413373860182373 0.49015544041450776 0.4566869300911854 0.48877374784110533 0.5083586626139818 0.4835924006908463 0.5319148936170213 0.48151986183074263 0.5539513677811551 0.48013816925734026 0.5805471124620061 0.48393782383419687 0.5987841945288754 0.4946459412780656 0.5980243161094225 0.5060449050086355 0.5995440729483282
1 0.46321243523316064 0.47796352583586627 0.4614853195164076 0.5098784194528876 0.45768566493955093 0.5357142857142857 0.45768566493955093 0.5562310030395137 0.4607944732297064 0.5706686930091185 0.4677029360967185 0.5835866261398176 0.47357512953367875 0.5797872340425532 0.479447322970639 0.5721884498480243 0.48290155440414506 0.5144376899696048 0.48393782383419687 0.4331306990881459 0.4867012089810017 0.3601823708206687 0.47564766839378236 0.3594224924012158 0.4670120898100173 0.38677811550151975 0.4677029360967185 0.41413373860182373 0.46597582037996543 0.44452887537993924
2 0.44248704663212435 0.5767477203647416 0.4535405872193437 0.5539513677811551 0.4597582037996546 0.5159574468085106 0.4597582037996546 0.4992401215805471 0.46632124352331605 0.36246200607902734 0.4421416234887737 0.3525835866261398 0.44041450777202074 0.3791793313069909 0.4317789291882556 0.4278115501519757 0.4317789291882556 0.4513677811550152 0.42797927461139895 0.5037993920972644 0.42590673575129534 0.5258358662613982 0.42901554404145076 0.5509118541033434 0.4328151986183074 0.5668693009118541 0.4383419689119171 0.5752279635258358 0.4397236614853195 0.5767477203647416
3 0.41865284974093264 0.3556231003039514 0.43316062176165804 0.35790273556231 0.43488773747841103 0.4072948328267477 0.43212435233160623 0.46580547112462006 0.42590673575129534 0.5364741641337386 0.4293609671848014 0.5569908814589666 0.4169257340241796 0.5524316109422492 0.4069084628670121 0.5615501519756839 0.4013816925734024 0.5547112462006079 0.3986183074265976 0.5319148936170213 0.4055267702936097 0.5007598784194529 0.4055267702936097 0.4810030395136778 0.4086355785837651 0.4156534954407295 0.41174438687392056 0.3731003039513678
4 0.3913644214162349 0.3556231003039514 0.41070811744386876 0.3586626139817629 0.41036269430051814 0.3844984802431611 0.4072538860103627 0.44376899696048633 0.4037996545768566 0.49772036474164133 0.401727115716753 0.520516717325228 0.3996545768566494 0.5425531914893617 0.3924006908462867 0.5478723404255319 0.3861830742659758 0.5562310030395137 0.3716753022452504 0.5486322188449848 0.370293609671848 0.5159574468085106 0.3754749568221071 0.48404255319148937 0.37823834196891193 0.4004559270516717 0.3830742659758204 0.3898176291793313
5 0.34093264248704663 0.5250759878419453 0.3499136442141623 0.5417933130699089 0.3613126079447323 0.5448328267477204 0.3689119170984456 0.53419452887538 0.3699481865284974 0.5075987841945289 0.3699481865284974 0.5007598784194529 0.3789291882556131 0.34194528875379937 0.34956822107081176 0.3305471124620061 0.34093264248704663 0.3655015197568389 0.34024179620034545 0.4126139817629179 0.3374784110535406 0.44832826747720367 0.3316062176165803 0.4726443768996961 0.32642487046632124 0.5022796352583586 0.3298791018998273 0.5227963525835866 0.33609671848013817 0.5303951367781155
6 0.32642487046632124 0.32598784194528874 0.3157167530224525 0.3898176291793313 0.2981001727115717 0.43617021276595747 0.28739205526770295 0.4642857142857143 0.28808290155440414 0.48632218844984804 0.29533678756476683 0.48556231003039513 0.30569948186528495 0.520516717325228 0.32158894645941277 0.5121580547112462 0.32780656303972366 0.4939209726443769 0.33609671848013817 0.42629179331306993 0.3468048359240069 0.33282674772036475 0.3298791018998273 0.32066869300911854
7 0.3067357512953368 0.26671732522796354 0.2994818652849741 0.30015197568389057 0.2867012089810017 0.32674772036474165 0.27910189982728845 0.3487841945288754 0.275993091537133 0.3791793313069909 0.28117443868739206 0.3799392097264438 0.29015544041450775 0.4034954407294833 0.3053540587219344 0.39893617021276595 0.31813471502590673 0.37462006079027355 0.3250431778929188 0.32066869300911854 0.3302245250431779 0.2803951367781155 0.3167530224525043 0.2689969604863222
16 0.5126079447322971 0.6223404255319149 0.5260794473229706 0.6185410334346505 0.5305699481865285 0.6261398176291794 0.5302245250431779 0.662613981762918 0.5274611398963731 0.709726443768997 0.522279792746114 0.791033434650456 0.5219343696027634 0.8115501519756839 0.5129533678756477 0.8100303951367781 0.5150259067357513 0.7667173252279635 0.5139896373056995 0.6975683890577508 0.5115716753022452 0.6534954407294833
17 0.5333333333333333 0.6208206686930091 0.5395509499136442 0.6155015197568389 0.5471502590673575 0.6208206686930091 0.550259067357513 0.6268996960486323 0.5468048359240069 0.6838905775075987 0.5488773747841106 0.8259878419452887 0.5343696027633852 0.8252279635258358 0.5312607944732297 0.7682370820668692 0.531951640759931 0.689209726443769 0.5322970639032815 0.6550151975683891
18 0.5613126079447323 0.6033434650455927 0.5544041450777202 0.621580547112462 0.550259067357513 0.6496960486322189 0.5509499136442142 0.6907294832826748 0.5509499136442142 0.7545592705167173 0.5533678756476684 0.8434650455927052 0.5644214162348877 0.8487841945288754 0.5689119170984456 0.837386018237082 0.5713298791018998 0.7507598784194529 0.5723661485319517 0.6656534954407295 0.5723661485319517 0.6337386018237082 0.5682210708117443 0.6094224924012158
19 0.581692573402418 0.601823708206687 0.5758203799654577 0.6124620060790273 0.573747841105354 0.6193009118541033 0.5709844559585492 0.6390577507598785 0.5734024179620034 0.6542553191489362 0.5778929188255613 0.6968085106382979 0.5803108808290155 0.8100303951367781 0.5972366148531951 0.8138297872340425 0.5968911917098445 0.7583586626139818 0.5968911917098445 0.6778115501519757 0.5975820379965457 0.6382978723404256 0.5972366148531951 0.6193009118541033 0.5924006908462867 0.601823708206687 0.5848013816925735 0.5949848024316109
20 0.6062176165803109 0.5881458966565349 0.6006908462867012 0.5995440729483282 0.5899827288428324 0.5965045592705167 0.5913644214162349 0.6139817629179332 0.5944732297063904 0.6268996960486323 0.601727115716753 0.6527355623100304 0.6155440414507772 0.810790273556231 0.6469775474956823 0.8024316109422492 0.6352331606217616 0.7051671732522796 0.6210708117443868 0.5904255319148937 0.6155440414507772 0.5820668693009119
21 0.6234887737478411 0.5828267477203647 0.6383419689119171 0.5668693009118541 0.6528497409326425 0.560790273556231 0.6649395509499136 0.5630699088145896 0.6694300518134715 0.601063829787234 0.6711571675302245 0.6306990881458967 0.7063903281519862 0.7674772036474165 0.6690846286701209 0.7803951367781155 0.6490500863557859 0.7340425531914894 0.6369602763385147 0.6846504559270516 0.6300518134715026 0.6474164133738601 0.6217616580310881 0.6117021276595744
22 0.6687392055267702 0.547112462006079 0.6849740932642487 0.5372340425531915 0.6901554404145078 0.5273556231003039 0.7015544041450777 0.5182370820668692 0.7094991364421416 0.526595744680851 0.7153713298791019 0.5448328267477204 0.7195164075993091 0.5782674772036475 0.7260794473229706 0.6094224924012158 0.7329879101899828 0.6337386018237082 0.7464594127806563 0.7066869300911854 0.7160621761658031 0.7424012158054711 0.6929188255613126 0.6572948328267477 0.6804835924006909 0.6117021276595744 0.6715025906735751 0.5957446808510638 0.6621761658031088 0.567629179331307
23 0.7347150259067358 0.5303951367781155 0.7374784110535406 0.5015197568389058 0.7495682210708118 0.5106382978723404 0.7606217616580311 0.5326747720364742 0.7972366148531952 0.6033434650455927 0.7651122625215889 0.668693009118541 0.7481865284974093 0.6268996960486323 0.7274611398963731 0.601063829787234 0.7164075993091538 0.5721884498480243 0.7195164075993091 0.5516717325227963 0.7267702936096718 0.5417933130699089
24 0.49671848013816927 0.6193009118541033 0.5053540587219344 0.6200607902735562 0.5098445595854922 0.628419452887538 0.5070811744386874 0.817629179331307 0.4936096718480138 0.8183890577507599 0.49568221070811747 0.7575987841945289 0.490846286701209 0.6945288753799392 0.48842832469775477 0.6588145896656535
25 0.475993091537133 0.6208206686930091 0.4649395509499136 0.6291793313069909 0.4687392055267703 0.6899696048632219 0.47357512953367875 0.8039513677811551 0.47357512953367875 0.8259878419452887 0.4835924006908463 0.8259878419452887 0.48877374784110533 0.7940729483282675 0.4856649395509499 0.743161094224924 0.48601036269430054 0.6930091185410334 0.48739205526770296 0.6572948328267477 0.48877374784110533 0.6344984802431611
26 0.4459412780656304 0.60790273556231 0.4421416234887737 0.6170212765957447 0.43454231433506046 0.6139817629179332 0.4303972366148532 0.621580547112462 0.43730569948186526 0.6398176291793313 0.4386873920552677 0.6808510638297872 0.43488773747841103 0.851823708206687 0.46217616580310883 0.8594224924012158 0.46459412780656306 0.7469604863221885 0.4635578583765112 0.6694528875379939 0.4597582037996546 0.6261398176291794
27 0.42694300518134715 0.601063829787234 0.4369602763385147 0.6162613981762918 0.43730569948186526 0.6572948328267477 0.4265975820379965 0.8290273556231003 0.39620034542314336 0.8153495440729484 0.4086355785837651 0.7150455927051672 0.41208981001727113 0.6557750759878419 0.41865284974093264 0.6147416413373861
28 0.4069084628670121 0.6048632218844985 0.414853195164076 0.5957446808510638 0.41658031088082903 0.6056231003039514 0.41761658031088084 0.6208206686930091 0.3910189982728843 0.8297872340425532 0.3654576856649395 0.8069908814589666 0.3789291882556131 0.6907294832826748 0.3837651122625216 0.6352583586626139 0.38791018998272886 0.5934650455927052 0.39792746113989635 0.5858662613981763 0.40449050086355787 0.5904255319148937
29 0.37858376511226255 0.5949848024316109 0.38963730569948185 0.5942249240121581 0.38341968911917096 0.648176291793313 0.3654576856649395 0.7348024316109423 0.338860103626943 0.7872340425531915 0.3067357512953368 0.7454407294832827 0.33402417962003456 0.6519756838905775 0.3447322970639033 0.6003039513677811 0.3540587219343696 0.560790273556231 0.3644214162348877 0.560790273556231 0.3761658031088083 0.5820668693009119
30 0.3319516407599309 0.5379939209726444 0.34300518134715025 0.5379939209726444 0.3474956822107081 0.5493920972644377 0.35025906735751294 0.5653495440729484 0.34956822107081176 0.574468085106383 0.34127806563039725 0.601823708206687 0.33471502590673574 0.6299392097264438 0.32884283246977547 0.648176291793313 0.3136442141623489 0.6846504559270516 0.2918825561312608 0.7462006079027356 0.26044905008635577 0.6937689969604863 0.2835924006908463 0.6200607902735562 0.3005181347150259 0.5790273556231003 0.3022452504317789 0.547112462006079 0.30915371329879104 0.5220364741641338 0.3177892918825561 0.5159574468085106 0.3226252158894646 0.5167173252279635 0.32849740932642485 0.5258358662613982
31 0.2753022452504318 0.5015197568389058 0.28082901554404144 0.5250759878419453 0.29844559585492225 0.5372340425531915 0.29844559585492225 0.5699088145896657 0.2856649395509499 0.5934650455927052 0.2390328151986183 0.6603343465045592 0.2221070811744387 0.587386018237082 0.24905008635578585 0.5531914893617021 0.2549222797927461 0.5106382978723404 0.261139896373057 0.5007598784194529 0.2721934369602763 0.49240121580547114