0 0.4610323886639676 0.5512295081967213 0.4883603238866397 0.548155737704918 0.4893724696356275 0.305327868852459 0.4706477732793522 0.3094262295081967
1 0.4342105263157895 0.5430327868852459 0.4610323886639676 0.5450819672131147 0.4686234817813765 0.3206967213114754 0.4483805668016194 0.3237704918032787 0.44129554655870445 0.48155737704918034
2 0.416497975708502 0.45594262295081966 0.4139676113360324 0.5194672131147541 0.4225708502024291 0.5430327868852459 0.4342105263157895 0.5379098360655737 0.44129554655870445 0.5276639344262295 0.44129554655870445 0.45799180327868855 0.44129554655870445 0.3084016393442623 0.4215587044534413 0.3125
3 0.3851214574898785 0.3391393442622951 0.3881578947368421 0.4692622950819672 0.3861336032388664 0.5102459016393442 0.39220647773279355 0.5399590163934426 0.4104251012145749 0.5399590163934426 0.4225708502024291 0.5379098360655737 0.4251012145748988 0.5174180327868853 0.4215587044534413 0.4415983606557377 0.4048582995951417 0.32274590163934425
4 0.36285425101214575 0.35963114754098363 0.3674089068825911 0.4569672131147541 0.36690283400809715 0.48258196721311475 0.36538461538461536 0.5020491803278688 0.36538461538461536 0.5204918032786885 0.3658906882591093 0.5338114754098361 0.37550607287449395 0.5389344262295082 0.3881578947368421 0.5245901639344263 0.3932186234817814 0.5245901639344263 0.39979757085020245 0.5245901639344263 0.39979757085020245 0.48668032786885246 0.38208502024291496 0.3442622950819672
5 0.326417004048583 0.3790983606557377 0.3299595141700405 0.42827868852459017 0.3299595141700405 0.45286885245901637 0.32945344129554655 0.48155737704918034 0.32945344129554655 0.5092213114754098 0.3319838056680162 0.5307377049180327 0.3481781376518219 0.5327868852459017 0.35931174089068824 0.5327868852459017 0.36538461538461536 0.5358606557377049 0.37550607287449395 0.5153688524590164 0.3694331983805668 0.45389344262295084 0.3547570850202429 0.3668032786885246
6 0.2925101214574899 0.3719262295081967 0.2935222672064777 0.41700819672131145 0.2925101214574899 0.4569672131147541 0.2899797570850202 0.48360655737704916 0.2874493927125506 0.5092213114754098 0.291497975708502 0.5194672131147541 0.3102226720647773 0.5174180327868853 0.31629554655870445 0.5174180327868853 0.33046558704453444 0.5174180327868853 0.33704453441295545 0.48668032786885246 0.33299595141700405 0.45389344262295084 0.32945344129554655 0.42008196721311475 0.3188259109311741 0.36475409836065575
8 0.4873481781376518 0.5584016393442623 0.513663967611336 0.5491803278688525 0.5146761133603239 0.3094262295081967 0.4908906882591093 0.3135245901639344
9 0.5126518218623481 0.5594262295081968 0.5339068825910931 0.5543032786885246 0.5369433198380567 0.3514344262295082 0.521255060728745 0.3514344262295082 0.5151821862348178 0.47950819672131145
10 0.5399797570850202 0.3709016393442623 0.5303643724696356 0.5184426229508197 0.5379554655870445 0.555327868852459 0.5516194331983806 0.5614754098360656 0.5592105263157895 0.5358606557377049 0.5607287449392713 0.5092213114754098 0.562753036437247 0.3391393442622951 0.5440283400809717 0.3350409836065574
11 0.5576923076923077 0.3801229508196721 0.5490890688259109 0.5256147540983607 0.5516194331983806 0.5543032786885246 0.5607287449392713 0.5461065573770492 0.5733805668016194 0.5502049180327869 0.5794534412955465 0.5389344262295082 0.5799595141700404 0.507172131147541 0.5733805668016194 0.3442622950819672 0.5597165991902834 0.35963114754098363
12 0.5855263157894737 0.3862704918032787 0.5703441295546559 0.5102459016393442 0.5673076923076923 0.5286885245901639 0.5718623481781376 0.5440573770491803 0.5824898785425101 0.5440573770491803 0.5905870445344129 0.5512295081967213 0.6027327935222672 0.5245901639344263 0.6032388663967612 0.5020491803278688 0.6057692307692307 0.3668032786885246
13 0.6062753036437247 0.3411885245901639 0.597165991902834 0.5133196721311475 0.597165991902834 0.5245901639344263 0.6027327935222672 0.5399590163934426 0.6148785425101214 0.5307377049180327 0.6199392712550608 0.5338114754098361 0.6290485829959515 0.5348360655737705 0.6325910931174089 0.4979508196721312 0.6280364372469636 0.4569672131147541 0.6199392712550608 0.3483606557377049
14 0.6467611336032388 0.3790983606557377 0.6366396761133604 0.4405737704918033 0.6310728744939271 0.4979508196721312 0.6310728744939271 0.5327868852459017 0.6417004048582996 0.5307377049180327 0.6538461538461539 0.5307377049180327 0.6654858299595142 0.5245901639344263 0.666497975708502 0.47438524590163933 0.6710526315789473 0.3555327868852459 0.6508097165991903 0.3668032786885246
16 0.4873481781376518 0.5747950819672131 0.5045546558704453 0.5706967213114754 0.5010121457489879 0.7325819672131147 0.48633603238866396 0.7336065573770492
17 0.5020242914979757 0.5737704918032787 0.5227732793522267 0.5758196721311475 0.5192307692307693 0.7694672131147541 0.5010121457489879 0.7612704918032787
18 0.5217611336032388 0.6168032786885246 0.5192307692307693 0.5840163934426229 0.534919028340081 0.5645491803278688 0.5394736842105263 0.6014344262295082 0.542004048582996 0.7868852459016393 0.5268218623481782 0.7817622950819673
19 0.542004048582996 0.6424180327868853 0.5374493927125507 0.5942622950819673 0.5495951417004049 0.5686475409836066 0.5607287449392713 0.5717213114754098 0.562246963562753 0.6014344262295082 0.5642712550607287 0.6618852459016393 0.5597165991902834 0.8012295081967213 0.5450404858299596 0.7889344262295082
20 0.5642712550607287 0.632172131147541 0.5592105263157895 0.6055327868852459 0.5571862348178138 0.5799180327868853 0.5723684210526315 0.5717213114754098 0.5819838056680162 0.5737704918032787 0.5855263157894737 0.5901639344262295 0.5895748987854251 0.7561475409836066 0.5733805668016194 0.7633196721311475
21 0.5855263157894737 0.6127049180327869 0.5794534412955465 0.5860655737704918 0.5769230769230769 0.5635245901639344 0.5855263157894737 0.5512295081967213 0.604757085020243 0.5543032786885246 0.6098178137651822 0.5512295081967213 0.618421052631579 0.6004098360655737 0.638663967611336 0.7377049180327869 0.6062753036437247 0.7510245901639344 0.5910931174089069 0.6526639344262295
22 0.6209514170040485 0.6075819672131147 0.6108299595141701 0.5788934426229508 0.6103238866396761 0.5604508196721312 0.6265182186234818 0.5461065573770492 0.6467611336032388 0.5450819672131147 0.6604251012145749 0.5594262295081968 0.6584008097165992 0.5993852459016393 0.6720647773279352 0.701844262295082 0.6482793522267206 0.7243852459016393
24 0.4716599190283401 0.5840163934426229 0.4883603238866397 0.576844262295082 0.4817813765182186 0.7612704918032787 0.4706477732793522 0.764344262295082
25 0.45445344129554655 0.5665983606557377 0.4782388663967611 0.5747950819672131 0.46305668016194335 0.7745901639344263 0.44686234817813764 0.7745901639344263
26 0.4251012145748988 0.6793032786885246 0.4342105263157895 0.5788934426229508 0.4493927125506073 0.5655737704918032 0.4564777327935223 0.5860655737704918 0.44686234817813764 0.694672131147541 0.43623481781376516 0.7961065573770492 0.4190283400809717 0.7909836065573771
27 0.3977732793522267 0.7592213114754098 0.4104251012145749 0.6168032786885246 0.41295546558704455 0.5819672131147541 0.4185222672064777 0.5635245901639344 0.43016194331983804 0.569672131147541 0.4357287449392713 0.5819672131147541 0.4291497975708502 0.6219262295081968 0.41295546558704455 0.7797131147540983
28 0.3775303643724696 0.7397540983606558 0.3896761133603239 0.6229508196721312 0.3861336032388664 0.5922131147540983 0.3901821862348178 0.5614754098360656 0.4058704453441296 0.555327868852459 0.4185222672064777 0.5860655737704918 0.4073886639676113 0.6424180327868853 0.39068825910931176 0.7735655737704918
29 0.3350202429149798 0.7202868852459017 0.33299595141700405 0.6823770491803278 0.3431174089068826 0.632172131147541 0.3466599190283401 0.6055327868852459 0.3476720647773279 0.5706967213114754 0.35020242914979755 0.5594262295081968 0.37601214574898784 0.5532786885245902 0.3861336032388664 0.5594262295081968 0.39119433198380565 0.5922131147540983 0.3825910931174089 0.6403688524590164 0.3557692307692308 0.7530737704918032
30 0.2732793522267207 0.6997950819672131 0.2909919028340081 0.6526639344262295 0.29706477732793524 0.6127049180327869 0.2975708502024291 0.5901639344262295 0.3021255060728745 0.5635245901639344 0.3066801619433198 0.548155737704918 0.31629554655870445 0.5399590163934426 0.34058704453441296 0.5512295081967213 0.3547570850202429 0.5665983606557377 0.35020242914979755 0.5840163934426229 0.32793522267206476 0.6526639344262295 0.2889676113360324 0.7141393442622951
31 0.24898785425101214 0.6516393442622951 0.24949392712550608 0.6127049180327869 0.2515182186234818 0.5758196721311475 0.2565789473684211 0.5594262295081968 0.2565789473684211 0.548155737704918 0.2565789473684211 0.5348360655737705 0.2606275303643725 0.5225409836065574 0.27378542510121456 0.5122950819672131 0.2859311740890688 0.5102459016393442 0.3021255060728745 0.5194672131147541 0.3097165991902834 0.5245901639344263 0.31781376518218624 0.5440573770491803 0.3016194331983806 0.5901639344262295 0.2925101214574899 0.6116803278688525 0.2560728744939271 0.6834016393442623