0 0.4581589958158996 0.569813829787234 0.49546722454672243 0.5625 0.4930264993026499 0.4853723404255319 0.4595536959553696 0.2839095744680851 0.43340306834030684 0.293218085106383 0.44490934449093444 0.4767287234042553
1 0.41387726638772665 0.47805851063829785 0.41631799163179917 0.5398936170212766 0.4222454672245467 0.5651595744680851 0.448047419804742 0.5664893617021277 0.4456066945606695 0.49867021276595747 0.4107391910739191 0.2765957446808511 0.39295676429567644 0.29055851063829785
2 0.3668061366806137 0.2679521276595745 0.38354253835425384 0.48404255319148937 0.38284518828451886 0.550531914893617 0.396792189679219 0.5738031914893617 0.4082984658298466 0.5751329787234043 0.4177126917712692 0.526595744680851 0.4093444909344491 0.4574468085106383 0.38737796373779637 0.25 0.37203626220362623 0.25930851063829785
3 0.350418410041841 0.47606382978723405 0.34797768479776847 0.5412234042553191 0.35808926080892606 0.5691489361702128 0.3682008368200837 0.5724734042553191 0.3804044630404463 0.5651595744680851 0.3842398884239888 0.53125 0.3804044630404463 0.4747340425531915 0.35669456066945604 0.26063829787234044 0.33158995815899583 0.26396276595744683 0.3403068340306834 0.3949468085106383
4 0.32810320781032076 0.3238031914893617 0.3207810320781032 0.4953457446808511 0.3148535564853556 0.5219414893617021 0.3200836820083682 0.5545212765957447 0.33263598326359833 0.557845744680851 0.34658298465829845 0.5605053191489362 0.35251046025104604 0.53125 0.3458856345885635 0.46742021276595747 0.34344490934449096 0.2712765957446808 0.32461645746164575 0.2726063829787234
7 0.2217573221757322 0.33311170212765956 0.23256624825662484 0.46742021276595747 0.22698744769874477 0.5106382978723404 0.2388423988842399 0.5398936170212766 0.2583682008368201 0.5412234042553191 0.2730125523012552 0.5279255319148937 0.2730125523012552 0.46742021276595747 0.2691771269177127 0.3816489361702128 0.2412831241283124 0.31981382978723405
8 0.49511854951185497 0.5651595744680851 0.5387029288702929 0.557845744680851 0.5432357043235704 0.5 0.5338214783821479 0.2679521276595745 0.4975592747559275 0.28257978723404253 0.4975592747559275 0.4261968085106383 0.49372384937238495 0.5059840425531915
9 0.5502092050209205 0.4747340425531915 0.5432357043235704 0.5166223404255319 0.5509065550906556 0.5445478723404256 0.5690376569037657 0.5518617021276596 0.5829846582984658 0.5445478723404256 0.5857740585774058 0.4747340425531915 0.5906555090655509 0.23670212765957446 0.5679916317991632 0.24268617021276595 0.552649930264993 0.43949468085106386
10 0.5958856345885635 0.4634308510638298 0.5882147838214784 0.49601063829787234 0.5889121338912134 0.523936170212766 0.6115760111576011 0.5565159574468085 0.6262203626220363 0.5425531914893617 0.6293584379358438 0.4767287234042553 0.6565550906555091 0.22406914893617022 0.6401673640167364 0.22406914893617022 0.6115760111576011 0.3503989361702128 0.5965829846582985 0.449468085106383
11 0.649581589958159 0.36236702127659576 0.6262203626220363 0.4734042553191489 0.6269177126917713 0.5146276595744681 0.6324965132496513 0.5412234042553191 0.6471408647140865 0.5445478723404256 0.6628312412831241 0.538563829787234 0.6687587168758717 0.47606382978723405 0.6813110181311018 0.2579787234042553 0.6635285913528591 0.2679521276595745
12 0.6851464435146444 0.29720744680851063 0.6711994421199442 0.449468085106383 0.6680613668061367 0.47805851063829785 0.6610878661087866 0.5132978723404256 0.6718967921896792 0.5339095744680851 0.6844490934449093 0.5472074468085106 0.6935146443514645 0.5485372340425532 0.702231520223152 0.5159574468085106 0.704323570432357 0.480718085106383 0.7011854951185496 0.2978723404255319
13 0.7245467224546722 0.30518617021276595 0.704323570432357 0.4428191489361702 0.702928870292887 0.47606382978723405 0.6983960948396095 0.5033244680851063 0.6976987447698745 0.526595744680851 0.708507670850767 0.535904255319149 0.7151324965132496 0.5398936170212766 0.7238493723849372 0.550531914893617 0.7360529986052998 0.5458776595744681 0.7447698744769874 0.5372340425531915 0.7468619246861925 0.5132978723404256 0.7461645746164575 0.47074468085106386 0.7447698744769874 0.4295212765957447 0.7524407252440726 0.3078457446808511 0.7301255230125523 0.29720744680851063
14 0.7695258019525802 0.3171542553191489 0.7524407252440726 0.42021276595744683 0.7461645746164575 0.4634308510638298 0.7447698744769874 0.480718085106383 0.7440725244072525 0.511968085106383 0.75418410041841 0.5292553191489362 0.7670850767085077 0.5325797872340425 0.7758019525801952 0.5339095744680851 0.7848675034867504 0.5252659574468085 0.7880055788005579 0.5093085106382979 0.7848675034867504 0.46742021276595747 0.794281729428173 0.3038563829787234
15 0.8089260808926081 0.32845744680851063 0.7981171548117155 0.4162234042553192 0.7852161785216178 0.45611702127659576 0.7848675034867504 0.4853723404255319 0.7897489539748954 0.5106382978723404 0.799163179916318 0.5179521276595744 0.8099721059972106 0.504654255319149 0.8169456066945606 0.507313829787234 0.8291492329149233 0.5033244680851063 0.8322873082287309 0.4820478723404255 0.8340306834030683 0.31382978723404253
16 0.5132496513249651 0.5771276595744681 0.5425383542538355 0.5771276595744681 0.5564853556485355 0.7613031914893617 0.5324267782426778 0.7613031914893617
17 0.5432357043235704 0.6436170212765957 0.5394002789400278 0.569813829787234 0.5711297071129707 0.5751329787234043 0.5812412831241283 0.6569148936170213 0.5965829846582985 0.7792553191489362 0.5735704323570432 0.7805851063829787
18 0.5819386331938633 0.6628989361702128 0.5812412831241283 0.5711436170212766 0.597629009762901 0.5531914893617021 0.6115760111576011 0.5797872340425532 0.6175034867503487 0.6303191489361702 0.6394700139470014 0.7865691489361702 0.6168061366806137 0.7998670212765957
19 0.6230822873082287 0.6449468085106383 0.6175034867503487 0.5724734042553191 0.6345885634588564 0.5565159574468085 0.652370990237099 0.5738031914893617 0.6527196652719666 0.6363031914893617 0.6736401673640168 0.7852393617021277 0.649581589958159 0.7898936170212766
20 0.6555090655509066 0.6356382978723404 0.6457461645746164 0.5724734042553191 0.6586471408647141 0.550531914893617 0.6774755927475593 0.5618351063829787 0.6875871687587168 0.5844414893617021 0.697350069735007 0.7952127659574468 0.6774755927475593 0.8011968085106383
22 0.7409344490934449 0.6256648936170213 0.7259414225941423 0.5678191489361702 0.74302649930265 0.550531914893617 0.7580195258019525 0.5398936170212766 0.7709205020920502 0.5398936170212766 0.7880055788005579 0.5664893617021277 0.7928870292887029 0.6050531914893617 0.8228730822873083 0.7127659574468085 0.7702231520223152 0.7559840425531915
23 0.7887029288702929 0.6017287234042553 0.7733612273361228 0.5472074468085106 0.795676429567643 0.5299202127659575 0.8106694560669456 0.507313829787234 0.8239191073919108 0.5398936170212766 0.8608786610878661 0.6476063829787234 0.8368200836820083 0.680186170212766 0.8036959553695955 0.6449468085106383
24 0.4850069735006973 0.5724734042553191 0.5163877266387726 0.5724734042553191 0.5108089260808926 0.7559840425531915 0.4881450488145049 0.7513297872340425
25 0.4619944211994421 0.6436170212765957 0.4602510460251046 0.5831117021276596 0.4860529986052999 0.5831117021276596 0.4874476987447699 0.6303191489361702 0.4689679218967922 0.7878989361702128 0.45397489539748953 0.7839095744680851
26 0.4086471408647141 0.7719414893617021 0.42642956764295675 0.6030585106382979 0.43654114365411434 0.5738031914893617 0.45188284518828453 0.5904255319148937 0.4595536959553696 0.6329787234042553 0.4330543933054393 0.8297872340425532 0.4076011157601116 0.8011968085106383
27 0.3804044630404463 0.7898936170212766 0.3915620641562064 0.7101063829787234 0.396792189679219 0.5797872340425532 0.4191073919107392 0.5738031914893617 0.4330543933054393 0.6063829787234043 0.4177126917712692 0.6908244680851063 0.3947001394700139 0.8158244680851063
28 0.3427475592747559 0.8071808510638298 0.3587866108786611 0.694813829787234 0.36436541143654116 0.6449468085106383 0.36366806136680613 0.6230053191489362 0.3633193863319386 0.5904255319148937 0.3852859135285914 0.5831117021276596 0.39748953974895396 0.5871010638297872 0.3985355648535565 0.6163563829787234 0.3598326359832636 0.8158244680851063
29 0.2900976290097629 0.7686170212765957 0.3092747559274756 0.6436170212765957 0.3099721059972106 0.6003989361702128 0.30718270571827055 0.5784574468085106 0.3193863319386332 0.5724734042553191 0.34344490934449096 0.5724734042553191 0.36262203626220363 0.5944148936170213 0.35669456066945604 0.6429521276595744 0.33472803347280333 0.7925531914893617
30 0.2377963737796374 0.7526595744680851 0.253486750348675 0.6449468085106383 0.2597629009762901 0.6050531914893617 0.26359832635983266 0.5618351063829787 0.2859135285913529 0.550531914893617 0.3054393305439331 0.5605053191489362 0.3106694560669456 0.5831117021276596 0.297768479776848 0.648936170212766 0.27615062761506276 0.7613031914893617
31 0.18375174337517433 0.692154255319149 0.20223152022315202 0.6303191489361702 0.21304044630404462 0.6110372340425532 0.21617852161785217 0.5678191489361702 0.22559274755927475 0.5425531914893617 0.24651324965132496 0.5492021276595744 0.26534170153417014 0.5651595744680851 0.2712691771269177 0.5757978723404256 0.25418410041841005 0.6316489361702128 0.24337517433751743 0.6509308510638298 0.1990934449093445 0.7287234042553191