0 0.4542075025346401 0.4886018237082067 0.45285569449138224 0.5554711246200608 0.45724907063197023 0.5653495440729484 0.47549847921595134 0.5623100303951368 0.48191956742142616 0.5516717325227963 0.48090571138898275 0.4612462006079027 0.48090571138898275 0.3708206686930091 0.48090571138898275 0.32142857142857145 0.47887799932409597 0.2613981762917933 0.4744846231835079 0.23860182370820668 0.4656978709023319 0.24164133738601823 0.4606285907401149 0.30319148936170215 0.4569111186211558 0.3898176291793313
1 0.4342683338965867 0.49848024316109424 0.4366339979722879 0.5493920972644377 0.4420412301453194 0.5668693009118541 0.45251774248056775 0.5600303951367781 0.4579249746535992 0.4908814589665654 0.4606285907401149 0.3373860182370821 0.46130449476174384 0.2917933130699088 0.4602906387293004 0.24924012158054712 0.450490030415681 0.24620060790273557 0.44373099019939166 0.28343465045592703
2 0.41500506928016223 0.5075987841945289 0.4197363974315647 0.5592705167173252 0.42953700574518416 0.574468085106383 0.44406894221020615 0.5250759878419453 0.43866171003717475 0.4126139817629179 0.4396755660696181 0.31990881458966564 0.43866171003717475 0.28951367781155013 0.4342683338965867 0.24772036474164133 0.426495437647854 0.2378419452887538 0.41568097330179116 0.25379939209726443 0.41500506928016223 0.31458966565349544
3 0.39743156471781005 0.5083586626139818 0.40047313281514024 0.5615501519756839 0.40925988509631633 0.5737082066869301 0.4244677255829672 0.540273556231003 0.42987495775599865 0.5098784194528876 0.4275092936802974 0.4696048632218845 0.4224400135180804 0.3951367781155015 0.4224400135180804 0.3252279635258359 0.42142615748563705 0.2993920972644377 0.4136532612369044 0.25835866261398177 0.4055424129773572 0.24848024316109424 0.3970936127069956 0.2674772036474164 0.398107468739439 0.3541033434650456
4 0.3788442041230145 0.49544072948328266 0.3764785400473133 0.5349544072948328 0.38627914836093274 0.5638297872340425 0.40892193308550184 0.5395136778115501 0.4133153092260899 0.47720364741641336 0.40993578911794526 0.2872340425531915 0.4055424129773572 0.2560790273556231 0.39743156471781005 0.22644376899696048 0.38627914836093274 0.23404255319148937 0.38323758026360255 0.28191489361702127
5 0.3572152754308888 0.4764437689969605 0.3538357553227442 0.5159574468085106 0.3582291314633322 0.5478723404255319 0.3761405880364988 0.5516717325227963 0.3910104765123352 0.5129179331306991 0.39168638053396415 0.44984802431610943 0.38729300439337616 0.3860182370820669 0.38526529232848933 0.3472644376899696 0.3818857722203447 0.31458966565349544 0.3764785400473133 0.2993920972644377 0.36667793173369384 0.2857142857142857 0.3545116593443731 0.27811550151975684 0.34842852314971273 0.28799392097264437 0.34673876309564045 0.324468085106383 0.35687732342007433 0.39285714285714285
6 0.32105441027374115 0.439209726443769 0.31530922608989526 0.4886018237082067 0.3217303142953701 0.5113981762917933 0.341331530922609 0.5235562310030395 0.3565393714092599 0.5227963525835866 0.360256843528219 0.4635258358662614 0.3619466035822913 0.3882978723404255 0.3592429874957756 0.33890577507598785 0.35586346738763097 0.30319148936170215 0.3423453869550524 0.2803951367781155 0.33423453869550523 0.28495440729483285 0.32646164244677256 0.324468085106383 0.32105441027374115 0.42021276595744683
7 0.29469415343021294 0.2613981762917933 0.3021290976681311 0.3411854103343465 0.312943562014194 0.3860182370820669 0.32950321054410275 0.40805471124620063 0.35214599526867185 0.385258358662614 0.3555255153768165 0.3366261398176292 0.3470767151064549 0.2978723404255319 0.3338965866846908 0.22948328267477203 0.32544778641432914 0.19680851063829788 0.30381885772220346 0.18541033434650456 0.2892869212571815 0.20972644376899696
8 0.47887799932409597 0.4908814589665654 0.48124366339979724 0.5478723404255319 0.4920581277458601 0.5600303951367781 0.5076039202433255 0.5524316109422492 0.5140250084488003 0.5182370820668692 0.5113213923622846 0.4133738601823708 0.5113213923622846 0.3434650455927052 0.5106454883406556 0.2948328267477204 0.5042244001351808 0.25835866261398177 0.49340993578911796 0.2682370820668693 0.4863129435620142 0.3495440729483283
9 0.5119972963839134 0.4878419452887538 0.5106454883406556 0.5372340425531915 0.516052720513687 0.5569908814589666 0.5292328489354512 0.5501519756838906 0.5343021290976682 0.47188449848024316 0.5326123690435958 0.3738601823708207 0.5326123690435958 0.32674772036474165 0.5326123690435958 0.2735562310030395 0.526191280838121 0.23860182370820668 0.5170665765461304 0.2629179331306991 0.5106454883406556 0.3366261398176292
10 0.5288948969246366 0.4817629179331307 0.5268671848597499 0.506079027355623 0.5309226089895235 0.547112462006079 0.5434268333896587 0.5569908814589666 0.5552551537681649 0.5349544072948328 0.5572828658330518 0.44148936170212766 0.5522135856708348 0.33890577507598785 0.5528894896924637 0.2857142857142857 0.5508617776275769 0.24924012158054712 0.5380196012166273 0.25151975683890576 0.5309226089895235 0.32142857142857145
11 0.5484961135518757 0.48404255319148937 0.5495099695843191 0.5197568389057751 0.5484961135518757 0.5433130699088146 0.5620141939844542 0.5524316109422492 0.5751943224062184 0.5379939209726444 0.5802636025684352 0.48632218844984804 0.5778979384927341 0.40805471124620063 0.5748563703954038 0.3495440729483283 0.5748563703954038 0.31458966565349544 0.5708009462656303 0.26595744680851063 0.5664075701250423 0.24848024316109424 0.5606623859411963 0.24924012158054712 0.5539033457249071 0.30167173252279633
13 0.5904021628928692 0.4635258358662614 0.5887124028387969 0.5075987841945289 0.5934437309901994 0.5417933130699089 0.6089895234876648 0.5531914893617021 0.625887124028388 0.5433130699088146 0.6323082122338628 0.5281155015197568 0.625211220006759 0.49164133738601823 0.6275768840824603 0.4270516717325228 0.6312943562014194 0.3594224924012158 0.6312943562014194 0.3290273556231003 0.6306184521797905 0.29027355623100304 0.6218316998986144 0.2674772036474164 0.6086515714768503 0.28495440729483285 0.5947955390334573 0.3609422492401216
14 0.6272389320716458 0.4688449848024316 0.6296045961473471 0.5227963525835866 0.6346738763095641 0.5395136778115501 0.6468401486988847 0.5296352583586627 0.6606961811422778 0.520516717325228 0.6623859411963501 0.49544072948328266 0.6590064210882055 0.42933130699088146 0.6525853328827307 0.33966565349544076 0.6488678607637716 0.28343465045592703 0.6424467725582967 0.24772036474164133 0.6350118283203785 0.23860182370820668 0.6285907401149037 0.27279635258358664
22 0.6336600202771207 0.5516717325227963 0.6292666441365327 0.5668693009118541 0.6336600202771207 0.628419452887538 0.6590064210882055 0.6945288753799392 0.6772558296721866 0.7484802431610942 0.6982088543426833 0.7575987841945289 0.7069956066238594 0.6800911854103343 0.6880702940182494 0.601823708206687 0.6721865495099696 0.5372340425531915 0.6613720851639068 0.5235562310030395
18 0.5292328489354512 0.5752279635258358 0.5234876647516052 0.5889057750759878 0.526191280838121 0.6496960486322189 0.5309226089895235 0.7378419452887538 0.5336262250760392 0.7895136778115501 0.5413991213247719 0.8199088145896657 0.5532274417032781 0.8077507598784195 0.5539033457249071 0.675531914893617 0.5528894896924637 0.5858662613981763 0.5444406894221021 0.567629179331307
17 0.5147009124704292 0.581306990881459 0.5082798242649543 0.5797872340425532 0.5052382561676242 0.5919452887537994 0.5096316323082122 0.6633738601823708 0.5113213923622846 0.7332826747720365 0.511659344373099 0.7948328267477204 0.5180804325785738 0.8297872340425532 0.5278810408921933 0.824468085106383 0.5312605610003379 0.756079027355623 0.5268671848597499 0.6413373860182371 0.526191280838121 0.5858662613981763 0.5238256167624198 0.5790273556231003
16 0.49509969584319025 0.5752279635258358 0.48969246367015884 0.574468085106383 0.48766475160527206 0.601063829787234 0.4900304156809733 0.682370820668693 0.4964515038864481 0.7735562310030395 0.49881716796214937 0.8252279635258358 0.5082798242649543 0.8191489361702128 0.5126732004055424 0.763677811550152 0.5103075363298412 0.6496960486322189 0.5076039202433255 0.5889057750759878 0.5042244001351808 0.5737082066869301
24 0.47921595133491046 0.5790273556231003 0.4711051030753633 0.581306990881459 0.4700912470429199 0.5987841945288754 0.473808719161879 0.6968085106382979 0.4775261912808381 0.7895136778115501 0.483271375464684 0.8145896656534954 0.4917201757350456 0.8016717325227963 0.4964515038864481 0.743161094224924 0.49307198377830347 0.6375379939209727 0.49070631970260226 0.5889057750759878 0.48428523149712743 0.5737082066869301
25 0.4626563028050017 0.5752279635258358 0.4538695505238256 0.5752279635258358 0.45285569449138224 0.6352583586626139 0.45285569449138224 0.7310030395136778 0.4558972625887124 0.8100303951367781 0.4646840148698885 0.824468085106383 0.47245691111862115 0.8221884498480243 0.47887799932409597 0.7879939209726444 0.473808719161879 0.662613981762918 0.47279486312943564 0.5919452887537994 0.47042919905373437 0.5775075987841946
26 0.44305508617776274 0.5668693009118541 0.42886110172355524 0.5843465045592705 0.42987495775599865 0.6314589665653495 0.42886110172355524 0.6869300911854104 0.4285231497127408 0.7575987841945289 0.44406894221020615 0.8115501519756839 0.4538695505238256 0.8115501519756839 0.4558972625887124 0.7553191489361702 0.4562352145995269 0.6382978723404256 0.45860087867522814 0.5858662613981763 0.4515038864481244 0.5714285714285714
27 0.42412977357215276 0.5699088145896657 0.41770868536667793 0.5858662613981763 0.40925988509631633 0.6139817629179332 0.4082460290638729 0.6770516717325228 0.4160189253126056 0.7583586626139818 0.42311591753970934 0.7925531914893617 0.43291652585332885 0.7879939209726444 0.43866171003717475 0.7332826747720365 0.43730990199391684 0.6117021276595744 0.43562014193984455 0.5889057750759878 0.42953700574518416 0.5752279635258358
30 0.32544778641432914 0.5311550151975684 0.31429537005745184 0.5379939209726444 0.30348090571138897 0.5942249240121581 0.2825278810408922 0.6922492401215805 0.27813450490030417 0.723404255319149 0.2808381209868199 0.7583586626139818 0.30550861777627575 0.770516717325228 0.3514700912470429 0.6337386018237082 0.36532612369043593 0.5790273556231003 0.36363636363636365 0.5524316109422492 0.35789117945251775 0.5433130699088146 0.33964177086853664 0.5357142857142857