0 0.47255880256593014 0.47796352583586627 0.4707769066286529 0.5463525835866262 0.4718460441910192 0.5592705167173252 0.4857448325017819 0.5592705167173252 0.49679258731290094 0.520516717325228 0.4992872416250891 0.42629179331306993 0.4982181040627227 0.32066869300911854 0.5014255167498218 0.2393617021276596 0.49679258731290094 0.22188449848024316 0.485032074126871 0.22644376899696048 0.4782608695652174 0.2743161094224924 0.47113328581610836 0.4088145896656535
1 0.4493941553813257 0.48632218844984804 0.4429793300071276 0.5311550151975684 0.45616535994297935 0.5539513677811551 0.46863863150392016 0.5395136778115501 0.4757662152530292 0.4810030395136778 0.47327156094084105 0.41793313069908816 0.47612259444048466 0.3518237082066869 0.4775481111903065 0.29711246200607905 0.4782608695652174 0.2621580547112462 0.4682822523164647 0.25151975683890576 0.46044191019244474 0.26595744680851063 0.45545260156806844 0.31990881458966564
2 0.42052744119743407 0.4726443768996961 0.4137562366357805 0.5273556231003039 0.41304347826086957 0.5531914893617021 0.43264433357091947 0.5645896656534954 0.44547398431931573 0.5303951367781155 0.45295794725588023 0.4878419452887538 0.45295794725588023 0.43844984802431614 0.45367070563079115 0.3860182370820669 0.45438346400570206 0.32750759878419455 0.45438346400570206 0.27583586626139817 0.45438346400570206 0.24620060790273557 0.4504632929436921 0.22872340425531915 0.436208125445474 0.24088145896656535 0.43264433357091947 0.2872340425531915
3 0.39451176051318604 0.49848024316109424 0.3923734853884533 0.5273556231003039 0.402352102637206 0.5501519756838906 0.4255167498218104 0.5273556231003039 0.43870277975766214 0.5113981762917933 0.4379900213827512 0.4551671732522796 0.43763364219529577 0.39969604863221886 0.4344262295081967 0.35106382978723405 0.42908054169636495 0.30547112462006076 0.42658588738417674 0.2735562310030395 0.4183891660727014 0.26595744680851063 0.4073414112615823 0.2864741641337386 0.40270848182466146 0.3670212765957447
4 0.37954383464005703 0.4734042553191489 0.3781183178902352 0.541033434650456 0.4016393442622951 0.5524316109422492 0.41696364932287955 0.5379939209726444 0.4183891660727014 0.5159574468085106 0.41411261582323594 0.43009118541033436 0.4059158945117605 0.35790273556231 0.4005702066999287 0.33814589665653494 0.39629365645046327 0.3100303951367781 0.39059158945117606 0.303951367781155 0.37954383464005703 0.3191489361702128 0.3781183178902352 0.3708206686930091
5 0.33856022808268 0.4574468085106383 0.3321454027084818 0.4946808510638298 0.33998574483250177 0.526595744680851 0.3706343549536707 0.5425531914893617 0.3799002138275125 0.5159574468085106 0.3827512473271561 0.4452887537993921 0.3809693513898788 0.3844984802431611 0.3799002138275125 0.30851063829787234 0.37633642195295797 0.29635258358662614 0.36350677120456165 0.28191489361702127 0.34782608695652173 0.3229483282674772
6 0.2954383464005702 0.44984802431610943 0.28937990021382753 0.4848024316109423 0.2918745545260157 0.5220364741641338 0.3096935138987883 0.5455927051671733 0.3292943692088382 0.5417933130699089 0.33642195295794725 0.4886018237082067 0.33642195295794725 0.42857142857142855 0.34176764076977906 0.3655015197568389 0.34176764076977906 0.3290273556231003 0.33535281539558087 0.29407294832826747 0.32751247327156097 0.28951367781155013 0.315751960085531 0.3221884498480243 0.30791161796151106 0.3670212765957447
7 0.266928011404134 0.3890577507598784 0.25908766928011406 0.40501519756838905 0.25659301496792586 0.44452887537993924 0.26514611546685674 0.4787234042553192 0.27476835352815393 0.4870820668693009 0.2890235210263721 0.48404255319148937 0.308624376336422 0.44680851063829785 0.3182466143977192 0.40805471124620063 0.3285816108339273 0.3411854103343465 0.3264433357091946 0.32066869300911854 0.3257305773342837 0.27203647416413373 0.32038488952245187 0.26595744680851063 0.3050605844618674 0.2735562310030395 0.29223093371347114 0.30547112462006076
8 0.49572344975053456 0.48024316109422494 0.49287241625089095 0.5334346504559271 0.49607982893799 0.5486322188449848 0.5060584461867427 0.5562310030395137 0.5210263720598717 0.5417933130699089 0.522095509622238 0.4946808510638298 0.5203136136849608 0.40805471124620063 0.5203136136849608 0.3366261398176292 0.5203136136849608 0.3009118541033435 0.5203136136849608 0.24924012158054712 0.5114041339985744 0.23632218844984804 0.5046329294369208 0.25227963525835867
9 0.5199572344975053 0.45896656534954405 0.5185317177476836 0.4939209726443769 0.5310049893086244 0.5334346504559271 0.5434782608695652 0.5372340425531915 0.5434782608695652 0.49620060790273557 0.5427655024946543 0.43617021276595747 0.5427655024946543 0.3829787234042553 0.5427655024946543 0.32674772036474165 0.5409836065573771 0.303951367781155 0.5270848182466144 0.30927051671732525 0.5242337847469708 0.3525835866261398
10 0.5431218816821097 0.46048632218844987 0.5445473984319316 0.5212765957446809 0.5498930862437633 0.5417933130699089 0.5627227369921597 0.5539513677811551 0.5723449750534568 0.5425531914893617 0.5751960085531005 0.5144376899696048 0.5709194583036351 0.42401215805471126 0.5702066999287242 0.3541033434650456 0.5705630791161797 0.31458966565349544 0.5705630791161797 0.2750759878419453 0.5702066999287242 0.22872340425531915 0.5563079116179616 0.2256838905775076 0.5488239486813971 0.2682370820668693
11 0.5634354953670706 0.47112462006079026 0.5630791161796151 0.5258358662613982 0.5730577334283677 0.5493920972644377 0.5798289379900213 0.5463525835866262 0.5912330719885959 0.5547112462006079 0.6008553100498931 0.5349544072948328 0.6026372059871703 0.5227963525835866 0.5990734141126158 0.48632218844984804 0.5997861724875267 0.418693009118541 0.5990734141126158 0.3731003039513678 0.6012116892373486 0.3282674772036474 0.5983606557377049 0.28419452887537994 0.5983606557377049 0.2560790273556231 0.5923022095509622 0.22492401215805471 0.5858873841767641 0.22796352583586627 0.5791161796151105 0.25759878419452886 0.5687811831789024 0.3731003039513678
12 0.5937277263007841 0.4764437689969605 0.5937277263007841 0.5334346504559271 0.6108339272986457 0.5524316109422492 0.6236635780470421 0.5501519756838906 0.631503920171062 0.5372340425531915 0.631503920171062 0.513677811550152 0.6272273699215966 0.47796352583586627 0.6268709907341411 0.43237082066869303 0.6272273699215966 0.38677811550151975 0.631503920171062 0.35030395136778114 0.6325730577334284 0.3305471124620061 0.6325730577334284 0.30243161094224924 0.6297220242337848 0.27887537993920974 0.6222380612972203 0.27279635258358664 0.6122594440484675 0.2925531914893617
13 0.6286528866714184 0.4787234042553192 0.6258018531717747 0.49848024316109424 0.6329294369208838 0.520516717325228 0.6454027084818247 0.53419452887538 0.6671418389166073 0.5167173252279635 0.6717747683535281 0.49620060790273557 0.6664290805416964 0.46656534954407297 0.6628652886671419 0.4004559270516717 0.6642908054169636 0.33890577507598785 0.6614397719173201 0.28799392097264437 0.6521739130434783 0.2765957446808511 0.6407697790449037 0.28419452887537994 0.6364932287954383 0.31762917933130697 0.6297220242337848 0.3898176291793313
14 0.66535994297933 0.4726443768996961 0.66535994297933 0.5106382978723404 0.6717747683535281 0.5379939209726444 0.680327868852459 0.5417933130699089 0.695295794725588 0.5296352583586627 0.710263720598717 0.5288753799392097 0.7120456165359943 0.4848024316109423 0.6985032074126871 0.42857142857142855 0.6935138987883107 0.4004559270516717 0.6913756236635781 0.35790273556231 0.6895937277263008 0.324468085106383 0.6821097647897363 0.29711246200607905 0.6728439059158945 0.310790273556231 0.6682109764789737 0.3829787234042553
15 0.6935138987883107 0.40425531914893614 0.6981468282252317 0.4369300911854103 0.710263720598717 0.44984802431610943 0.7234497505345688 0.43009118541033436 0.7305773342836779 0.41717325227963525 0.7344975053456878 0.3791793313069909 0.7248752672843906 0.3411854103343465 0.7198859586600143 0.3069908814589666 0.7152530292230934 0.2826747720364742 0.710263720598717 0.25759878419452886 0.7095509622238061 0.2378419452887538 0.7002851033499644 0.22872340425531915 0.6942266571632216 0.23100303951367782 0.6892373485388453 0.2621580547112462 0.6885245901639344 0.30547112462006076 0.6892373485388453 0.34422492401215804
16 0.5021382751247327 0.5759878419452887 0.5035637918745546 0.6322188449848024 0.5046329294369208 0.7059270516717325 0.5135424091233072 0.8016717325227963 0.5245901639344263 0.8335866261398176 0.5285103349964362 0.8009118541033434 0.5256593014967926 0.7416413373860182 0.5196008553100498 0.6306990881458967 0.5153243050605845 0.5775075987841946 0.5096222380612973 0.5737082066869301
17 0.5167498218104063 0.5668693009118541 0.5153243050605845 0.5805471124620061 0.5203136136849608 0.6519756838905775 0.5256593014967926 0.7507598784194529 0.5285103349964362 0.8054711246200608 0.5359942979330007 0.8267477203647416 0.5413399857448326 0.817629179331307 0.5431218816821097 0.7575987841945289 0.5406272273699216 0.6504559270516718 0.5388453314326443 0.6177811550151976 0.5374198146828225 0.5767477203647416 0.5345687811831789 0.5661094224924013 0.5224518888096935 0.5645896656534954
18 0.5424091233071988 0.5562310030395137 0.5352815395580898 0.5737082066869301 0.5345687811831789 0.6086626139817629 0.5384889522451889 0.6694528875379939 0.5434782608695652 0.7621580547112462 0.5559515324305061 0.8320668693009119 0.5669992872416251 0.8487841945288754 0.5751960085531005 0.8404255319148937 0.5766215253029223 0.8130699088145896 0.5666429080541696 0.729483282674772 0.5634354953670706 0.6466565349544073 0.5609408410548824 0.5942249240121581 0.5552387740555952 0.5585106382978723 0.5477548111190307 0.5562310030395137
19 0.5669992872416251 0.5623100303951368 0.5591589451176051 0.574468085106383 0.559871703492516 0.6177811550151976 0.5652173913043478 0.7120060790273556 0.5734141126158232 0.7879939209726444 0.5894511760513186 0.8305471124620061 0.5983606557377049 0.8320668693009119 0.6012116892373486 0.8168693009118541 0.5947968638631503 0.7613981762917933 0.5862437633642196 0.6816109422492401 0.586600142551675 0.6291793313069909 0.5894511760513186 0.5881458966565349 0.5876692801140413 0.5775075987841946 0.5805416963649322 0.5668693009118541
20 0.5937277263007841 0.5653495440729484 0.5823235923022095 0.5737082066869301 0.5823235923022095 0.5987841945288754 0.5908766928011404 0.6641337386018237 0.6029935851746258 0.7857142857142857 0.620456165359943 0.8480243161094225 0.6290092658588738 0.837386018237082 0.632216678545973 0.8199088145896657 0.619743406985032 0.7256838905775076 0.617248752672844 0.6618541033434651 0.617248752672844 0.6170212765957447 0.6179615110477548 0.5843465045592705 0.6065573770491803 0.5721884498480243
22 0.6585887384176764 0.5661094224924013 0.6514611546685674 0.5805471124620061 0.6553813257305773 0.6177811550151976 0.6860299358517462 0.7332826747720365 0.7059871703492516 0.7803951367781155 0.7241625089094796 0.7727963525835866 0.7184604419101924 0.708966565349544 0.7113328581610834 0.6382978723404256 0.7052744119743407 0.5942249240121581 0.6949394155381325 0.5562310030395137 0.6856735566642908 0.5463525835866262 0.6760513186029936 0.5455927051671733
23 0.7017106200997861 0.5889057750759878 0.6981468282252317 0.6041033434650456 0.7034925160370634 0.6428571428571429 0.7373485388453315 0.7104863221884499 0.7605131860299359 0.7348024316109423 0.7694226657163221 0.7188449848024316 0.7694226657163221 0.682370820668693 0.7523164647184605 0.621580547112462 0.7394868139700641 0.5805471124620061 0.7320028510334996 0.5577507598784195 0.7230933713471134 0.5547112462006079 0.7166785459729151 0.5775075987841946
24 0.49002138275124735 0.5653495440729484 0.4885958660014255 0.5843465045592705 0.49215965787598004 0.6656534954407295 0.4953670705630791 0.7484802431610942 0.5017818959372773 0.8221884498480243 0.5121168923734853 0.8252279635258358 0.5153243050605845 0.7963525835866262 0.50784034212402 0.709726443768997 0.5035637918745546 0.6048632218844985 0.5017818959372773 0.5706686930091185
25 0.47505345687811834 0.5729483282674772 0.470064148253742 0.581306990881459 0.47540983606557374 0.60790273556231 0.4764789736279401 0.6770516717325228 0.48146828225231647 0.7811550151975684 0.48610121168923737 0.8267477203647416 0.4989308624376336 0.8297872340425532 0.5014255167498218 0.8024316109422492 0.4953670705630791 0.6778115501519757 0.488952245188881 0.6003039513677811 0.4871703492516037 0.5759878419452887 0.4793300071275837 0.5661094224924013
26 0.4672131147540984 0.5630699088145896 0.4558089807555239 0.5790273556231003 0.45081967213114754 0.6056231003039514 0.4458303635067712 0.6679331306990881 0.447255880256593 0.7454407294832827 0.45438346400570206 0.810790273556231 0.4568781183178902 0.8404255319148937 0.4682822523164647 0.8503039513677811 0.4757662152530292 0.8282674772036475 0.47719173200285103 0.7545592705167173 0.4803991446899501 0.6504559270516718 0.47505345687811834 0.6086626139817629
27 0.4379900213827512 0.5661094224924013 0.4280114041339986 0.581306990881459 0.4248039914468995 0.6170212765957447 0.42444761225944405 0.7150455927051672 0.42979330007127586 0.8009118541033434 0.44119743406985035 0.8480243161094225 0.4504632929436921 0.8229483282674772 0.451176051318603 0.6869300911854104 0.4597291518175339 0.6170212765957447 0.45901639344262296 0.5919452887537994 0.451176051318603 0.5805471124620061 0.44226657163221667 0.5661094224924013
28 0.4137562366357805 0.5866261398176292 0.4052031361368496 0.5866261398176292 0.39629365645046327 0.5942249240121581 0.3998574483250178 0.662613981762918 0.391304347826087 0.7583586626139818 0.3820384889522452 0.8001519756838906 0.39272986457590875 0.824468085106383 0.41161796151104774 0.8206686930091185 0.42052744119743407 0.7545592705167173 0.43264433357091947 0.6664133738601824 0.4397719173200285 0.6109422492401215 0.4344262295081967 0.5965045592705167 0.4262295081967213 0.5881458966565349
30 0.3292943692088382 0.5547112462006079 0.3218104062722737 0.5904255319148937 0.3082679971489665 0.6565349544072948 0.2879543834640057 0.7188449848024316 0.28225231646471843 0.7530395136778115 0.29116179615110477 0.776595744680851 0.3050605844618674 0.7781155015197568 0.3310762651461155 0.7279635258358662 0.35887384176764076 0.6694528875379939 0.38524590163934425 0.6253799392097265 0.38880969351389877 0.6124620060790273 0.3866714183891661 0.5972644376899696 0.3774055595153243 0.574468085106383 0.3706343549536707 0.5653495440729484 0.3592302209550962 0.5653495440729484 0.3453314326443336 0.5721884498480243 0.33856022808268 0.5691489361702128
31 0.27405559515324307 0.5569908814589666 0.2601568068424804 0.5759878419452887 0.24768353528153955 0.6124620060790273 0.22594440484675696 0.6451367781155015 0.21525302922309336 0.6930091185410334 0.23022095509622237 0.7226443768996961 0.26193870277975767 0.7142857142857143 0.2890235210263721 0.6785714285714286 0.31004989308624376 0.6519756838905775 0.319672131147541 0.621580547112462 0.3210976478973628 0.5965045592705167 0.3096935138987883 0.5820668693009119 0.2972202423378475 0.5653495440729484 0.2915181753385602 0.5569908814589666