0 0.4709654435340221 0.6101823708206687 0.4852155325970787 0.6155015197568389 0.5048094050587816 0.6170212765957447 0.5055219095119344 0.5463525835866262 0.4937655860349127 0.36322188449848025 0.46775917349483437 0.3662613981762918 0.4755967224795155 0.4612462006079027 0.47666547915924473 0.506838905775076 0.4709654435340221 0.5493920972644377 0.46811542572141074 0.5896656534954408
1 0.4513715710723192 0.5995440729483282 0.46170288564303524 0.6063829787234043 0.47060919130744566 0.5965045592705167 0.47025293908086924 0.5448328267477204 0.46954043462771644 0.5258358662613982 0.46989668685429287 0.47188449848024316 0.46633416458852867 0.3662613981762918 0.4531528322052013 0.36854103343465044 0.4513715710723192 0.49620060790273557 0.4467402921268258 0.5425531914893617 0.44602778767367296 0.5668693009118541 0.44780904880655503 0.5843465045592705
2 0.4196651229070182 0.5896656534954408 0.42857142857142855 0.6033434650455927 0.4399714998218739 0.601823708206687 0.4474527965799786 0.5843465045592705 0.44994656216601353 0.5683890577507599 0.45030281439258996 0.5395136778115501 0.44139650872817954 0.47720364741641336 0.43854649091556824 0.41185410334346506 0.4267901674385465 0.33206686930091184 0.4111150694691842 0.3404255319148936 0.41930887068044176 0.3974164133738602 0.4207338795867474 0.46656534954407297 0.41895261845386533 0.5167173252279635 0.41681510509440683 0.5683890577507599
3 0.39116494478090486 0.5911854103343465 0.4000712504453153 0.601823708206687 0.41075881724260777 0.6033434650455927 0.4164588528678304 0.5911854103343465 0.424652654079088 0.5911854103343465 0.43106519415746347 0.587386018237082 0.43213395083719275 0.5547112462006079 0.4275026718916993 0.5083586626139818 0.4185963662272889 0.4270516717325228 0.40826505165657284 0.34574468085106386 0.39686498040612755 0.3525835866261398 0.39686498040612755 0.44756838905775076 0.3957962237263983 0.5113981762917933 0.3950837192732455 0.541033434650456 0.39009618810117563 0.5828267477203647
4 0.3765586034912718 0.6101823708206687 0.38403990024937656 0.6048632218844985 0.39437121482009263 0.601823708206687 0.3986462415390096 0.5896656534954408 0.397221232632704 0.5448328267477204 0.39543997149982185 0.4825227963525836 0.3940149625935162 0.43237082066869303 0.3957962237263983 0.36322188449848025 0.38617741360883506 0.36854103343465044 0.37727110794442464 0.446048632218845 0.37299608122550765 0.4992401215805471 0.3697898111863199 0.5448328267477204 0.3683648022800142 0.5638297872340425 0.3651585322408265 0.5721884498480243 0.3669397933737086 0.5942249240121581
5 0.3359458496615604 0.6101823708206687 0.34093338083363023 0.6086626139817629 0.34663341645885287 0.6063829787234043 0.35482721767011044 0.6170212765957447 0.36872105450659065 0.6117021276595744 0.3726398289989312 0.5965045592705167 0.37299608122550765 0.5562310030395137 0.3683648022800142 0.49240121580547114 0.3651585322408265 0.4376899696048632 0.36017100106875666 0.38069908814589665 0.3213395083719273 0.41185410334346506 0.3266832917705736 0.4513677811550152 0.32597078731742074 0.4787234042553192 0.33060206626291416 0.5151975683890577 0.32383327395796224 0.5638297872340425 0.3213395083719273 0.5896656534954408 0.3288208051300321 0.6101823708206687
6 0.28215176344852155 0.5828267477203647 0.29390808692554327 0.5805471124620061 0.30388314926968296 0.5896656534954408 0.3102956893480584 0.5995440729483282 0.3177769861061632 0.5942249240121581 0.32205201282508017 0.5911854103343465 0.3266832917705736 0.5615501519756839 0.32205201282508017 0.4992401215805471 0.3252582828642679 0.45972644376899696 0.3245457784111151 0.41641337386018235 0.30352689704310654 0.36854103343465044 0.28749554684716777 0.3837386018237082 0.28749554684716777 0.4612462006079027 0.2924830780192376 0.48556231003039513 0.2828642679016744 0.5235562310030395 0.2750267189169932 0.5425531914893617 0.27360171001068756 0.5562310030395137 0.2760954755967225 0.5790273556231003
8 0.5090844317776986 0.6155015197568389 0.5183469896686854 0.6185410334346505 0.5301033131457071 0.6132218844984803 0.5411471321695761 0.5995440729483282 0.5397221232632704 0.5516717325227963 0.5333095831848949 0.5015197568389058 0.5354470965443534 0.4635258358662614 0.5354470965443534 0.41641337386018235 0.5382971143569647 0.35106382978723405 0.5254720342002137 0.3548632218844985 0.5176344852155326 0.439209726443769 0.5183469896686854 0.4582066869300912 0.507659422871393 0.49620060790273557 0.5040969006056288 0.5357142857142857 0.5055219095119344 0.5995440729483282
9 0.5407908799429997 0.6048632218844985 0.5568222301389384 0.601823708206687 0.5614535090844318 0.5896656534954408 0.5628785179907374 0.5653495440729484 0.5646597791236195 0.5357142857142857 0.5628785179907374 0.5182370820668692 0.5575347345920912 0.4012158054711246 0.5511221945137157 0.3472644376899696 0.5397221232632704 0.3548632218844985 0.5390096188101176 0.4566869300911854 0.5411471321695761 0.5372340425531915 0.5397221232632704 0.5562310030395137
10 0.562522265764161 0.5858662613981763 0.571072319201995 0.6101823708206687 0.5814036337727111 0.6155015197568389 0.5895974349839687 0.6048632218844985 0.5956537228357677 0.5843465045592705 0.5942287139294621 0.5288753799392097 0.596722479515497 0.4688449848024316 0.5985037406483791 0.33358662613981765 0.5810473815461347 0.3373860182370821 0.57356608478803 0.446048632218845 0.5721410758817242 0.49240121580547114 0.5618097613110082 0.541033434650456 0.5603847524047025 0.5752279635258358
11 0.5892411827573922 0.6063829787234043 0.600997506234414 0.5965045592705167 0.6099038118988244 0.6101823708206687 0.6170288564303527 0.6208206686930091 0.6277164232276452 0.5980243161094225 0.6294976843605272 0.5790273556231003 0.6273601710010688 0.5288753799392097 0.6220163876024225 0.439209726443769 0.6152475952974706 0.3183890577507599 0.596722479515497 0.3305471124620061 0.5985037406483791 0.42021276595744683 0.5903099394371215 0.5113981762917933 0.5853224082650517 0.5478723404255319 0.5810473815461347 0.5737082066869301 0.5814036337727111 0.5927051671732523
12 0.6255789098681867 0.5995440729483282 0.6359102244389028 0.6117021276595744 0.6451727823298896 0.6101823708206687 0.6505165657285358 0.601823708206687 0.6544353402208763 0.5858662613981763 0.6562166013537585 0.5516717325227963 0.651585322408265 0.53419452887538 0.6437477734235839 0.42021276595744683 0.6252226576416102 0.3472644376899696 0.6102600641254008 0.3617021276595745 0.6245101531884574 0.439209726443769 0.6277164232276452 0.48024316109422494 0.6287851799073744 0.53419452887538 0.6241539009618811 0.5547112462006079 0.6223726398289989 0.5805471124620061
14 0.6800855005343783 0.5790273556231003 0.6893480584253652 0.5805471124620061 0.7060919130744567 0.5752279635258358 0.7214107588172426 0.5585106382978723 0.7249732810830067 0.53419452887538 0.7178482365514784 0.5151975683890577 0.71571072319202 0.49240121580547114 0.7206982543640897 0.46504559270516715 0.7253295333095832 0.43237082066869303 0.7246170288564303 0.371580547112462 0.6996793729960812 0.371580547112462 0.6897043106519416 0.42857142857142855 0.6840042750267189 0.4688449848024316 0.6840042750267189 0.4908814589665654 0.677235482721767 0.5288753799392097 0.6726042037762736 0.53419452887538 0.67296045600285 0.5547112462006079 0.674741717135732 0.5706686930091185
16 0.49946562166013536 0.6534954407294833 0.5244032775204845 0.6413373860182371 0.5268970431065194 0.7082066869300911 0.529034556465978 0.8655015197568389 0.5097969362308514 0.8655015197568389 0.5062344139650873 0.7864741641337386 0.5065906661916637 0.7256838905775076 0.49875311720698257 0.6656534954407295
17 0.5244032775204845 0.648176291793313 0.5304595653722836 0.6360182370820668 0.5443534022087638 0.6375379939209727 0.5525472034200214 0.6512158054711246 0.5525472034200214 0.6724924012158054 0.5486284289276808 0.8761398176291794 0.5358033487709298 0.8723404255319149 0.5336658354114713 0.729483282674772 0.5268970431065194 0.6793313069908815
18 0.5546847167794798 0.6534954407294833 0.5614535090844318 0.6405775075987842 0.5746348414677592 0.6458966565349544 0.5781973637335234 0.6557750759878419 0.5806911293195582 0.6679331306990881 0.5824723904524404 0.7218844984802432 0.583897399358746 0.7682370820668692 0.5831848949055931 0.8237082066869301 0.5732098325614535 0.8974164133738601 0.5586034912718204 0.8928571428571429 0.5529034556465978 0.723404255319149 0.5504096900605628 0.6922492401215805
19 0.5789098681866761 0.6747720364741642 0.5952974706091914 0.6405775075987842 0.600997506234414 0.64209726443769 0.6042037762736017 0.6504559270516718 0.6099038118988244 0.6595744680851063 0.6123975774848592 0.6694528875379939 0.6156038475240471 0.7249240121580547 0.6127538297114357 0.7424012158054711 0.5999287495546847 0.8974164133738601 0.5821161382258639 0.8890577507598785 0.5835411471321695 0.756079027355623 0.5835411471321695 0.7196048632218845
20 0.6156038475240471 0.6542553191489362 0.6270039187744924 0.648936170212766 0.6309226932668329 0.6542553191489362 0.6334164588528678 0.6458966565349544 0.6451727823298896 0.6382978723404256 0.6522978268614179 0.6595744680851063 0.6544353402208763 0.6785714285714286 0.6594228713929462 0.7059270516717325 0.6658354114713217 0.7454407294832827 0.6715354470965443 0.7788753799392097 0.6733167082294265 0.8305471124620061 0.6704666904168151 0.8700607902735562 0.6622728892055575 0.9217325227963525 0.6433915211970075 0.9133738601823708 0.6555040969006056 0.8617021276595744 0.6537228357677235 0.8214285714285714 0.6465977912361952 0.7978723404255319 0.6237976487353046 0.7180851063829787 0.6159600997506235 0.7127659574468085 0.6123975774848592 0.6800911854103343
21 0.6444602778767368 0.6314589665653495 0.6537228357677235 0.6231003039513677 0.6658354114713217 0.6231003039513677 0.67296045600285 0.6177811550151976 0.6925543284645529 0.6231003039513677 0.6954043462771642 0.6367781155015197 0.6971856074100463 0.6747720364741642 0.7053794086213039 0.7218844984802432 0.7385108656929106 0.8024316109422492 0.7100106875667973 0.8495440729483282 0.6918418240114 0.8199088145896657 0.6822230138938369 0.7940729483282675 0.6693979337370859 0.7644376899696048 0.664410402565016 0.7408814589665653 0.6622728892055575 0.702887537993921 0.6547915924474528 0.6762917933130699 0.6476665479159245 0.6610942249240122 0.6426790167438546 0.6474164133738601
22 0.6822230138938369 0.6094224924012158 0.7021731385821162 0.6025835866261399 0.707160669754186 0.5934650455927052 0.721767011043819 0.5782674772036475 0.7288920555753473 0.5767477203647416 0.7363733523334521 0.5934650455927052 0.7399358745992163 0.6162613981762918 0.7452796579978624 0.6458966565349544 0.7741360883505521 0.7629179331306991 0.7488421802636267 0.7955927051671733 0.7228357677235483 0.7477203647416414 0.7171357320983256 0.7264437689969605 0.7100106875667973 0.6937689969604863 0.6911293195582472 0.6474164133738601 0.6807980049875312 0.6268996960486323
24 0.47381546134663344 0.6436170212765957 0.4859280370502316 0.6458966565349544 0.5005343783398646 0.6527355623100304 0.500890630566441 0.702887537993921 0.5083719273245457 0.8563829787234043 0.486284289276808 0.8594224924012158 0.47666547915924473 0.7142857142857143 0.4741717135732098 0.6884498480243161 0.47274670466690416 0.6572948328267477
25 0.4495903099394371 0.6382978723404256 0.45671535447096545 0.6352583586626139 0.46775917349483437 0.64209726443769 0.47274670466690416 0.6504559270516718 0.4755967224795155 0.7074468085106383 0.48770929818311365 0.8768996960486323 0.4670466690416815 0.878419452887538 0.4535090844317777 0.7386018237082067 0.4492340577128607 0.6800911854103343 0.4474527965799786 0.6504559270516718
26 0.424652654079088 0.648936170212766 0.42999643747773425 0.6337386018237082 0.4399714998218739 0.6299392097264438 0.4470965443534022 0.648936170212766 0.45208407552547203 0.6694528875379939 0.45457784111150695 0.7059270516717325 0.4542215888849305 0.7492401215805471 0.46348414677591737 0.8996960486322189 0.4442465265407909 0.9027355623100304 0.43854649091556824 0.8427051671732523 0.42322764517278233 0.7697568389057751 0.4218026362664767 0.7249240121580547 0.4228713929462059 0.6800911854103343
27 0.3918774492340577 0.6474164133738601 0.39757748485928035 0.6352583586626139 0.4111150694691842 0.6291793313069909 0.4185963662272889 0.6367781155015197 0.4275026718916993 0.6542553191489362 0.42322764517278233 0.6800911854103343 0.4221588884930531 0.7173252279635258 0.42109013181332383 0.8115501519756839 0.4093338083363021 0.8738601823708206 0.39437121482009263 0.8670212765957447 0.40434627716423227 0.8138297872340425 0.4007837548984681 0.7424012158054711 0.39686498040612755 0.6846504559270516
28 0.3619522622016388 0.6542553191489362 0.36800855005343786 0.6398176291793313 0.37442109013181335 0.6367781155015197 0.3847524047025294 0.6352583586626139 0.3957962237263983 0.6458966565349544 0.40114000712504455 0.6580547112462006 0.4007837548984681 0.6724924012158054 0.3961524759529747 0.7036474164133738 0.39045244032775206 0.8031914893617021 0.3765586034912718 0.898176291793313 0.35732098325614536 0.8936170212765957 0.36587103669397936 0.8199088145896657 0.36159600997506236 0.7537993920972644 0.36159600997506236 0.7196048632218845 0.35945849661560386 0.71580547112462 0.35945849661560386 0.6907294832826748
30 0.28428927680798005 0.6003039513677811 0.2946205913786961 0.6063829787234043 0.30423940149625933 0.6132218844984803 0.31100819380121125 0.6185410334346505 0.31955824723904525 0.6329787234042553 0.32632703954399717 0.6474164133738601 0.33095831848949053 0.6641337386018237 0.3266832917705736 0.6930091185410334 0.3192019950124688 0.7074468085106383 0.30637691485571783 0.7127659574468085 0.29283933024581404 0.7416413373860182 0.2518703241895262 0.824468085106383 0.2237263982899893 0.7522796352583586 0.2451015318845743 0.7013677811550152 0.27146419665122906 0.6496960486322189 0.2700391877449234 0.6413373860182371 0.27110794442465264 0.6291793313069909 0.2750267189169932 0.6170212765957447 0.2793017456359102 0.6048632218844985