0 0.4744933612858141 0.5759878419452887 0.5080363382250175 0.5699088145896657 0.4944095038434661 0.32066869300911854 0.4703004891684137 0.3282674772036474 0.4727463312368973 0.5 0.4716981132075472 0.5448328267477204
1 0.45178197064989517 0.5075987841945289 0.4559748427672956 0.5661094224924013 0.46191474493361284 0.5737082066869301 0.4692522711390636 0.5699088145896657 0.47379454926624737 0.5554711246200608 0.4758909853249476 0.4825227963525836 0.47309573724668064 0.3191489361702128 0.45317959468902863 0.3282674772036474 0.4559748427672956 0.44680851063829785
2 0.4332634521313767 0.32598784194528874 0.4332634521313767 0.493161094224924 0.43221523410202656 0.5227963525835866 0.43466107617051014 0.5486322188449848 0.43780573025856045 0.5721884498480243 0.4412997903563941 0.581306990881459 0.45178197064989517 0.5721884498480243 0.453529000698812 0.5539513677811551 0.4559748427672956 0.5372340425531915 0.45667365478686234 0.48024316109422494 0.4461914744933613 0.32370820668693007
3 0.41264849755415794 0.32978723404255317 0.4119496855345912 0.4825227963525836 0.4129979035639413 0.5189969604863222 0.4119496855345912 0.5357142857142857 0.41474493361285814 0.5577507598784195 0.4185883997204752 0.5691489361702128 0.42138364779874216 0.5835866261398176 0.43116701607267643 0.5653495440729484 0.4444444444444444 0.5661094224924013 0.44654088050314467 0.5372340425531915 0.4437456324248777 0.5030395136778115 0.429769392033543 0.32674772036474165
4 0.39378057302585606 0.3495440729483283 0.39063591893780575 0.5319148936170213 0.3916841369671558 0.5486322188449848 0.39482879105520613 0.574468085106383 0.3986722571628232 0.5866261398176292 0.40391334730957373 0.5904255319148937 0.4077568134171908 0.5805471124620061 0.41544374563242487 0.5797872340425532 0.4217330538085255 0.5737082066869301 0.42382948986722574 0.5562310030395137 0.4171907756813417 0.5189969604863222 0.4112508735150245 0.3373860182370821 0.39482879105520613 0.33814589665653494
5 0.3668763102725367 0.3662613981762918 0.3612858141160028 0.4886018237082067 0.36163522012578614 0.5174772036474165 0.36163522012578614 0.541033434650456 0.35988819007686934 0.5577507598784195 0.3584905660377358 0.574468085106383 0.3637316561844864 0.5851063829787234 0.3710691823899371 0.5889057750759878 0.376659678546471 0.5881458966565349 0.39028651292802236 0.5934650455927052 0.39832285115303984 0.5919452887537994 0.40391334730957373 0.5866261398176292 0.40356394129979034 0.5417933130699089 0.40146750524109015 0.5189969604863222 0.3853948287910552 0.3601823708206687
6 0.3417190775681342 0.3799392097264438 0.3361285814116003 0.4308510638297872 0.33787561146051714 0.4764437689969605 0.33508036338225017 0.5053191489361702 0.32983927323549966 0.5227963525835866 0.3256464011180992 0.5501519756838906 0.32669461914744935 0.5775075987841946 0.32983927323549966 0.5934650455927052 0.336827393431167 0.5911854103343465 0.35639412997903563 0.6033434650455927 0.36512928022361985 0.5919452887537994 0.3689727463312369 0.5486322188449848 0.36827393431167016 0.45364741641337386 0.3584905660377358 0.3533434650455927
8 0.5027952480782669 0.49848024316109424 0.5062893081761006 0.5630699088145896 0.5181691125087351 0.5691489361702128 0.5283018867924528 0.5630699088145896 0.5352900069881202 0.5577507598784195 0.5335429769392034 0.4908814589665654 0.5248078266946191 0.30927051671732525 0.5048916841369672 0.31990881458966564 0.5048916841369672 0.4886018237082067
9 0.5328441649196366 0.4886018237082067 0.5300489168413697 0.5326747720364742 0.5328441649196366 0.5486322188449848 0.5366876310272537 0.5600303951367781 0.5475192173305381 0.5585106382978723 0.555904961565339 0.5547112462006079 0.5548567435359888 0.49620060790273557 0.5485674353598882 0.32750759878419455 0.5314465408805031 0.32674772036474165 0.5300489168413697 0.3343465045592705
10 0.5580013976240391 0.3601823708206687 0.5513626834381551 0.5174772036474165 0.5552061495457722 0.5379939209726444 0.5593990216631726 0.5554711246200608 0.5684835779175402 0.5630699088145896 0.5719776380153738 0.5661094224924013 0.5765199161425576 0.5547112462006079 0.5793151642208246 0.5075987841945289 0.5758211041229909 0.331306990881459 0.5590496156533893 0.3373860182370821
11 0.5814116002795248 0.3799392097264438 0.5733752620545073 0.5 0.5712788259958071 0.5182370820668692 0.5709294199860238 0.5440729483282675 0.573025856044724 0.5600303951367781 0.5796645702306079 0.5562310030395137 0.5849056603773585 0.5630699088145896 0.5957372466806429 0.5737082066869301 0.6030747728860937 0.5661094224924013 0.6051712089447938 0.5486322188449848 0.6023759608665269 0.5159574468085106 0.5992313067784766 0.3556231003039514 0.5810621942697415 0.3586626139817629
12 0.6118099231306778 0.3844984802431611 0.6058700209643606 0.4939209726443769 0.5992313067784766 0.5220364741641338 0.5950384346610762 0.541033434650456 0.5957372466806429 0.5554711246200608 0.6027253668763103 0.5775075987841946 0.6107617051013278 0.581306990881459 0.6226415094339622 0.5775075987841946 0.6268343815513627 0.5577507598784195 0.6264849755415793 0.5258358662613982 0.6257861635220126 0.36322188449848025 0.6107617051013278 0.3731003039513678
14 0.6761006289308176 0.3731003039513678 0.6582809224318659 0.418693009118541 0.6575821104122991 0.4756838905775076 0.6509433962264151 0.5113981762917933 0.6460517120894479 0.5319148936170213 0.6481481481481481 0.574468085106383 0.6544374563242488 0.5881458966565349 0.6649196366177498 0.5889057750759878 0.677498252969951 0.5721884498480243 0.6827393431167016 0.5721884498480243 0.6879804332634522 0.5562310030395137 0.6914744933612859 0.37537993920972645
15 0.6981132075471698 0.39893617021276595 0.6932215234102026 0.4673252279635258 0.6872816212438854 0.4969604863221885 0.6848357791754018 0.5273556231003039 0.684136967155835 0.5539513677811551 0.6893780573025856 0.5661094224924013 0.6928721174004193 0.5721884498480243 0.6998602375960866 0.5797872340425532 0.7110412299091544 0.5668693009118541 0.7197763801537387 0.5615501519756839 0.7250174703004891 0.5364741641337386 0.7239692522711391 0.5121580547112462 0.7117400419287212 0.3822188449848024 0.7012578616352201 0.3898176291793313
16 0.5062893081761006 0.5972644376899696 0.5286512928022362 0.6056231003039514 0.5248078266946191 0.8130699088145896 0.516072676450035 0.8145896656534954
17 0.5258560447239693 0.6033434650455927 0.5408805031446541 0.5980243161094225 0.5475192173305381 0.601063829787234 0.5524109014675053 0.6124620060790273 0.5485674353598882 0.6565349544072948 0.5345911949685535 0.8168693009118541 0.5220125786163522 0.8145896656534954 0.5244584206848357 0.743161094224924 0.5248078266946191 0.6139817629179332
18 0.5461215932914046 0.7104863221884499 0.5433263452131377 0.6238601823708206 0.5600978336827394 0.6177811550151976 0.5733752620545073 0.6527355623100304 0.5751222921034241 0.7074468085106383 0.5775681341719078 0.8693009118541033 0.5590496156533893 0.8685410334346505 0.5499650593990216 0.7879939209726444
19 0.5751222921034241 0.6937689969604863 0.5667365478686234 0.6527355623100304 0.5684835779175402 0.6375379939209727 0.5793151642208246 0.6155015197568389 0.5943396226415094 0.6299392097264438 0.5992313067784766 0.6717325227963525 0.6023759608665269 0.8624620060790273 0.5897973445143256 0.8746200607902735
20 0.5978336827393431 0.6975683890577508 0.5877009084556254 0.6550151975683891 0.5894479385045422 0.6306990881458967 0.5974842767295597 0.6177811550151976 0.6083158630328441 0.6170212765957447 0.6229909154437456 0.6504559270516718 0.6215932914046122 0.6960486322188449 0.6348707197763801 0.8662613981762918 0.6149545772187281 0.8639817629179332
21 0.6250873515024459 0.6968085106382979 0.6149545772187281 0.6565349544072948 0.6142557651991615 0.6268996960486323 0.616701607267645 0.6155015197568389 0.6526904262753319 0.6086626139817629 0.6666666666666666 0.6261398176291794 0.6659678546471 0.6861702127659575 0.6862334032145353 0.837386018237082 0.6439552760307478 0.8343465045592705 0.6296296296296297 0.763677811550152 0.6243885394828791 0.7066869300911854
22 0.6712089447938504 0.6960486322188449 0.6593291404612159 0.6557750759878419 0.6617749825296995 0.6337386018237082 0.6733053808525507 0.6170212765957447 0.6816911250873515 0.6124620060790273 0.6911250873515025 0.6063829787234043 0.7005590496156534 0.601063829787234 0.7117400419287212 0.6132218844984803 0.7197763801537387 0.6496960486322189 0.7211740041928721 0.675531914893617 0.7606568832983928 0.8130699088145896 0.7215234102026555 0.8358662613981763 0.6998602375960866 0.7651975683890577
24 0.48777078965758214 0.601823708206687 0.5076869322152341 0.5949848024316109 0.5129280223619846 0.8229483282674772 0.4947589098532495 0.8259878419452887
25 0.46785464709993013 0.601063829787234 0.4891684136967156 0.6155015197568389 0.493361285814116 0.8153495440729484 0.4769392033542977 0.8153495440729484 0.46785464709993013 0.7074468085106383 0.4636617749825297 0.6276595744680851
26 0.4444444444444444 0.6747720364741642 0.446890286512928 0.6238601823708206 0.45317959468902863 0.6193009118541033 0.46261355695317957 0.6208206686930091 0.47099930118798045 0.6702127659574468 0.47658979734451434 0.8563829787234043 0.45877009084556253 0.8601823708206687
27 0.4294199860237596 0.8077507598784195 0.42313067784765895 0.6861702127659575 0.4220824598183089 0.6413373860182371 0.4280223619846261 0.6208206686930091 0.4360587002096436 0.6193009118541033 0.446890286512928 0.6405775075987842 0.45422781271837875 0.6679331306990881 0.4437456324248777 0.8776595744680851 0.43116701607267643 0.8617021276595744
28 0.39552760307477286 0.8670212765957447 0.40041928721174 0.7120060790273556 0.39832285115303984 0.682370820668693 0.3972746331236897 0.6519756838905775 0.4000698812019567 0.6238601823708206 0.4143955276030748 0.6299392097264438 0.42103424178895876 0.64209726443769 0.43186582809224316 0.6451367781155015 0.4360587002096436 0.6519756838905775 0.43116701607267643 0.709726443768997 0.4171907756813417 0.8776595744680851
29 0.3403214535290007 0.837386018237082 0.36163522012578614 0.7006079027355623 0.3584905660377358 0.6588145896656535 0.36058700209643607 0.6306990881458967 0.3944793850454228 0.6360182370820668 0.4116002795248078 0.6413373860182371 0.4143955276030748 0.648936170212766 0.4028651292802236 0.7256838905775076 0.3801537386443047 0.8624620060790273
30 0.279874213836478 0.8115501519756839 0.3148148148148148 0.682370820668693 0.3190076869322152 0.6458966565349544 0.3228511530398323 0.6276595744680851 0.3256464011180992 0.6139817629179332 0.3336827393431167 0.6132218844984803 0.3535988819007687 0.6314589665653495 0.3689727463312369 0.648176291793313 0.37351502445842066 0.6603343465045592 0.3612858141160028 0.6975683890577508 0.3085255066387142 0.8457446808510638