0 0.41045531197301854 0.33586626139817627 0.40876897133220913 0.3913373860182371 0.40472175379426645 0.4270516717325228 0.40472175379426645 0.49164133738601823 0.40876897133220913 0.5167173252279635 0.43440134907251265 0.5098784194528876 0.4354131534569983 0.44072948328267475 0.4323777403035413 0.4027355623100304 0.4323777403035413 0.331306990881459 0.41753794266441824 0.31534954407294835
1 0.3986509274873524 0.3465045592705167 0.4026981450252951 0.44756838905775076 0.4026981450252951 0.5144376899696048 0.38887015177065765 0.5167173252279635 0.3858347386172007 0.47416413373860183 0.38785834738617203 0.4247720364741641 0.38684654300168636 0.36246200607902734 0.3858347386172007 0.33586626139817627 0.384822934232715 0.2993920972644377 0.40168634064080944 0.30623100303951367
2 0.37504215851602024 0.331306990881459 0.384822934232715 0.4764437689969605 0.38887015177065765 0.5167173252279635 0.37672849915682965 0.5273556231003039 0.36694772344013493 0.49848024316109424 0.3699831365935919 0.46504559270516715 0.3618887015177066 0.3731003039513678 0.3561551433389545 0.31990881458966564 0.37403035413153457 0.30623100303951367
3 0.34502529510961216 0.33966565349544076 0.34502529510961216 0.40501519756838905 0.3480607082630691 0.47188449848024316 0.35008431703204046 0.5121580547112462 0.3699831365935919 0.5007598784194529 0.3689713322091062 0.4133738601823708 0.35885328836424957 0.32674772036474165
6 0.2984822934232715 0.30851063829787234 0.29645868465430014 0.45364741641337386 0.29139966273187184 0.5007598784194529 0.27554806070826304 0.5007598784194529 0.26981450252951095 0.45592705167173253 0.2688026981450253 0.3799392097264438 0.266779089376054 0.30167173252279633 0.2708263069139966 0.2796352583586626 0.3005059021922428 0.28419452887537994
8 0.45126475548060707 0.324468085106383 0.4414839797639123 0.4004559270516717 0.43946037099494095 0.46048632218844987 0.43440134907251265 0.5007598784194529 0.4573355817875211 0.5075987841945289 0.4671163575042159 0.4939209726443769 0.46408094435075886 0.42933130699088146 0.46812816188870154 0.3221884498480243
9 0.4741989881956155 0.331306990881459 0.4630691399662732 0.3913373860182371 0.45935919055649244 0.45364741641337386 0.4671163575042159 0.5030395136778115 0.47892074198988194 0.49848024316109424 0.49005059021922426 0.4673252279635258 0.49005059021922426 0.41109422492401215 0.48903878583473864 0.31762917933130697 0.48903878583473864 0.28419452887537994 0.47622259696458685 0.2933130699088146
10 0.5008431703204047 0.2993920972644377 0.4920741989881956 0.331306990881459 0.4870151770657673 0.3890577507598784 0.4829679595278246 0.45364741641337386 0.488026981450253 0.4870820668693009 0.502866779089376 0.5075987841945289 0.5146711635750422 0.49848024316109424 0.5126475548060708 0.46048632218844987 0.5099494097807757 0.42933130699088146 0.5089376053962901 0.3465045592705167 0.5197301854974705 0.29559270516717323
11 0.5247892074198989 0.30623100303951367 0.5136593591905565 0.3465045592705167 0.5008431703204047 0.4072948328267477 0.502866779089376 0.45592705167173253 0.5126475548060708 0.4870820668693009 0.527487352445194 0.49164133738601823 0.5295109612141653 0.46048632218844987 0.5315345699831366 0.4095744680851064 0.5433389544688026 0.31762917933130697 0.5433389544688026 0.2796352583586626 0.5258010118043844 0.2750759878419453
12 0.545362563237774 0.2887537993920973 0.533558178752108 0.37537993920972645 0.5237774030354132 0.45592705167173253 0.5355817875210792 0.4939209726443769 0.5463743676222597 0.4810030395136778 0.5534569983136594 0.4490881458966565 0.554468802698145 0.3776595744680851 0.5662731871838111 0.27279635258358664
13 0.5733558178752108 0.26367781155015196 0.554468802698145 0.3556231003039514 0.5534569983136594 0.4338905775075988 0.554468802698145 0.47188449848024316 0.5780775716694773 0.47188449848024316 0.593929173693086 0.4627659574468085 0.596964586846543 0.40501519756838905 0.6020236087689713 0.24848024316109424 0.5693086003372682 0.2393617021276596
14 0.6020236087689713 0.2553191489361702 0.593929173693086 0.43617021276595747 0.603035413153457 0.4513677811550152 0.6397976391231028 0.4490881458966565 0.6397976391231028 0.41109422492401215 0.6428330522765598 0.25987841945288753
16 0.46913996627318716 0.6884498480243161 0.45935919055649244 0.5615501519756839 0.45227655986509274 0.5235562310030395 0.46509274873524453 0.5144376899696048 0.4741989881956155 0.5144376899696048 0.4741989881956155 0.541033434650456 0.4741989881956155 0.5592705167173252 0.48195615514333895 0.6884498480243161
17 0.5018549747048904 0.7287234042553191 0.4920741989881956 0.7241641337386018 0.4741989881956155 0.5387537993920972 0.47622259696458685 0.49620060790273557 0.4870151770657673 0.5007598784194529 0.49983136593591904 0.5167173252279635 0.49780775716694775 0.5547112462006079 0.49780775716694775 0.581306990881459 0.49983136593591904 0.6527355623100304
18 0.5264755480607083 0.7066869300911854 0.5099494097807757 0.6375379939209727 0.5059021922428331 0.5699088145896657 0.5008431703204047 0.5144376899696048 0.5126475548060708 0.5007598784194529 0.5227655986509275 0.5121580547112462 0.5207419898819562 0.5387537993920972 0.5207419898819562 0.5767477203647416 0.527487352445194 0.6413373860182371
19 0.5433389544688026 0.6907294832826748 0.527487352445194 0.5972644376899696 0.5237774030354132 0.5319148936170213 0.5227655986509275 0.5007598784194529 0.5463743676222597 0.5007598784194529 0.5463743676222597 0.5433130699088146 0.5473861720067453 0.648176291793313
20 0.5831365935919056 0.6907294832826748 0.5652613827993255 0.6398176291793313 0.5585160202360877 0.5927051671732523 0.5564924114671164 0.5364741641337386 0.5504215851602023 0.5075987841945289 0.5693086003372682 0.4939209726443769 0.5949409780775716 0.5030395136778115 0.593929173693086 0.541033434650456 0.5989881956155143 0.5835866261398176 0.6118043844856661 0.6352583586626139
21 0.6347386172006745 0.6056231003039514 0.6286677908937606 0.6124620060790273 0.6209106239460371 0.5881458966565349 0.6107925801011804 0.541033434650456 0.6050590219224283 0.5212765957446809 0.5932546374367622 0.48556231003039513 0.596964586846543 0.4696048632218845 0.6178752107925801 0.46504559270516715 0.6317032040472176 0.46048632218844987 0.6475548060708263 0.49164133738601823 0.6485666104553119 0.5455927051671733 0.6674536256323778 0.601823708206687
24 0.45227655986509274 0.6907294832826748 0.45935919055649244 0.6261398176291794 0.45531197301854975 0.5296352583586627 0.4451939291736931 0.5212765957446809 0.4404721753794266 0.5387537993920972 0.44317032040472176 0.5721884498480243 0.4462057335581788 0.6261398176291794
25 0.42563237774030355 0.7044072948328267 0.433389544688027 0.5721884498480243 0.433389544688027 0.5235562310030395 0.42630691399662735 0.5189969604863222 0.41753794266441824 0.5189969604863222 0.41854974704890385 0.5972644376899696 0.4145025295109612 0.6572948328267477
26 0.41349072512647556 0.7112462006079028 0.4195615514333895 0.5296352583586627 0.40067453625632377 0.5212765957446809 0.3986509274873524 0.5881458966565349 0.3986509274873524 0.675531914893617 0.3986509274873524 0.7112462006079028
27 0.39258010118043846 0.7332826747720365 0.40168634064080944 0.5273556231003039 0.38887015177065765 0.5212765957446809 0.3827993254637437 0.541033434650456 0.3827993254637437 0.5835866261398176 0.3827993254637437 0.6033434650455927 0.37976391231028667 0.6641337386018237 0.38077571669477234 0.7135258358662614
29 0.35109612141652613 0.7173252279635258 0.34502529510961216 0.567629179331307 0.34603709949409783 0.5387537993920972 0.35716694772344015 0.5296352583586627 0.37403035413153457 0.5387537993920972 0.378752107925801 0.5835866261398176 0.378752107925801 0.6238601823708206 0.37571669477234404 0.6504559270516718 0.3730185497470489 0.6778115501519757 0.3730185497470489 0.7196048632218845 0.37099494097807756 0.7515197568389058
30 0.3072512647554806 0.5121580547112462 0.3072512647554806 0.5319148936170213 0.30927487352445193 0.5835866261398176 0.30927487352445193 0.6170212765957447 0.30252951096121417 0.648176291793313 0.29949409780775715 0.675531914893617 0.32040472175379425 0.708966565349544 0.3352445193929174 0.7112462006079028 0.3372681281618887 0.6884498480243161 0.33827993254637434 0.6413373860182371 0.3403035413153457 0.5835866261398176 0.34502529510961216 0.5189969604863222 0.32917369308600336 0.5189969604863222
31 0.2765598650927487 0.668693009118541 0.28263069139966274 0.6504559270516718 0.2954468802698145 0.5949848024316109 0.2984822934232715 0.5638297872340425 0.29949409780775715 0.5189969604863222 0.29139966273187184 0.5121580547112462 0.27453625632377743 0.5121580547112462 0.2677908937605396 0.5364741641337386 0.2596964586846543 0.5699088145896657 0.2539629005059022 0.601823708206687 0.2509274873524452 0.6238601823708206 0.26172006745362564 0.6550151975683891