0 0.4925373134328358 0.3168693009118541 0.4975124378109453 0.5478723404255319 0.4619758351101635 0.5524316109422492 0.4538024164889837 0.5091185410334347 0.4559346126510306 0.31155015197568386
1 0.44953802416488986 0.3191489361702128 0.4573560767590618 0.37537993920972645 0.4552238805970149 0.5539513677811551 0.4289267945984364 0.5516717325227963 0.4196872778962331 0.5015197568389058 0.42217484008528783 0.4688449848024316 0.43212508884150674 0.31762917933130697
2 0.4175550817341862 0.3351063829787234 0.4239516702203269 0.43541033434650456 0.4275053304904051 0.4696048632218845 0.42821606254442074 0.48024316109422494 0.4292821606254442 0.4969604863221885 0.4267945984363895 0.5182370820668692 0.4235963041933191 0.5379939209726444 0.4182658137882018 0.5524316109422492 0.40867093105899077 0.5478723404255319 0.40191897654584224 0.5326747720364742 0.39516702203269366 0.5075987841945289 0.3937455579246624 0.4642857142857143 0.39694385216773276 0.3168693009118541 0.4189765458422175 0.3168693009118541
3 0.39445628997867804 0.31534954407294835 0.40191897654584224 0.4430091185410334 0.40476190476190477 0.4642857142857143 0.4068941009239517 0.4749240121580547 0.40653873489694387 0.4969604863221885 0.4051172707889126 0.5151975683890577 0.40476190476190477 0.5326747720364742 0.40014214641080315 0.5417933130699089 0.38877043354655294 0.5486322188449848 0.3781094527363184 0.5501519756838906 0.3724235963041933 0.5448328267477204 0.3681592039800995 0.5220364741641338 0.3681592039800995 0.49772036474164133 0.3706467661691542 0.4452887537993921 0.3752665245202559 0.3161094224924012
4 0.34896943852167733 0.3229483282674772 0.3322672352523099 0.5334346504559271 0.35110163468372424 0.5524316109422492 0.3699360341151386 0.5296352583586627 0.3752665245202559 0.5075987841945289 0.3763326226012793 0.4513677811550152 0.3759772565742715 0.31534954407294835
6 0.30739161336176263 0.32750759878419455 0.3322672352523099 0.40197568389057753 0.3336886993603412 0.44148936170212766 0.3336886993603412 0.4939209726443769 0.3187633262260128 0.5250759878419453 0.298862828713575 0.5364741641337386 0.28429282160625446 0.526595744680851 0.27114427860696516 0.5037993920972644 0.26830135039090264 0.425531914893617 0.2526652452025586 0.3343465045592705
8 0.49502487562189057 0.32066869300911854 0.4978678038379531 0.5433130699088146 0.5266524520255863 0.5440729483282675 0.5358919687277897 0.53419452887538 0.5394456289978679 0.5 0.5369580668088131 0.29559270516717323 0.4953802416488984 0.3047112462006079
9 0.5348258706467661 0.30167173252279633 0.5394456289978679 0.5174772036474165 0.5518834399431415 0.526595744680851 0.5618336886993603 0.5197568389057751 0.5678749111584932 0.5007598784194529 0.5689410092395167 0.47188449848024316 0.5639658848614072 0.3130699088145897
10 0.574271499644634 0.3100303951367781 0.5657427149964463 0.46048632218844987 0.5710732054015636 0.49848024316109424 0.5764036958066808 0.5235562310030395 0.5884861407249466 0.5220364741641338 0.6002132196162047 0.49772036474164133 0.601634683724236 0.4308510638297872 0.6069651741293532 0.2864741641337386 0.5739161336176262 0.28419452887537994
11 0.6098081023454158 0.3047112462006079 0.603411513859275 0.44148936170212766 0.5980810234541578 0.45364741641337386 0.5941719971570718 0.46048632218844987 0.5923951670220327 0.47416413373860183 0.5945273631840796 0.4946808510638298 0.5980810234541578 0.5113981762917933 0.6069651741293532 0.5250759878419453 0.6179815209665956 0.5273556231003039 0.6233120113717129 0.5220364741641338 0.6268656716417911 0.5053191489361702 0.6268656716417911 0.49012158054711247 0.6282871357498223 0.4642857142857143 0.6318407960199005 0.30167173252279633
12 0.6385927505330491 0.3009118541033435 0.6261549395877755 0.493161094224924 0.6297085998578535 0.5151975683890577 0.6375266524520256 0.5258358662613982 0.6460554371002132 0.5197568389057751 0.6520966595593461 0.5091185410334347 0.6560056858564322 0.493161094224924 0.660270078180526 0.30623100303951367
13 0.6709310589907604 0.3191489361702128 0.6634683724235964 0.3495440729483283 0.6584932480454868 0.371580547112462 0.6567164179104478 0.3981762917933131 0.6560056858564322 0.425531914893617 0.6556503198294243 0.44680851063829785 0.6520966595593461 0.4673252279635258 0.6520966595593461 0.5091185410334347 0.6570717839374556 0.5372340425531915 0.6961620469083155 0.5235562310030395 0.6958066808813077 0.4969604863221885 0.6929637526652452 0.4642857142857143 0.6929637526652452 0.40425531914893614 0.6993603411513859 0.31155015197568386
14 0.7228144989339019 0.30775075987841943 0.7029140014214641 0.30623100303951367 0.6982942430703625 0.32750759878419455 0.6975835110163469 0.3700607902735562 0.6965174129353234 0.40197568389057753 0.6958066808813077 0.4331306990881459 0.693319118692253 0.47188449848024316 0.6961620469083155 0.5121580547112462 0.7018479033404407 0.5288753799392097 0.7146410803127221 0.5319148936170213 0.7260127931769723 0.5250759878419453 0.736318407960199 0.5113981762917933 0.7405828002842928 0.4870820668693009 0.7455579246624022 0.30775075987841943
16 0.507818052594172 0.5645896656534954 0.5081734186211798 0.7712765957446809 0.5358919687277897 0.7689969604863222 0.5341151385927505 0.5585106382978723
17 0.535181236673774 0.5592705167173252 0.5358919687277897 0.7697568389057751 0.5589907604832978 0.7651975683890577 0.5597014925373134 0.5600303951367781
18 0.5739161336176262 0.5547112462006079 0.5653873489694385 0.5683890577507599 0.5575692963752665 0.6048632218844985 0.5628997867803838 0.8145896656534954 0.5906183368869936 0.810790273556231 0.5927505330490405 0.5554711246200608
19 0.6062544420753376 0.5645896656534954 0.59772565742715 0.574468085106383 0.5927505330490405 0.5919452887537994 0.591684434968017 0.6155015197568389 0.5927505330490405 0.8168693009118541 0.6286425017768301 0.8077507598784195 0.6254442075337597 0.6101823708206687 0.6229566453447051 0.5851063829787234 0.6211798152096659 0.5623100303951368
20 0.6321961620469083 0.5600303951367781 0.6236673773987207 0.581306990881459 0.6233120113717129 0.5919452887537994 0.6240227434257285 0.6162613981762918 0.6357498223169865 0.8191489361702128 0.6670220326936744 0.8092705167173252 0.654228855721393 0.5661094224924013
21 0.6744847192608386 0.5448328267477204 0.662046908315565 0.5577507598784195 0.6567164179104478 0.5691489361702128 0.654228855721393 0.5866261398176292 0.6556503198294243 0.5987841945288754 0.6823027718550106 0.7735562310030395 0.7231698649609097 0.7279635258358662 0.7235252309879175 0.702887537993921 0.6990049751243781 0.5987841945288754 0.6975835110163469 0.5661094224924013 0.6965174129353234 0.5448328267477204 0.6897654584221748 0.5372340425531915
22 0.7164179104477612 0.5303951367781155 0.7082444918265813 0.5372340425531915 0.7007818052594172 0.5417933130699089 0.6975835110163469 0.5524316109422492 0.6961620469083155 0.5737082066869301 0.6993603411513859 0.5942249240121581 0.728500355366027 0.7249240121580547 0.7658137882018479 0.675531914893617 0.7455579246624022 0.5683890577507599 0.7395167022032694 0.5273556231003039 0.7316986496090974 0.5250759878419453
24 0.507818052594172 0.5600303951367781 0.5085287846481876 0.7758358662613982 0.4879175550817342 0.7727963525835866 0.48116560056858565 0.5706686930091185
25 0.48081023454157784 0.5699088145896657 0.4538024164889837 0.5767477203647416 0.46552949538024163 0.7682370820668692 0.4896943852167733 0.7689969604863222
26 0.453091684434968 0.5759878419452887 0.46552949538024163 0.797112462006079 0.43567874911158494 0.7978723404255319 0.4289267945984364 0.6405775075987842 0.4200426439232409 0.6200607902735562 0.4196872778962331 0.6063829787234043 0.425728500355366 0.587386018237082 0.4292821606254442 0.5699088145896657 0.43425728500355365 0.5661094224924013 0.44740582800284295 0.5706686930091185
27 0.4200426439232409 0.5828267477203647 0.41222459132906897 0.574468085106383 0.4068941009239517 0.5790273556231003 0.40120824449182657 0.5919452887537994 0.39872068230277186 0.601823708206687 0.39658848614072495 0.6086626139817629 0.39552238805970147 0.6200607902735562 0.39516702203269366 0.6390577507598785 0.39623312011371714 0.6565349544072948 0.40476190476190477 0.7606382978723404 0.40476190476190477 0.8016717325227963 0.4349680170575693 0.797112462006079 0.4267945984363895 0.6382978723404256 0.42821606254442074 0.6155015197568389 0.4292821606254442 0.6025835866261399 0.42430703624733473 0.5881458966565349
28 0.3880597014925373 0.5835866261398176 0.3777540867093106 0.5835866261398176 0.3724235963041933 0.5942249240121581 0.3685145700071073 0.6056231003039514 0.3656716417910448 0.6132218844984803 0.36496090973702916 0.6299392097264438 0.3663823738450604 0.6496960486322189 0.3727789623312011 0.8115501519756839 0.4036958066808813 0.810790273556231 0.39694385216773276 0.6375379939209727 0.40014214641080315 0.6238601823708206 0.40014214641080315 0.6117021276595744 0.3994314143567875 0.5919452887537994
30 0.3443496801705757 0.5653495440729484 0.3308457711442786 0.5630699088145896 0.32338308457711445 0.5653495440729484 0.31592039800995025 0.581306990881459 0.31023454157782515 0.6048632218844985 0.3070362473347548 0.6200607902735562 0.27185501066098083 0.7355623100303952 0.31982942430703626 0.7879939209726444 0.3678038379530917 0.628419452887538 0.37100213219616207 0.5995440729483282 0.3624733475479744 0.5843465045592705
31 0.30241648898365314 0.5547112462006079 0.279317697228145 0.5319148936170213 0.27114427860696516 0.5235562310030395 0.2619047619047619 0.5448328267477204 0.2505330490405117 0.5957446808510638 0.22068230277185502 0.6603343465045592 0.26474769012082444 0.7279635258358662 0.31236673773987206 0.621580547112462 0.32018479033404407 0.5919452887537994 0.32338308457711445 0.5790273556231003