0 0.465080971659919 0.5461065573770492 0.4797570850202429 0.548155737704918 0.48582995951417 0.5502049180327869 0.48785425101214575 0.5 0.48026315789473684 0.23770491803278687 0.4640688259109312 0.24487704918032788 0.465080971659919 0.45901639344262296 0.46305668016194335 0.48155737704918034 0.46204453441295545 0.5225409836065574
1 0.4392712550607287 0.5204918032786885 0.4438259109311741 0.5307377049180327 0.4493927125506073 0.5450819672131147 0.4569838056680162 0.5420081967213115 0.4600202429149798 0.5348360655737705 0.46204453441295545 0.44774590163934425 0.4574898785425101 0.24385245901639344 0.43623481781376516 0.2459016393442623 0.4423076923076923 0.3985655737704918 0.4423076923076923 0.42418032786885246 0.4392712550607287 0.47848360655737704
2 0.4139676113360324 0.5051229508196722 0.42611336032388664 0.5399590163934426 0.4352226720647773 0.5256147540983607 0.44281376518218624 0.5010245901639344 0.44483805668016196 0.48155737704918034 0.4402834008097166 0.45081967213114754 0.4291497975708502 0.22336065573770492 0.4124493927125506 0.22745901639344263 0.4124493927125506 0.35655737704918034 0.4139676113360324 0.41700819672131145 0.4139676113360324 0.45799180327868855
4 0.37601214574898784 0.4764344262295082 0.3932186234817814 0.47950819672131145 0.3982793522267207 0.4354508196721312 0.3937246963562753 0.25614754098360654 0.3810728744939271 0.2581967213114754 0.3734817813765182 0.39959016393442626 0.3714574898785425 0.45901639344262296
5 0.33653846153846156 0.45081967213114754 0.3507085020242915 0.4682377049180328 0.36082995951417 0.4713114754098361 0.3658906882591093 0.46311475409836067 0.37044534412955465 0.444672131147541 0.3729757085020243 0.41905737704918034 0.39119433198380565 0.2612704918032787 0.3517206477732793 0.24282786885245902 0.3426113360323887 0.3473360655737705 0.34058704453441296 0.38114754098360654 0.3375506072874494 0.3985655737704918 0.3309716599190283 0.42008196721311475
6 0.2935222672064777 0.4426229508196721 0.31275303643724695 0.4600409836065574 0.32540485829959515 0.4600409836065574 0.3350202429149798 0.4323770491803279 0.3350202429149798 0.4067622950819672 0.3350202429149798 0.3555327868852459 0.3314777327935223 0.25922131147540983 0.2975708502024291 0.2530737704918033 0.29959514170040485 0.3452868852459016 0.298582995951417 0.38729508196721313 0.2909919028340081 0.4088114754098361
8 0.4908906882591093 0.5461065573770492 0.5131578947368421 0.5409836065573771 0.5131578947368421 0.5092213114754098 0.5111336032388664 0.47540983606557374 0.5101214574898786 0.4293032786885246 0.4984817813765182 0.21413934426229508 0.4848178137651822 0.2346311475409836 0.4883603238866397 0.4098360655737705 0.4883603238866397 0.44774590163934425 0.48582995951417 0.5297131147540983
9 0.5177125506072875 0.5358606557377049 0.5334008097165992 0.5297131147540983 0.534919028340081 0.4959016393442623 0.5334008097165992 0.45389344262295084 0.5313765182186235 0.4026639344262295 0.527834008097166 0.3483606557377049 0.527834008097166 0.30635245901639346 0.5232793522267206 0.23565573770491804 0.5106275303643725 0.24077868852459017 0.5050607287449392 0.30225409836065575 0.5050607287449392 0.3729508196721312 0.5101214574898786 0.4610655737704918 0.513663967611336 0.514344262295082
10 0.5374493927125507 0.5204918032786885 0.534919028340081 0.48360655737704916 0.5313765182186235 0.4487704918032787 0.5313765182186235 0.4077868852459016 0.5339068825910931 0.3514344262295082 0.5232793522267206 0.22028688524590165 0.5425101214574899 0.22540983606557377 0.555668016194332 0.32684426229508196 0.5607287449392713 0.4026639344262295 0.5587044534412956 0.47950819672131145 0.5561740890688259 0.5215163934426229 0.5440283400809717 0.5215163934426229
11 0.5592105263157895 0.5122950819672131 0.5501012145748988 0.4733606557377049 0.5501012145748988 0.4426229508196721 0.5425101214574899 0.22745901639344263 0.5581983805668016 0.23975409836065573 0.5738866396761133 0.42213114754098363 0.5789473684210527 0.4600409836065574 0.5855263157894737 0.4959016393442623 0.576417004048583 0.5163934426229508 0.5713562753036437 0.5174180327868853
12 0.5804655870445344 0.5040983606557377 0.5733805668016194 0.49385245901639346 0.5713562753036437 0.4682377049180328 0.5703441295546559 0.4323770491803279 0.5668016194331984 0.3985655737704918 0.5708502024291497 0.27151639344262296 0.5819838056680162 0.26844262295081966 0.5910931174089069 0.3411885245901639 0.5915991902834008 0.4098360655737705 0.597165991902834 0.4375 0.5991902834008097 0.45594262295081966 0.6017206477732794 0.48565573770491804 0.6012145748987854 0.507172131147541 0.5956477732793523 0.5102459016393442
13 0.5956477732793523 0.4887295081967213 0.5915991902834008 0.46311475409836067 0.5895748987854251 0.44364754098360654 0.5910931174089069 0.42725409836065575 0.5936234817813765 0.4026639344262295 0.5946356275303644 0.3729508196721312 0.59665991902834 0.25922131147540983 0.6336032388663968 0.26844262295081966 0.631578947368421 0.3770491803278688 0.6275303643724697 0.41188524590163933 0.6295546558704453 0.42827868852459017 0.6351214574898786 0.44774590163934425 0.6401821862348178 0.4805327868852459 0.6371457489878543 0.4989754098360656 0.6275303643724697 0.4989754098360656 0.6234817813765182 0.4989754098360656 0.6214574898785425 0.507172131147541
14 0.6472672064777328 0.48155737704918034 0.6543522267206477 0.4682377049180328 0.6589068825910931 0.4651639344262295 0.6654858299595142 0.4702868852459016 0.6700404858299596 0.45594262295081966 0.6705465587044535 0.444672131147541 0.6705465587044535 0.42520491803278687 0.6690283400809717 0.4149590163934426 0.6604251012145749 0.38114754098360654 0.6472672064777328 0.24385245901639344 0.631578947368421 0.2489754098360656 0.6295546558704453 0.36065573770491804 0.6295546558704453 0.38729508196721313 0.6310728744939271 0.4067622950819672 0.6295546558704453 0.4334016393442623 0.631578947368421 0.45799180327868855 0.6361336032388664 0.4682377049180328
15 0.6842105263157895 0.45594262295081966 0.6725708502024291 0.4456967213114754 0.6675101214574899 0.4323770491803279 0.6644736842105263 0.41188524590163933 0.6644736842105263 0.39651639344262296 0.6563765182186235 0.33299180327868855 0.6437246963562753 0.2797131147540984 0.6568825910931174 0.26844262295081966 0.6715587044534413 0.30225409836065575 0.6791497975708503 0.32479508196721313 0.6857287449392713 0.3463114754098361 0.6902834008097166 0.3729508196721312 0.694331983805668 0.3862704918032787 0.7024291497975709 0.3985655737704918 0.7034412955465587 0.4098360655737705 0.7004048582995951 0.42213114754098363 0.694838056680162 0.4385245901639344
16 0.4934210526315789 0.5758196721311475 0.5111336032388664 0.5788934426229508 0.5121457489878543 0.6137295081967213 0.5111336032388664 0.6372950819672131 0.507085020242915 0.7786885245901639 0.4979757085020243 0.7807377049180327 0.4924089068825911 0.7059426229508197 0.49291497975708504 0.6741803278688525 0.49291497975708504 0.6403688524590164
17 0.5101214574898786 0.5737704918032787 0.5172064777327935 0.5676229508196722 0.5303643724696356 0.5727459016393442 0.5328947368421053 0.5860655737704918 0.5308704453441295 0.632172131147541 0.527834008097166 0.7889344262295082 0.5182186234817814 0.8012295081967213 0.5101214574898786 0.7295081967213115
18 0.5303643724696356 0.6137295081967213 0.5263157894736842 0.5727459016393442 0.5359311740890689 0.5471311475409836 0.5531376518218624 0.5635245901639344 0.555668016194332 0.6229508196721312 0.5652834008097166 0.8432377049180327 0.5460526315789473 0.8473360655737705 0.5374493927125507 0.7254098360655737 0.5334008097165992 0.6844262295081968
19 0.5536437246963563 0.6024590163934426 0.5460526315789473 0.5706967213114754 0.5587044534412956 0.5420081967213115 0.576417004048583 0.5706967213114754 0.5754048582995951 0.6127049180327869 0.5895748987854251 0.7909836065573771 0.5769230769230769 0.7909836065573771 0.5581983805668016 0.6639344262295082 0.555668016194332 0.6239754098360656
20 0.5809716599190283 0.6372950819672131 0.5738866396761133 0.6024590163934426 0.5713562753036437 0.5788934426229508 0.5733805668016194 0.5625 0.5860323886639676 0.5573770491803278 0.5936234817813765 0.5686475409836066 0.5961538461538461 0.5911885245901639 0.6022267206477733 0.6198770491803278 0.6098178137651822 0.6700819672131147 0.6108299595141701 0.6915983606557377 0.6088056680161943 0.7090163934426229 0.6012145748987854 0.7090163934426229 0.5956477732793523 0.694672131147541 0.5890688259109311 0.6690573770491803 0.5840080971659919 0.6485655737704918
24 0.4757085020242915 0.5737704918032787 0.4959514170040486 0.5788934426229508 0.4934210526315789 0.639344262295082 0.49544534412955465 0.7940573770491803 0.4817813765182186 0.7868852459016393 0.4741902834008097 0.6444672131147541 0.4741902834008097 0.6014344262295082
25 0.45799595141700405 0.5676229508196722 0.4767206477732793 0.576844262295082 0.4757085020242915 0.6290983606557377 0.472165991902834 0.6639344262295082 0.4701417004048583 0.7786885245901639 0.4564777327935223 0.8217213114754098 0.4519230769230769 0.7561475409836066 0.4549595141700405 0.7120901639344263 0.45546558704453444 0.6557377049180327 0.4549595141700405 0.6331967213114754 0.4549595141700405 0.5922131147540983
26 0.43016194331983804 0.5706967213114754 0.444331983805668 0.5584016393442623 0.4524291497975709 0.576844262295082 0.4569838056680162 0.5983606557377049 0.4519230769230769 0.6793032786885246 0.44686234817813764 0.7459016393442623 0.4438259109311741 0.7909836065573771 0.4251012145748988 0.8329918032786885 0.41346153846153844 0.8073770491803278 0.4190283400809717 0.7325819672131147 0.4190283400809717 0.6793032786885246 0.42459514170040485 0.625 0.4266194331983806 0.5973360655737705
27 0.39979757085020245 0.6075819672131147 0.39979757085020245 0.5809426229508197 0.4033400809716599 0.5665983606557377 0.4144736842105263 0.5563524590163934 0.4185222672064777 0.5522540983606558 0.43016194331983804 0.5676229508196722 0.42459514170040485 0.6024590163934426 0.4190283400809717 0.6526639344262295 0.4144736842105263 0.7100409836065574 0.39979757085020245 0.7827868852459017 0.3861336032388664 0.7674180327868853 0.3942307692307692 0.6834016393442623 0.3972672064777328 0.6485655737704918 0.3982793522267207 0.6219262295081968
28 0.35779352226720645 0.7141393442622951 0.36133603238866396 0.6639344262295082 0.3643724696356275 0.6168032786885246 0.3684210526315789 0.5870901639344263 0.37398785425101216 0.5584016393442623 0.38309716599190285 0.5368852459016393 0.3982793522267207 0.5502049180327869 0.40131578947368424 0.5655737704918032 0.39220647773279355 0.6147540983606558 0.3841093117408907 0.6608606557377049 0.3805668016194332 0.6885245901639344 0.3770242914979757 0.7100409836065574 0.3694331983805668 0.7366803278688525
29 0.29959514170040485 0.6844262295081968 0.30516194331983804 0.6352459016393442 0.31629554655870445 0.5973360655737705 0.3233805668016194 0.5758196721311475 0.3274291497975709 0.5522540983606558 0.3309716599190283 0.5256147540983607 0.3355263157894737 0.5102459016393442 0.3426113360323887 0.5020491803278688 0.3618421052631579 0.5102459016393442 0.3770242914979757 0.5215163934426229 0.3805668016194332 0.5327868852459017 0.3790485829959514 0.5532786885245902 0.3684210526315789 0.5860655737704918 0.36133603238866396 0.6045081967213115 0.3527327935222672 0.6485655737704918 0.3436234817813765 0.701844262295082 0.3173076923076923 0.7561475409836066 0.29554655870445345 0.7141393442622951
30 0.26214574898785425 0.6557377049180327 0.29200404858299595 0.6219262295081968 0.3026315789473684 0.6045081967213115 0.3152834008097166 0.5819672131147541 0.3233805668016194 0.5532786885245902 0.33046558704453444 0.5399590163934426 0.3355263157894737 0.5245901639344263 0.3355263157894737 0.4959016393442623 0.32034412955465585 0.4805327868852459 0.3152834008097166 0.47540983606557374 0.29959514170040485 0.4713114754098361 0.28795546558704455 0.4805327868852459 0.2834008097165992 0.5297131147540983 0.27479757085020245 0.5471311475409836 0.2692307692307692 0.5635245901639344 0.2575910931174089 0.5993852459016393 0.25050607287449395 0.639344262295082