8 0.49801944544472454 0.5919452887537994 0.5268275117032769 0.601063829787234 0.5304285199855959 0.5661094224924013 0.5297083183291321 0.5174772036474165 0.5286280158444364 0.42629179331306993 0.5257472092185812 0.34422492401215804 0.5027007562117393 0.35030395136778114 0.503781058696435 0.43009118541033436 0.49909974792942025 0.5098784194528876
9 0.5315088224702916 0.5661094224924013 0.5369103348937703 0.5820668693009119 0.5444724522866402 0.5820668693009119 0.5545552754771336 0.5645896656534954 0.5545552754771336 0.513677811550152 0.5516744688512784 0.42021276595744683 0.5527547713359741 0.37537993920972645 0.5333093266114513 0.37537993920972645 0.5275477133597407 0.385258358662614 0.5275477133597407 0.43009118541033436 0.5304285199855959 0.5159574468085106
10 0.5545552754771336 0.5661094224924013 0.5657184011523226 0.5858662613981763 0.5804825351098307 0.5623100303951368 0.5765214259992798 0.506079027355623 0.5711199135758013 0.39893617021276595 0.568239106949946 0.3305471124620061 0.5527547713359741 0.371580547112462 0.5534749729924379 0.4278115501519757 0.5534749729924379 0.5387537993920972
11 0.575801224342816 0.5623100303951368 0.5941663665826431 0.5896656534954408 0.6053294922578322 0.5645896656534954 0.6006481814908174 0.5 0.5952466690673388 0.3966565349544073 0.5941663665826431 0.34574468085106386 0.5693194094346417 0.35030395136778114 0.5693194094346417 0.40425531914893614 0.5765214259992798 0.5075987841945289
12 0.6017284839755132 0.5562310030395137 0.6265754411235146 0.5683890577507599 0.6265754411235146 0.5174772036474165 0.6236946344976594 0.43009118541033436 0.6182931220741807 0.3518237082066869 0.602448685631977 0.35030395136778114 0.5952466690673388 0.4004559270516717 0.5977673748649622 0.4688449848024316 0.5988476773496579 0.5098784194528876
13 0.6247749369823551 0.5448328267477204 0.6413395750810227 0.5683890577507599 0.6525027007562118 0.5547112462006079 0.6672668347137198 0.5296352583586627 0.6625855239467051 0.4749240121580547 0.6633057256031689 0.4088145896656535 0.6679870363701836 0.34422492401215804 0.6355779618293123 0.3305471124620061 0.6265754411235146 0.3639817629179331 0.6247749369823551 0.41793313069908816 0.6247749369823551 0.4338905775075988 0.6236946344976594 0.5022796352583586
14 0.6651062297443284 0.5273556231003039 0.6820309686712279 0.5387537993920972 0.6975153042851998 0.5235562310030395 0.7039971191933742 0.5113981762917933 0.6993158084263594 0.4688449848024316 0.6957148001440403 0.4004559270516717 0.6928339935181851 0.3305471124620061 0.6715880446525027 0.32066869300911854 0.6708678429960389 0.3404255319148936 0.6633057256031689 0.3905775075987842 0.6633057256031689 0.4551671732522796
15 0.6993158084263594 0.46504559270516715 0.7057976233345337 0.49240121580547114 0.7180410514944184 0.4764437689969605 0.7288440763413756 0.4574468085106383 0.723442563917897 0.39893617021276595 0.7216420597767375 0.34802431610942247 0.7187612531508822 0.29711246200607905 0.6939142960028808 0.32674772036474165 0.6975153042851998 0.4126139817629179
0 0.49801944544472454 0.587386018237082 0.48505581562837596 0.5972644376899696 0.4677709758732445 0.6056231003039514 0.46380986676269353 0.5759878419452887 0.4677709758732445 0.5159574468085106 0.4760532949225783 0.44376899696048633 0.47785379906373787 0.3776595744680851 0.48433561397191216 0.34194528875379937 0.5019805545552755 0.34574468085106386 0.5019805545552755 0.43541033434650456 0.49981994958588405 0.513677811550152
1 0.46308966510622973 0.5737082066869301 0.45012603528988115 0.5835866261398176 0.4389629096146921 0.5524316109422492 0.44652502700756214 0.5 0.4530068419157364 0.43541033434650456 0.4594886568239107 0.38677811550151975 0.462009362621534 0.3655015197568389 0.4767734965790421 0.3617021276595745 0.4767734965790421 0.3829787234042553 0.4760532949225783 0.4490881458966565 0.4677709758732445 0.5174772036474165
2 0.44076341375585165 0.547112462006079 0.4324810947065178 0.5858662613981763 0.4195174648901692 0.5858662613981763 0.4159164566078502 0.5372340425531915 0.4195174648901692 0.4825227963525836 0.424198775657184 0.42021276595744683 0.4324810947065178 0.3556231003039514 0.45120633777457686 0.3541033434650456 0.4530068419157364 0.44148936170212766 0.4454447245228664 0.5022796352583586
3 0.4234785740007202 0.5737082066869301 0.4112351458408354 0.5737082066869301 0.40295282679150163 0.5797872340425532 0.39575081022686354 0.5524316109422492 0.40295282679150163 0.49620060790273557 0.4022326251350378 0.4399696048632219 0.4105149441843716 0.371580547112462 0.424198775657184 0.34574468085106386 0.4277997839395031 0.38145896656534956 0.4252790781418797 0.41033434650455924 0.42707958228303927 0.4574468085106383 0.4288800864241988 0.5037993920972644 0.4288800864241988 0.5448328267477204
4 0.40043212099387826 0.5623100303951368 0.39106949945984876 0.5759878419452887 0.3799063737846597 0.5782674772036475 0.3727043572200216 0.5645896656534954 0.3791861721281959 0.5075987841945289 0.3770255671588045 0.4376899696048632 0.3791861721281959 0.35790273556231 0.39287000360100827 0.34194528875379937 0.40043212099387826 0.3890577507598784 0.40475333093266114 0.44756838905775076 0.4087144400432121 0.49772036474164133
5 0.3727043572200216 0.5661094224924013 0.35325891249549873 0.5623100303951368 0.33669427439683114 0.5623100303951368 0.33273316528628016 0.5311550151975684 0.33849477853799065 0.47112462006079026 0.34029528267915016 0.4004559270516717 0.34029528267915016 0.3282674772036474 0.3770255671588045 0.3404255319148936 0.3770255671588045 0.4452887537993921 0.3770255671588045 0.513677811550152 0.3705437522506302 0.5858662613981763
6 0.33201296362981636 0.5296352583586627 0.32445084623694637 0.5661094224924013 0.3089665106229744 0.5334346504559271 0.29312207418077063 0.5273556231003039 0.29600288080662585 0.4764437689969605 0.3114872164205978 0.43009118541033436 0.3190493338134678 0.3677811550151976 0.3197695354699316 0.3191489361702128 0.34497659344616494 0.3168693009118541 0.34029528267915016 0.3404255319148936 0.34209578682030967 0.40425531914893614 0.33669427439683114 0.4726443768996961
7 0.29420237666546634 0.49772036474164133 0.28123874684911776 0.49012158054711247 0.2653943104069139 0.4627659574468085 0.27295642779978396 0.41033434650455924 0.28015844436442205 0.3594224924012158 0.28664025927259634 0.3130699088145897 0.3125675189052935 0.3168693009118541 0.3190493338134678 0.3594224924012158 0.314368023046453 0.41033434650455924 0.3136478213899892 0.4338905775075988
16 0.49801944544472454 0.6231003039513677 0.49801944544472454 0.6656534954407295 0.49981994958588405 0.7104863221884499 0.5009002520705798 0.8016717325227963 0.5127835794022326 0.8199088145896657 0.5174648901692473 0.7667173252279635 0.5203456967951027 0.6816109422492401 0.5221462009362622 0.6147416413373861
17 0.5239467050774217 0.6185410334346505 0.5387108390349298 0.628419452887538 0.5405113431760893 0.6633738601823708 0.5405113431760893 0.702887537993921 0.537990637378466 0.7553191489361702 0.5369103348937703 0.817629179331307 0.5232265034209579 0.8138297872340425 0.518545192653943 0.7667173252279635 0.519265394310407 0.675531914893617
18 0.537990637378466 0.6306990881458967 0.5469931580842636 0.6094224924012158 0.5581562837594527 0.6208206686930091 0.5599567879006122 0.6595744680851063 0.5599567879006122 0.7104863221884499 0.5599567879006122 0.7651975683890577 0.5610370903853079 0.8275075987841946 0.5516744688512784 0.8290273556231003 0.5451926539431041 0.7803951367781155 0.5433921498019445 0.7317629179331308 0.5423118473172488 0.702887537993921 0.5397911415196255 0.6542553191489362
19 0.5570759812747569 0.6246200607902735 0.5664386028087864 0.5957446808510638 0.5804825351098307 0.6033434650455927 0.5848037450486137 0.6405775075987842 0.5848037450486137 0.6907294832826748 0.5848037450486137 0.7340425531914894 0.5866042491897732 0.8039513677811551 0.575801224342816 0.8115501519756839 0.568239106949946 0.7591185410334347 0.5617572920417717 0.7044072948328267 0.5599567879006122 0.6557750759878419
20 0.5804825351098307 0.6056231003039514 0.5887648541591646 0.5957446808510638 0.6118113071660065 0.5957446808510638 0.6118113071660065 0.6322188449848024 0.613611811307166 0.6816109422492401 0.613611811307166 0.7302431610942249 0.6226143320129637 0.7887537993920972 0.6301764494058336 0.8115501519756839 0.6107310046813108 0.8153495440729484 0.6006481814908174 0.7454407294832827 0.5912855599567879 0.6854103343465046 0.5848037450486137 0.6322188449848024
21 0.610010803024847 0.5919452887537994 0.6355779618293123 0.5820668693009119 0.6532229024126756 0.5835866261398176 0.6532229024126756 0.6231003039513677 0.6625855239467051 0.6679331306990881 0.678069859560677 0.7127659574468085 0.6939142960028808 0.7575987841945289 0.6561037090385308 0.8016717325227963 0.6312567518905293 0.7454407294832827 0.6200936262153403 0.675531914893617
22 0.6532229024126756 0.5820668693009119 0.6708678429960389 0.560790273556231 0.6921137918617213 0.560790273556231 0.7003961109110551 0.6033434650455927 0.719841555635578 0.689209726443769 0.7270435722002161 0.7454407294832827 0.7097587324450846 0.7454407294832827 0.6957148001440403 0.7553191489361702 0.6791501620453727 0.6990881458966566 0.6633057256031689 0.6557750759878419 0.6543032048973713 0.6208206686930091
23 0.6939142960028808 0.5562310030395137 0.7039971191933742 0.5349544072948328 0.7180410514944184 0.547112462006079 0.7216420597767375 0.5197568389057751 0.7353258912495498 0.5425531914893617 0.7475693194094346 0.5835866261398176 0.7565718401152323 0.6322188449848024 0.7641339575081023 0.6633738601823708 0.7475693194094346 0.7127659574468085 0.7288440763413756 0.6831306990881459 0.715880446525027 0.6519756838905775 0.7003961109110551 0.601063829787234
24 0.49801944544472454 0.6185410334346505 0.4749729924378826 0.6147416413373861 0.47785379906373787 0.6542553191489362 0.4814548073460569 0.702887537993921 0.4832553114872164 0.770516717325228 0.4890169247389269 0.8062310030395137 0.49549873964710117 0.8214285714285714 0.49981994958588405 0.8001519756838906 0.49981994958588405 0.7044072948328267
25 0.4731724882967231 0.6147416413373861 0.46308966510622973 0.6170212765957447 0.45120633777457686 0.6246200607902735 0.4530068419157364 0.6595744680851063 0.45660785019805544 0.7180851063829787 0.462009362621534 0.78419452887538 0.4677709758732445 0.8237082066869301 0.4796543032048974 0.8237082066869301 0.4832553114872164 0.7667173252279635 0.4807346056895931 0.702887537993921 0.4760532949225783 0.6519756838905775
26 0.44904573280518545 0.6246200607902735 0.4364422038170688 0.6094224924012158 0.43428159884767736 0.6557750759878419 0.4288800864241988 0.7218844984802432 0.4277997839395031 0.776595744680851 0.44004321209938785 0.8275075987841946 0.4530068419157364 0.8214285714285714 0.45372704357220023 0.7591185410334347 0.45372704357220023 0.7066869300911854 0.4530068419157364 0.6557750759878419
27 0.4382427079582283 0.6094224924012158 0.4324810947065178 0.6208206686930091 0.4223982715160245 0.6056231003039514 0.4105149441843716 0.6109422492401215 0.40655383507382065 0.6322188449848024 0.4076341375585164 0.675531914893617 0.4076341375585164 0.7256838905775076 0.4076341375585164 0.7727963525835866 0.40655383507382065 0.817629179331307 0.41303564998199493 0.8237082066869301 0.4234785740007202 0.7887537993920972 0.42707958228303927 0.7727963525835866 0.42707958228303927 0.7203647416413373 0.43428159884767736 0.6580547112462006
28 0.4216780698595607 0.6231003039513677 0.4112351458408354 0.6033434650455927 0.39467050774216783 0.5995440729483282 0.38926899531868925 0.6246200607902735 0.38818869283399354 0.6694528875379939 0.3856679870363702 0.7302431610942249 0.38350738206697876 0.7864741641337386 0.38458768455167447 0.8199088145896657 0.39395030608570397 0.8199088145896657 0.39575081022686354 0.7940729483282675 0.4022326251350378 0.7416413373860182 0.4076341375585164 0.7241641337386018 0.41303564998199493 0.6694528875379939
29 0.39467050774216783 0.601063829787234 0.3568599207778178 0.5820668693009119 0.34497659344616494 0.6542553191489362 0.33201296362981636 0.7256838905775076 0.321930140439323 0.7803951367781155 0.3356139719121354 0.8001519756838906 0.3586604249189773 0.8153495440729484 0.37522506301764497 0.776595744680851 0.38458768455167447 0.7218844984802432 0.38818869283399354 0.6557750759878419
30 0.35505941663665824 0.5858662613981763 0.32445084623694637 0.560790273556231 0.3089665106229744 0.560790273556231 0.2996038890889449 0.6094224924012158 0.28844076341375585 0.6656534954407295 0.27295642779978396 0.7218844984802432 0.2776377385667987 0.7553191489361702 0.29312207418077063 0.776595744680851 0.314368023046453 0.7553191489361702 0.33201296362981636 0.7241641337386018 0.34857760172848395 0.6443768996960486
31 0.31076701476413393 0.560790273556231 0.2682751170327692 0.5159574468085106 0.24990997479294202 0.5562310030395137 0.24522866402592727 0.6094224924012158 0.2340655383507382 0.6542553191489362 0.22866402592725962 0.689209726443769 0.24774936982355059 0.7218844984802432 0.2682751170327692 0.7006079027355623 0.28772056175729205 0.6633738601823708 0.3006841915736406 0.601063829787234