0 0.4577148774594408 0.3183890577507599 0.4577148774594408 0.35106382978723405 0.4577148774594408 0.40805471124620063 0.4497756299620297 0.479483282674772 0.4525371073524336 0.5334346504559271 0.474283741801864 0.5357142857142857 0.4784259578874698 0.48556231003039513 0.47946151190887126 0.4247720364741641 0.4822229892992751 0.3708206686930091 0.48118743527787367 0.32066869300911854
1 0.42802899551259926 0.30775075987841943 0.42423196410079395 0.35790273556231 0.42423196410079395 0.41413373860182373 0.42423196410079395 0.4551671732522796 0.42595788746979635 0.5144376899696048 0.432861580945806 0.5463525835866262 0.4418363824646186 0.520516717325228 0.44390749050742145 0.479483282674772 0.44874007594062826 0.418693009118541 0.45460821539523644 0.3601823708206687 0.4556437694166379 0.32066869300911854 0.44770452191922677 0.28419452887537994 0.43493268898860893 0.27279635258358664
2 0.3897134967207456 0.28799392097264437 0.3897134967207456 0.3229483282674772 0.391439420089748 0.3662613981762918 0.39351052813255094 0.4034954407294833 0.40144977562996204 0.48404255319148937 0.40731791508457027 0.5250759878419453 0.4162927166033828 0.5227963525835866 0.4211253020365896 0.4688449848024316 0.4211253020365896 0.4095744680851064 0.4211253020365896 0.36246200607902734 0.4162927166033828 0.30167173252279633 0.41422160856057993 0.25759878419452886 0.39351052813255094 0.25987841945288753
3 0.3658957542285122 0.29027355623100304 0.36900241629271663 0.30775075987841943 0.37003797031411806 0.3472644376899696 0.37176389368312046 0.40577507598784196 0.37176389368312046 0.47720364741641336 0.3786675871591301 0.5121580547112462 0.38867794269934414 0.5182370820668692 0.3993786675871591 0.4969604863221885 0.3897134967207456 0.38145896656534956 0.3855712806351398 0.33358662613981765 0.38453572661373836 0.28419452887537994 0.3786675871591301 0.2560790273556231
4 0.3313772868484639 0.3100303951367781 0.3324128408698654 0.3404255319148936 0.3362098722816707 0.4012158054711246 0.3351743182602692 0.4642857142857143 0.33931653434587505 0.5250759878419453 0.35001725923369004 0.5531914893617021 0.37072833966171903 0.5311550151975684 0.36900241629271663 0.4551671732522796 0.3631342768381084 0.37537993920972645 0.3631342768381084 0.30775075987841943 0.3569209527096997 0.25987841945288753 0.3313772868484639 0.27279635258358664 0.32827062478425956 0.2864741641337386
5 0.29789437348981707 0.30547112462006076 0.29375215740421123 0.3639817629179331 0.2899551259924059 0.4247720364741641 0.2889195719710045 0.4642857142857143 0.29789437348981707 0.5030395136778115 0.3196410079392475 0.5098784194528876 0.3324128408698654 0.5030395136778115 0.3255091473938557 0.43844984802431614 0.3213669313082499 0.3791793313069909 0.3213669313082499 0.33206686930091184 0.3213669313082499 0.28419452887537994 0.3006558508802209 0.28191489361702127
6 0.27235070762858127 0.25151975683890576 0.27131515360717984 0.2773556231003039 0.2692440455643769 0.3229483282674772 0.2661373835001726 0.3556231003039514 0.25854332067656194 0.39285714285714285 0.25336555056955473 0.4209726443768997 0.25232999654815325 0.46200607902735563 0.25854332067656194 0.47720364741641336 0.27718329306178807 0.49240121580547114 0.29202623403520883 0.4946808510638298 0.29582326544701415 0.4749240121580547 0.29582326544701415 0.40805471124620063 0.2968588194684156 0.3601823708206687 0.2999654815326199 0.31458966565349544 0.3016914049016224 0.2712765957446808 0.27925440110459093 0.2256838905775076
8 0.47324818778046257 0.30775075987841943 0.474283741801864 0.32750759878419455 0.47324818778046257 0.35790273556231 0.47324818778046257 0.40805471124620063 0.4725578184328616 0.4574468085106383 0.47531929582326543 0.4969604863221885 0.484294097342078 0.5250759878419453 0.4960303762512944 0.5182370820668692 0.5001725923369003 0.479483282674772 0.5018985157059026 0.4399696048632219 0.5018985157059026 0.4012158054711246 0.5018985157059026 0.35106382978723405 0.5018985157059026 0.32066869300911854
9 0.5029340697273041 0.29711246200607905 0.5039696237487056 0.3905775075987842 0.5039696237487056 0.479483282674772 0.5039696237487056 0.5075987841945289 0.5070762858129099 0.5379939209726444 0.5246807041767345 0.5379939209726444 0.5277873662409389 0.5053191489361702 0.5267518122195375 0.44680851063829785 0.5277873662409389 0.3837386018237082 0.5295132896099414 0.3472644376899696 0.5236451501553331 0.30319148936170215 0.5029340697273041 0.27279635258358664
10 0.536416983085951 0.3183890577507599 0.5353814290645496 0.33586626139817627 0.5336555056955471 0.3943768996960486 0.5336555056955471 0.46656534954407297 0.5353814290645496 0.5273556231003039 0.5602347255781843 0.5577507598784195 0.5623058336209872 0.5030395136778115 0.5554021401449776 0.42325227963525835 0.5554021401449776 0.3601823708206687 0.5554021401449776 0.30167173252279633 0.5502243700379703 0.28191489361702127 0.536416983085951 0.28191489361702127
11 0.5698998964445978 0.31458966565349544 0.5661028650327925 0.3639817629179331 0.5640317569899896 0.41641337386018235 0.5629962029685882 0.44680851063829785 0.5629962029685882 0.4817629179331307 0.5681739730755955 0.5311550151975684 0.5750776665516051 0.5357142857142857 0.5868139454608216 0.5159574468085106 0.5906109768726269 0.4749240121580547 0.5868139454608216 0.43617021276595747 0.5857783914394201 0.3791793313069909 0.5906109768726269 0.33358662613981765 0.5937176389368312 0.30775075987841943 0.587849499482223 0.2925531914893617 0.5719710044874008 0.28419452887537994
12 0.598550224370038 0.30319148936170215 0.5957887469796341 0.3229483282674772 0.5926820849154297 0.35106382978723405 0.5916465308940283 0.3776595744680851 0.5899206075250258 0.4209726443768997 0.5899206075250258 0.49012158054711247 0.6026924404556437 0.520516717325228 0.6144287193648602 0.5007598784194529 0.6144287193648602 0.4703647416413374 0.6154642733862616 0.43844984802431614 0.619261304798067 0.36854103343465044 0.6202968588194684 0.3229483282674772 0.6202968588194684 0.29711246200607905
13 0.6202968588194684 0.30547112462006076 0.6251294442526751 0.2925531914893617 0.619261304798067 0.4878419452887538 0.6182257507766655 0.5121580547112462 0.6430790472903003 0.5144376899696048 0.6441146013117017 0.4490881458966565 0.6420434932688989 0.36246200607902734 0.6451501553331032 0.2864741641337386
15 0.6834656541249569 0.3252279635258359 0.6775975146703487 0.37537993920972645 0.6744908526061443 0.39893617021276595 0.6696582671729375 0.4490881458966565 0.6796686227131515 0.47720364741641336 0.6924404556437694 0.4749240121580547 0.6983085950983776 0.44452887537993924 0.7062478425957888 0.40805471124620063 0.722126337590611 0.3252279635258359 0.6941663790127718 0.31458966565349544
18 0.5554021401449776 0.7591185410334347 0.5491888160165689 0.7006079027355623 0.5443562305833621 0.6398176291793313 0.5443562305833621 0.5661094224924013 0.546427338626165 0.5486322188449848 0.5650673110113911 0.5600303951367781 0.5709354504659994 0.5942249240121581 0.5719710044874008 0.6185410334346505 0.5698998964445978 0.6641337386018237 0.5698998964445978 0.7226443768996961 0.5761132205730065 0.7834346504559271
19 0.5750776665516051 0.5509118541033434 0.5692095270969969 0.6056231003039514 0.577839143942009 0.6983282674772037 0.5957887469796341 0.7879939209726444 0.6044183638246462 0.7834346504559271 0.6037279944770452 0.7120060790273556 0.6016568864342423 0.6641337386018237 0.6016568864342423 0.6139817629179332 0.5995857783914395 0.5615501519756839 0.5906109768726269 0.5448328267477204
20 0.6006213324128409 0.5463525835866262 0.5947531929582327 0.581306990881459 0.6044183638246462 0.6534954407294833 0.619261304798067 0.7310030395136778 0.6313427683810838 0.7917933130699089 0.6341042457714877 0.7332826747720365 0.6313427683810838 0.6747720364741642 0.6313427683810838 0.6291793313069909 0.6303072143596824 0.5835866261398176 0.6282361063168795 0.5425531914893617 0.6123576113220573 0.5311550151975684
21 0.6527442181567138 0.5296352583586627 0.6389368312046945 0.540273556231003 0.6372109078356921 0.5752279635258358 0.6372109078356921 0.6056231003039514 0.6410079392474974 0.6922492401215805 0.6537797721781153 0.8009118541033434 0.6568864342423196 0.7332826747720365 0.6568864342423196 0.6618541033434651 0.6589575422851225 0.6139817629179332 0.6658612357611322 0.5615501519756839
26 0.44770452191922677 0.7203647416413373 0.44390749050742145 0.6702127659574468 0.44287193648602 0.6056231003039514 0.44287193648602 0.5509118541033434 0.4269934414911978 0.5509118541033434 0.42319641007939246 0.5881458966565349 0.4311356575768036 0.6747720364741642 0.43389713496720744 0.71580547112462 0.44287193648602 0.7788753799392097 0.4518467380048326 0.7424012158054711
27 0.4104245771487746 0.5531914893617021 0.40144977562996204 0.5683890577507599 0.3976527442181567 0.6162613981762918 0.3966171901967553 0.6618541033434651 0.3993786675871591 0.6922492401215805 0.40731791508457027 0.7591185410334347 0.42319641007939246 0.8161094224924013 0.4249223334483949 0.776595744680851 0.4249223334483949 0.7226443768996961 0.4249223334483949 0.6702127659574468 0.42423196410079395 0.6246200607902735 0.4190541939937867 0.5706686930091185
28 0.3786675871591301 0.5509118541033434 0.37003797031411806 0.5531914893617021 0.3648602002071108 0.5775075987841946 0.3631342768381084 0.6208206686930091 0.3648602002071108 0.6641337386018237 0.3658957542285122 0.7006079027355623 0.36796686227131514 0.7462006079027356 0.3786675871591301 0.7879939209726444 0.39247497411114945 0.7180851063829787 0.3955816361753538 0.6983282674772037 0.40248532965136347 0.6382978723404256 0.40352088367276495 0.5752279635258358
29 0.3334483948912668 0.5554711246200608 0.3255091473938557 0.5729483282674772 0.3154987918536417 0.601063829787234 0.3016914049016224 0.6291793313069909 0.28305143251639625 0.6747720364741642 0.2799447704521919 0.7135258358662614 0.30376251294442524 0.7135258358662614 0.32654470141525715 0.6899696048632219 0.34518467380048323 0.6641337386018237 0.3610631687953055 0.6268996960486323 0.36900241629271663 0.5904255319148937 0.3403520883672765 0.5357142857142857
30 0.27925440110459093 0.5182370820668692 0.27235070762858127 0.540273556231003 0.2575077666551605 0.5729483282674772 0.24646185709354504 0.5942249240121581 0.24956851915774939 0.6443768996960486 0.2740766309975837 0.6443768996960486 0.2999654815326199 0.6337386018237082 0.3154987918536417 0.6208206686930091 0.32827062478425956 0.6094224924012158 0.32654470141525715 0.5638297872340425 0.3117017604418364 0.5311550151975684 0.3006558508802209 0.5144376899696048