0 0.4603721571330117 0.4072948328267477 0.4603721571330117 0.46048632218844987 0.46795313576843556 0.48328267477203646 0.4910406616126809 0.479483282674772 0.4917298414886285 0.42933130699088146 0.4900068917987595 0.3586626139817629 0.4931082012405238 0.26063829787234044 0.4982770503101309 0.1762917933130699 0.4965541006202619 0.13601823708206687 0.4910406616126809 0.12310030395136778 0.48345968297725705 0.1398176291793313 0.47691247415575466 0.1884498480243161 0.4720882150241213 0.24164133738601823
1 0.4383184011026878 0.3951367781155015 0.4376292212267402 0.4308510638297872 0.4407305306685045 0.46504559270516715 0.4548587181254307 0.47416413373860183 0.46071674707098553 0.4369300911854103 0.4672639558924879 0.31534954407294835 0.4727773949000689 0.2196048632218845 0.4738111647139904 0.15653495440729484 0.4672639558924879 0.1276595744680851 0.4538249483115093 0.16185410334346503 0.4483115093039283 0.24164133738601823 0.44245348035837356 0.3837386018237082
2 0.40902825637491386 0.39361702127659576 0.4138525155065472 0.44376899696048633 0.4293590627153687 0.4726443768996961 0.43349414197105446 0.4726443768996961 0.44348725017229496 0.4278115501519757 0.4407305306685045 0.37462006079027355 0.43694004135079256 0.2560790273556231 0.43659545141281875 0.1831306990881459 0.4393521709166092 0.12689969604863222 0.43349414197105446 0.11094224924012158 0.4097174362508615 0.1519756838905775 0.40696071674707096 0.24696048632218845
3 0.39145416953824946 0.37462006079027355 0.3852515506547209 0.425531914893617 0.3973121984838043 0.45440729483282677 0.4104066161268091 0.44756838905775076 0.4259131633356306 0.42249240121580545 0.425223983459683 0.35714285714285715 0.42453480358373535 0.2773556231003039 0.4228118538938663 0.2066869300911854 0.4228118538938663 0.16185410334346503 0.41936595451412817 0.12689969604863222 0.40041350792556857 0.14513677811550152 0.3980013783597519 0.19072948328267478
4 0.3662991040661613 0.3556231003039514 0.36044107512060647 0.39893617021276595 0.3700895933838732 0.42249240121580545 0.3824948311509304 0.4316109422492401 0.3924879393521709 0.42021276595744683 0.39662301860785665 0.39361702127659576 0.39627842866988283 0.34194528875379937 0.40144727773949 0.26595744680851063 0.3980013783597519 0.22112462006079028 0.3973121984838043 0.18009118541033434 0.3973121984838043 0.1580547112462006 0.3990351481736733 0.12537993920972645 0.3873190902825637 0.11854103343465046 0.37904893177119225 0.1580547112462006
6 0.30151619572708477 0.32750759878419455 0.29807029634734666 0.36930091185410335 0.31874569262577535 0.3898176291793313 0.3425223983459683 0.3837386018237082 0.3507925568573398 0.3533434650455927 0.34631288766368024 0.303951367781155 0.3397656788421778 0.21048632218844984 0.33563059958649205 0.16185410334346503 0.33080634045485874 0.12006079027355623 0.31840110268780153 0.11474164133738601 0.3035837353549276 0.14513677811550152 0.2991040661612681 0.19908814589665655 0.2991040661612681 0.24468085106382978
8 0.4906960716747071 0.4148936170212766 0.4906960716747071 0.45592705167173253 0.4982770503101309 0.48404255319148937 0.5144727773949 0.48328267477203646 0.5220537560303239 0.4635258358662614 0.5189524465885597 0.3981762917933131 0.5189524465885597 0.35714285714285715 0.5189524465885597 0.2629179331306991 0.5189524465885597 0.2013677811550152 0.5179186767746382 0.17097264437689969 0.5103376981392144 0.15273556231003038 0.49896623018607855 0.18161094224924013 0.49586492074431426 0.24088145896656535 0.4941419710544452 0.40425531914893614
9 0.5186078566505858 0.39893617021276595 0.5244658855961406 0.4635258358662614 0.5385940730530668 0.47416413373860183 0.5441075120606478 0.4506079027355623 0.5392832529290145 0.3655015197568389 0.5416953824948312 0.2811550151975684 0.5403170227429359 0.22872340425531915 0.5403170227429359 0.17401215805471124 0.5327360441075121 0.16109422492401215 0.5227429359062715 0.19224924012158054 0.5196416264645073 0.2560790273556231
10 0.5403170227429359 0.38753799392097266 0.5416953824948312 0.4316109422492401 0.5475534114403859 0.4696048632218845 0.5575465196416265 0.4749240121580547 0.5665058580289456 0.4513677811550152 0.5713301171605789 0.37537993920972645 0.5713301171605789 0.2811550151975684 0.5696071674707098 0.21048632218844984 0.5685733976567884 0.16717325227963525 0.556512749827705 0.15045592705167174 0.549276361130255 0.19984802431610943 0.5447966919365954 0.270516717325228
11 0.5596140592694693 0.38069908814589665 0.5589248793935218 0.418693009118541 0.5613370089593384 0.4399696048632219 0.5785665058580289 0.45440729483282677 0.5885596140592695 0.4566869300911854 0.5951068228807719 0.42249240121580545 0.5926946933149552 0.30851063829787234 0.587525844245348 0.2196048632218845 0.5868366643694004 0.18009118541033434 0.5851137146795313 0.13753799392097266 0.5768435561681599 0.1276595744680851 0.5606478290833907 0.18465045592705168 0.5630599586492074 0.29407294832826747
12 0.5844245348035837 0.3639817629179331 0.5861474844934528 0.41641337386018235 0.5957960027567195 0.44376899696048633 0.6071674707098552 0.4506079027355623 0.6188835286009648 0.44376899696048633 0.6219848380427292 0.40197568389057753 0.6140592694693315 0.2917933130699088 0.6130254996554101 0.21808510638297873 0.6116471399035148 0.17933130699088146 0.6130254996554101 0.14361702127659576 0.5999310820124052 0.13221884498480244 0.5902825637491386 0.18541033434650456 0.585802894555479 0.2393617021276596
13 0.6106133700895934 0.3655015197568389 0.6064782908339077 0.4148936170212766 0.6195727084769125 0.43617021276595747 0.646106133700896 0.42249240121580545 0.655065472088215 0.42249240121580545 0.6616126809097175 0.4034954407294833 0.6616126809097175 0.3662613981762918 0.6574776016540317 0.31155015197568386 0.6592005513439008 0.2591185410334346 0.6592005513439008 0.21808510638297873 0.6592005513439008 0.1884498480243161 0.6509303928325293 0.15653495440729484 0.607512060647829 0.17097264437689969 0.6092350103376981 0.2196048632218845
14 0.653342522398346 0.324468085106383 0.6581667815299793 0.3768996960486322 0.6654031702274293 0.39361702127659576 0.684355616815989 0.39285714285714285 0.7074431426602343 0.371580547112462 0.7026188835286009 0.3351063829787234 0.6943487250172296 0.29559270516717323 0.6953824948311509 0.21200607902735563 0.6950379048931771 0.1762917933130699 0.6936595451412819 0.1466565349544073 0.6867677463818056 0.1276595744680851 0.6695382494831151 0.13221884498480244 0.6609235010337698 0.17249240121580547 0.656788421778084 0.25227963525835867
16 0.4965541006202619 0.48936170212765956 0.4965541006202619 0.5319148936170213 0.4972432804962095 0.6124620060790273 0.49586492074431426 0.6861702127659575 0.5048242591316333 0.7241641337386018 0.5161957270847691 0.6968085106382979 0.5161957270847691 0.581306990881459 0.5155065472088215 0.4939209726443769
17 0.523776705720193 0.47112462006079026 0.5172294968986906 0.479483282674772 0.5148173673328739 0.5030395136778115 0.5148173673328739 0.5562310030395137 0.5148173673328739 0.6413373860182371 0.5155065472088215 0.709726443768997 0.5189524465885597 0.7370820668693009 0.5317022742935906 0.7408814589665653 0.5361819434872501 0.709726443768997 0.5375603032391454 0.6155015197568389 0.5351481736733288 0.5486322188449848 0.538249483115093 0.49772036474164133 0.5392832529290145 0.47796352583586627
18 0.5475534114403859 0.4673252279635258 0.5410062026188835 0.4688449848024316 0.5358373535492763 0.479483282674772 0.5334252239834597 0.5326747720364742 0.5361819434872501 0.6063829787234043 0.5361819434872501 0.6952887537993921 0.5375603032391454 0.729483282674772 0.5447966919365954 0.7492401215805471 0.556512749827705 0.7408814589665653 0.5661612680909718 0.6595744680851063 0.5623707787732598 0.5775075987841946 0.5596140592694693 0.5197568389057751 0.5578911095796003 0.4787234042553192
19 0.5578911095796003 0.4726443768996961 0.5541006202618883 0.479483282674772 0.5530668504479669 0.5129179331306991 0.5627153687112336 0.6177811550151976 0.5661612680909718 0.6876899696048632 0.5716747070985527 0.7074468085106383 0.5864920744314266 0.7006079027355623 0.5926946933149552 0.6041033434650456 0.5882150241212957 0.4908814589665654 0.580289455547898 0.45972644376899696 0.5751206064782909 0.45364741641337386
20 0.5820124052377671 0.45896656534954405 0.5771881461061337 0.47112462006079026 0.5758097863542384 0.4886018237082067 0.5889042039972433 0.5493920972644377 0.5992419021364576 0.6588145896656535 0.6064782908339077 0.7036474164133738 0.6154376292212267 0.7256838905775076 0.6268090971743625 0.7165653495440729 0.622329427980703 0.6542553191489362 0.6147484493452792 0.5592705167173252 0.6099241902136457 0.5053191489361702 0.6116471399035148 0.46580547112462006 0.6037215713301172 0.45364741641337386 0.5923501033769814 0.4506079027355623
22 0.6364576154376292 0.42629179331306993 0.6292212267401792 0.45972644376899696 0.6643694004135079 0.5121580547112462 0.7046864231564438 0.5828267477203647 0.722605099931082 0.6124620060790273 0.7388008270158511 0.6041033434650456 0.7474155754651964 0.5645896656534954 0.7267401791867677 0.5129179331306991 0.7036526533425224 0.45896656534954405 0.6929703652653343 0.4126139817629179 0.6812543073742247 0.3951367781155015 0.6729841488628532 0.39209726443769 0.6602343211578222 0.4012158054711246 0.6519641626464507 0.4209726443768997
24 0.48345968297725705 0.4878419452887538 0.4776016540317023 0.4886018237082067 0.47691247415575466 0.5144376899696048 0.47829083390764987 0.5972644376899696 0.4824259131633356 0.6998480243161094 0.4879393521709166 0.7135258358662614 0.4948311509303928 0.6960486322188449 0.4972432804962095 0.6177811550151976 0.4972432804962095 0.5144376899696048 0.4965541006202619 0.49012158054711247 0.4900068917987595 0.4870820668693009 0.4879393521709166 0.4870820668693009
25 0.4669193659545141 0.48404255319148937 0.4538249483115093 0.4878419452887538 0.45554789800137835 0.5258358662613982 0.46071674707098553 0.6618541033434651 0.463473466574776 0.7279635258358662 0.4724328049620951 0.743920972644377 0.48001378359751895 0.7196048632218845 0.47691247415575466 0.6208206686930091 0.4776016540317023 0.5379939209726444 0.4786354238456237 0.5015197568389058 0.47312198483804274 0.48404255319148937
26 0.44245348035837356 0.47720364741641336 0.43659545141281875 0.4946808510638298 0.43625086147484493 0.547112462006079 0.4376292212267402 0.6709726443768997 0.44314266023432114 0.7325227963525835 0.45175740868366643 0.743920972644377 0.4596829772570641 0.7249240121580547 0.4603721571330117 0.6360182370820668 0.45933838731909027 0.5501519756838906 0.45796002756719506 0.5129179331306991 0.45175740868366643 0.4825227963525836 0.4479669193659545 0.4756838905775076
27 0.4221226740179187 0.46504559270516715 0.41212956581667815 0.4825227963525836 0.4038594073053067 0.5554711246200608 0.40144727773949 0.6694528875379939 0.4135079255685734 0.7446808510638298 0.42970365265334254 0.7370820668693009 0.4328049620951068 0.6344984802431611 0.43659545141281875 0.5448328267477204 0.4414197105444521 0.5129179331306991 0.44176430048242593 0.4870820668693009 0.4359062715368711 0.47416413373860183 0.43004824259131635 0.4756838905775076 0.4259131633356306 0.4673252279635258
28 0.4007580978635424 0.44756838905775076 0.3928325292901447 0.446048632218845 0.3890420399724328 0.47416413373860183 0.3749138525155066 0.5911854103343465 0.36871123363197794 0.6702127659574468 0.37594762232942797 0.7127659574468085 0.38662991040661615 0.708966565349544 0.3976567884217781 0.6162613981762918 0.4097174362508615 0.5387537993920972 0.42143349414197107 0.5 0.4266023432115782 0.4825227963525836 0.426946933149552 0.4696048632218845 0.42108890420399725 0.45592705167173253 0.41557546519641625 0.4513677811550152 0.4128187456926258 0.4513677811550152
29 0.3580289455547898 0.4156534954407295 0.35044796691936597 0.4156534954407295 0.34631288766368024 0.425531914893617 0.34458993797381116 0.47188449848024316 0.3277050310130944 0.567629179331307 0.31702274293590627 0.621580547112462 0.3215024121295658 0.6648936170212766 0.3439007580978635 0.675531914893617 0.3611302549965541 0.6025835866261399 0.3783597518952447 0.5212765957446809 0.3890420399724328 0.4908814589665654 0.40006891798759475 0.46504559270516715 0.40351481736733286 0.44756838905775076 0.4011026878015162 0.4369300911854103 0.39352170916609236 0.42933130699088146 0.38628532046864233 0.4270516717325228 0.37939352170916607 0.4308510638297872 0.37215713301171605 0.41413373860182373 0.3669882839421089 0.41413373860182373 0.3645761543762922 0.41641337386018235
30 0.3118538938662991 0.3844984802431611 0.3035837353549276 0.3951367781155015 0.2991040661612681 0.4452887537993921 0.2777394900068918 0.5683890577507599 0.2749827705031013 0.5972644376899696 0.28049620951068227 0.6155015197568389 0.30461750516884906 0.6147416413373861 0.3263266712611992 0.5524316109422492 0.34458993797381116 0.4787234042553192 0.35665058580289455 0.42249240121580545 0.3552722260509993 0.3981762917933131 0.3459682977257064 0.3958966565349544 0.33804272915230876 0.39969604863221886