0 0.48741007194244607 0.3860182370820669 0.48345323741007196 0.4825227963525836 0.48633093525179855 0.5569908814589666 0.5068345323741007 0.5547112462006079 0.5068345323741007 0.4787234042553192 0.5115107913669065 0.3799392097264438 0.4931654676258993 0.3639817629179331
1 0.4766187050359712 0.371580547112462 0.4697841726618705 0.4088145896656535 0.46402877697841727 0.46200607902735563 0.4658273381294964 0.5220364741641338 0.4766187050359712 0.5509118541033434 0.4852517985611511 0.5220364741641338 0.49028776978417266 0.4065349544072948 0.4910071942446043 0.3556231003039514 0.4776978417266187 0.3472644376899696
2 0.44928057553956835 0.3594224924012158 0.4464028776978417 0.4027355623100304 0.43884892086330934 0.4521276595744681 0.4366906474820144 0.49544072948328266 0.4356115107913669 0.5159574468085106 0.4435251798561151 0.5364741641337386 0.45719424460431657 0.5440729483282675 0.4629496402877698 0.4886018237082067 0.4629496402877698 0.44756838905775076 0.4697841726618705 0.3700607902735562
3 0.4241007194244604 0.3677811550151976 0.4241007194244604 0.39209726443769 0.4241007194244604 0.4270516717325228 0.4241007194244604 0.46048632218844987 0.4241007194244604 0.4825227963525836 0.4241007194244604 0.5220364741641338 0.42589928057553955 0.5425531914893617 0.4377697841726619 0.5463525835866262 0.4503597122302158 0.5303951367781155 0.4543165467625899 0.5113981762917933 0.44928057553956835 0.4703647416413374 0.4446043165467626 0.44148936170212766 0.44064748201438847 0.4027355623100304 0.44064748201438847 0.3700607902735562 0.4356115107913669 0.3533434650455927
4 0.4035971223021583 0.3594224924012158 0.4035971223021583 0.3943768996960486 0.4028776978417266 0.4209726443768997 0.40071942446043163 0.4642857142857143 0.3989208633093525 0.5098784194528876 0.39964028776978416 0.5303951367781155 0.40863309352517985 0.5463525835866262 0.4251798561151079 0.5379939209726444 0.429136690647482 0.5197568389057751 0.42697841726618707 0.4825227963525836 0.4241007194244604 0.446048632218845 0.42302158273381296 0.40501519756838905 0.42302158273381296 0.3639817629179331
5 0.3697841726618705 0.3860182370820669 0.3697841726618705 0.42325227963525835 0.3697841726618705 0.45440729483282677 0.36762589928057554 0.4749240121580547 0.3647482014388489 0.5030395136778115 0.36366906474820143 0.5425531914893617 0.3766187050359712 0.5585106382978723 0.39100719424460434 0.5509118541033434 0.40071942446043163 0.5463525835866262 0.4064748201438849 0.5364741641337386 0.4093525179856115 0.5053191489361702 0.4028776978417266 0.4703647416413374 0.39784172661870504 0.4316109422492401 0.3967625899280576 0.3943768996960486 0.3967625899280576 0.3700607902735562 0.3881294964028777 0.35106382978723405 0.37158273381294965 0.3594224924012158
6 0.3424460431654676 0.3700607902735562 0.339568345323741 0.3943768996960486 0.3356115107913669 0.4209726443768997 0.3338129496402878 0.45592705167173253 0.3298561151079137 0.4886018237082067 0.32697841726618704 0.5030395136778115 0.32877697841726616 0.5319148936170213 0.339568345323741 0.5463525835866262 0.3579136690647482 0.5509118541033434 0.36366906474820143 0.5440729483282675 0.368705035971223 0.4992401215805471 0.3658273381294964 0.46048632218844987 0.3658273381294964 0.4148936170212766 0.3658273381294964 0.3860182370820669 0.36762589928057554 0.3556231003039514 0.3464028776978417 0.3472644376899696
7 0.32302158273381293 0.3351063829787234 0.31798561151079136 0.3617021276595745 0.3133093525179856 0.3882978723404255 0.308273381294964 0.4088145896656535 0.30071942446043165 0.4316109422492401 0.29280575539568343 0.4582066869300912 0.28992805755395684 0.4764437689969605 0.28992805755395684 0.493161094224924 0.2949640287769784 0.513677811550152 0.308273381294964 0.5235562310030395 0.3143884892086331 0.5463525835866262 0.3258992805755396 0.5258358662613982 0.33093525179856115 0.4886018237082067 0.3327338129496403 0.43541033434650456 0.3356115107913669 0.4027355623100304 0.3406474820143885 0.35790273556231
8 0.5154676258992805 0.3761398176291793 0.5136690647482014 0.4376899696048632 0.5136690647482014 0.45592705167173253 0.5107913669064749 0.4810030395136778 0.5086330935251798 0.5030395136778115 0.5107913669064749 0.5379939209726444 0.5194244604316547 0.5569908814589666 0.5269784172661871 0.5524316109422492 0.5302158273381294 0.5053191489361702 0.5302158273381294 0.4642857142857143 0.5302158273381294 0.42933130699088146 0.5320143884892087 0.3844984802431611
9 0.5338129496402878 0.3617021276595745 0.5338129496402878 0.39209726443769 0.5338129496402878 0.4399696048632219 0.5338129496402878 0.46808510638297873 0.5338129496402878 0.5174772036474165 0.5348920863309352 0.540273556231003 0.5428057553956834 0.5547112462006079 0.5525179856115108 0.5425531914893617 0.5525179856115108 0.5113981762917933 0.5525179856115108 0.46048632218844987 0.5514388489208633 0.41717325227963525 0.5514388489208633 0.378419452887538 0.5503597122302158 0.35790273556231
10 0.5600719424460432 0.371580547112462 0.5600719424460432 0.3860182370820669 0.5593525179856115 0.4194528875379939 0.5571942446043165 0.4703647416413374 0.5564748201438849 0.5113981762917933 0.5564748201438849 0.5463525835866262 0.5611510791366906 0.560790273556231 0.5719424460431655 0.560790273556231 0.5787769784172662 0.5379939209726444 0.5787769784172662 0.5053191489361702 0.5787769784172662 0.4749240121580547 0.5794964028776979 0.4316109422492401 0.5794964028776979 0.3943768996960486 0.5805755395683453 0.3761398176291793
11 0.5884892086330935 0.3677811550151976 0.5845323741007195 0.3966565349544073 0.5805755395683453 0.4270516717325228 0.5766187050359712 0.4749240121580547 0.5758992805755395 0.5098784194528876 0.5758992805755395 0.540273556231003 0.5931654676258993 0.5645896656534954 0.6028776978417266 0.5569908814589666 0.6039568345323741 0.513677811550152 0.6079136690647482 0.42933130699088146 0.6097122302158273 0.371580547112462
12 0.6154676258992806 0.3655015197568389 0.6154676258992806 0.39893617021276595 0.6118705035971223 0.4316109422492401 0.6079136690647482 0.4582066869300912 0.6050359712230216 0.4886018237082067 0.6050359712230216 0.5220364741641338 0.6050359712230216 0.5463525835866262 0.6118705035971223 0.5645896656534954 0.6233812949640288 0.5630699088145896 0.6273381294964029 0.5281155015197568 0.6273381294964029 0.4992401215805471 0.6330935251798561 0.4642857142857143 0.6359712230215827 0.4338905775075988 0.6359712230215827 0.4004559270516717 0.6370503597122302 0.3594224924012158
13 0.6399280575539569 0.35790273556231 0.6410071942446043 0.3700607902735562 0.6359712230215827 0.4194528875379939 0.6320143884892087 0.44984802431610943 0.629136690647482 0.513677811550152 0.629136690647482 0.53419452887538 0.6348920863309353 0.5425531914893617 0.6507194244604316 0.5486322188449848 0.660431654676259 0.5486322188449848 0.6661870503597123 0.5281155015197568 0.6661870503597123 0.4908814589665654 0.6651079136690647 0.44148936170212766 0.6643884892086331 0.41109422492401215 0.6633093525179856 0.3700607902735562 0.6633093525179856 0.35790273556231
14 0.6719424460431654 0.3556231003039514 0.6690647482014388 0.42933130699088146 0.6679856115107914 0.46656534954407297 0.6701438848920863 0.5113981762917933 0.676978417266187 0.5319148936170213 0.6906474820143885 0.53419452887538 0.702158273381295 0.5281155015197568 0.7039568345323741 0.4886018237082067 0.6982014388489208 0.4376899696048632 0.6935251798561151 0.40501519756838905 0.6906474820143885 0.3594224924012158 0.6874100719424461 0.3411854103343465
15 0.6982014388489208 0.3229483282674772 0.6924460431654677 0.33282674772036475 0.6884892086330935 0.3556231003039514 0.6906474820143885 0.3882978723404255 0.6935251798561151 0.42325227963525835 0.6971223021582734 0.4521276595744681 0.7032374100719424 0.49544072948328266 0.7079136690647482 0.5174772036474165 0.718705035971223 0.5235562310030395 0.7294964028776978 0.5030395136778115 0.7438848920863309 0.46656534954407297 0.7363309352517986 0.44148936170212766 0.7215827338129497 0.39209726443769 0.7136690647482015 0.3655015197568389
16 0.5251798561151079 0.7477203647416414 0.5241007194244605 0.7355623100303952 0.512589928057554 0.6633738601823708 0.5068345323741007 0.60790273556231 0.5068345323741007 0.5896656534954408 0.5212230215827338 0.5858662613981763 0.5233812949640287 0.6200607902735562 0.5251798561151079 0.6474164133738601 0.5280575539568345 0.6800911854103343 0.5320143884892087 0.7066869300911854
17 0.5467625899280576 0.7864741641337386 0.5435251798561151 0.7537993920972644 0.5388489208633094 0.7188449848024316 0.5302158273381294 0.6679331306990881 0.5262589928057554 0.6306990881458967 0.5241007194244605 0.5995440729483282 0.5330935251798561 0.5919452887537994 0.5456834532374101 0.5934650455927052 0.5467625899280576 0.628419452887538 0.5446043165467626 0.6534954407294833 0.5467625899280576 0.682370820668693 0.5503597122302158 0.7127659574468085 0.5514388489208633 0.7310030395136778
18 0.5719424460431655 0.8031914893617021 0.5679856115107914 0.776595744680851 0.5571942446043165 0.7249240121580547 0.5503597122302158 0.6861702127659575 0.5485611510791367 0.6550151975683891 0.5467625899280576 0.6185410334346505 0.5474820143884892 0.5934650455927052 0.5640287769784172 0.5919452887537994 0.570863309352518 0.6344984802431611 0.5737410071942446 0.6595744680851063 0.5766187050359712 0.6922492401215805 0.5794964028776979 0.7378419452887538 0.5827338129496403 0.7621580547112462
19 0.5989208633093526 0.8054711246200608 0.5931654676258993 0.776595744680851 0.5845323741007195 0.7127659574468085 0.5805755395683453 0.6717325227963525 0.5766187050359712 0.6367781155015197 0.5758992805755395 0.6101823708206687 0.5845323741007195 0.5995440729483282 0.5902877697841726 0.5995440729483282 0.5982014388489209 0.628419452887538 0.602158273381295 0.6618541033434651 0.602158273381295 0.7006079027355623 0.6039568345323741 0.7272036474164134 0.6079136690647482 0.756079027355623 0.6107913669064748 0.7826747720364742 0.612589928057554 0.8009118541033434
20 0.6348920863309353 0.7993920972644377 0.625179856115108 0.75 0.6205035971223022 0.7249240121580547 0.6147482014388489 0.7006079027355623 0.6089928057553957 0.6633738601823708 0.5989208633093526 0.6367781155015197 0.5971223021582733 0.6185410334346505 0.6050359712230216 0.6041033434650456 0.6147482014388489 0.5995440729483282 0.629136690647482 0.6223404255319149 0.6320143884892087 0.6474164133738601 0.6388489208633094 0.7044072948328267 0.6410071942446043 0.7272036474164134 0.6496402877697842 0.7803951367781155
21 0.670863309352518 0.7826747720364742 0.6651079136690647 0.7583586626139818 0.6525179856115108 0.6983282674772037 0.6449640287769784 0.6679331306990881 0.6330935251798561 0.6246200607902735 0.625179856115108 0.5957446808510638 0.6370503597122302 0.581306990881459 0.6485611510791367 0.5790273556231003 0.6593525179856116 0.5752279635258358 0.6787769784172661 0.601823708206687 0.685611510791367 0.6367781155015197 0.689568345323741 0.6717325227963525 0.6992805755395683 0.7044072948328267 0.7039568345323741 0.7393617021276596 0.702158273381295 0.756079027355623
22 0.7233812949640288 0.7537993920972644 0.7147482014388489 0.7249240121580547 0.7032374100719424 0.702887537993921 0.6913669064748201 0.675531914893617 0.6838129496402877 0.6534954407294833 0.6741007194244605 0.5995440729483282 0.6816546762589928 0.5752279635258358 0.6992805755395683 0.5569908814589666 0.7100719424460432 0.5524316109422492 0.7215827338129497 0.5790273556231003 0.731294964028777 0.6246200607902735 0.7363309352517986 0.6694528875379939 0.7478417266187051 0.7211246200607903
23 0.7723021582733813 0.6922492401215805 0.7593525179856115 0.6800911854103343 0.7467625899280576 0.6595744680851063 0.7341726618705036 0.6344984802431611 0.7244604316546762 0.6101823708206687 0.7197841726618706 0.5858662613981763 0.7169064748201439 0.5645896656534954 0.718705035971223 0.5440729483282675 0.731294964028777 0.5303951367781155 0.7410071942446043 0.5235562310030395 0.7478417266187051 0.5220364741641338 0.7633093525179856 0.5714285714285714 0.7661870503597122 0.60790273556231 0.7780575539568345 0.6405775075987842 0.7856115107913669 0.6717325227963525
24 0.5068345323741007 0.7659574468085106 0.5075539568345324 0.723404255319149 0.5097122302158273 0.6633738601823708 0.5097122302158273 0.6367781155015197 0.5075539568345324 0.601823708206687 0.5 0.5835866261398176 0.4931654676258993 0.5835866261398176 0.4892086330935252 0.6101823708206687 0.4910071942446043 0.6534954407294833 0.4949640287769784 0.6717325227963525 0.4960431654676259 0.6945288753799392 0.4949640287769784 0.7165653495440729 0.4949640287769784 0.756079027355623 0.49712230215827335 0.7743161094224924
25 0.4852517985611511 0.7621580547112462 0.48812949640287767 0.7104863221884499 0.4920863309352518 0.6679331306990881 0.4910071942446043 0.6329787234042553 0.48741007194244607 0.5957446808510638 0.481294964028777 0.581306990881459 0.47553956834532374 0.5858662613981763 0.47158273381294963 0.6101823708206687 0.47158273381294963 0.6306990881458967 0.47266187050359715 0.6550151975683891 0.47266187050359715 0.6884498480243161 0.4737410071942446 0.7127659574468085 0.4737410071942446 0.7454407294832827 0.4737410071942446 0.7720364741641338
26 0.4611510791366906 0.7659574468085106 0.4629496402877698 0.7378419452887538 0.46402877697841727 0.6861702127659575 0.46510791366906473 0.6428571428571429 0.4658273381294964 0.5919452887537994 0.45611510791366905 0.5835866261398176 0.4503597122302158 0.6124620060790273 0.4485611510791367 0.6344984802431611 0.4485611510791367 0.6656534954407295 0.4474820143884892 0.6922492401215805 0.4474820143884892 0.7393617021276596 0.4464028776978417 0.7720364741641338
27 0.4356115107913669 0.7826747720364742 0.44064748201438847 0.7454407294832827 0.4446043165467626 0.7006079027355623 0.4474820143884892 0.6656534954407295 0.45215827338129494 0.628419452887538 0.45215827338129494 0.6063829787234043 0.44244604316546765 0.5919452887537994 0.429136690647482 0.5896656534954408 0.4201438848920863 0.6101823708206687 0.4201438848920863 0.6618541033434651 0.4201438848920863 0.6861702127659575 0.42122302158273384 0.7127659574468085 0.4223021582733813 0.7310030395136778 0.42122302158273384 0.7583586626139818 0.41906474820143885 0.7887537993920972
28 0.40179856115107915 0.797112462006079 0.40179856115107915 0.7788753799392097 0.40863309352517985 0.7378419452887538 0.4133093525179856 0.7127659574468085 0.41906474820143885 0.6679331306990881 0.42122302158273384 0.6306990881458967 0.42122302158273384 0.60790273556231 0.40467625899280574 0.6041033434650456 0.3960431654676259 0.5980243161094225 0.3899280575539568 0.601823708206687 0.3881294964028777 0.6405775075987842 0.3881294964028777 0.6656534954407295 0.38705035971223023 0.6960486322188449 0.38705035971223023 0.7332826747720365 0.38705035971223023 0.776595744680851
30 0.30071942446043165 0.7515197568389058 0.3298561151079137 0.6884498480243161 0.339568345323741 0.6618541033434651 0.35035971223021584 0.6428571428571429 0.3600719424460432 0.628419452887538 0.36079136690647484 0.6124620060790273 0.34928057553956837 0.6041033434650456 0.3384892086330935 0.5934650455927052 0.3276978417266187 0.5934650455927052 0.31618705035971223 0.6063829787234043 0.3035971223021583 0.6329787234042553 0.29280575539568343 0.6633738601823708 0.2870503597122302 0.6922492401215805 0.2841726618705036 0.729483282674772 0.2841726618705036 0.7416413373860182
31 0.27446043165467626 0.6800911854103343 0.2870503597122302 0.6595744680851063 0.3035971223021583 0.6223404255319149 0.3133093525179856 0.601823708206687 0.31618705035971223 0.5835866261398176 0.3035971223021583 0.5668693009118541 0.29172661870503597 0.5524316109422492 0.28597122302158273 0.5463525835866262 0.2723021582733813 0.5668693009118541 0.26258992805755393 0.5957446808510638 0.252158273381295 0.6268996960486323 0.24136690647482015 0.6633738601823708 0.24424460431654677 0.6838905775075987 0.26366906474820145 0.6884498480243161