0 0.4843324250681199 0.44224924012158057 0.48126702997275206 0.48556231003039513 0.4778610354223433 0.5129179331306991 0.49318801089918257 0.5144376899696048 0.5044277929155313 0.5075987841945289 0.5088555858310627 0.49848024316109424 0.5112397820163488 0.4452887537993921 0.5149863760217984 0.36246200607902734 0.5183923705722071 0.2933130699088146 0.5153269754768393 0.22644376899696048 0.5126021798365122 0.20820668693009117 0.5047683923705722 0.19908814589665655 0.49829700272479566 0.22796352583586627 0.49148501362397823 0.3221884498480243
1 0.46423705722070846 0.425531914893617 0.46151226158038144 0.46200607902735563 0.46185286103542234 0.4886018237082067 0.47036784741144416 0.5030395136778115 0.48603542234332425 0.48936170212765956 0.4891008174386921 0.4133738601823708 0.49591280653950953 0.303951367781155 0.5006811989100818 0.24696048632218845 0.5006811989100818 0.20820668693009117 0.49557220708446864 0.1778115501519757 0.48365122615803813 0.1899696048632219
2 0.44039509536784743 0.41109422492401215 0.4380108991825613 0.4513677811550152 0.44073569482288827 0.48404255319148937 0.4489100817438692 0.49772036474164133 0.46389645776566757 0.47416413373860183 0.47036784741144416 0.4072948328267477 0.4673024523160763 0.32598784194528874 0.46662125340599453 0.2393617021276596 0.46662125340599453 0.2135258358662614 0.4489100817438692 0.21200607902735563 0.4444822888283379 0.2629179331306991
3 0.4162125340599455 0.4270516717325228 0.414850136239782 0.4726443768996961 0.4185967302452316 0.49772036474164133 0.43256130790190733 0.4939209726443769 0.4431198910081744 0.48936170212765956 0.45333787465940056 0.45592705167173253 0.45197547683923706 0.4034954407294833 0.44482288828337874 0.29559270516717323 0.4444822888283379 0.25759878419452886 0.4380108991825613 0.22340425531914893 0.4267711171662125 0.25379939209726443 0.4213215258855586 0.3009118541033435
4 0.3991825613079019 0.4399696048632219 0.3967983651226158 0.47796352583586627 0.40565395095367845 0.49848024316109424 0.420299727520436 0.49772036474164133 0.42915531335149865 0.479483282674772 0.43017711171662126 0.4369300911854103 0.4250681198910082 0.33206686930091184 0.420299727520436 0.26975683890577506 0.4138283378746594 0.24316109422492402 0.40224795640326977 0.24848024316109424 0.3991825613079019 0.29027355623100304
5 0.36682561307901906 0.41641337386018235 0.36614441416893734 0.44756838905775076 0.37091280653950953 0.48936170212765956 0.380449591280654 0.4870820668693009 0.39373297002724794 0.4908814589665654 0.4080381471389646 0.47112462006079026 0.4114441416893733 0.446048632218845 0.4039509536784741 0.36930091185410335 0.40088555858310626 0.303951367781155 0.39850136239782014 0.27203647416413373 0.38930517711171664 0.25379939209726443 0.380449591280654 0.2629179331306991 0.3627384196185286 0.27203647416413373 0.361716621253406 0.2917933130699088
6 0.33276566757493187 0.38069908814589665 0.329700272479564 0.43844984802431614 0.3358310626702997 0.46200607902735563 0.3576294277929155 0.479483282674772 0.3692098092643052 0.4635258358662614 0.3763623978201635 0.42933130699088146 0.3756811989100817 0.3601823708206687 0.375 0.29711246200607905 0.3634196185286104 0.27203647416413373 0.3532016348773842 0.2613981762917933 0.345708446866485 0.2629179331306991 0.3276566757493188 0.2750759878419453 0.3239100817438692 0.31155015197568386
7 0.2946185286103542 0.39361702127659576 0.2970027247956403 0.4316109422492401 0.3133514986376022 0.43844984802431614 0.33344686648501365 0.44756838905775076 0.345708446866485 0.425531914893617 0.34877384196185285 0.3677811550151976 0.34911444141689374 0.2986322188449848 0.34911444141689374 0.2560790273556231 0.3361716621253406 0.21732522796352582 0.31982288828337874 0.23024316109422494 0.305858310626703 0.2796352583586626
8 0.510899182561308 0.4490881458966565 0.5085149863760218 0.49772036474164133 0.5136239782016349 0.5220364741641338 0.532016348773842 0.5273556231003039 0.537125340599455 0.5075987841945289 0.537125340599455 0.42021276595744683 0.5388283378746594 0.3366261398176292 0.5418937329700273 0.2735562310030395 0.5429155313351499 0.20364741641337386 0.5330381471389646 0.18009118541033434 0.5217983651226158 0.20288753799392098 0.5160081743869209 0.26671732522796354
9 0.5354223433242506 0.42021276595744683 0.5323569482288828 0.46580547112462006 0.537125340599455 0.5075987841945289 0.5466621253405994 0.5091185410334347 0.5555177111716622 0.4817629179331307 0.5541553133514986 0.39893617021276595 0.5541553133514986 0.30851063829787234 0.5541553133514986 0.27203647416413373 0.5548365122615804 0.2317629179331307 0.547683923705722 0.20820668693009117 0.5378065395095368 0.23252279635258358
10 0.553133514986376 0.43617021276595747 0.553133514986376 0.48404255319148937 0.5572207084468664 0.5144376899696048 0.5660762942779292 0.5197568389057751 0.5800408719346049 0.48556231003039513 0.5800408719346049 0.4133738601823708 0.5800408719346049 0.3373860182370821 0.5800408719346049 0.29407294832826747 0.5793596730245232 0.23708206686930092 0.5745912806539509 0.18541033434650456 0.5619891008174387 0.18541033434650456 0.5575613079019074 0.23252279635258358
11 0.5681198910081744 0.4308510638297872 0.5660762942779292 0.46200607902735563 0.5681198910081744 0.5015197568389058 0.5807220708446866 0.5106382978723404 0.5899182561307902 0.506838905775076 0.5994550408719346 0.48024316109422494 0.5970708446866485 0.40577507598784196 0.5994550408719346 0.31155015197568386 0.6004768392370572 0.26671732522796354 0.5963896457765667 0.20820668693009117 0.5875340599455041 0.19908814589665655 0.5793596730245232 0.22112462006079028 0.5766348773841962 0.303951367781155
12 0.5888964577656676 0.4506079027355623 0.5834468664850136 0.479483282674772 0.5851498637602179 0.5159574468085106 0.6052452316076294 0.5212765957446809 0.6147820163487738 0.49620060790273557 0.6158038147138964 0.42933130699088146 0.6192098092643051 0.3427051671732523 0.6198910081743869 0.28799392097264437 0.6188692098092643 0.24620060790273557 0.6158038147138964 0.2066869300911854 0.5960490463215259 0.19756838905775076
13 0.6100136239782016 0.42933130699088146 0.6028610354223434 0.46504559270516715 0.6052452316076294 0.5075987841945289 0.6205722070844687 0.5144376899696048 0.6427111716621253 0.5182370820668692 0.648841961852861 0.48936170212765956 0.6450953678474114 0.4270516717325228 0.6416893732970027 0.35106382978723405 0.6406675749318801 0.30243161094224924 0.6399863760217984 0.25759878419452886 0.6362397820163488 0.23404255319148937 0.6287465940054496 0.23708206686930092 0.6198910081743869 0.26975683890577506
14 0.6376021798365122 0.4399696048632219 0.6399863760217984 0.47796352583586627 0.6522479564032697 0.506838905775076 0.672683923705722 0.49620060790273557 0.6829019073569482 0.48404255319148937 0.678133514986376 0.4095744680851064 0.6709809264305178 0.30623100303951367 0.6685967302452316 0.2826747720364742 0.6658719346049047 0.2682370820668693 0.6611035422343324 0.2613981762917933 0.6416893732970027 0.28495440729483285
15 0.6662125340599455 0.4072948328267477 0.6662125340599455 0.446048632218845 0.6893732970027248 0.4726443768996961 0.7098092643051771 0.45972644376899696 0.7196866485013624 0.446048632218845 0.7115122615803815 0.3799392097264438 0.7064032697547684 0.30775075987841943 0.7040190735694822 0.26595744680851063 0.6927792915531336 0.24316109422492402 0.6764305177111717 0.2378419452887538 0.6658719346049047 0.2735562310030395 0.6587193460490464 0.3373860182370821
31 0.29768392370572205 0.4369300911854103 0.28746594005449594 0.45592705167173253 0.28099455040871935 0.4908814589665654 0.2612397820163488 0.5509118541033434 0.2547683923705722 0.5828267477203647 0.2595367847411444 0.6139817629179332 0.2786103542234332 0.6101823708206687 0.3065395095367847 0.5721884498480243 0.3252724795640327 0.5395136778115501 0.3358310626702997 0.5129179331306991 0.34162125340599453 0.49240121580547114 0.34162125340599453 0.4688449848024316 0.32629427792915533 0.4490881458966565 0.3106267029972752 0.4316109422492401
30 0.3341280653950954 0.4726443768996961 0.32050408719346046 0.5288753799392097 0.3109673024523161 0.6124620060790273 0.30279291553133514 0.6717325227963525 0.30926430517711173 0.7218844984802432 0.32697547683923706 0.7120060790273556 0.3474114441416894 0.6496960486322189 0.3675068119891008 0.5835866261398176 0.380449591280654 0.5220364741641338 0.3773841961852861 0.5053191489361702 0.3579700272479564 0.4817629179331307
29 0.37908719346049047 0.49848024316109424 0.36682561307901906 0.5106382978723404 0.35967302452316074 0.5889057750759878 0.3528610354223433 0.628419452887538 0.3463896457765668 0.6664133738601824 0.3446866485013624 0.7059270516717325 0.35456403269754766 0.7317629179331308 0.3675068119891008 0.7454407294832827 0.38930517711171664 0.7173252279635258 0.4097411444141689 0.5775075987841946 0.41723433242506813 0.526595744680851 0.41553133514986373 0.5121580547112462 0.4097411444141689 0.5030395136778115
28 0.41927792915531337 0.506838905775076 0.40565395095367845 0.5174772036474165 0.4032697547683924 0.547112462006079 0.39986376021798364 0.6246200607902735 0.39850136239782014 0.6899696048632219 0.3974795640326976 0.7332826747720365 0.401566757493188 0.7545592705167173 0.4128065395095368 0.7553191489361702 0.42438692098092645 0.7082066869300911 0.42915531335149865 0.621580547112462 0.43494550408719346 0.5721884498480243 0.4390326975476839 0.5448328267477204 0.44073569482288827 0.5197568389057751 0.42779291553133514 0.506838905775076
27 0.4356267029972752 0.5144376899696048 0.42915531335149865 0.5212765957446809 0.42268392370572205 0.5577507598784195 0.42336512261580383 0.6170212765957447 0.42268392370572205 0.7226443768996961 0.4267711171662125 0.743920972644377 0.4390326975476839 0.7317629179331308 0.4502724795640327 0.682370820668693 0.4550408719346049 0.6048632218844985 0.45776566757493187 0.5433130699088146 0.4485694822888283 0.5235562310030395 0.44141689373297005 0.5182370820668692
26 0.4553814713896458 0.5159574468085106 0.4489100817438692 0.5273556231003039 0.4478882833787466 0.6261398176291794 0.4489100817438692 0.7112462006079028 0.45197547683923706 0.7530395136778115 0.46151226158038144 0.7697568389057751 0.47036784741144416 0.7477203647416414 0.47445504087193463 0.6679331306990881 0.47547683923705725 0.5645896656534954 0.476158038147139 0.5182370820668692 0.46798365122615804 0.5121580547112462
25 0.48092643051771117 0.5212765957446809 0.4713896457765668 0.5303951367781155 0.4724114441416894 0.6033434650455927 0.4713896457765668 0.7424012158054711 0.48024523160762944 0.7819148936170213 0.48739782016348776 0.7735562310030395 0.49182561307901906 0.6193009118541033 0.4925068119891008 0.5417933130699089 0.49182561307901906 0.526595744680851
24 0.5037465940054496 0.5303951367781155 0.4942098092643052 0.5273556231003039 0.49080381471389645 0.5364741641337386 0.49148501362397823 0.6443768996960486 0.4884196185286104 0.7408814589665653 0.4938692098092643 0.7727963525835866 0.5037465940054496 0.7621580547112462 0.5095367847411444 0.6679331306990881 0.5119209809264306 0.5417933130699089
16 0.510899182561308 0.5364741641337386 0.5085149863760218 0.5737082066869301 0.5088555858310627 0.6641337386018237 0.5064713896457765 0.7317629179331308 0.5078337874659401 0.7819148936170213 0.5177111716621253 0.78419452887538 0.5272479564032697 0.7173252279635258 0.5255449591280654 0.621580547112462 0.5282697547683923 0.5501519756838906 0.5279291553133515 0.5326747720364742
17 0.5296321525885559 0.5288753799392097 0.5258855585831063 0.5303951367781155 0.5258855585831063 0.5630699088145896 0.5241825613079019 0.6679331306990881 0.5241825613079019 0.7310030395136778 0.5296321525885559 0.7781155015197568 0.5401907356948229 0.7727963525835866 0.5435967302452316 0.709726443768997 0.542574931880109 0.6086626139817629 0.5466621253405994 0.541033434650456 0.5401907356948229 0.5273556231003039
18 0.553133514986376 0.5235562310030395 0.545299727520436 0.5319148936170213 0.5429155313351499 0.5699088145896657 0.542574931880109 0.6261398176291794 0.5418937329700273 0.7241641337386018 0.5493869209809265 0.7727963525835866 0.5548365122615804 0.8016717325227963 0.5677792915531336 0.7857142857142857 0.5647138964577657 0.6519756838905775 0.5711852861035422 0.5737082066869301 0.5688010899182562 0.5364741641337386
19 0.5769754768392371 0.5250759878419453 0.5636920980926431 0.53419452887538 0.5623297002724795 0.5683890577507599 0.5701634877384196 0.6390577507598785 0.5681198910081744 0.7074468085106383 0.5800408719346049 0.7750759878419453 0.5882152588555858 0.7735562310030395 0.592983651226158 0.7454407294832827 0.5875340599455041 0.6170212765957447 0.5888964577656676 0.5509118541033434 0.5841280653950953 0.5197568389057751
20 0.5871934604904632 0.5288753799392097 0.5783378746594006 0.5364741641337386 0.5800408719346049 0.5775075987841946 0.5916212534059946 0.6694528875379939 0.601158038147139 0.7515197568389058 0.6083106267029973 0.7803951367781155 0.622275204359673 0.7819148936170213 0.6212534059945504 0.7477203647416414 0.6086512261580381 0.6246200607902735 0.6086512261580381 0.5554711246200608 0.6052452316076294 0.5303951367781155 0.5923024523160763 0.5212765957446809
21 0.6151226158038147 0.5303951367781155 0.6018392370572208 0.5273556231003039 0.5977520435967303 0.5326747720364742 0.5977520435967303 0.5592705167173252 0.6069482288828338 0.6261398176291794 0.6188692098092643 0.7241641337386018 0.6287465940054496 0.7530395136778115 0.6433923705722071 0.7712765957446809 0.659400544959128 0.7621580547112462 0.6641689373297003 0.7386018237082067 0.659400544959128 0.6975683890577508 0.6474795640326976 0.6170212765957447 0.6457765667574932 0.5797872340425532 0.646457765667575 0.5364741641337386 0.6406675749318801 0.5235562310030395 0.6229564032697548 0.5212765957446809
22 0.6505449591280654 0.5159574468085106 0.635899182561308 0.5273556231003039 0.6345367847411444 0.5615501519756839 0.6580381471389646 0.662613981762918 0.6723433242506812 0.7226443768996961 0.6798365122615804 0.7424012158054711 0.6927792915531336 0.7530395136778115 0.7067438692098093 0.7317629179331308 0.7081062670299727 0.6861702127659575 0.6985694822888283 0.6101823708206687 0.6873297002724795 0.5577507598784195 0.6832425068119891 0.5106382978723404 0.6750681198910081 0.5053191489361702
23 0.6747275204359673 0.49772036474164133 0.6764305177111717 0.5379939209726444 0.7343324250681199 0.6808510638297872 0.7544277929155313 0.675531914893617 0.7615803814713896 0.6390577507598785 0.7520435967302452 0.5645896656534954 0.7339918256130791 0.5037993920972644 0.7220708446866485 0.4635258358662614 0.7057220708446866 0.45972644376899696 0.6975476839237057 0.4726443768996961