0 0.4602157788267026 0.5531914893617021 0.49291975724882 0.547112462006079 0.48213081591368845 0.32142857142857145 0.46830748482805123 0.324468085106383 0.4588671611598112 0.479483282674772 0.4588671611598112 0.5319148936170213 0.4588671611598112 0.5455927051671733
1 0.4413351314902225 0.5486322188449848 0.46358732299393124 0.5547112462006079 0.4622387053270398 0.4810030395136778 0.45684423465947405 0.3427051671732523 0.4447066756574511 0.3427051671732523 0.44268374915711395 0.4810030395136778 0.43627781523937964 0.5113981762917933
2 0.41469993256911664 0.5349544072948328 0.4268374915711396 0.5547112462006079 0.44335805799055966 0.5364741641337386 0.4467296021577883 0.4764437689969605 0.44268374915711395 0.33358662613981765 0.42548887390424817 0.3366261398176292 0.4140256237356709 0.5007598784194529
3 0.40357383681726233 0.5379939209726444 0.42481456507080245 0.5395136778115501 0.4322319622387053 0.5098784194528876 0.428186109238031 0.46580547112462006 0.4140256237356709 0.2978723404255319 0.39817936614969657 0.3009118541033435 0.40155091031692514 0.43617021276595747 0.399527983816588 0.4886018237082067 0.399527983816588 0.520516717325228
4 0.35670937289278487 0.5129179331306991 0.36345246122724206 0.526595744680851 0.40222521915037085 0.5296352583586627 0.4008766014834794 0.4673252279635258 0.3934592043155765 0.31990881458966564 0.3648010788941335 0.324468085106383 0.36345246122724206 0.38753799392097266 0.3641267700606878 0.4376899696048632 0.3533378287255563 0.4886018237082067 0.354012137559002 0.506838905775076
5 0.320633850303439 0.4810030395136778 0.33074848280512475 0.48404255319148937 0.3465947403910991 0.5022796352583586 0.36345246122724206 0.48556231003039513 0.3641267700606878 0.43465045592705165 0.35603506405933916 0.3290273556231003 0.3385030343897505 0.32750759878419455 0.3293998651382333 0.41641337386018235 0.3192852326365475 0.4452887537993921 0.3192852326365475 0.4688449848024316
8 0.4949426837491571 0.5455927051671733 0.521577882670263 0.5364741641337386 0.5161834120026972 0.4673252279635258 0.4996628455832771 0.32598784194528874 0.4868509777478085 0.33358662613981765 0.4868509777478085 0.48404255319148937 0.48954821308159135 0.526595744680851
9 0.5202292650033715 0.5349544072948328 0.5394470667565745 0.5364741641337386 0.5401213755900203 0.48556231003039513 0.5107889413351315 0.3229483282674772 0.50236008091706 0.32750759878419455 0.5134861766689144 0.4825227963525836 0.5128118678354686 0.5022796352583586
10 0.5343897505057317 0.5053191489361702 0.5616992582602832 0.5486322188449848 0.5664194200944033 0.5129179331306991 0.5610249494268374 0.44376899696048633 0.5401213755900203 0.3168693009118541 0.5242751180040458 0.31382978723404253 0.5296695886716116 0.42857142857142855 0.5283209710047202 0.4734042553191489
11 0.5610249494268374 0.5189969604863222 0.5782198246797033 0.5455927051671733 0.5950775455158462 0.5144376899696048 0.5930546190155092 0.4810030395136778 0.5890087660148348 0.4612462006079027 0.5697909642616318 0.31534954407294835 0.5576534052596089 0.324468085106383 0.5616992582602832 0.4270516717325228 0.5630478759271746 0.4764437689969605 0.5583277140930546 0.4870820668693009
12 0.5876601483479433 0.45440729483282677 0.624409979770735 0.3168693009118541 0.6358732299393122 0.3427051671732523 0.6277815239379636 0.41033434650455924 0.6304787592717465 0.47188449848024316 0.6338503034389751 0.49164133738601823 0.6284558327714093 0.520516717325228 0.6156439649359406 0.5334346504559271 0.5977747808496291 0.5334346504559271 0.5869858395144977 0.5053191489361702
13 0.6365475387727579 0.5220364741641338 0.6517194875252866 0.5220364741641338 0.6665542818610923 0.4992401215805471 0.6712744436952124 0.4946808510638298 0.6732973701955496 0.4688449848024316 0.662508428860418 0.4316109422492401 0.6544167228590695 0.3981762917933131 0.6584625758597438 0.34422492401215804 0.6416048550236008 0.33814589665653494 0.629130141604855 0.3905775075987842 0.6264329062710722 0.44680851063829785 0.6271072151045178 0.48556231003039513 0.6318273769386379 0.5174772036474165
16 0.49224544841537426 0.5835866261398176 0.5155091031692515 0.5790273556231003 0.5202292650033715 0.7834346504559271 0.5080917060013486 0.7895136778115501
17 0.512137559002023 0.5775075987841946 0.5229265003371544 0.5683890577507599 0.5377612946729602 0.5835866261398176 0.5394470667565745 0.791033434650456 0.5249494268374916 0.7940729483282675
18 0.5357383681726231 0.5820668693009119 0.550236008091706 0.5683890577507599 0.5616992582602832 0.5881458966565349 0.5630478759271746 0.6253799392097265 0.5583277140930546 0.6466565349544073 0.5616992582602832 0.7986322188449848 0.5495616992582603 0.7955927051671733 0.5370869858395145 0.6709726443768997
19 0.5522589345920431 0.5820668693009119 0.5583277140930546 0.5790273556231003 0.5630478759271746 0.5562310030395137 0.578894133513149 0.5638297872340425 0.5856372218476062 0.6238601823708206 0.5950775455158462 0.7803951367781155 0.5782198246797033 0.7864741641337386 0.5623735670937289 0.6436170212765957 0.5529332434254889 0.6086626139817629
20 0.5704652730950776 0.5653495440729484 0.5809170600134862 0.5638297872340425 0.5876601483479433 0.541033434650456 0.5991233985165205 0.5425531914893617 0.6095751854349292 0.5851063829787234 0.6115981119352664 0.6238601823708206 0.6176668914362778 0.7667173252279635 0.6045178691840863 0.7682370820668692 0.5883344571813891 0.6648936170212766 0.5829399865138233 0.6193009118541033 0.574173971679029 0.5972644376899696
21 0.5937289278489548 0.547112462006079 0.600472016183412 0.541033434650456 0.6089008766014835 0.5281155015197568 0.6311530681051922 0.5235562310030395 0.648347943358058 0.5425531914893617 0.643627781523938 0.6117021276595744 0.6685772083614295 0.723404255319149 0.6399190829399866 0.7446808510638298 0.6163182737693864 0.6785714285714286 0.605192178017532 0.6101823708206687 0.5917060013486176 0.5653495440729484
22 0.6429534726904923 0.5683890577507599 0.6449763991908294 0.5281155015197568 0.6763317599460553 0.49620060790273557 0.6918408631153068 0.5189969604863222 0.7006068779501011 0.560790273556231 0.7373567093728928 0.6344984802431611 0.7252191503708698 0.6664133738601824 0.6652056641942009 0.6063829787234043 0.6523937963587323 0.6003039513677811 0.6429534726904923 0.5790273556231003
24 0.46898179366149695 0.5820668693009119 0.49291975724882 0.5835866261398176 0.5101146325016858 0.797112462006079 0.5003371544167229 0.8031914893617021
25 0.4480782198246797 0.5972644376899696 0.46830748482805123 0.5729483282674772 0.49629130141604855 0.7727963525835866 0.48415374241402565 0.7864741641337386
26 0.4349291975724882 0.5881458966565349 0.44268374915711395 0.5653495440729484 0.4554956169925826 0.5881458966565349 0.46089008766014833 0.6557750759878419 0.4602157788267026 0.8168693009118541 0.447403910991234 0.8214285714285714 0.4322319622387053 0.6542553191489362
27 0.4079568442346595 0.5866261398176292 0.41807147673634526 0.5592705167173252 0.42953472690492245 0.5562310030395137 0.4356035064059339 0.5790273556231003 0.4440323668240054 0.5790273556231003 0.4261631827376939 0.7142857142857143 0.4241402562373567 0.8092705167173252 0.40728253540121373 0.8031914893617021
28 0.3853674983142279 0.5683890577507599 0.4002022926500337 0.5455927051671733 0.40997977073499664 0.547112462006079 0.4126770060687795 0.5653495440729484 0.42481456507080245 0.5547112462006079 0.42953472690492245 0.5927051671732523 0.41132838840188807 0.6344984802431611 0.3954821308159137 0.6884498480243161 0.3792987188132165 0.7895136778115501 0.3648010788941335 0.7819148936170213 0.37019554956169926 0.6914893617021277 0.38199595414699933 0.5927051671732523
29 0.354012137559002 0.5250759878419453 0.3846931894807822 0.547112462006079 0.39817936614969657 0.5562310030395137 0.39750505731625085 0.5835866261398176 0.3813216453135536 0.6208206686930091 0.37019554956169926 0.628419452887538 0.354012137559002 0.6724924012158054 0.32333108563722185 0.7264437689969605 0.3057990559676332 0.7021276595744681 0.32400539447066756 0.6147416413373861 0.3385030343897505 0.5851063829787234 0.34389750505731626 0.547112462006079
30 0.31726230613621037 0.47188449848024316 0.3334457181389076 0.493161094224924 0.3405259608900877 0.49772036474164133 0.3465947403910991 0.5083586626139818 0.35603506405933916 0.5098784194528876 0.35738368172623064 0.5281155015197568 0.35131490222521916 0.5562310030395137 0.3361429534726905 0.5729483282674772 0.31591368846931894 0.6003039513677811 0.2818610923803102 0.6512158054711246 0.26466621712744437 0.6117021276595744 0.3007417397167903 0.5281155015197568 0.30377612946729604 0.5007598784194529