0 0.5017217630853994 0.29027355623100304 0.5055096418732782 0.5235562310030395 0.47073002754820936 0.5243161094224924 0.4693526170798898 0.4513677811550152 0.4693526170798898 0.2826747720364742 0.5013774104683195 0.2796352583586626
1 0.4703856749311295 0.2765957446808511 0.46866391184573003 0.4673252279635258 0.46866391184573003 0.5288753799392097 0.4459366391184573 0.5296352583586627 0.44352617079889806 0.48328267477203646 0.44421487603305787 0.2826747720364742
2 0.44387052341597794 0.256838905775076 0.44352617079889806 0.4088145896656535 0.44490358126721763 0.5030395136778115 0.43078512396694213 0.5296352583586627 0.41391184573002754 0.513677811550152 0.41391184573002754 0.4764437689969605 0.4194214876033058 0.3822188449848024 0.4194214876033058 0.2591185410334346
3 0.39669421487603307 0.25227963525835867 0.3894628099173554 0.4825227963525836 0.40082644628099173 0.5091185410334347 0.42114325068870523 0.4810030395136778 0.4252754820936639 0.44680851063829785 0.4194214876033058 0.24848024316109424
5 0.32541322314049587 0.24468085106382978 0.31887052341597794 0.4764437689969605 0.3546831955922865 0.49012158054711247 0.3753443526170799 0.4787234042553192 0.375 0.24848024316109424
8 0.5127410468319559 0.28419452887537994 0.5048209366391184 0.5243161094224924 0.5368457300275482 0.5281155015197568 0.5433884297520661 0.506838905775076 0.5423553719008265 0.44148936170212766 0.5413223140495868 0.2689969604863222 0.5120523415977961 0.2674772036474164
9 0.5454545454545454 0.26595744680851063 0.5413223140495868 0.45288753799392095 0.5430440771349863 0.506079027355623 0.5681818181818182 0.506838905775076 0.571969696969697 0.48024316109422494 0.5619834710743802 0.26671732522796354
10 0.5705922865013774 0.22948328267477203 0.5664600550964187 0.3487841945288754 0.5709366391184573 0.49544072948328266 0.5909090909090909 0.526595744680851 0.6022727272727273 0.5121580547112462 0.6101928374655647 0.47188449848024316 0.5964187327823691 0.21808510638297873 0.571969696969697 0.21580547112462006
12 0.6170798898071626 0.25759878419452886 0.6198347107438017 0.4848024316109423 0.6391184573002755 0.5022796352583586 0.6518595041322314 0.4870820668693009 0.6542699724517906 0.4574468085106383 0.6511707988980716 0.41641337386018235 0.6480716253443526 0.24316109422492402 0.6181129476584022 0.24468085106382978
13 0.6553030303030303 0.23404255319148937 0.653236914600551 0.4331306990881459 0.650137741046832 0.4612462006079027 0.6535812672176309 0.4764437689969605 0.6618457300275482 0.4886018237082067 0.6759641873278237 0.49012158054711247 0.6890495867768595 0.4878419452887538 0.696625344352617 0.4787234042553192 0.6942148760330579 0.4521276595744681 0.6890495867768595 0.4034954407294833 0.6849173553719008 0.2393617021276596
14 0.6904269972451791 0.22796352583586627 0.6866391184573003 0.3404255319148936 0.6924931129476584 0.4430091185410334 0.7017906336088154 0.4810030395136778 0.7382920110192838 0.45440729483282677 0.7286501377410468 0.385258358662614 0.7269283746556474 0.24164133738601823
16 0.49931129476584024 0.541033434650456 0.5013774104683195 0.7378419452887538 0.5210055096418733 0.7355623100303952 0.5206611570247934 0.5828267477203647 0.5206611570247934 0.5372340425531915
17 0.5289256198347108 0.5349544072948328 0.5203168044077136 0.5448328267477204 0.5230716253443526 0.7598784194528876 0.5385674931129476 0.7598784194528876 0.5426997245179064 0.6101823708206687 0.5447658402203857 0.5372340425531915
18 0.5492424242424242 0.526595744680851 0.543732782369146 0.5539513677811551 0.5464876033057852 0.6907294832826748 0.5626721763085399 0.8024316109422492 0.5850550964187328 0.7879939209726444 0.5743801652892562 0.6041033434650456 0.5712809917355371 0.5357142857142857 0.5602617079889807 0.5189969604863222
19 0.5785123966942148 0.5303951367781155 0.5730027548209367 0.5577507598784195 0.5829889807162535 0.7803951367781155 0.6091597796143251 0.7689969604863222 0.6022727272727273 0.6025835866261399 0.6084710743801653 0.5433130699088146 0.5933195592286501 0.526595744680851 0.5809228650137741 0.5243161094224924
21 0.6294765840220385 0.5129179331306991 0.6198347107438017 0.5174772036474165 0.6191460055096418 0.5425531914893617 0.6239669421487604 0.5721884498480243 0.6594352617079889 0.763677811550152 0.7100550964187328 0.7310030395136778 0.6728650137741047 0.5623100303951368 0.6725206611570248 0.540273556231003 0.6711432506887053 0.5288753799392097 0.6608126721763086 0.5159574468085106 0.6525482093663911 0.5075987841945289 0.6391184573002755 0.5075987841945289
22 0.681129476584022 0.5030395136778115 0.6694214876033058 0.5121580547112462 0.6676997245179064 0.5250759878419453 0.6704545454545454 0.5448328267477204 0.6773415977961432 0.5835866261398176 0.7121212121212122 0.7401215805471124 0.7537878787878788 0.6724924012158054 0.7372589531680441 0.6124620060790273 0.7310606060606061 0.5965045592705167 0.7293388429752066 0.574468085106383 0.7283057851239669 0.5387537993920972 0.7227961432506887 0.5075987841945289 0.71900826446281 0.49012158054711247 0.7090220385674931 0.48556231003039513 0.6993801652892562 0.48632218844984804 0.6856060606060606 0.5007598784194529
23 0.7448347107438017 0.5113981762917933 0.727961432506887 0.5782674772036475 0.7320936639118457 0.6056231003039514 0.7444903581267218 0.6276595744680851 0.7896005509641874 0.6945288753799392 0.8126721763085399 0.6048632218844985 0.7830578512396694 0.5524316109422492 0.7692837465564738 0.5098784194528876 0.7537878787878788 0.49544072948328266
24 0.49931129476584024 0.541033434650456 0.5013774104683195 0.7575987841945289 0.48278236914600553 0.756079027355623 0.48037190082644626 0.5949848024316109 0.4793388429752066 0.541033434650456
25 0.4793388429752066 0.541033434650456 0.45798898071625344 0.5395136778115501 0.4597107438016529 0.587386018237082 0.4641873278236915 0.770516717325228 0.4834710743801653 0.7629179331306991 0.4800275482093664 0.5904255319148937
26 0.44455922865013775 0.5364741641337386 0.4366391184573003 0.5569908814589666 0.43973829201101927 0.5683890577507599 0.4356060606060606 0.5889057750759878 0.4290633608815427 0.7735562310030395 0.45798898071625344 0.776595744680851 0.46039944903581265 0.5858662613981763 0.4583333333333333 0.5417933130699089
27 0.4335399449035813 0.5417933130699089 0.424931129476584 0.5303951367781155 0.415633608815427 0.540273556231003 0.4121900826446281 0.5440729483282675 0.41046831955922863 0.5554711246200608 0.4118457300275482 0.5699088145896657 0.400137741046832 0.7689969604863222 0.4238980716253444 0.7819148936170213 0.43422865013774103 0.601823708206687 0.4404269972451791 0.5759878419452887 0.43973829201101927 0.5600303951367781
28 0.4090909090909091 0.5296352583586627 0.39944903581267216 0.5182370820668692 0.39462809917355374 0.5189969604863222 0.3894628099173554 0.5281155015197568 0.38292011019283745 0.5357142857142857 0.3818870523415978 0.5478723404255319 0.38326446280991733 0.567629179331307 0.3691460055096419 0.7644376899696048 0.39084022038567495 0.7743161094224924 0.409435261707989 0.5911854103343465 0.4152892561983471 0.5668693009118541 0.4176997245179063 0.5501519756838906 0.41597796143250687 0.5288753799392097
29 0.3739669421487603 0.5113981762917933 0.35984848484848486 0.5106382978723404 0.3560606060606061 0.5121580547112462 0.3474517906336088 0.5174772036474165 0.34297520661157027 0.5197568389057751 0.3415977961432507 0.5425531914893617 0.31026170798898073 0.7598784194528876 0.36019283746556474 0.7864741641337386 0.38292011019283745 0.587386018237082 0.390495867768595 0.5493920972644377 0.3918732782369146 0.5174772036474165 0.3849862258953168 0.506079027355623
30 0.33264462809917356 0.49620060790273557 0.2988980716253444 0.48632218844984804 0.290633608815427 0.5417933130699089 0.2916666666666667 0.5972644376899696 0.2703168044077135 0.6899696048632219 0.3119834710743802 0.7241641337386018 0.3367768595041322 0.5934650455927052 0.3464187327823691 0.5539513677811551 0.35296143250688705 0.5113981762917933 0.3474517906336088 0.49848024316109424
31 0.2723829201101928 0.49620060790273557 0.19490358126721763 0.5615501519756839 0.2131542699724518 0.682370820668693 0.2737603305785124 0.6512158054711246 0.29097796143250687 0.6132218844984803 0.29235537190082644 0.5927051671732523 0.2871900826446281 0.5273556231003039 0.2772038567493113 0.49772036474164133