0 0.47039143526262966 0.3913373860182371 0.47039143526262966 0.4133738601823708 0.468384074941452 0.4452887537993921 0.4643693542990967 0.4582066869300912 0.4596855135496822 0.49164133738601823 0.45868183338909335 0.5273556231003039 0.4576781532285045 0.5569908814589666 0.4603546336567414 0.581306990881459 0.4821010371361659 0.5904255319148937 0.48711943793911006 0.5638297872340425 0.48611575777852123 0.5167173252279635 0.4841083974573436 0.46504559270516715 0.48310471729675475 0.41109422492401215 0.4851120776179324 0.3799392097264438
1 0.44764135162261626 0.3844984802431611 0.4446303111408498 0.42249240121580545 0.44362663098026095 0.46504559270516715 0.43994647039143525 0.49620060790273557 0.4379391100702576 0.541033434650456 0.4409501505520241 0.5858662613981763 0.45466711274673804 0.5972644376899696 0.4643693542990967 0.567629179331307 0.4643693542990967 0.5250759878419453 0.4643693542990967 0.47416413373860183 0.4633656741385079 0.4247720364741641 0.4633656741385079 0.4004559270516717
2 0.42221478755436603 0.37537993920972645 0.4182000669120107 0.4316109422492401 0.4202074272331884 0.4696048632218845 0.4212111073937772 0.5030395136778115 0.4212111073937772 0.5478723404255319 0.4242221478755437 0.5858662613981763 0.4419538307126129 0.5835866261398176 0.4456339913014386 0.5319148936170213 0.4446303111408498 0.4787234042553192 0.4419538307126129 0.4338905775075988 0.4419538307126129 0.39361702127659576 0.43693542990966877 0.3731003039513678
3 0.40347942455670793 0.3799392097264438 0.40347942455670793 0.4270516717325228 0.4014720642355303 0.4582066869300912 0.40046838407494145 0.5121580547112462 0.4024757443961191 0.567629179331307 0.4262295081967213 0.5767477203647416 0.42790230846436933 0.5501519756838906 0.42790230846436933 0.5007598784194529 0.4212111073937772 0.45364741641337386 0.42221478755436603 0.3958966565349544
4 0.38474406155904983 0.3844984802431611 0.38474406155904983 0.40501519756838905 0.38474406155904983 0.44072948328267475 0.383740381398461 0.47416413373860183 0.383740381398461 0.5075987841945289 0.383740381398461 0.5433130699088146 0.3867514218802275 0.5721884498480243 0.39745734359317497 0.581306990881459 0.4101706256273001 0.574468085106383 0.41117430578788894 0.5592705167173252 0.4101706256273001 0.5121580547112462 0.40749414519906324 0.47416413373860183 0.40448310471729676 0.42933130699088146 0.40046838407494145 0.37537993920972645
5 0.36500501840080296 0.371580547112462 0.36400133824021413 0.42249240121580545 0.36400133824021413 0.45592705167173253 0.36400133824021413 0.4787234042553192 0.3619939779190365 0.49164133738601823 0.35630645700903313 0.5167173252279635 0.35329541652726665 0.5569908814589666 0.3593174974907996 0.5790273556231003 0.3700234192037471 0.581306990881459 0.38173302107728335 0.581306990881459 0.3907661425225828 0.567629179331307 0.38875878220140514 0.5235562310030395 0.38474406155904983 0.4787234042553192 0.38574774171963866 0.42933130699088146 0.3867514218802275 0.3799392097264438
6 0.351288056206089 0.364741641337386 0.3442622950819672 0.4027355623100304 0.33857477417196385 0.42249240121580545 0.3355637336901974 0.44756838905775076 0.3255269320843091 0.47188449848024316 0.32084309133489464 0.48936170212765956 0.31682837069253933 0.5121580547112462 0.31381733021077285 0.5364741641337386 0.3198394111743058 0.5433130699088146 0.3335563733690197 0.5547112462006079 0.34158581465373034 0.5615501519756839 0.3619939779190365 0.5569908814589666 0.3619939779190365 0.5053191489361702 0.3619939779190365 0.47188449848024316 0.3660086985613918 0.4316109422492401 0.3710270993643359 0.3731003039513678
7 0.3405821344931415 0.34422492401215804 0.3295416527266644 0.3670212765957447 0.32184677149548346 0.3913373860182371 0.3118099698895952 0.41109422492401215 0.30311140849782536 0.42933130699088146 0.2960856473737036 0.45364741641337386 0.30311140849782536 0.4787234042553192 0.318835731013717 0.5030395136778115 0.33054533288725324 0.48936170212765956 0.3365674138507862 0.46048632218844987 0.33857477417196385 0.4270516717325228 0.34158581465373034 0.3981762917933131 0.34928069588491134 0.364741641337386
8 0.4968216794914687 0.3844984802431611 0.49013047842087654 0.42021276595744683 0.4891267982602877 0.4513677811550152 0.4881231180996989 0.5007598784194529 0.4881231180996989 0.5455927051671733 0.4881231180996989 0.5767477203647416 0.4968216794914687 0.5949848024316109 0.506858481097357 0.5949848024316109 0.5115423218467715 0.574468085106383 0.5125460020073603 0.541033434650456 0.5105386416861827 0.49620060790273557 0.5088658414185346 0.4513677811550152 0.5088658414185346 0.4156534954407295 0.5088658414185346 0.3958966565349544
9 0.5125460020073603 0.37537993920972645 0.5078621612579458 0.42021276595744683 0.5058548009367682 0.46504559270516715 0.5058548009367682 0.5250759878419453 0.5078621612579458 0.5699088145896657 0.5245901639344263 0.5927051671732523 0.5312813650050184 0.5699088145896657 0.5312813650050184 0.5387537993920972 0.5312813650050184 0.5007598784194529 0.5312813650050184 0.4513677811550152 0.528270324523252 0.4133738601823708 0.528270324523252 0.3799392097264438
10 0.5312813650050184 0.3799392097264438 0.5302776848444296 0.44756838905775076 0.5302776848444296 0.48936170212765956 0.5302776848444296 0.5212765957446809 0.5302776848444296 0.541033434650456 0.5383071261291402 0.5858662613981763 0.5520240883238541 0.5858662613981763 0.5597189695550351 0.5615501519756839 0.5540314486450317 0.5098784194528876 0.5490130478420877 0.4490881458966565 0.5480093676814989 0.4072948328267477 0.5480093676814989 0.3890577507598784
11 0.5590498494479759 0.4027355623100304 0.5570424891267982 0.4338905775075988 0.5550351288056206 0.4582066869300912 0.5490130478420877 0.4870820668693009 0.5490130478420877 0.5235562310030395 0.5490130478420877 0.5501519756838906 0.5607226497156239 0.5699088145896657 0.5737704918032787 0.567629179331307 0.5804616928738708 0.5387537993920972 0.5774506523921044 0.4870820668693009 0.5757778521244563 0.4490881458966565 0.5757778521244563 0.4095744680851064 0.5757778521244563 0.3822188449848024 0.5727668116426898 0.364741641337386 0.558046169287387 0.36930091185410335
12 0.5764469722315155 0.38677811550151975 0.5727668116426898 0.4490881458966565 0.5687520910003345 0.4696048632218845 0.565741050518568 0.5007598784194529 0.565741050518568 0.53419452887538 0.5707594513215122 0.5790273556231003 0.5844764135162261 0.5790273556231003 0.5925058548009368 0.5790273556231003 0.5981933757109401 0.5501519756838906 0.5961860153897625 0.49848024316109424 0.5951823352291736 0.46504559270516715 0.5981933757109401 0.4133738601823708 0.5991970558715289 0.3844984802431611 0.5884911341585815 0.37537993920972645
13 0.5981933757109401 0.3776595744680851 0.5951823352291736 0.4027355623100304 0.5915021746403479 0.44756838905775076 0.5894948143191703 0.48328267477203646 0.5894948143191703 0.5319148936170213 0.5941786550685848 0.5547112462006079 0.6072264971562396 0.5721884498480243 0.6229508196721312 0.5767477203647416 0.6276346604215457 0.5638297872340425 0.6219471395115423 0.5144376899696048 0.6189360990297759 0.46048632218844987 0.6199397791903647 0.4133738601823708 0.6169287387085982 0.3890577507598784
14 0.6199397791903647 0.37537993920972645 0.617932418869187 0.4316109422492401 0.617932418869187 0.4787234042553192 0.6199397791903647 0.5189969604863222 0.62395449983272 0.5501519756838906 0.6406825025092004 0.5638297872340425 0.650384744061559 0.5569908814589666 0.6594178655068584 0.541033434650456 0.6574105051856808 0.5075987841945289 0.6513884242221478 0.46048632218844987 0.650384744061559 0.41109422492401215 0.6473737035797926 0.3799392097264438
16 0.5098695215791235 0.7803951367781155 0.5028437604550017 0.7310030395136778 0.4968216794914687 0.6838905775075987 0.4968216794914687 0.6352583586626139 0.5058548009367682 0.6147416413373861 0.5155570424891268 0.6147416413373861 0.5135496821679492 0.6504559270516718 0.5135496821679492 0.6816109422492401 0.514553362328538 0.7112462006079028 0.514553362328538 0.7424012158054711 0.5185680829708933 0.7689969604863222 0.5195717631314821 0.7933130699088146 0.5165607226497156 0.8252279635258358 0.506858481097357 0.8092705167173252
17 0.528270324523252 0.8138297872340425 0.5272666443626631 0.7621580547112462 0.5272666443626631 0.7264437689969605 0.5292740046838408 0.6816109422492401 0.5332887253261961 0.6436170212765957 0.5362997658079626 0.6193009118541033 0.528270324523252 0.6147416413373861 0.520575443292071 0.628419452887538 0.5185680829708933 0.6458966565349544 0.5165607226497156 0.6732522796352584 0.5165607226497156 0.6998480243161094 0.5165607226497156 0.7310030395136778 0.5175644028103045 0.7667173252279635 0.5185680829708933 0.8001519756838906
18 0.5520240883238541 0.8047112462006079 0.5490130478420877 0.7917933130699089 0.5480093676814989 0.7310030395136778 0.5480093676814989 0.6952887537993921 0.5500167280026764 0.6504559270516718 0.5530277684844429 0.6238601823708206 0.5460020073603212 0.6101823708206687 0.5332887253261961 0.6193009118541033 0.5312813650050184 0.6504559270516718 0.5312813650050184 0.6838905775075987 0.5332887253261961 0.7241641337386018 0.5332887253261961 0.7575987841945289 0.5342924054867849 0.7917933130699089
19 0.571763131482101 0.8092705167173252 0.571763131482101 0.7667173252279635 0.571763131482101 0.7173252279635258 0.5747741719638675 0.6793313069908815 0.579458012713282 0.6504559270516718 0.5784543325526932 0.628419452887538 0.5647373703579792 0.6193009118541033 0.5550351288056206 0.6375379939209727 0.5530277684844429 0.6732522796352584 0.5540314486450317 0.708966565349544 0.5540314486450317 0.7469604863221885 0.5560388089662094 0.7849544072948328 0.558046169287387 0.8092705167173252
20 0.6092338574774172 0.8024316109422492 0.6032117765138842 0.7803951367781155 0.6002007360321178 0.7469604863221885 0.5981933757109401 0.708966565349544 0.5981933757109401 0.668693009118541 0.5981933757109401 0.6352583586626139 0.5864837738374038 0.621580547112462 0.571763131482101 0.6375379939209727 0.5697557711609234 0.6709726443768997 0.579458012713282 0.708966565349544 0.5834727333556373 0.7355623100303952 0.585480093676815 0.7735562310030395 0.5951823352291736 0.8001519756838906
21 0.6543994647039143 0.7537993920972644 0.6513884242221478 0.7264437689969605 0.6426898628303781 0.6732522796352584 0.6386751421880228 0.6527355623100304 0.6386751421880228 0.628419452887538 0.631649381063901 0.6056231003039514 0.6149213783874206 0.6033434650455927 0.6032117765138842 0.6170212765957447 0.5941786550685848 0.6352583586626139 0.5971896955503513 0.675531914893617 0.6072264971562396 0.71580547112462 0.6109066577450653 0.7469604863221885 0.617932418869187 0.7895136778115501 0.6346604215456675 0.7978723404255319 0.6473737035797926 0.7781155015197568
22 0.7075945132151221 0.7310030395136778 0.6975577116092339 0.7021276595744681 0.6838407494145199 0.6572948328267477 0.6778186684509869 0.6329787234042553 0.6741385078621612 0.5995440729483282 0.6661090665774506 0.5858662613981763 0.6533957845433255 0.5858662613981763 0.6396788223486116 0.5995440729483282 0.6326530612244898 0.6170212765957447 0.6406825025092004 0.6618541033434651 0.6533957845433255 0.7044072948328267 0.6610906657745065 0.7241641337386018 0.6731348277015724 0.7446808510638298 0.6898628303780528 0.7469604863221885
23 0.7557711609233857 0.6238601823708206 0.7447306791569087 0.6170212765957447 0.7290063566410171 0.6056231003039514 0.7193041150886584 0.5949848024316109 0.7075945132151221 0.581306990881459 0.6985613917698227 0.5835866261398176 0.6945466711274674 0.5995440729483282 0.6878554700568752 0.6170212765957447 0.6808297089327534 0.6504559270516718 0.7065908330545333 0.6975683890577508 0.7263298762127802 0.6975683890577508 0.7420541987286718 0.6838905775075987
24 0.4958179993308799 0.8092705167173252 0.4958179993308799 0.7575987841945289 0.49481431917029106 0.7173252279635258 0.49381063900970223 0.6618541033434651 0.49782535965205754 0.628419452887538 0.48009367681498827 0.6261398176291794 0.47440615590498497 0.6238601823708206 0.47440615590498497 0.6664133738601824 0.47908999665439944 0.7310030395136778 0.48009367681498827 0.7515197568389058 0.47908999665439944 0.7933130699088146 0.48711943793911006 0.8206686930091185
25 0.46938775510204084 0.8161094224924013 0.47540983606557374 0.7849544072948328 0.47908999665439944 0.7378419452887538 0.47908999665439944 0.6930091185410334 0.47908999665439944 0.6413373860182371 0.47908999665439944 0.6147416413373861 0.46537303445968553 0.6124620060790273 0.45165607226497156 0.628419452887538 0.4536634325861492 0.6504559270516718 0.4596855135496822 0.6778115501519757 0.4596855135496822 0.7021276595744681 0.4603546336567414 0.7515197568389058 0.4603546336567414 0.7933130699088146 0.45868183338909335 0.8138297872340425 0.4713951154232185 0.8381458966565349
26 0.4496487119437939 0.8252279635258358 0.4526597524255604 0.7955927051671733 0.4576781532285045 0.7575987841945289 0.45868183338909335 0.7196048632218845 0.45868183338909335 0.6572948328267477 0.45868183338909335 0.6306990881458967 0.4486450317832051 0.6170212765957447 0.43693542990966877 0.6193009118541033 0.4309133489461358 0.6504559270516718 0.4349280695884911 0.6838905775075987 0.4379391100702576 0.7112462006079028 0.4379391100702576 0.7401215805471124 0.4379391100702576 0.7712765957446809 0.4349280695884911 0.8206686930091185
27 0.4242221478755437 0.8252279635258358 0.4339243894279023 0.7644376899696048 0.43693542990966877 0.7378419452887538 0.4379391100702576 0.6930091185410334 0.4379391100702576 0.6504559270516718 0.43693542990966877 0.6306990881458967 0.42890598862495816 0.6124620060790273 0.4182000669120107 0.6147416413373861 0.41518902643024425 0.6458966565349544 0.41518902643024425 0.6816109422492401 0.41518902643024425 0.71580547112462 0.4131816661090666 0.7424012158054711 0.41117430578788894 0.7781155015197568
28 0.39645366343258615 0.8138297872340425 0.4054867848778856 0.7735562310030395 0.4101706256273001 0.7355623100303952 0.41518902643024425 0.6816109422492401 0.4202074272331884 0.6458966565349544 0.4212111073937772 0.6261398176291794 0.4101706256273001 0.6147416413373861 0.39645366343258615 0.6124620060790273 0.3907661425225828 0.6306990881458967 0.3907661425225828 0.675531914893617 0.3917698226831716 0.7135258358662614 0.3917698226831716 0.7378419452887538 0.3917698226831716 0.7689969604863222 0.383740381398461 0.7978723404255319
29 0.36801605888256944 0.8229483282674772 0.3807293409166945 0.7758358662613982 0.3917698226831716 0.7332826747720365 0.40046838407494145 0.6732522796352584 0.40347942455670793 0.6458966565349544 0.40448310471729676 0.6238601823708206 0.3954499832719973 0.6170212765957447 0.38574774171963866 0.6101823708206687 0.3740381398461024 0.6056231003039514 0.36500501840080296 0.6170212765957447 0.36099029775844765 0.6352583586626139 0.3599866175978588 0.6595744680851063 0.35731013716962196 0.6838905775075987 0.3522917363666778 0.7112462006079028 0.3472733355637337 0.7378419452887538 0.34158581465373034 0.7712765957446809 0.3442622950819672 0.7978723404255319 0.35329541652726665 0.8115501519756839
30 0.3238541318166611 0.581306990881459 0.30980260956841754 0.6261398176291794 0.3081298093007695 0.668693009118541 0.305118768819003 0.6907294832826748 0.29809300769488123 0.7241641337386018 0.2970893275342924 0.7446808510638298 0.3081298093007695 0.7689969604863222 0.3238541318166611 0.7758358662613982 0.3355637336901974 0.7758358662613982 0.3442622950819672 0.7598784194528876 0.35329541652726665 0.7218844984802432 0.35731013716962196 0.675531914893617 0.3619939779190365 0.6375379939209727 0.3629976580796253 0.6101823708206687 0.35329541652726665 0.601823708206687 0.3442622950819672 0.5972644376899696 0.3355637336901974 0.5881458966565349
31 0.3118099698895952 0.5949848024316109 0.2960856473737036 0.5858662613981763 0.28437604550016726 0.5858662613981763 0.27467380394780866 0.5949848024316109 0.2696554031448645 0.6101823708206687 0.2656406825025092 0.6413373860182371 0.25961860153897626 0.6732522796352584 0.25493476078956173 0.6998480243161094 0.25861492137838743 0.7332826747720365 0.26664436266309804 0.7424012158054711 0.2823686851789896 0.7401215805471124 0.29508196721311475 0.7135258358662614 0.3011040481766477 0.6778115501519757 0.31080628972900637 0.6193009118541033