0 0.4907997169143666 0.3465045592705167 0.48336871903750883 0.5577507598784195 0.448690728945506 0.547112462006079 0.45506015569709835 0.5167173252279635 0.45612172682236374 0.3221884498480243 0.4897381457891012 0.32370820668693007
1 0.4564755838641189 0.3168693009118541 0.4543524416135881 0.5159574468085106 0.45187544232130217 0.5395136778115501 0.44125973106864824 0.5387537993920972 0.43630573248407645 0.5364741641337386 0.4309978768577495 0.5273556231003039 0.4278131634819533 0.506838905775076 0.4278131634819533 0.48328267477203646 0.4359518754423213 0.3229483282674772
2 0.4182590233545648 0.32598784194528874 0.4292285916489738 0.45440729483282677 0.4317055909412597 0.47112462006079026 0.4317055909412597 0.4764437689969605 0.4327671620665251 0.48936170212765956 0.43312101910828027 0.5030395136778115 0.4327671620665251 0.5106382978723404 0.4313517338995046 0.5189969604863222 0.42533616418966735 0.5357142857142857 0.42038216560509556 0.547112462006079 0.41472045293701343 0.5417933130699089 0.40976645435244163 0.5349544072948328 0.40552016985138006 0.5243161094224924 0.40445859872611467 0.5113981762917933 0.4023354564755839 0.4969604863221885 0.4012738853503185 0.4764437689969605 0.4033970276008493 0.3343465045592705
3 0.4005661712668082 0.3282674772036474 0.40976645435244163 0.4506079027355623 0.41365888181174804 0.4726443768996961 0.41472045293701343 0.48556231003039513 0.4140127388535032 0.5015197568389058 0.41259731068648264 0.5197568389057751 0.40870488322717624 0.53419452887538 0.4005661712668082 0.5395136778115501 0.3878273177636235 0.5486322188449848 0.38039631988676575 0.5220364741641338 0.38110403397027603 0.46048632218844987 0.38358103326256193 0.30775075987841943 0.39985845718329793 0.30775075987841943
4 0.37579617834394907 0.31382978723404253 0.3853503184713376 0.446048632218845 0.3903043170559094 0.46808510638297873 0.39278131634819535 0.47796352583586627 0.39525831564048125 0.49240121580547114 0.39596602972399153 0.5030395136778115 0.3920736022646851 0.5197568389057751 0.3871196036801132 0.5433130699088146 0.37827317763623497 0.5524316109422492 0.37261146496815284 0.5501519756838906 0.36447275300778487 0.541033434650456 0.35774946921443734 0.5334346504559271 0.3559801840056617 0.5197568389057751 0.3559801840056617 0.4969604863221885 0.35491861288039633 0.4194528875379939 0.3474876150035386 0.30623100303951367 0.37367303609341823 0.29711246200607905
5 0.34041047416843595 0.3229483282674772 0.35527246992215145 0.44680851063829785 0.3602264685067233 0.47112462006079026 0.3623496107572541 0.4817629179331307 0.3627034677990092 0.49240121580547114 0.3630573248407643 0.506838905775076 0.3634111818825195 0.5220364741641338 0.35774946921443734 0.5433130699088146 0.35314932767162066 0.5493920972644377 0.3453644727530078 0.5501519756838906 0.3347487615003539 0.5501519756838906 0.32448690728945506 0.547112462006079 0.318825194621373 0.5281155015197568 0.3167020523708422 0.5037993920972644 0.3177636234961076 0.4642857142857143 0.3174097664543524 0.42933130699088146 0.31245576786978063 0.3966565349544073 0.3089171974522293 0.3601823708206687 0.31104033970276007 0.3404255319148936 0.32307147912243456 0.3343465045592705
6 0.28202406227883936 0.32674772036474165 0.26822363765038926 0.5007598784194529 0.29016277423920733 0.5281155015197568 0.31033262561924985 0.5303951367781155 0.3167020523708422 0.5030395136778115 0.3184713375796178 0.4247720364741641 0.30927105449398445 0.32370820668693007
8 0.49398443029016276 0.32674772036474165 0.4847841472045294 0.4939209726443769 0.48336871903750883 0.5615501519756839 0.5106157112526539 0.560790273556231 0.5152158527954707 0.5349544072948328 0.5159235668789809 0.48328267477203646 0.5198159943382873 0.33358662613981765
9 0.521585279547063 0.32750759878419455 0.5152158527954707 0.4939209726443769 0.5145081387119603 0.5395136778115501 0.5286624203821656 0.547112462006079 0.5346779900920028 0.5440729483282675 0.5396319886765747 0.5243161094224924 0.5414012738853503 0.33206686930091184
10 0.5491861288039632 0.31762917933130697 0.5399858457183297 0.49240121580547114 0.5392781316348195 0.53419452887538 0.5470629865534324 0.5554711246200608 0.5544939844302902 0.5554711246200608 0.5605095541401274 0.547112462006079 0.5651096956829441 0.5250759878419453 0.5697098372257607 0.48024316109422494 0.5707714083510261 0.41641337386018235 0.5753715498938429 0.30775075987841943 0.5506015569709837 0.3047112462006079
11 0.575725406935598 0.3123100303951368 0.5732484076433121 0.4376899696048632 0.5615711252653928 0.46048632218844987 0.5590941259731068 0.4726443768996961 0.5573248407643312 0.49164133738601823 0.556970983722576 0.5053191489361702 0.5573248407643312 0.5250759878419453 0.5626326963906582 0.5448328267477204 0.5728945506015569 0.5577507598784195 0.5803255484784147 0.5592705167173252 0.5870488322717622 0.547112462006079 0.5902335456475584 0.5296352583586627 0.5927105449398443 0.5144376899696048 0.5927105449398443 0.4939209726443769 0.5920028308563341 0.4696048632218845 0.5884642604387827 0.44680851063829785 0.5884642604387827 0.41793313069908816 0.5997876857749469 0.3130699088145897
12 0.6015569709837226 0.310790273556231 0.5909412597310687 0.4696048632218845 0.5859872611464968 0.4817629179331307 0.5842179759377212 0.49240121580547114 0.5828025477707006 0.506838905775076 0.5831564048124558 0.5288753799392097 0.5874026893135174 0.5448328267477204 0.5958952583156405 0.5516717325227963 0.6058032554847842 0.5516717325227963 0.6118188251946214 0.5379939209726444 0.6121726822363766 0.5296352583586627 0.6086341118188252 0.5121580547112462 0.6100495399858458 0.4734042553191489 0.6150035385704176 0.4673252279635258 0.6252653927813163 0.3123100303951368
13 0.6249115357395613 0.31155015197568386 0.6192498230714791 0.45972644376899696 0.6128803963198868 0.4734042553191489 0.6086341118188252 0.4817629179331307 0.6075725406935598 0.5 0.607926397735315 0.5182370820668692 0.610757254069356 0.5357142857142857 0.6181882519462137 0.5539513677811551 0.6309271054493985 0.5577507598784195 0.637650389242746 0.5592705167173252 0.6475583864118896 0.5562310030395137 0.6560509554140127 0.5501519756838906 0.6588818117480538 0.5334346504559271 0.6585279547062987 0.5121580547112462 0.6581740976645435 0.49164133738601823 0.6599433828733192 0.4673252279635258 0.6634819532908705 0.45440729483282677 0.6659589525831564 0.42249240121580545 0.6663128096249116 0.4004559270516717 0.6691436659589526 0.3609422492401216 0.670205237084218 0.3229483282674772 0.670205237084218 0.30167173252279633 0.6510969568294409 0.30851063829787234 0.6326963906581741 0.30851063829787234
14 0.6818825194621373 0.3100303951367781 0.6680820948336872 0.3723404255319149 0.6663128096249116 0.4126139817629179 0.664897381457891 0.4521276595744681 0.6613588110403397 0.4696048632218845 0.6585279547062987 0.48024316109422494 0.6553432413305025 0.49544072948328266 0.6546355272469923 0.5121580547112462 0.6588818117480538 0.5326747720364742 0.664897381457891 0.5493920972644377 0.6762208067940552 0.560790273556231 0.6900212314225053 0.5547112462006079 0.6988676574663836 0.541033434650456 0.7038216560509554 0.5227963525835866 0.7038216560509554 0.5007598784194529 0.7009907997169144 0.4817629179331307 0.7009907997169144 0.45592705167173253 0.70276008492569 0.42629179331306993 0.7137296532200991 0.31762917933130697
15 0.7392073602264685 0.3161094224924012 0.7264685067232838 0.43844984802431614 0.7317763623496107 0.4703647416413374 0.7349610757254069 0.4886018237082067 0.7356687898089171 0.5075987841945289 0.7310686482661005 0.526595744680851 0.7211606510969568 0.5379939209726444 0.7140835102618542 0.5296352583586627 0.7038216560509554 0.5129179331306991 0.7020523708421798 0.48632218844984804 0.7009907997169144 0.44756838905775076 0.7059447983014862 0.3844984802431611 0.7140835102618542 0.31762917933130697
16 0.486553432413305 0.6025835866261399 0.49115357395612175 0.6550151975683891 0.4861995753715499 0.8183890577507599 0.5046001415428167 0.817629179331307 0.5109695682944091 0.662613981762918 0.5092002830856334 0.5904255319148937
17 0.5226468506723284 0.581306990881459 0.5099079971691437 0.5942249240121581 0.5067232837933475 0.8206686930091185 0.524416135881104 0.8130699088145896 0.5329087048832272 0.6337386018237082 0.5322009907997169 0.581306990881459
18 0.5435244161358811 0.5782674772036475 0.5322009907997169 0.5980243161094225 0.5293701344656758 0.8442249240121581 0.5498938428874734 0.8449848024316109 0.5580325548478414 0.6702127659574468 0.5619249823071479 0.5889057750759878
19 0.5732484076433121 0.5942249240121581 0.5580325548478414 0.6177811550151976 0.5576786978060864 0.6474164133738601 0.5601556970983722 0.6595744680851063 0.5576786978060864 0.8799392097264438 0.5845718329794763 0.8738601823708206 0.5881104033970276 0.682370820668693 0.5920028308563341 0.6496960486322189 0.5895258315640481 0.621580547112462 0.5845718329794763 0.5942249240121581
20 0.6061571125265393 0.5957446808510638 0.5813871196036801 0.6056231003039514 0.5849256900212314 0.6413373860182371 0.5895258315640481 0.6580547112462006 0.5994338287331918 0.8396656534954408 0.6252653927813163 0.8206686930091185 0.6167728237791932 0.6747720364741642 0.6213729653220099 0.6405775075987842 0.6178343949044586 0.6170212765957447
21 0.6334041047416844 0.5919452887537994 0.6146496815286624 0.5904255319148937 0.6093418259023354 0.6155015197568389 0.6096956829440906 0.6299392097264438 0.6111111111111112 0.6413373860182371 0.6174805378627035 0.6603343465045592 0.6199575371549894 0.6717325227963525 0.6199575371549894 0.6975683890577508 0.6295116772823779 0.7933130699088146 0.6528662420382165 0.8533434650455927 0.6942675159235668 0.8145896656534954 0.6652512384996462 0.6664133738601824 0.6680820948336872 0.6367781155015197 0.667728237791932 0.6276595744680851 0.6641896673743808 0.6094224924012158 0.6588818117480538 0.5957446808510638 0.645789101203114 0.5881458966565349
22 0.6868365180467091 0.5790273556231003 0.6627742392073602 0.5942249240121581 0.6592356687898089 0.6124620060790273 0.6638358103326256 0.6352583586626139 0.6726822363765039 0.6648936170212766 0.7094833687190375 0.8214285714285714 0.7523000707714084 0.7355623100303952 0.724345364472753 0.6109422492401215 0.7197452229299363 0.5615501519756839 0.6960368011323426 0.5562310030395137
24 0.4989384288747346 0.5835866261398176 0.4883227176220807 0.7720364741641338 0.47629157820240625 0.7697568389057751 0.47664543524416136 0.6375379939209727 0.47912243453644726 0.5714285714285714
25 0.4759377211606511 0.5775075987841946 0.4589525831564048 0.5820668693009119 0.4557678697806086 0.5972644376899696 0.4543524416135881 0.6177811550151976 0.4582448690728945 0.6375379939209727 0.46178343949044587 0.8054711246200608 0.47664543524416136 0.7993920972644377 0.4769992922859165 0.6352583586626139 0.47947629157820243 0.5866261398176292
26 0.45399858457183295 0.5782674772036475 0.44904458598726116 0.5615501519756839 0.44019815994338285 0.5645896656534954 0.43418259023354566 0.5759878419452887 0.42852087756546353 0.5927051671732523 0.4278131634819533 0.6041033434650456 0.42745930644019814 0.6299392097264438 0.4288747346072187 0.6496960486322189 0.43772116065109695 0.8259878419452887 0.4607218683651805 0.8206686930091185 0.4585987261146497 0.6390577507598785 0.4543524416135881 0.6170212765957447 0.4554140127388535 0.6056231003039514 0.45612172682236374 0.5972644376899696
29 0.372965322009908 0.5889057750759878 0.3481953290870488 0.5797872340425532 0.3446567586694975 0.5843465045592705 0.34005661712668084 0.601063829787234 0.33899504600141545 0.6155015197568389 0.3372257607926398 0.6390577507598785 0.33121019108280253 0.6747720364741642 0.3050247699929229 0.8016717325227963 0.36482661004954 0.8275075987841946 0.38110403397027603 0.6838905775075987 0.3881811748053786 0.6709726443768997 0.3913658881811748 0.6648936170212766 0.39490445859872614 0.6557750759878419 0.39596602972399153 0.6474164133738601 0.39631988676574664 0.6276595744680851 0.39384288747346075 0.6147416413373861 0.3910120311394197 0.6094224924012158 0.3853503184713376 0.601063829787234 0.3786270346779901 0.5942249240121581
30 0.3361641896673744 0.5790273556231003 0.3089171974522293 0.5569908814589666 0.29440905874026896 0.5516717325227963 0.28450106157112526 0.5668693009118541 0.2791932059447983 0.5919452887537994 0.2749469214437367 0.6231003039513677 0.24769992922859166 0.7712765957446809 0.2894550601556971 0.7993920972644377 0.3347487615003539 0.6496960486322189 0.33793347487615005 0.6382978723404256 0.33899504600141545 0.6246200607902735 0.34147204529370134 0.60790273556231 0.3421797593772116 0.5934650455927052 0.34076433121019106 0.581306990881459
28 0.39844302901627743 0.5714285714285714 0.3846426043878273 0.6056231003039514 0.38181174805378626 0.6588145896656535 0.3584571832979476 0.8214285714285714 0.38075017692852087 0.8389057750759878 0.4133050247699929 0.6846504559270516 0.4164897381457891 0.6679331306990881 0.4210898796886058 0.6550151975683891 0.42392073602264685 0.6413373860182371 0.42604387827317763 0.6253799392097265 0.42498230714791224 0.6041033434650456 0.4210898796886058 0.5851063829787234 0.4154281670205237 0.5759878419452887 0.410828025477707 0.5706686930091185
27 0.4200283085633404 0.5851063829787234 0.41224345364472753 0.5790273556231003 0.40976645435244163 0.5858662613981763 0.40552016985138006 0.5987841945288754 0.4023354564755839 0.6132218844984803 0.3995046001415428 0.6322188449848024 0.39879688605803254 0.6656534954407295 0.4002123142250531 0.8541033434650456 0.4182590233545648 0.8541033434650456 0.4295824486907289 0.6565349544072948 0.4348903043170559 0.6413373860182371 0.4359518754423213 0.6261398176291794 0.43418259023354566 0.6132218844984803 0.4306440198159943 0.5995440729483282 0.427105449398443 0.5934650455927052