0 0.47151898734177217 0.5212765957446809 0.49683544303797467 0.5189969604863222 0.5021097046413502 0.4490881458966565 0.48452883263009844 0.2986322188449848 0.47151898734177217 0.2986322188449848 0.4687060478199719 0.4696048632218845
1 0.45464135021097046 0.5250759878419453 0.4687060478199719 0.5189969604863222 0.4732770745428973 0.46048632218844987 0.4687060478199719 0.2986322188449848 0.4539381153305204 0.2986322188449848 0.44866385372714485 0.45440729483282677
2 0.4310829817158931 0.5189969604863222 0.4469057665260197 0.5227963525835866 0.45639943741209565 0.4642857142857143 0.4451476793248945 0.256838905775076 0.4282700421940928 0.2629179331306991 0.4265119549929676 0.4376899696048632
3 0.40471167369901545 0.5022796352583586 0.4177215189873418 0.5189969604863222 0.430028129395218 0.4908814589665654 0.4370604781997187 0.49240121580547114 0.4370604781997187 0.4734042553191489 0.42756680731364277 0.26063829787234044 0.4089310829817159 0.270516717325228 0.40365682137834036 0.45440729483282677
4 0.3843178621659634 0.49240121580547114 0.39767932489451474 0.5037993920972644 0.40189873417721517 0.4946808510638298 0.41350210970464135 0.49240121580547114 0.4170182841068917 0.47188449848024316 0.40189873417721517 0.256838905775076 0.3853727144866385 0.2629179331306991 0.38255977496483823 0.42629179331306993 0.38255977496483823 0.44680851063829785
5 0.3484528832630098 0.49848024316109424 0.36251758087201125 0.4946808510638298 0.3843178621659634 0.4946808510638298 0.38959212376933894 0.4756838905775076 0.3755274261603376 0.3860182370820669 0.36849507735583686 0.2682370820668693 0.350210970464135 0.28191489361702127 0.34739803094233473 0.3822188449848024 0.3421237693389592 0.42249240121580545 0.3421237693389592 0.47188449848024316
6 0.30520393811533053 0.4810030395136778 0.32454289732770747 0.4886018237082067 0.339662447257384 0.48328267477203646 0.3466947960618847 0.4506079027355623 0.3421237693389592 0.3958966565349544 0.3379043600562588 0.27811550151975684 0.31223628691983124 0.27811550151975684 0.31047819971870605 0.3731003039513678 0.3027426160337553 0.418693009118541
9 0.5260196905766527 0.5189969604863222 0.5425457102672293 0.5227963525835866 0.5488748241912799 0.4582066869300912 0.5460618846694796 0.28191489361702127 0.5284810126582279 0.28343465045592703 0.519690576652602 0.479483282674772
10 0.5471167369901547 0.5250759878419453 0.5636427566807314 0.5303951367781155 0.5752461322081576 0.4582066869300912 0.5752461322081576 0.26063829787234044 0.5566104078762306 0.26063829787234044 0.5513361462728551 0.3731003039513678 0.5436005625879043 0.4376899696048632
11 0.5664556962025317 0.49848024316109424 0.5717299578059072 0.49620060790273557 0.5847398030942335 0.5288753799392097 0.5988045007032349 0.5 0.5882559774964838 0.2530395136778115 0.5689170182841069 0.256838905775076 0.5671589310829818 0.42401215805471126 0.5636427566807314 0.47188449848024316
12 0.5917721518987342 0.5075987841945289 0.6023206751054853 0.5075987841945289 0.6111111111111112 0.5303951367781155 0.6216596343178622 0.506079027355623 0.6227144866385372 0.439209726443769 0.6244725738396625 0.2872340425531915 0.6033755274261603 0.2872340425531915 0.590014064697609 0.44148936170212766 0.5840365682137834 0.4848024316109423
13 0.6209563994374121 0.5113981762917933 0.6561181434599156 0.5227963525835866 0.6656118143459916 0.4946808510638298 0.6613924050632911 0.27811550151975684 0.6392405063291139 0.28951367781155013 0.6181434599156118 0.46808510638297873 0.6174402250351617 0.49620060790273557
14 0.6656118143459916 0.5075987841945289 0.6789732770745429 0.513677811550152 0.7025316455696202 0.5022796352583586 0.7078059071729957 0.46200607902735563 0.7025316455696202 0.4148936170212766 0.69901547116737 0.2796352583586626 0.6779184247538678 0.2872340425531915 0.6684247538677919 0.4034954407294833 0.6613924050632911 0.45440729483282677 0.6603375527426161 0.4908814589665654
15 0.7025316455696202 0.47188449848024316 0.7183544303797469 0.4946808510638298 0.7387482419127989 0.4566869300911854 0.7334739803094233 0.4012158054711246 0.7218706047819972 0.3822188449848024 0.7130801687763713 0.30851063829787234 0.6965541490857946 0.31990881458966564 0.700070323488045 0.42629179331306993 0.6983122362869199 0.4490881458966565
16 0.5014064697609001 0.5478723404255319 0.5179324894514767 0.5478723404255319 0.5179324894514767 0.7355623100303952 0.5073839662447257 0.7355623100303952
17 0.520745428973277 0.5455927051671733 0.5425457102672293 0.5455927051671733 0.5330520393811533 0.7469604863221885 0.520745428973277 0.7507598784194529
18 0.5407876230661041 0.5455927051671733 0.5559071729957806 0.5364741641337386 0.5664556962025317 0.5569908814589666 0.5664556962025317 0.7834346504559271 0.5453586497890295 0.7834346504559271 0.5372714486638537 0.5721884498480243
19 0.5594233473980309 0.5706686930091185 0.5741912798874824 0.540273556231003 0.5917721518987342 0.5645896656534954 0.5882559774964838 0.6443768996960486 0.5935302390998594 0.7720364741641338 0.5770042194092827 0.7796352583586627 0.5636427566807314 0.6139817629179332 0.5583684950773559 0.5835866261398176
20 0.5840365682137834 0.5645896656534954 0.60056258790436 0.5516717325227963 0.6216596343178622 0.5721884498480243 0.6174402250351617 0.6314589665653495 0.6227144866385372 0.7834346504559271 0.6051336146272855 0.7925531914893617 0.5882559774964838 0.6124620060790273 0.5805203938115331 0.5706686930091185
21 0.6111111111111112 0.5668693009118541 0.6156821378340366 0.5455927051671733 0.6473277074542897 0.540273556231003 0.6638537271448663 0.5569908814589666 0.6631504922644164 0.6025835866261399 0.689521800281294 0.7393617021276596 0.6455696202531646 0.7758358662613982 0.6286919831223629 0.682370820668693 0.6216596343178622 0.6276595744680851 0.6121659634317862 0.5759878419452887
22 0.6497890295358649 0.5478723404255319 0.690225035161744 0.5113981762917933 0.7088607594936709 0.53419452887538 0.7194092827004219 0.5949848024316109 0.7492967651195499 0.6998480243161094 0.7165963431786216 0.7416413373860182 0.6490857946554149 0.5668693009118541
24 0.4810126582278481 0.5455927051671733 0.500351617440225 0.5478723404255319 0.500351617440225 0.7416413373860182 0.4890998593530239 0.7454407294832827
25 0.4616736990154712 0.5478723404255319 0.4827707454289733 0.5478723404255319 0.48452883263009844 0.756838905775076 0.4651898734177215 0.7583586626139818
26 0.4451476793248945 0.53419452887538 0.46343178621659636 0.5417933130699089 0.46624472573839665 0.6542553191489362 0.45921237693389594 0.7773556231003039 0.4388185654008439 0.7758358662613982 0.439873417721519 0.5987841945288754
27 0.41947960618846697 0.5531914893617021 0.4317862165963432 0.5417933130699089 0.4370604781997187 0.540273556231003 0.45042194092827004 0.5706686930091185 0.44163150492264414 0.6162613981762918 0.4381153305203938 0.6960486322188449 0.4265119549929676 0.7720364741641338 0.40541490857946555 0.7545592705167173 0.41947960618846697 0.6709726443768997
28 0.3931082981715893 0.5531914893617021 0.41068917018284107 0.5326747720364742 0.4258087201125176 0.5531914893617021 0.4265119549929676 0.5759878419452887 0.4212376933895921 0.6086626139817629 0.41947960618846697 0.682370820668693 0.4011954992967651 0.7758358662613982 0.38255977496483823 0.7682370820668692 0.39767932489451474 0.6542553191489362
29 0.3519690576652602 0.5288753799392097 0.36849507735583686 0.513677811550152 0.40365682137834036 0.5364741641337386 0.40365682137834036 0.5569908814589666 0.3906469760900141 0.6162613981762918 0.3843178621659634 0.6747720364741642 0.3667369901547117 0.7682370820668692 0.32735583684950775 0.7416413373860182 0.350210970464135 0.6124620060790273 0.3491561181434599 0.5478723404255319
30 0.32559774964838256 0.5022796352583586 0.35794655414908577 0.5227963525835866 0.35794655414908577 0.560790273556231 0.30520393811533053 0.7279635258358662 0.27285513361462727 0.6884498480243161 0.30520393811533053 0.5683890577507599 0.3080168776371308 0.5478723404255319 0.31751054852320676 0.5075987841945289