0 0.45679886685552407 0.48328267477203646 0.4578611898016997 0.5463525835866262 0.4801699716713881 0.5547112462006079 0.49079320113314445 0.5387537993920972 0.48583569405099153 0.44148936170212766 0.4794617563739377 0.33890577507598785 0.4805240793201133 0.2826747720364742 0.4794617563739377 0.22796352583586627 0.46990084985835695 0.21580547112462006 0.45963172804532576 0.24012158054711247 0.45963172804532576 0.3799392097264438
1 0.4369688385269122 0.4810030395136778 0.4369688385269122 0.526595744680851 0.44192634560906513 0.5463525835866262 0.45750708215297453 0.5501519756838906 0.4585694050991501 0.526595744680851 0.45963172804532576 0.43617021276595747 0.45892351274787535 0.34422492401215804 0.4578611898016997 0.27583586626139817 0.4521954674220963 0.25151975683890576 0.44298866855524077 0.25835866261398177 0.4401558073654391 0.385258358662614
2 0.41253541076487255 0.48404255319148937 0.4146600566572238 0.541033434650456 0.42422096317280455 0.5524316109422492 0.4348441926345609 0.5440729483282675 0.4440509915014164 0.5220364741641338 0.44511331444759206 0.45288753799392095 0.436614730878187 0.32750759878419455 0.4337818696883853 0.29559270516717323 0.42705382436260625 0.21732522796352582 0.41820113314447593 0.2135258358662614 0.40722379603399433 0.23100303951367782 0.4054532577903683 0.26443768996960487
3 0.3909348441926346 0.49012158054711247 0.39624645892351273 0.5501519756838906 0.4004957507082153 0.5577507598784195 0.41359773371104813 0.5395136778115501 0.42209631728045327 0.5463525835866262 0.4302407932011331 0.5440729483282675 0.43342776203966005 0.479483282674772 0.42103399433427763 0.33586626139817627 0.4192634560906516 0.3009118541033435 0.41253541076487255 0.26063829787234044 0.4054532577903683 0.24848024316109424 0.3980169971671388 0.2864741641337386 0.3895184135977337 0.40577507598784196
4 0.36508498583569404 0.4939209726443769 0.37039660056657225 0.5706686930091185 0.3888101983002833 0.5668693009118541 0.39624645892351273 0.5600303951367781 0.4093484419263456 0.5509118541033434 0.4118271954674221 0.506079027355623 0.39907932011331443 0.41413373860182373 0.3919971671388102 0.3556231003039514 0.38987252124645894 0.3161094224924012 0.3838526912181303 0.2735562310030395 0.3764164305949009 0.2796352583586626 0.3728753541076487 0.310790273556231 0.3640226628895184 0.4369300911854103
5 0.33250708215297453 0.5015197568389058 0.33250708215297453 0.5524316109422492 0.3378186968838527 0.5775075987841946 0.36473087818696887 0.5775075987841946 0.3764164305949009 0.5661094224924013 0.3834985835694051 0.5478723404255319 0.38703966005665724 0.5258358662613982 0.38491501416430596 0.48328267477203646 0.37535410764872523 0.4270516717325228 0.370042492917847 0.371580547112462 0.36508498583569404 0.3229483282674772 0.3597733711048159 0.30927051671732525 0.3526912181303116 0.3183890577507599 0.34490084985835695 0.364741641337386 0.33888101983002833 0.45440729483282677
6 0.2896600566572238 0.4908814589665654 0.290014164305949 0.5478723404255319 0.2928470254957507 0.5699088145896657 0.3094900849858357 0.5752279635258358 0.32082152974504247 0.5820668693009119 0.3307365439093484 0.5820668693009119 0.33994334277620397 0.5569908814589666 0.34490084985835695 0.5326747720364742 0.33888101983002833 0.4787234042553192 0.33675637393767704 0.3844984802431611 0.3328611898016997 0.34194528875379937 0.3286118980169972 0.310790273556231 0.3190509915014164 0.3009118541033435 0.30417847025495753 0.310790273556231 0.2953257790368272 0.3427051671732523 0.290014164305949 0.385258358662614 0.290014164305949 0.4338905775075988
8 0.48229461756373937 0.4726443768996961 0.47910764872521244 0.5144376899696048 0.4780453257790368 0.5395136778115501 0.5042492917847026 0.5501519756838906 0.511685552407932 0.5258358662613982 0.5148725212464589 0.4566869300911854 0.5084985835694051 0.3609422492401216 0.5056657223796034 0.2887537993920973 0.5056657223796034 0.2439209726443769 0.5021246458923513 0.22188449848024316 0.4968130311614731 0.21732522796352582 0.48796033994334276 0.24240121580547114 0.4847733711048159 0.3472644376899696 0.4847733711048159 0.44072948328267475
9 0.5042492917847026 0.46808510638297873 0.5031869688385269 0.506079027355623 0.5088526912181303 0.5364741641337386 0.5230169971671388 0.5372340425531915 0.5325779036827195 0.526595744680851 0.5357648725212465 0.5098784194528876 0.5304532577903682 0.40577507598784196 0.5297450424929179 0.32978723404255317 0.5297450424929179 0.2735562310030395 0.5297450424929179 0.23252279635258358 0.5272662889518414 0.20364741641337386 0.5155807365439093 0.20592705167173253 0.509915014164306 0.24468085106382978
10 0.5276203966005666 0.45896656534954405 0.5272662889518414 0.49620060790273557 0.5385977337110481 0.5326747720364742 0.5545325779036827 0.5387537993920972 0.5626770538243626 0.5243161094224924 0.5676345609065155 0.479483282674772 0.5658640226628895 0.3700607902735562 0.5648016997167139 0.2887537993920973 0.5669263456090652 0.24924012158054712 0.5669263456090652 0.20820668693009117 0.5640934844192634 0.17933130699088146 0.5534702549575071 0.16185410334346503 0.5396600566572238 0.1770516717325228
11 0.5463881019830028 0.4452887537993921 0.544971671388102 0.5098784194528876 0.5520538243626062 0.5281155015197568 0.5630311614730878 0.5243161094224924 0.5733002832861189 0.5364741641337386 0.5856940509915014 0.5212765957446809 0.5888810198300283 0.479483282674772 0.5963172804532578 0.38677811550151975 0.6019830028328612 0.331306990881459 0.603399433427762 0.310790273556231 0.5931303116147308 0.2750759878419453 0.5825070821529745 0.2712765957446808 0.5658640226628895 0.2887537993920973 0.5555949008498584 0.33206686930091184
12 0.5764872521246459 0.4521276595744681 0.5733002832861189 0.5015197568389058 0.5743626062322946 0.5281155015197568 0.5970254957507082 0.53419452887538 0.6115439093484419 0.5319148936170213 0.6182719546742209 0.5212765957446809 0.6182719546742209 0.4726443768996961 0.6189801699716714 0.3829787234042553 0.625 0.33586626139817627 0.625 0.30623100303951367 0.6118980169971672 0.29635258358662614 0.5959631728045326 0.33206686930091184 0.5853399433427762 0.385258358662614
13 0.6072946175637394 0.45896656534954405 0.6012747875354107 0.49240121580547114 0.603399433427762 0.5417933130699089 0.6168555240793201 0.5554711246200608 0.6388101983002833 0.5638297872340425 0.6561614730878187 0.5554711246200608 0.6597025495750708 0.5433130699088146 0.6597025495750708 0.49012158054711247 0.6586402266288952 0.4612462006079027 0.6646600566572238 0.41793313069908816 0.6671388101983002 0.3723404255319149 0.6635977337110481 0.3343465045592705 0.6561614730878187 0.30851063829787234 0.6395184135977338 0.30623100303951367 0.6303116147308782 0.3343465045592705 0.6136685552407932 0.40577507598784196
14 0.6526203966005666 0.46580547112462006 0.6536827195467422 0.5212765957446809 0.6689093484419264 0.5478723404255319 0.6859065155807366 0.5387537993920972 0.6961756373937678 0.5349544072948328 0.7036118980169972 0.506079027355623 0.7053824362606232 0.4787234042553192 0.7004249291784702 0.3981762917933131 0.6972379603399433 0.3541033434650456 0.6961756373937678 0.32066869300911854 0.6919263456090652 0.303951367781155 0.6784702549575071 0.3009118541033435 0.6635977337110481 0.33586626139817627 0.6593484419263456 0.371580547112462
29 0.33463172804532576 0.5835866261398176 0.3293201133144476 0.5927051671732523 0.33038243626062325 0.6550151975683891 0.32507082152974504 0.6998480243161094 0.32011331444759206 0.7537993920972644 0.3197592067988669 0.7925531914893617 0.3243626062322946 0.8282674772036475 0.3438385269121813 0.8366261398176292 0.3576487252124646 0.8077507598784195 0.370042492917847 0.7629179331306991 0.37924929178470257 0.6937689969604863 0.3909348441926346 0.6170212765957447 0.3909348441926346 0.5881458966565349 0.3728753541076487 0.5790273556231003 0.35410764872521244 0.5820668693009119
28 0.38703966005665724 0.5767477203647416 0.3721671388101983 0.6048632218844985 0.37535410764872523 0.682370820668693 0.3771246458923513 0.7758358662613982 0.3771246458923513 0.8145896656534954 0.38491501416430596 0.8343465045592705 0.3980169971671388 0.8282674772036475 0.4047450424929179 0.7803951367781155 0.4114730878186969 0.662613981762918 0.42103399433427763 0.6041033434650456 0.42103399433427763 0.5797872340425532 0.4004957507082153 0.5683890577507599
27 0.4157223796033994 0.5683890577507599 0.40226628895184136 0.5858662613981763 0.39589235127478756 0.6329787234042553 0.40722379603399433 0.7917933130699089 0.4065155807365439 0.8123100303951368 0.4118271954674221 0.8389057750759878 0.419971671388102 0.8328267477203647 0.42917847025495753 0.7879939209726444 0.4302407932011331 0.7066869300911854 0.43873937677053826 0.6246200607902735 0.4380311614730878 0.5949848024316109 0.4259915014164306 0.5797872340425532
26 0.43342776203966005 0.5638297872340425 0.42917847025495753 0.5866261398176292 0.42705382436260625 0.6671732522796353 0.43130311614730876 0.7408814589665653 0.431657223796034 0.8214285714285714 0.4348441926345609 0.8541033434650456 0.4412181303116147 0.8761398176291794 0.4546742209631728 0.8662613981762918 0.46140226628895187 0.8115501519756839 0.46175637393767704 0.6800911854103343 0.46175637393767704 0.621580547112462 0.45254957507082155 0.5645896656534954 0.4412181303116147 0.5615501519756839
25 0.4585694050991501 0.5600303951367781 0.4514872521246459 0.5638297872340425 0.4514872521246459 0.6268996960486323 0.4603399433427762 0.7203647416413373 0.46777620396600567 0.7857142857142857 0.4709631728045326 0.8001519756838906 0.47627478753541075 0.8138297872340425 0.4854815864022663 0.8100303951367781 0.48973087818696887 0.7849544072948328 0.48371104815864024 0.7272036474164134 0.4752124645892351 0.6337386018237082 0.47627478753541075 0.5790273556231003 0.47344192634560905 0.5638297872340425
24 0.46990084985835695 0.5623100303951368 0.47131728045325777 0.6124620060790273 0.47910764872521244 0.6983282674772037 0.4854815864022663 0.7712765957446809 0.4918555240793201 0.7925531914893617 0.4978753541076487 0.7879939209726444 0.5010623229461756 0.7272036474164134 0.4943342776203966 0.6261398176291794 0.495042492917847 0.5752279635258358 0.4886685552407932 0.5615501519756839
16 0.5010623229461756 0.5638297872340425 0.4876062322946176 0.5706686930091185 0.49008498583569404 0.6337386018237082 0.4978753541076487 0.7287234042553191 0.5010623229461756 0.7712765957446809 0.5046033994334278 0.7925531914893617 0.5134560906515581 0.7978723404255319 0.5177053824362606 0.7834346504559271 0.5127478753541076 0.709726443768997 0.5106232294617564 0.6200607902735562 0.5138101983002833 0.5752279635258358 0.5088526912181303 0.5668693009118541
17 0.5212464589235127 0.5661094224924013 0.5074362606232294 0.5683890577507599 0.5046033994334278 0.5775075987841946 0.5084985835694051 0.6329787234042553 0.5120396600566572 0.6998480243161094 0.5120396600566572 0.7340425531914894 0.5198300283286119 0.7834346504559271 0.5272662889518414 0.7963525835866262 0.5354107648725213 0.7849544072948328 0.5385977337110481 0.7424012158054711 0.5322237960339944 0.64209726443769 0.5343484419263456 0.5889057750759878 0.5336402266288952 0.5623100303951368
18 0.5375354107648725 0.5531914893617021 0.5272662889518414 0.5699088145896657 0.5293909348441926 0.621580547112462 0.5378895184135978 0.729483282674772 0.5474504249291785 0.8214285714285714 0.5524079320113314 0.8503039513677811 0.5648016997167139 0.8609422492401215 0.5764872521246459 0.8381458966565349 0.5708215297450425 0.7583586626139818 0.5658640226628895 0.6291793313069909 0.5648016997167139 0.5706686930091185 0.5573654390934845 0.5531914893617021
19 0.5711756373937678 0.5509118541033434 0.5640934844192634 0.5547112462006079 0.5531161473087819 0.5790273556231003 0.5609065155807366 0.6512158054711246 0.5640934844192634 0.7203647416413373 0.5729461756373938 0.7857142857142857 0.5796742209631728 0.8138297872340425 0.5874645892351275 0.8123100303951368 0.5941926345609065 0.7644376899696048 0.5963172804532578 0.648936170212766 0.5991501416430595 0.5934650455927052 0.5927762039660056 0.5478723404255319
20 0.5885269121813032 0.5615501519756839 0.5828611898016998 0.5752279635258358 0.5835694050991501 0.6101823708206687 0.5970254957507082 0.6717325227963525 0.6030453257790368 0.7401215805471124 0.6065864022662889 0.7743161094224924 0.6115439093484419 0.8092705167173252 0.6260623229461756 0.8145896656534954 0.6327903682719547 0.7834346504559271 0.6281869688385269 0.7021276595744681 0.6292492917847026 0.6101823708206687 0.6296033994334278 0.5706686930091185 0.6196883852691218 0.5531914893617021
22 0.6671388101983002 0.5638297872340425 0.6625354107648725 0.601823708206687 0.6774079320113314 0.6603343465045592 0.7064447592067988 0.756079027355623 0.7188385269121813 0.7667173252279635 0.7397308781869688 0.7537993920972644 0.7478753541076487 0.7180851063829787 0.7379603399433428 0.6557750759878419 0.7252124645892352 0.5600303951367781 0.7138810198300283 0.5281155015197568 0.6929886685552408 0.541033434650456