0 0.4996446339729922 0.44224924012158057 0.5003553660270078 0.4810030395136778 0.4953802416488984 0.5083586626139818 0.47121535181236673 0.506079027355623 0.4665955934612651 0.4886018237082067 0.46766169154228854 0.44984802431610943 0.4701492537313433 0.3829787234042553 0.46979388770433544 0.30775075987841943 0.46943852167732764 0.25 0.48933901918976547 0.24240121580547114 0.49502487562189057 0.303951367781155
1 0.44349680170575695 0.46048632218844987 0.4463397299218195 0.49240121580547114 0.4538024164889837 0.5 0.4669509594882729 0.4939209726443769 0.4690831556503198 0.4430091185410334 0.4708599857853589 0.34194528875379937 0.4701492537313433 0.2933130699088146 0.46979388770433544 0.23860182370820668 0.4644633972992182 0.22644376899696048 0.4545131485429993 0.23100303951367782 0.4527363184079602 0.2530395136778115 0.44989339019189767 0.2993920972644377
2 0.4111584932480455 0.4688449848024316 0.414001421464108 0.5 0.4275053304904051 0.5167173252279635 0.44065387348969437 0.5129179331306991 0.4506041222459133 0.4886018237082067 0.44527363184079605 0.4452887537993921 0.4410092395167022 0.41033434650455924 0.43532338308457713 0.32142857142857145 0.425728500355366 0.26975683890577506 0.4154228855721393 0.25835866261398177 0.4072494669509595 0.2613981762917933 0.4058280028429282 0.29027355623100304 0.4115138592750533 0.33358662613981765
3 0.3816631130063966 0.4574468085106383 0.3813077469793888 0.46656534954407297 0.38486140724946694 0.5121580547112462 0.4051172707889126 0.5075987841945289 0.414001421464108 0.5151975683890577 0.4214641080312722 0.48404255319148937 0.42181947405828 0.44984802431610943 0.4157782515991471 0.38069908814589665 0.4147121535181237 0.33890577507598785 0.41044776119402987 0.28191489361702127 0.4015636105188344 0.25987841945288753 0.3894811656005686 0.26063829787234044 0.3855721393034826 0.2857142857142857 0.38308457711442784 0.32370820668693007 0.3859275053304904 0.37537993920972645 0.38663823738450603 0.43009118541033436
5 0.3447050461975835 0.44680851063829785 0.34186211798152094 0.4870820668693009 0.34968017057569295 0.5113981762917933 0.369225302061123 0.5227963525835866 0.38841506751954513 0.506079027355623 0.39267945984363894 0.4703647416413374 0.3837953091684435 0.4316109422492401 0.3802416488983653 0.3981762917933131 0.3752665245202559 0.3594224924012158 0.3663823738450604 0.3229483282674772 0.34790334044065385 0.30167173252279633 0.3329779673063255 0.3069908814589666 0.3297796730632552 0.3427051671732523 0.33972992181947403 0.3974164133738602
6 0.30561478322672353 0.5015197568389058 0.32587064676616917 0.5159574468085106 0.3372423596304193 0.5212765957446809 0.34754797441364604 0.5053191489361702 0.35003553660270076 0.47720364741641336 0.34506041222459133 0.42629179331306993 0.337953091684435 0.3738601823708207 0.3361762615493959 0.34574468085106386 0.32764747690120827 0.3130699088145897 0.31734186211798154 0.30927051671732525 0.3009950248756219 0.32370820668693007 0.294953802416489 0.35106382978723405 0.2935323383084577 0.3822188449848024 0.3009950248756219 0.41717325227963525 0.3017057569296375 0.44072948328267475
8 0.5035536602700782 0.4376899696048632 0.5003553660270078 0.4726443768996961 0.4978678038379531 0.49544072948328266 0.5152807391613362 0.5083586626139818 0.5280739161336176 0.506838905775076 0.5348258706467661 0.48556231003039513 0.5323383084577115 0.4316109422492401 0.5319829424307037 0.3594224924012158 0.5319829424307037 0.30243161094224924 0.5309168443496801 0.2750759878419453 0.5284292821606255 0.24012158054711247 0.5191897654584222 0.23632218844984804 0.5127931769722814 0.2591185410334346 0.5088841506751954 0.32370820668693007
9 0.5319829424307037 0.47416413373860183 0.5341151385927505 0.4992401215805471 0.5465529495380241 0.5053191489361702 0.5582800284292821 0.5 0.5611229566453447 0.4513677811550152 0.5568585643212509 0.3844984802431611 0.5572139303482587 0.3404255319148936 0.5575692963752665 0.303951367781155 0.5589907604832978 0.26063829787234044 0.5536602700781805 0.24012158054711247 0.5469083155650319 0.23708206686930092 0.5373134328358209 0.2530395136778115 0.5355366027007818 0.3123100303951368
10 0.5518834399431415 0.46200607902735563 0.5543710021321961 0.4870820668693009 0.5739161336176262 0.5258358662613982 0.583866382373845 0.5091185410334347 0.5891968727789624 0.48556231003039513 0.5902629708599858 0.42629179331306993 0.5966595593461265 0.34574468085106386 0.6051883439943141 0.256838905775076 0.5963041933191187 0.24240121580547114 0.5884861407249466 0.256838905775076 0.5792466240227434 0.303951367781155
11 0.5771144278606966 0.46048632218844987 0.5746268656716418 0.48632218844984804 0.5764036958066808 0.520516717325228 0.5849324804548686 0.5288753799392097 0.5923951670220327 0.5250759878419453 0.59772565742715 0.5334346504559271 0.6098081023454158 0.5227963525835866 0.6144278606965174 0.506079027355623 0.6140724946695096 0.4217325227963526 0.6154939587775409 0.3822188449848024 0.6172707889125799 0.3427051671732523 0.6194029850746269 0.2993920972644377 0.6194029850746269 0.27811550151975684 0.6190476190476191 0.26443768996960487 0.6048329779673063 0.2560790273556231 0.5913290689410092 0.32142857142857145
14 0.6613361762615494 0.45972644376899696 0.6606254442075338 0.4749240121580547 0.6560056858564322 0.513677811550152 0.6663113006396588 0.5250759878419453 0.6840796019900498 0.5273556231003039 0.7043354655294953 0.5075987841945289 0.7004264392324094 0.4582066869300912 0.7061122956645345 0.3958966565349544 0.7089552238805971 0.3434650455927052 0.7075337597725657 0.2803951367781155 0.6936744847192609 0.270516717325228 0.6858564321250888 0.2796352583586626 0.6734186211798152 0.32066869300911854 0.6723525230987918 0.3844984802431611
15 0.693319118692253 0.4908814589665654 0.6986496090973703 0.5091185410334347 0.7078891257995735 0.5167173252279635 0.7292110874200426 0.5015197568389058 0.7356076759061834 0.5045592705167173 0.742359630419332 0.47188449848024316 0.7359630419331912 0.4331306990881459 0.7316986496090974 0.3700607902735562 0.7316986496090974 0.30167173252279633 0.7306325515280739 0.26595744680851063 0.720682302771855 0.25987841945288753 0.7096659559346127 0.2887537993920973 0.697228144989339 0.4095744680851064
16 0.507818052594172 0.5227963525835866 0.5074626865671642 0.5828267477203647 0.5099502487562189 0.6413373860182371 0.5127931769722814 0.7059270516717325 0.5223880597014925 0.723404255319149 0.5270078180525942 0.709726443768997 0.5259417199715707 0.5949848024316109 0.5270078180525942 0.526595744680851 0.5227434257285004 0.5159574468085106
17 0.5266524520255863 0.5288753799392097 0.5266524520255863 0.5615501519756839 0.5266524520255863 0.6162613981762918 0.5248756218905473 0.6808510638297872 0.527363184079602 0.7264437689969605 0.5323383084577115 0.7370820668693009 0.5433546552949537 0.7150455927051672 0.5437100213219617 0.5949848024316109 0.5497512437810945 0.5250759878419453 0.5398009950248757 0.5159574468085106
18 0.5533049040511727 0.5273556231003039 0.5454868514570007 0.5569908814589666 0.5440653873489695 0.6048632218844985 0.5444207533759773 0.6930091185410334 0.5479744136460555 0.7515197568389058 0.5582800284292821 0.756838905775076 0.566453447050462 0.7120060790273556 0.5707178393745558 0.5896656534954408 0.5692963752665245 0.547112462006079
19 0.5700071073205402 0.5569908814589666 0.5632551528073916 0.5668693009118541 0.5653873489694385 0.6063829787234043 0.5689410092395167 0.708966565349544 0.5707178393745558 0.7446808510638298 0.5756929637526652 0.7613981762917933 0.583866382373845 0.7651975683890577 0.591684434968017 0.7279635258358662 0.5906183368869936 0.5972644376899696 0.5927505330490405 0.5585106382978723 0.585998578535892 0.5433130699088146 0.5810234541577826 0.5364741641337386 0.5756929637526652 0.5417933130699089
20 0.5891968727789624 0.5577507598784195 0.5831556503198294 0.5577507598784195 0.5796019900497512 0.5668693009118541 0.5842217484008528 0.5980243161094225 0.5913290689410092 0.6656534954407295 0.5906183368869936 0.7370820668693009 0.5952380952380952 0.7629179331306991 0.6027007818052594 0.7796352583586627 0.6133617626154939 0.7727963525835866 0.6140724946695096 0.6998480243161094 0.6115849324804549 0.6155015197568389 0.6147832267235253 0.5683890577507599 0.6044776119402985 0.5509118541033434 0.593816631130064 0.5486322188449848
21 0.6222459132906895 0.5577507598784195 0.6179815209665956 0.5539513677811551 0.6094527363184079 0.5623100303951368 0.605543710021322 0.5851063829787234 0.6090973702914001 0.6200607902735562 0.6179815209665956 0.6641337386018237 0.6208244491826581 0.7120060790273556 0.6250888415067519 0.7553191489361702 0.6339729921819474 0.7720364741641338 0.6457000710732054 0.7788753799392097 0.664179104477612 0.756838905775076 0.6616915422885572 0.7021276595744681 0.6528073916133618 0.601063829787234 0.6520966595593461 0.5653495440729484 0.6311300639658849 0.5509118541033434
22 0.6506751954513148 0.5585106382978723 0.646410803127221 0.5615501519756839 0.6400142146410803 0.5737082066869301 0.6471215351812367 0.6139817629179332 0.6712864250177683 0.7477203647416414 0.6901208244491827 0.7659574468085106 0.7132196162046909 0.7226443768996961 0.6990049751243781 0.6382978723404256 0.6886993603411514 0.5759878419452887 0.677683013503909 0.5357142857142857 0.6663113006396588 0.5440729483282675 0.6531627576403696 0.5440729483282675
23 0.6876332622601279 0.5433130699088146 0.6823027718550106 0.5478723404255319 0.677683013503909 0.5714285714285714 0.6883439943141436 0.6063829787234043 0.7029140014214641 0.6595744680851063 0.7189054726368159 0.702887537993921 0.7348969438521677 0.7127659574468085 0.750177683013504 0.6983282674772037 0.7508884150675196 0.6428571428571429 0.7366737739872068 0.5972644376899696 0.7281449893390192 0.5668693009118541 0.7238805970149254 0.5227963525835866 0.7107320540156361 0.5151975683890577 0.6961620469083155 0.5235562310030395
24 0.5074626865671642 0.5167173252279635 0.5088841506751954 0.5820668693009119 0.5145700071073206 0.7066869300911854 0.5124378109452736 0.7302431610942249 0.5060412224591329 0.7424012158054711 0.4936034115138593 0.6276595744680851 0.4879175550817342 0.5562310030395137 0.48329779673063256 0.5129179331306991
25 0.468727789623312 0.5167173252279635 0.46552949538024163 0.5334346504559271 0.47547974413646055 0.6246200607902735 0.48152096659559346 0.7424012158054711 0.49324804548685147 0.756079027355623 0.5028429282160626 0.7211246200607903 0.488272921108742 0.5547112462006079 0.4879175550817342 0.520516717325228 0.47547974413646055 0.5113981762917933
26 0.4538024164889837 0.5220364741641338 0.4484719260838664 0.5349544072948328 0.4445628997867804 0.5638297872340425 0.4509594882729211 0.6056231003039514 0.4587775408670931 0.6998480243161094 0.4612651030561478 0.729483282674772 0.46979388770433544 0.7606382978723404 0.47725657427149965 0.7575987841945289 0.48009950248756217 0.7127659574468085 0.47370291400142145 0.5957446808510638 0.46943852167732764 0.5448328267477204 0.4605543710021322 0.5182370820668692
27 0.43994314143567875 0.5372340425531915 0.43212508884150674 0.5547112462006079 0.4331911869225302 0.5820668693009119 0.43248045486851455 0.7378419452887538 0.44776119402985076 0.756838905775076 0.4506041222459133 0.6854103343465046 0.4623312011371713 0.5851063829787234 0.4623312011371713 0.5486322188449848 0.4566453447050462 0.5478723404255319 0.45167022032693677 0.5258358662613982
28 0.41222459132906897 0.5547112462006079 0.40653873489694387 0.5547112462006079 0.40298507462686567 0.5942249240121581 0.4051172707889126 0.6960486322188449 0.4118692253020611 0.7484802431610942 0.4189765458422175 0.7613981762917933 0.4292821606254442 0.7545592705167173 0.43176972281449894 0.7059270516717325 0.43248045486851455 0.6276595744680851 0.43887704335465527 0.5653495440729484 0.43781094527363185 0.5562310030395137 0.43070362473347545 0.5493920972644377 0.4182658137882018 0.5531914893617021
29 0.3770433546552949 0.5425531914893617 0.3727789623312011 0.5395136778115501 0.36709310589907607 0.5501519756838906 0.3663823738450604 0.5904255319148937 0.3621179815209666 0.6474164133738601 0.35252309879175553 0.7021276595744681 0.3503909026297086 0.743161094224924 0.36105188343994316 0.7697568389057751 0.3855721393034826 0.7644376899696048 0.39800995024875624 0.7264437689969605 0.4090262970859986 0.6413373860182371 0.42217484008528783 0.581306990881459 0.4239516702203269 0.5486322188449848 0.4136460554371002 0.547112462006079 0.40440653873489696 0.5501519756838906 0.39587775408670933 0.5349544072948328 0.38877043354655294 0.5395136778115501 0.38272921108742003 0.5349544072948328
30 0.3244491826581379 0.5638297872340425 0.32373845060412226 0.5949848024316109 0.31556503198294245 0.6322188449848024 0.30419331911869224 0.6785714285714286 0.3013503909026297 0.7340425531914894 0.3049040511727079 0.743920972644377 0.3212508884150675 0.7621580547112462 0.3393745557924662 0.736322188449848 0.3695806680881308 0.6177811550151976 0.3813077469793888 0.5790273556231003 0.3834399431414357 0.5577507598784195 0.3756218905472637 0.5417933130699089 0.3678038379530917 0.5440729483282675 0.3621179815209666 0.5334346504559271 0.3482587064676617 0.53419452887538 0.34186211798152094 0.5288753799392097 0.3361762615493959 0.53419452887538 0.3322672352523099 0.5349544072948328
31 0.2945984363894812 0.506838905775076 0.2867803837953092 0.506838905775076 0.2810945273631841 0.567629179331307 0.267590618336887 0.6025835866261399 0.2572850035536603 0.6390577507598785 0.26261549395877753 0.6869300911854104 0.2818052594171997 0.7006079027355623 0.30774697938877044 0.6451367781155015 0.32587064676616917 0.5927051671732523 0.3404406538734897 0.547112462006079 0.337953091684435 0.5220364741641338 0.3248045486851457 0.5197568389057751 0.30774697938877044 0.506079027355623 0.2992181947405828 0.4946808510638298