0 0.49930362116991645 0.4833776595744681 0.4986072423398329 0.5285904255319149 0.5013927576601671 0.5418882978723404 0.5135793871866295 0.5492021276595744 0.5278551532033426 0.5485372340425532 0.5351671309192201 0.5332446808510638 0.533774373259053 0.4640957446808511 0.5316852367688022 0.3723404255319149 0.5243732590529248 0.3071808510638298 0.5229805013927576 0.25930851063829785 0.5149721448467967 0.22606382978723405 0.5052228412256268 0.2247340425531915 0.5052228412256268 0.2859042553191489 0.5006963788300836 0.39694148936170215
1 0.4714484679665738 0.46941489361702127 0.4700557103064067 0.5039893617021277 0.47214484679665736 0.5259308510638298 0.48259052924791085 0.5438829787234043 0.49408077994428967 0.543218085106383 0.5 0.5325797872340425 0.5 0.449468085106383 0.5006963788300836 0.3570478723404255 0.5024373259052924 0.2765957446808511 0.4975626740947075 0.22539893617021275 0.48363509749303624 0.22539893617021275 0.47701949860724235 0.2859042553191489 0.471100278551532 0.4321808510638298
2 0.44637883008356544 0.48138297872340424 0.4456824512534819 0.49933510638297873 0.4491643454038997 0.5179521276595744 0.4578690807799443 0.5246010638297872 0.4738857938718663 0.5093085106382979 0.47841225626740946 0.48603723404255317 0.4700557103064067 0.40492021276595747 0.4676183844011142 0.32513297872340424 0.46309192200557103 0.3098404255319149 0.4529944289693593 0.3025265957446808 0.4477715877437326 0.31183510638297873 0.44603064066852366 0.34441489361702127 0.4491643454038997 0.40425531914893614
3 0.41852367688022285 0.46941489361702127 0.4178272980501393 0.4953457446808511 0.4192200557103064 0.5232712765957447 0.42862116991643456 0.5325797872340425 0.44428969359331477 0.5292553191489362 0.4561281337047354 0.4853723404255319 0.4578690807799443 0.4627659574468085 0.4554317548746518 0.40625 0.44603064066852366 0.3011968085106383 0.44603064066852366 0.2759308510638298 0.44463788300835655 0.2546542553191489 0.43419220055710306 0.24800531914893617 0.4244428969359331 0.2613031914893617
4 0.38753481894150416 0.4660904255319149 0.38614206128133705 0.5013297872340425 0.39902506963788303 0.5212765957446809 0.4188718662952646 0.5152925531914894 0.42862116991643456 0.4773936170212766 0.42374651810584957 0.3663563829787234 0.4171309192200557 0.2925531914893617 0.40564066852367686 0.25731382978723405 0.39240947075208915 0.2579787234042553 0.3944986072423398 0.3158244680851064
5 0.3464484679665738 0.4627659574468085 0.34401114206128136 0.4853723404255319 0.3464484679665738 0.5059840425531915 0.3607242339832869 0.5206117021276596 0.38370473537604455 0.519281914893617 0.39240947075208915 0.5006648936170213 0.395891364902507 0.46941489361702127 0.3896239554317549 0.39095744680851063 0.38231197771587744 0.3151595744680851 0.3722144846796657 0.2632978723404255 0.36420612813370473 0.24268617021276595 0.3565459610027855 0.24601063829787234 0.35201949860724235 0.269281914893617
6 0.3004874651810585 0.4288563829787234 0.2963091922005571 0.45944148936170215 0.29909470752089135 0.4787234042553192 0.3123259052924791 0.4913563829787234 0.32729805013927576 0.4973404255319149 0.3412256267409471 0.4820478723404255 0.3474930362116992 0.45944148936170215 0.34157381615598886 0.4002659574468085 0.3412256267409471 0.3071808510638298 0.33147632311977715 0.24002659574468085 0.32486072423398327 0.22805851063829788 0.31441504178272983 0.22406914893617022 0.30536211699164345 0.24534574468085107
7 0.25870473537604455 0.40757978723404253 0.2527855153203343 0.43018617021276595 0.2566155988857939 0.45611702127659576 0.2743732590529248 0.4740691489361702 0.2879526462395543 0.46875 0.29909470752089135 0.45611702127659576 0.30292479108635095 0.4148936170212766 0.3025766016713092 0.3171542553191489 0.2942200557103064 0.2440159574468085 0.28690807799442897 0.2293882978723404 0.2799442896935933 0.22805851063829788 0.27298050139275765 0.24867021276595744 0.2719359331476323 0.2945478723404255 0.2719359331476323 0.3257978723404255
8 0.5351671309192201 0.5 0.5330779944289693 0.5398936170212766 0.5389972144846796 0.5511968085106383 0.5490947075208914 0.5558510638297872 0.5678969359331476 0.5378989361702128 0.5675487465181058 0.4913563829787234 0.5675487465181058 0.4454787234042553 0.5703342618384402 0.3377659574468085 0.5706824512534819 0.2978723404255319 0.5689415041782729 0.27925531914893614 0.5637186629526463 0.27194148936170215 0.5560584958217271 0.2765957446808511 0.540041782729805 0.41023936170212766
9 0.5665041782729805 0.4833776595744681 0.5658077994428969 0.5305851063829787 0.5776462395543176 0.5405585106382979 0.5863509749303621 0.5378989361702128 0.5947075208913649 0.5292553191489362 0.5981894150417827 0.49268617021276595 0.5940111420612814 0.43617021276595747 0.5922701949860725 0.3570478723404255 0.5954038997214485 0.31050531914893614 0.5901810584958217 0.2859042553191489 0.5821727019498607 0.2865691489361702 0.5748607242339833 0.3098404255319149 0.5696378830083565 0.37699468085106386
10 0.5950557103064067 0.46875 0.591225626740947 0.49268617021276595 0.6055013927576601 0.5292553191489362 0.6159470752089137 0.5285904255319149 0.6229108635097493 0.511968085106383 0.6246518105849582 0.4820478723404255 0.6222144846796658 0.4428191489361702 0.6187325905292479 0.38231382978723405 0.6204735376044568 0.34574468085106386 0.621866295264624 0.33111702127659576 0.628133704735376 0.2925531914893617 0.6222144846796658 0.2526595744680851 0.6159470752089137 0.25 0.5999303621169917 0.293218085106383
11 0.6180362116991643 0.4621010638297872 0.6176880222841226 0.4913563829787234 0.6305710306406686 0.5166223404255319 0.6385793871866295 0.5299202127659575 0.6532033426183844 0.5146276595744681 0.6552924791086351 0.49069148936170215 0.6500696378830083 0.45146276595744683 0.6448467966573816 0.3996010638297872 0.645891364902507 0.3410904255319149 0.6476323119777159 0.32313829787234044 0.6476323119777159 0.28257978723404253 0.6434540389972145 0.2699468085106383 0.6350974930362117 0.26861702127659576 0.6288300835654597 0.2925531914893617
12 0.6434540389972145 0.45146276595744683 0.6431058495821727 0.4800531914893617 0.6532033426183844 0.5086436170212766 0.666782729805014 0.5159574468085106 0.6817548746518106 0.5066489361702128 0.6824512534818942 0.4734042553191489 0.677924791086351 0.44481382978723405 0.6720055710306406 0.3716755319148936 0.6740947075208914 0.3404255319148936 0.6796657381615598 0.3125 0.6824512534818942 0.28856382978723405 0.6824512534818942 0.2632978723404255 0.6751392757660167 0.25731382978723405 0.6643454038997214 0.27726063829787234 0.6601671309192201 0.29654255319148937 0.6525069637883009 0.32978723404255317
13 0.6758356545961003 0.45146276595744683 0.6733983286908078 0.4773936170212766 0.6831476323119777 0.507313829787234 0.7016016713091922 0.511968085106383 0.7190111420612814 0.5093085106382979 0.7256267409470752 0.4946808510638298 0.7249303621169917 0.4640957446808511 0.7176183844011143 0.40691489361702127 0.7141364902506964 0.36236702127659576 0.7200557103064067 0.3191489361702128 0.7200557103064067 0.28856382978723405 0.7165738161559888 0.2746010638297872 0.7071727019498607 0.27194148936170215 0.6942896935933147 0.29521276595744683 0.6866295264623955 0.3404255319148936 0.6800139275766016 0.3863031914893617
14 0.7221448467966574 0.43949468085106386 0.7238857938718662 0.4654255319148936 0.7332869080779945 0.4867021276595745 0.7437325905292479 0.4900265957446808 0.7597493036211699 0.48271276595744683 0.7726323119777159 0.46742021276595747 0.7747214484679665 0.4408244680851064 0.766016713091922 0.3996010638297872 0.758008356545961 0.36569148936170215 0.7555710306406686 0.3184840425531915 0.7566155988857939 0.28523936170212766 0.7573119777158774 0.25930851063829785 0.7562674094707521 0.23337765957446807 0.7489554317548747 0.22539893617021275 0.7388579387186629 0.23404255319148937 0.7311977715877437 0.2859042553191489 0.7228412256267409 0.38563829787234044
15 0.762883008356546 0.40558510638297873 0.7677576601671309 0.4488031914893617 0.7775069637883009 0.4627659574468085 0.7889972144846796 0.4621010638297872 0.8043175487465181 0.45013297872340424 0.814066852367688 0.43550531914893614 0.8168523676880223 0.41555851063829785 0.810933147632312 0.3863031914893617 0.7942200557103064 0.32646276595744683 0.791782729805014 0.30319148936170215 0.7970055710306406 0.2679521276595745 0.7966573816155988 0.24867021276595744 0.7865598885793872 0.24002659574468085 0.7799442896935933 0.23670212765957446 0.7681058495821727 0.24867021276595744 0.7635793871866295 0.26595744680851063 0.7573119777158774 0.2978723404255319 0.7590529247910863 0.34507978723404253
23 0.7573119777158774 0.504654255319149 0.7552228412256268 0.5299202127659575 0.7729805013927576 0.5658244680851063 0.79491643454039 0.605718085106383 0.8064066852367688 0.6256648936170213 0.8272980501392758 0.6422872340425532 0.8474930362116991 0.6356382978723404 0.8523676880222841 0.6156914893617021 0.8366991643454039 0.5485372340425532 0.8238161559888579 0.5206117021276596 0.8123259052924791 0.4853723404255319 0.8011838440111421 0.4640957446808511 0.7792479108635098 0.47273936170212766 0.7729805013927576 0.48736702127659576
22 0.7089136490250696 0.5325797872340425 0.7116991643454039 0.567154255319149 0.7273676880222841 0.6210106382978723 0.7479108635097493 0.692154255319149 0.7576601671309192 0.7147606382978723 0.7802924791086351 0.7340425531914894 0.7973537604456824 0.7253989361702128 0.8084958217270195 0.7054521276595744 0.7959610027855153 0.6336436170212766 0.7754178272980501 0.5711436170212766 0.7688022284122563 0.5279255319148937 0.7600974930362117 0.5113031914893617 0.7524373259052924 0.5059840425531915 0.7399025069637883 0.5053191489361702 0.7357242339832869 0.519281914893617 0.7256267409470752 0.5139627659574468
21 0.6556406685236769 0.5452127659574468 0.6573816155988857 0.5797872340425532 0.6733983286908078 0.6735372340425532 0.700208913649025 0.7367021276595744 0.7207520891364902 0.7559840425531915 0.7353760445682451 0.7440159574468085 0.7416434540389972 0.7101063829787234 0.7350278551532033 0.6476063829787234 0.7204038997214485 0.5871010638297872 0.7092618384401114 0.5485372340425532 0.6984679665738162 0.5226063829787234 0.6768802228412256 0.5299202127659575 0.6671309192200557 0.5345744680851063
20 0.6270891364902507 0.5605053191489362 0.6267409470752089 0.5957446808510638 0.6396239554317549 0.663563829787234 0.6556406685236769 0.7539893617021277 0.6733983286908078 0.7892287234042553 0.6873259052924791 0.7845744680851063 0.6841922005571031 0.7420212765957447 0.6678272980501393 0.629654255319149 0.6678272980501393 0.5724734042553191 0.6493732590529248 0.5465425531914894 0.633008356545961 0.5518617021276596
19 0.596100278551532 0.5678191489361702 0.5971448467966574 0.5944148936170213 0.6030640668523677 0.6662234042553191 0.612116991643454 0.738031914893617 0.6232590529247911 0.7839095744680851 0.641016713091922 0.7918882978723404 0.650766016713092 0.7799202127659575 0.6472841225626741 0.7413563829787234 0.6357938718662952 0.7047872340425532 0.629874651810585 0.6509308510638298 0.6333565459610028 0.598404255319149 0.6326601671309192 0.5678191489361702 0.6211699164345403 0.5498670212765957 0.6044568245125348 0.5531914893617021
18 0.5706824512534819 0.5658244680851063 0.567200557103064 0.598404255319149 0.5738161559888579 0.6569148936170213 0.583217270194986 0.7466755319148937 0.5926183844011143 0.7958776595744681 0.6030640668523677 0.8204787234042553 0.6149025069637883 0.8224734042553191 0.6253481894150418 0.8045212765957447 0.6138579387186629 0.7433510638297872 0.6044568245125348 0.6589095744680851 0.5995821727019499 0.5964095744680851 0.5936629526462396 0.5605053191489362 0.5738161559888579 0.5518617021276596
17 0.5473537604456824 0.5731382978723404 0.5477019498607242 0.6223404255319149 0.549791086350975 0.7014627659574468 0.5532729805013927 0.7559840425531915 0.5574512534818942 0.785904255319149 0.5675487465181058 0.7952127659574468 0.5804317548746518 0.7819148936170213 0.572075208913649 0.692154255319149 0.5685933147632312 0.6243351063829787 0.5713788300835655 0.5804521276595744 0.5696378830083565 0.5704787234042553 0.5487465181058496 0.5658244680851063
16 0.5226323119777159 0.5611702127659575 0.5222841225626741 0.6037234042553191 0.524025069637883 0.6569148936170213 0.5264623955431755 0.7207446808510638 0.5299442896935933 0.7533244680851063 0.5355153203342619 0.7726063829787234 0.5473537604456824 0.7732712765957447 0.5525766016713092 0.7480053191489362 0.5477019498607242 0.6389627659574468 0.5466573816155988 0.6017287234042553 0.549791086350975 0.5691489361702128 0.5452646239554317 0.5618351063829787
24 0.5 0.5658244680851063 0.49930362116991645 0.5970744680851063 0.49930362116991645 0.6449468085106383 0.5006963788300836 0.7220744680851063 0.5017409470752089 0.7466755319148937 0.508008356545961 0.7599734042553191 0.5181058495821727 0.7613031914893617 0.5250696378830083 0.7300531914893617 0.524025069637883 0.5664893617021277 0.5132311977715878 0.5605053191489362
25 0.4801532033426184 0.5585106382978723 0.4766713091922006 0.5691489361702128 0.4752785515320334 0.5944148936170213 0.4742339832869081 0.663563829787234 0.46935933147632314 0.7327127659574468 0.46518105849582175 0.7659574468085106 0.4738857938718663 0.7845744680851063 0.4853760445682451 0.7839095744680851 0.49442896935933145 0.7300531914893617 0.5 0.636968085106383 0.5017409470752089 0.581781914893617 0.5003481894150418 0.5618351063829787 0.4909470752089137 0.5538563829787234
26 0.4516016713091922 0.5625 0.44637883008356544 0.581781914893617 0.44603064066852366 0.6243351063829787 0.44603064066852366 0.6555851063829787 0.443941504178273 0.6861702127659575 0.4428969359331476 0.7147606382978723 0.43941504178272983 0.7446808510638298 0.43279944289693595 0.7666223404255319 0.4352367688022284 0.7845744680851063 0.44463788300835655 0.7905585106382979 0.4592618384401114 0.7759308510638298 0.46935933147632314 0.7200797872340425 0.4735376044568245 0.6422872340425532 0.47701949860724235 0.5997340425531915 0.4777158774373259 0.5724734042553191 0.4717966573816156 0.5531914893617021 0.4658774373259053 0.5492021276595744
27 0.4195682451253482 0.5731382978723404 0.4171309192200557 0.5944148936170213 0.42235376044568246 0.6509308510638298 0.4216573816155989 0.7194148936170213 0.4178272980501393 0.7539893617021277 0.4216573816155989 0.788563829787234 0.4321030640668524 0.788563829787234 0.4428969359331476 0.7759308510638298 0.44707520891364905 0.6914893617021277 0.4491643454038997 0.6283244680851063 0.4543871866295265 0.5924202127659575 0.4516016713091922 0.5764627659574468 0.4435933147632312 0.5625 0.43558495821727017 0.557845744680851 0.42374651810584957 0.5684840425531915
28 0.3969359331476323 0.5565159574468085 0.3871866295264624 0.5704787234042553 0.3840529247910863 0.620345744680851 0.3763927576601671 0.692154255319149 0.3610724233983287 0.7559840425531915 0.3582869080779944 0.7938829787234043 0.3708217270194986 0.8011968085106383 0.3864902506963788 0.7752659574468085 0.40947075208913647 0.663563829787234 0.42235376044568246 0.601063829787234 0.4268802228412256 0.5751329787234043 0.4213091922005571 0.5591755319148937 0.40842618384401114 0.5445478723404256
29 0.34575208913649025 0.5418882978723404 0.3373955431754875 0.5485372340425532 0.334958217270195 0.5824468085106383 0.3325208913649025 0.6190159574468085 0.3185933147632312 0.6815159574468085 0.3147632311977716 0.711436170212766 0.318941504178273 0.7433510638297872 0.34331476323119775 0.7632978723404256 0.3635097493036212 0.7333776595744681 0.38057103064066855 0.644281914893617 0.3920612813370474 0.5950797872340425 0.39658774373259054 0.5651595744680851 0.39240947075208915 0.5398936170212766 0.3791782729805014 0.5378989361702128 0.37012534818941506 0.5425531914893617 0.3649025069637883 0.535904255319149 0.3551532033426184 0.5372340425531915
30 0.29979108635097496 0.5146276595744681 0.2862116991643454 0.5392287234042553 0.28551532033426186 0.5585106382978723 0.2743732590529248 0.5970744680851063 0.2527855153203343 0.6476063829787234 0.24721448467966572 0.6861702127659575 0.25 0.7127659574468085 0.26740947075208915 0.7174202127659575 0.2837743732590529 0.7034574468085106 0.3123259052924791 0.651595744680851 0.33356545961002787 0.5910904255319149 0.34818941504178275 0.5605053191489362 0.34157381615598886 0.5305851063829787 0.3286908077994429 0.5166223404255319 0.32137883008356544 0.5159574468085106 0.3137186629526462 0.507313829787234
31 0.2479108635097493 0.4720744680851064 0.23433147632311976 0.5006648936170213 0.23050139275766016 0.5325797872340425 0.2078690807799443 0.6023936170212766 0.20438718662952646 0.6276595744680851 0.21030640668523676 0.6529255319148937 0.2318941504178273 0.6462765957446809 0.2681058495821727 0.6017287234042553 0.2785515320334262 0.5684840425531915 0.2963091922005571 0.5398936170212766 0.29735376044568246 0.5159574468085106 0.2879526462395543 0.4940159574468085 0.27298050139275765 0.48736702127659576 0.2642757660167131 0.46875