0 0.4638329604772558 0.39893617021276595 0.4615958240119314 0.4430091185410334 0.4608501118568233 0.47112462006079026 0.4589858314690529 0.493161094224924 0.45786726323639076 0.5433130699088146 0.4589858314690529 0.5706686930091185 0.4746457867263236 0.5851063829787234 0.4843400447427293 0.5828267477203647 0.4873228933631618 0.5531914893617021 0.4891871737509321 0.5212765957446809 0.49030574198359433 0.4810030395136778 0.49030574198359433 0.4452887537993921 0.49030574198359433 0.4072948328267477 0.4873228933631618 0.39285714285714285 0.4753914988814318 0.3829787234042553
1 0.4459358687546607 0.39893617021276595 0.4459358687546607 0.418693009118541 0.4429530201342282 0.4452887537993921 0.44220730797912006 0.4848024316109423 0.4381058911260254 0.5167173252279635 0.4332587621178225 0.5547112462006079 0.43512304250559286 0.5851063829787234 0.45302013422818793 0.5949848024316109 0.45674869500372856 0.5729483282674772 0.4608501118568233 0.4992401215805471 0.4608501118568233 0.44680851063829785 0.4615958240119314 0.4133738601823708 0.4615958240119314 0.39285714285714285 0.45786726323639076 0.38069908814589665
2 0.42058165548098436 0.4012158054711246 0.41946308724832215 0.4430091185410334 0.4146159582401193 0.48328267477203646 0.4116331096196868 0.5030395136778115 0.4116331096196868 0.5212765957446809 0.4116331096196868 0.560790273556231 0.41648023862788963 0.5851063829787234 0.4313944817300522 0.5911854103343465 0.436241610738255 0.5486322188449848 0.4381058911260254 0.5007598784194529 0.4481730052199851 0.41109422492401215 0.4481730052199851 0.3768996960486322 0.4272930648769575 0.37537993920972645
3 0.3870246085011186 0.3913373860182371 0.39112602535421326 0.439209726443769 0.38926174496644295 0.4787234042553192 0.3844146159582401 0.5167173252279635 0.3832960477255779 0.5531914893617021 0.39112602535421326 0.5706686930091185 0.3989560029828486 0.5706686930091185 0.4108873974645787 0.5288753799392097 0.412751677852349 0.47112462006079026 0.41573452647278153 0.4247720364741641 0.42058165548098436 0.39285714285714285 0.41648023862788963 0.364741641337386
4 0.36651752423564504 0.3890577507598784 0.36651752423564504 0.4430091185410334 0.3627889634601044 0.4848024316109423 0.36055182699478 0.5167173252279635 0.36465324384787473 0.5486322188449848 0.38031319910514544 0.541033434650456 0.38516032811334827 0.48936170212765956 0.3870246085011186 0.43465045592705165 0.39224459358687547 0.39285714285714285
5 0.3284862043251305 0.364741641337386 0.32550335570469796 0.4012158054711246 0.3243847874720358 0.4787234042553192 0.3202833706189411 0.5167173252279635 0.32736763609246833 0.5387537993920972 0.3497390007457122 0.547112462006079 0.36651752423564504 0.5151975683890577 0.36577181208053694 0.45288753799392095 0.36577181208053694 0.4148936170212766 0.36577181208053694 0.38677811550151975 0.34489187173750935 0.3609422492401216
6 0.28821774794929156 0.3351063829787234 0.2829977628635347 0.385258358662614 0.2803877703206562 0.4072948328267477 0.27815063385533184 0.4490881458966565 0.27926920208799405 0.4673252279635258 0.27628635346756153 0.493161094224924 0.2889634601043997 0.5250759878419453 0.3057419835943326 0.5288753799392097 0.31469052945563014 0.5129179331306991 0.31767337807606266 0.4848024316109423 0.31841909023117076 0.4331306990881459 0.3202833706189411 0.3913373860182371 0.3225205070842655 0.33890577507598785 0.3068605518269948 0.3229483282674772 0.29679343773303507 0.3229483282674772
8 0.49515287099179717 0.4012158054711246 0.49515287099179717 0.4452887537993921 0.49515287099179717 0.4673252279635258 0.49403430275913496 0.48936170212765956 0.49217002237136465 0.5273556231003039 0.49105145413870244 0.560790273556231 0.49515287099179717 0.5851063829787234 0.5048471290082028 0.5851063829787234 0.5126771066368382 0.5790273556231003 0.517524235645041 0.5531914893617021 0.5186428038777032 0.5250759878419453 0.5156599552572707 0.4946808510638298 0.5156599552572707 0.4551671732522796 0.5126771066368382 0.39893617021276595
9 0.517524235645041 0.3966565349544073 0.5149142431021626 0.4133738601823708 0.5149142431021626 0.4688449848024316 0.5167785234899329 0.4969604863221885 0.5186428038777032 0.560790273556231 0.5275913497390008 0.5729483282674772 0.5361670395227442 0.5828267477203647 0.5421327367636093 0.5653495440729484 0.5432513049962714 0.5212765957446809 0.5432513049962714 0.4726443768996961 0.5421327367636093 0.43465045592705165 0.5421327367636093 0.3791793313069909 0.5246085011185683 0.3768996960486322
10 0.5469798657718121 0.385258358662614 0.5413870246085011 0.4027355623100304 0.5372856077554065 0.4270516717325228 0.5361670395227442 0.45896656534954405 0.5361670395227442 0.4810030395136778 0.5372856077554065 0.5151975683890577 0.5439970171513796 0.5448328267477204 0.552199850857569 0.5630699088145896 0.5656226696495152 0.5653495440729484 0.5678598061148397 0.547112462006079 0.5678598061148397 0.4810030395136778 0.5648769574944071 0.439209726443769 0.5626398210290827 0.4072948328267477
11 0.5678598061148397 0.4088145896656535 0.5678598061148397 0.4430091185410334 0.5656226696495152 0.4810030395136778 0.5656226696495152 0.5167173252279635 0.5667412378821775 0.5668693009118541 0.5883668903803132 0.5653495440729484 0.5902311707680835 0.5448328267477204 0.5902311707680835 0.5212765957446809 0.5902311707680835 0.5030395136778115 0.5902311707680835 0.4369300911854103 0.5824011931394482 0.38677811550151975
12 0.5913497390007457 0.3966565349544073 0.5883668903803132 0.4369300911854103 0.587248322147651 0.4726443768996961 0.587248322147651 0.5273556231003039 0.5920954511558538 0.5509118541033434 0.6129753914988815 0.5547112462006079 0.6167039522744221 0.541033434650456 0.6148396718866518 0.4848024316109423 0.6118568232662193 0.4513677811550152 0.609992542878449 0.4027355623100304 0.6088739746457867 0.38069908814589665
13 0.6178225205070843 0.38677811550151975 0.6178225205070843 0.4308510638297872 0.6167039522744221 0.4673252279635258 0.615958240119314 0.4992401215805471 0.6178225205070843 0.5372340425531915 0.6316181953765846 0.5547112462006079 0.6480238627889635 0.5531914893617021 0.6558538404175988 0.5288753799392097 0.6580909768829232 0.493161094224924 0.6551081282624907 0.42325227963525835 0.645413870246085 0.38677811550151975 0.6394481730052199 0.36930091185410335
14 0.6521252796420581 0.36322188449848025 0.6521252796420581 0.4088145896656535 0.6532438478747203 0.44680851063829785 0.656972408650261 0.4810030395136778 0.6640566741237882 0.5167173252279635 0.6737509321401939 0.5288753799392097 0.6882923191648024 0.5151975683890577 0.6961222967934377 0.48936170212765956 0.6912751677852349 0.4627659574468085 0.6826994780014914 0.4270516717325228 0.6797166293810589 0.4088145896656535 0.674496644295302 0.38677811550151975 0.6696495152870992 0.3472644376899696
15 0.6815809097688292 0.2993920972644377 0.6718866517524236 0.31534954407294835 0.6707680835197614 0.3427051671732523 0.6737509321401939 0.37537993920972645 0.6785980611483967 0.3966565349544073 0.7013422818791947 0.40501519756838905 0.7199850857568978 0.39285714285714285 0.7304250559284117 0.364741641337386 0.714765100671141 0.3229483282674772 0.7061894108873975 0.3047112462006079 0.6991051454138703 0.30319148936170215 0.6923937360178971 0.29711246200607905
16 0.5029828486204325 0.7272036474164134 0.5018642803877703 0.6930091185410334 0.49328859060402686 0.6170212765957447 0.4970171513795675 0.5927051671732523 0.5096942580164057 0.6048632218844985 0.5126771066368382 0.6170212765957447 0.5126771066368382 0.6352583586626139 0.5119313944817301 0.6732522796352584 0.5126771066368382 0.6990881458966566 0.5149142431021626 0.7272036474164134 0.5149142431021626 0.7530395136778115 0.5078299776286354 0.7553191489361702 0.5018642803877703 0.7492401215805471
17 0.5294556301267711 0.7750759878419453 0.5294556301267711 0.743161094224924 0.5294556301267711 0.7066869300911854 0.5253542132736764 0.6831306990881459 0.522744220730798 0.6390577507598785 0.5216256524981358 0.6071428571428571 0.5205070842654735 0.5889057750759878 0.5275913497390008 0.5889057750759878 0.5343027591349739 0.6033434650455927 0.5354213273676361 0.6329787234042553 0.5354213273676361 0.648936170212766 0.5361670395227442 0.6709726443768997 0.540268456375839 0.7112462006079028 0.5413870246085011 0.7370820668693009 0.5432513049962714 0.7651975683890577
18 0.5499627143922446 0.5691489361702128 0.5421327367636093 0.5828267477203647 0.5391498881431768 0.6208206686930091 0.540268456375839 0.6512158054711246 0.5439970171513796 0.689209726443769 0.5480984340044742 0.7348024316109423 0.5540641312453393 0.7651975683890577 0.5648769574944071 0.7826747720364742 0.5678598061148397 0.743161094224924 0.5678598061148397 0.7226443768996961 0.5678598061148397 0.6770516717325228 0.5678598061148397 0.6246200607902735 0.5618941088739746 0.5828267477203647
19 0.5764354958985831 0.5691489361702128 0.5708426547352722 0.5752279635258358 0.5648769574944071 0.5987841945288754 0.5637583892617449 0.6306990881458967 0.5667412378821775 0.6770516717325228 0.5734526472781506 0.7150455927051672 0.5853840417598807 0.7689969604863222 0.593214019388516 0.7530395136778115 0.5943325876211782 0.7066869300911854 0.5943325876211782 0.6428571428571429 0.5943325876211782 0.6193009118541033 0.587248322147651 0.5911854103343465
20 0.5999254287844892 0.5691489361702128 0.5920954511558538 0.5972644376899696 0.5961968680089486 0.648936170212766 0.6058911260253542 0.708966565349544 0.6178225205070843 0.7386018237082067 0.633482475764355 0.7370820668693009 0.62751677852349 0.6952887537993921 0.6208053691275168 0.6466565349544073 0.6167039522744221 0.5889057750759878
21 0.6167039522744221 0.560790273556231 0.609992542878449 0.5866261398176292 0.6237882177479492 0.6352583586626139 0.6424310216256525 0.689209726443769 0.6588366890380313 0.7287234042553191 0.6767337807606264 0.6930091185410334 0.6756152125279642 0.6550151975683891 0.6696495152870992 0.6193009118541033 0.662938105891126 0.5851063829787234 0.6539895600298284 0.560790273556231 0.6372110365398956 0.5547112462006079
22 0.7334079045488442 0.6268996960486323 0.7218493661446681 0.6071428571428571 0.7050708426547353 0.5729483282674772 0.7002237136465325 0.560790273556231 0.6953765846383296 0.5189969604863222 0.662938105891126 0.5288753799392097 0.6580909768829232 0.5509118541033434 0.6659209545115585 0.5866261398176292 0.6797166293810589 0.6352583586626139 0.6882923191648024 0.662613981762918 0.6991051454138703 0.6709726443768997 0.7140193885160329 0.6709726443768997
23 0.7304250559284117 0.5167173252279635 0.7188665175242357 0.5767477203647416 0.7285607755406414 0.6086626139817629 0.7375093214019388 0.6132218844984803 0.7520507084265473 0.6109422492401215 0.7639821029082774 0.5911854103343465 0.7669649515287099 0.5531914893617021 0.7628635346756152 0.5288753799392097 0.750186428038777 0.5167173252279635
24 0.49217002237136465 0.7492401215805471 0.49105145413870244 0.7112462006079028 0.49030574198359433 0.6831306990881459 0.49030574198359433 0.6367781155015197 0.49030574198359433 0.6147416413373861 0.4891871737509321 0.5949848024316109 0.4802386278896346 0.5949848024316109 0.46942580164056674 0.5987841945288754 0.47054436987322895 0.6170212765957447 0.47054436987322895 0.6352583586626139 0.47054436987322895 0.6846504559270516 0.47240865026099926 0.7249240121580547 0.4753914988814318 0.7507598784194529 0.48322147651006714 0.7727963525835866
25 0.47240865026099926 0.7530395136778115 0.4716629381058911 0.7051671732522796 0.4716629381058911 0.6610942249240122 0.47054436987322895 0.6170212765957447 0.46942580164056674 0.6048632218844985 0.4615958240119314 0.5972644376899696 0.45376584638329603 0.5851063829787234 0.4489187173750932 0.6071428571428571 0.4481730052199851 0.6352583586626139 0.4507829977628635 0.662613981762918 0.45302013422818793 0.7211246200607903 0.45302013422818793 0.7507598784194529
26 0.4429530201342282 0.7887537993920972 0.4459358687546607 0.7651975683890577 0.4489187173750932 0.7051671732522796 0.4500372856077554 0.6512158054711246 0.4489187173750932 0.6147416413373861 0.4373601789709172 0.5828267477203647 0.43027591349739003 0.5927051671732523 0.4272930648769575 0.6193009118541033 0.424310216256525 0.6413373860182371 0.4224459358687547 0.6671732522796353 0.42058165548098436 0.6952887537993921 0.42058165548098436 0.7272036474164134 0.4224459358687547 0.7667173252279635
27 0.40678598061148397 0.7492401215805471 0.41648023862788963 0.6648936170212766 0.4217002237136465 0.6329787234042553 0.4224459358687547 0.6109422492401215 0.4217002237136465 0.5972644376899696 0.4116331096196868 0.581306990881459 0.3941088739746458 0.6147416413373861 0.3870246085011186 0.6747720364741642 0.3862788963460104 0.7150455927051672 0.3862788963460104 0.7606382978723404
28 0.3832960477255779 0.5767477203647416 0.37360178970917224 0.6033434650455927 0.36651752423564504 0.6367781155015197 0.36577181208053694 0.6907294832826748 0.36651752423564504 0.743161094224924 0.37844891871737507 0.7408814589665653 0.38516032811334827 0.708966565349544 0.38926174496644295 0.6747720364741642 0.39299030574198357 0.6550151975683891 0.4008202833706189 0.6306990881458967 0.40380313199105144 0.6048632218844985 0.40380313199105144 0.5911854103343465 0.3989560029828486 0.5767477203647416
29 0.343027591349739 0.5531914893617021 0.33818046234153615 0.5767477203647416 0.32923191648023864 0.601063829787234 0.31841909023117076 0.6466565349544073 0.32736763609246833 0.6930091185410334 0.33818046234153615 0.7127659574468085 0.35197613721103654 0.7051671732522796 0.3616703952274422 0.6512158054711246 0.38217747949291575 0.5972644376899696 0.38217747949291575 0.5828267477203647 0.3724832214765101 0.560790273556231 0.3598061148396719 0.5547112462006079
30 0.29903057419835943 0.5227963525835866 0.2870991797166294 0.5433130699088146 0.2725577926920209 0.5987841945288754 0.26174496644295303 0.6306990881458967 0.26547352721849365 0.6671732522796353 0.29008202833706187 0.6747720364741642 0.3105891126025354 0.668693009118541 0.3232662192393736 0.6367781155015197 0.3333333333333333 0.5987841945288754 0.3400447427293065 0.5668693009118541 0.33221476510067116 0.5448328267477204 0.31543624161073824 0.5250759878419453