0 0.4702442380460956 0.5714285714285714 0.49742002063983487 0.5683890577507599 0.48813209494324045 0.310790273556231 0.4709322325421397 0.3100303951367781 0.4671482628138975 0.5425531914893617
1 0.44478844169246645 0.5524316109422492 0.4678362573099415 0.5478723404255319 0.4664602683178535 0.30319148936170215 0.45166838665290676 0.303951367781155
2 0.4193326453388373 0.5189969604863222 0.4330925352597179 0.5455927051671733 0.44719642242862057 0.5167173252279635 0.44788441692466463 0.479483282674772 0.4454764361885105 0.35790273556231 0.4406604747162023 0.2811550151975684 0.4244926040591675 0.28343465045592703 0.4255245958032336 0.3738601823708207 0.42208462332301344 0.45592705167173253
3 0.40144478844169246 0.49620060790273557 0.41004471964224287 0.5220364741641338 0.4200206398348813 0.5106382978723404 0.4306845545235638 0.506838905775076 0.4368765049879601 0.4696048632218845 0.4306845545235638 0.2864741641337386 0.41142070863433094 0.28951367781155013
4 0.3821809425524596 0.5030395136778115 0.39387684898520814 0.520516717325228 0.39834881320949433 0.5106382978723404 0.4069487444100447 0.5151975683890577 0.41589267285861714 0.5174772036474165 0.42070863433092537 0.5098784194528876 0.4107327141382869 0.28495440729483285 0.3873409012727898 0.2933130699088146 0.3821809425524596 0.4490881458966565
5 0.35053319573443414 0.5151975683890577 0.369797041623667 0.5189969604863222 0.3873409012727898 0.513677811550152 0.39215686274509803 0.4688449848024316 0.38768489852081184 0.4209726443768997 0.38837289301685585 0.26975683890577506 0.369797041623667 0.26443768996960487 0.34743722050223597 0.45364741641337386
6 0.3133814929480564 0.4810030395136778 0.33746130030959753 0.506838905775076 0.34881320949432404 0.49620060790273557 0.3563811489508084 0.42325227963525835 0.36119711042311664 0.3305471124620061 0.35328517371861023 0.2826747720364742 0.3402132782937736 0.28951367781155013 0.33746130030959753 0.3533434650455927 0.3216374269005848 0.40425531914893614 0.3157894736842105 0.44148936170212766
7 0.2889576883384933 0.44832826747720367 0.3082215342277262 0.48024316109422494 0.3175094599243206 0.4817629179331307 0.3285173718610251 0.45288753799392095 0.33436532507739936 0.3913373860182371 0.33746130030959753 0.29103343465045595 0.31682146542827655 0.27887537993920974 0.2999656002751978 0.3723404255319149 0.28826969384244927 0.41033434650455924
8 0.4932920536635707 0.5516717325227963 0.521843825249398 0.5729483282674772 0.5228758169934641 0.5091185410334347 0.5194358445132439 0.47720364741641336 0.5173718610251118 0.2993920972644377 0.500171998624011 0.29635258358662614 0.4932920536635707 0.49012158054711247
9 0.522531819745442 0.5615501519756839 0.542827657378741 0.5516717325227963 0.5393876848985208 0.4574468085106383 0.5331957344341245 0.30319148936170215 0.5194358445132439 0.30319148936170215 0.5184038527691779 0.513677811550152
10 0.5366357069143447 0.5319148936170213 0.5462676298589612 0.5539513677811551 0.5548675610595115 0.5501519756838906 0.5627794977640179 0.5250759878419453 0.5634674922600619 0.28419452887537994 0.5486756105951153 0.28419452887537994 0.5400756793945648 0.45972644376899696 0.5359477124183006 0.49012158054711247
11 0.5514275885792914 0.5113981762917933 0.5586515307877536 0.5129179331306991 0.56656346749226 0.540273556231003 0.5730994152046783 0.5364741641337386 0.5810113519091847 0.506079027355623 0.5820433436532507 0.4095744680851064 0.5775713794289645 0.2826747720364742 0.5583075335397317 0.28799392097264437 0.5548675610595115 0.4095744680851064 0.5452356381148951 0.446048632218845 0.5455796353629171 0.4992401215805471
12 0.5672514619883041 0.5303951367781155 0.5758513931888545 0.5288753799392097 0.586171310629515 0.5463525835866262 0.5958032335741315 0.5227963525835866 0.5906432748538012 0.4308510638297872 0.5899552803577571 0.28419452887537994 0.5696594427244582 0.29559270516717323 0.5734434124527004 0.4034954407294833 0.564499484004128 0.4574468085106383 0.5617475060199518 0.5022796352583586
13 0.5913312693498453 0.540273556231003 0.6143790849673203 0.5417933130699089 0.6326109391124871 0.5288753799392097 0.6326109391124871 0.4726443768996961 0.6123151014791882 0.27887537993920974 0.5944272445820433 0.28799392097264437 0.5844513243894048 0.47112462006079026 0.5820433436532507 0.49012158054711247
14 0.6236670106639147 0.5098784194528876 0.6350189198486412 0.5303951367781155 0.6542827657378741 0.513677811550152 0.6587547299621603 0.45972644376899696 0.6467148262813898 0.40501519756838905 0.6350189198486412 0.2803951367781155 0.6150670794633643 0.28799392097264437 0.6178190574475404 0.43617021276595747
15 0.6587547299621603 0.4787234042553192 0.6752665978672171 0.49772036474164133 0.695906432748538 0.45972644376899696 0.695906432748538 0.418693009118541 0.6862745098039216 0.39361702127659576 0.6656346749226006 0.2864741641337386 0.6343309253525972 0.2993920972644377 0.651530787753698 0.44984802431610943
16 0.5060199518403853 0.5767477203647416 0.5252837977296182 0.5729483282674772 0.5263157894736842 0.6344984802431611 0.5239078087375301 0.7667173252279635 0.5125558995528036 0.7651975683890577
17 0.5239078087375301 0.574468085106383 0.5411076711386309 0.5615501519756839 0.5472996216030271 0.574468085106383 0.5462676298589612 0.6808510638297872 0.5338837289301686 0.7811550151975684 0.520811833505332 0.7803951367781155 0.5263157894736842 0.6367781155015197
18 0.5393876848985208 0.5843465045592705 0.5497076023391813 0.5531914893617021 0.5600275197798418 0.5501519756838906 0.5679394564843481 0.574468085106383 0.5610595115239078 0.817629179331307 0.5462676298589612 0.8153495440729484
19 0.5610595115239078 0.5805471124620061 0.5758513931888545 0.5539513677811551 0.587203302373581 0.5638297872340425 0.5896112831097351 0.5957446808510638 0.5803233574131407 0.8039513677811551 0.5634674922600619 0.8031914893617021 0.564499484004128 0.6322188449848024
20 0.5810113519091847 0.5691489361702128 0.587891296869625 0.5592705167173252 0.6099071207430341 0.5653495440729484 0.6109391124871001 0.7211246200607903 0.6212590299277606 0.7743161094224924 0.6064671482628139 0.7955927051671733 0.587203302373581 0.7226443768996961 0.5844513243894048 0.6268996960486323 0.5768833849329206 0.5896656534954408
21 0.6019951840385277 0.5668693009118541 0.60749914000688 0.5501519756838906 0.631578947368421 0.5387537993920972 0.6508427932576539 0.5501519756838906 0.6560027519779842 0.5881458966565349 0.6553147574819401 0.6109422492401215 0.6604747162022704 0.6709726443768997 0.6890264877880977 0.7446808510638298 0.6604747162022704 0.7887537993920972 0.6264189886480909 0.7249240121580547 0.6123151014791882 0.64209726443769 0.6026831785345718 0.5957446808510638
22 0.6460268317853457 0.5478723404255319 0.6618507051943584 0.5349544072948328 0.6666666666666666 0.506079027355623 0.673890608875129 0.506079027355623 0.6879944960440316 0.520516717325228 0.7303061575507396 0.6800911854103343 0.7062263501891984 0.7196048632218845 0.6756105951152391 0.6519756838905775 0.6659786721706227 0.6268996960486323 0.6470588235294118 0.5896656534954408
23 0.695562435500516 0.5364741641337386 0.7034743722050224 0.5189969604863222 0.716546267629859 0.5250759878419453 0.7285861713106295 0.513677811550152 0.738218094255246 0.5288753799392097 0.7420020639834881 0.5957446808510638 0.7471620227038184 0.6762917933130699 0.7155142758857929 0.6838905775075987 0.7058823529411765 0.6117021276595744 0.6948744410044719 0.5706686930091185
24 0.4864121087031304 0.5782674772036475 0.5067079463364293 0.5729483282674772 0.5111799105607155 0.7575987841945289 0.49432404540763675 0.7591185410334347
25 0.4633642930856553 0.5691489361702128 0.4884760921912625 0.5706686930091185 0.48744410044719644 0.6360182370820668 0.49638802889576883 0.770516717325228 0.48125214998280014 0.776595744680851 0.4630202958376333 0.5980243161094225
26 0.43790849673202614 0.5866261398176292 0.44719642242862057 0.5516717325227963 0.45545235638114895 0.5539513677811551 0.4674922600619195 0.5858662613981763 0.4702442380460956 0.6306990881458967 0.4702442380460956 0.71580547112462 0.4664602683178535 0.8252279635258358 0.44478844169246645 0.8252279635258358
27 0.4162366701066392 0.5577507598784195 0.42655658754729964 0.5516717325227963 0.44857241142070864 0.5805471124620061 0.4482284141726866 0.6443768996960486 0.43722050223598213 0.7940729483282675 0.4176126590987272 0.7887537993920972 0.42036463708290334 0.6998480243161094 0.41279669762641896 0.5995440729483282
28 0.3897488820089439 0.5638297872340425 0.40282077743378053 0.5501519756838906 0.41864465084279323 0.5539513677811551 0.4255245958032336 0.560790273556231 0.42655658754729964 0.5896656534954408 0.42070863433092537 0.6405775075987842 0.4224286205710354 0.708966565349544 0.4055727554179567 0.770516717325228 0.3980048159614723 0.7712765957446809 0.38837289301685585 0.5896656534954408
29 0.34915720674234607 0.5706686930091185 0.36188510491916065 0.5653495440729484 0.3636050911592707 0.5805471124620061 0.37254901960784315 0.567629179331307 0.3783969728242174 0.5440729483282675 0.3993808049535604 0.5478723404255319 0.4004127966976264 0.5729483282674772 0.39525283797729616 0.6117021276595744 0.39009287925696595 0.6398176291793313 0.38802889576883387 0.6838905775075987 0.36394908840729273 0.7667173252279635 0.32989336085311316 0.7226443768996961 0.34743722050223597 0.628419452887538
30 0.3126934984520124 0.520516717325228 0.3288613691090471 0.5091185410334347 0.34227726178190576 0.5319148936170213 0.35328517371861023 0.540273556231003 0.35775713794289643 0.5638297872340425 0.3525971792225662 0.5927051671732523 0.3384932920536636 0.6223404255319149 0.3013415892672859 0.7272036474164134 0.26831785345717235 0.6496960486322189 0.3013415892672859 0.5790273556231003