1 0.4519031141868512 0.46200607902735563 0.47716262975778545 0.4635258358662614 0.4778546712802768 0.37462006079027355 0.4685121107266436 0.21048632218844984 0.4515570934256055 0.22036474164133737 0.4508650519031142 0.3776595744680851 0.4477508650519031 0.4065349544072948 0.45017301038062285 0.44832826747720367
4 0.3771626297577855 0.4506079027355623 0.38650519031141867 0.4756838905775076 0.3986159169550173 0.4703647416413374 0.413840830449827 0.46580547112462006 0.413840830449827 0.3860182370820669 0.4110726643598616 0.2864741641337386 0.3965397923875433 0.2006079027355623 0.37577854671280275 0.2188449848024316 0.3833910034602076 0.31382978723404253 0.3833910034602076 0.3518237082066869 0.37577854671280275 0.41641337386018235
5 0.3356401384083045 0.25227963525835867 0.3463667820069204 0.3860182370820669 0.3394463667820069 0.40501519756838905 0.33806228373702424 0.45364741641337386 0.35847750865051903 0.4688449848024316 0.3726643598615917 0.46580547112462006 0.3795847750865052 0.44984802431610943 0.3809688581314879 0.3761398176291793 0.38269896193771624 0.27279635258358664 0.3740484429065744 0.2135258358662614
7 0.2865051903114187 0.4217325227963526 0.28961937716262975 0.38145896656534956 0.29411764705882354 0.3472644376899696 0.2903114186851211 0.1899696048632219 0.3055363321799308 0.1838905775075988 0.3166089965397924 0.25759878419452886 0.32041522491349483 0.32370820668693007 0.32041522491349483 0.36930091185410335 0.32491349480968856 0.40501519756838905 0.32110726643598614 0.4331306990881459 0.30346020761245673 0.4247720364741641 0.2948096885813149 0.42857142857142855
8 0.5062283737024221 0.4673252279635258 0.5307958477508651 0.46580547112462006 0.5318339100346021 0.3898176291793313 0.5211072664359861 0.21048632218844984 0.5003460207612457 0.21200607902735563 0.5034602076124568 0.3844984802431611 0.504152249134948 0.44376899696048633
10 0.5494809688581315 0.45364741641337386 0.5570934256055363 0.4756838905775076 0.5716262975778547 0.4703647416413374 0.5761245674740484 0.43465045592705165 0.583044982698962 0.3791793313069909 0.5892733564013841 0.30015197568389057 0.5771626297577854 0.22188449848024316 0.5577854671280277 0.21580547112462006 0.5588235294117647 0.29635258358662614 0.5525951557093426 0.3525835866261398 0.5487889273356401 0.4133738601823708
12 0.5910034602076124 0.44984802431610943 0.5979238754325259 0.4703647416413374 0.614878892733564 0.4726443768996961 0.6249134948096886 0.44680851063829785 0.6231833910034602 0.3655015197568389 0.6169550173010381 0.2378419452887538 0.5993079584775086 0.23708206686930092 0.5961937716262976 0.35714285714285715 0.5941176470588235 0.42325227963525835
13 0.6231833910034602 0.3890577507598784 0.6249134948096886 0.3100303951367781 0.6408304498269897 0.2135258358662614 0.6660899653979239 0.22036474164133737 0.6660899653979239 0.3100303951367781 0.6602076124567474 0.3677811550151976 0.6615916955017301 0.3943768996960486 0.6647058823529411 0.4369300911854103 0.6484429065743945 0.45364741641337386 0.6294117647058823 0.46504559270516715 0.6193771626297578 0.45364741641337386
14 0.6664359861591695 0.44148936170212766 0.6615916955017301 0.3898176291793313 0.6678200692041523 0.3472644376899696 0.6685121107266436 0.27811550151975684 0.6754325259515571 0.20896656534954408 0.6754325259515571 0.23252279635258358 0.7200692041522492 0.22872340425531915 0.7093425605536332 0.30015197568389057 0.7038062283737024 0.3655015197568389 0.7093425605536332 0.38753799392097266 0.7114186851211073 0.4270516717325228 0.684083044982699 0.44376899696048633
16 0.5024221453287198 0.4939209726443769 0.527681660899654 0.4908814589665654 0.5256055363321799 0.5448328267477204 0.5231833910034602 0.723404255319149 0.5100346020761246 0.7256838905775076
17 0.5256055363321799 0.49544072948328266 0.5501730103806228 0.48556231003039513 0.5418685121107266 0.5904255319148937 0.5370242214532872 0.7370820668693009 0.5256055363321799 0.7325227963525835
18 0.5456747404844291 0.4939209726443769 0.5671280276816609 0.49620060790273557 0.5685121107266436 0.5281155015197568 0.5726643598615917 0.5600303951367781 0.5633217993079584 0.7621580547112462 0.5501730103806228 0.7477203647416414
19 0.5692041522491349 0.5569908814589666 0.5671280276816609 0.5075987841945289 0.5816608996539793 0.48936170212765956 0.5986159169550173 0.5007598784194529 0.601038062283737 0.5433130699088146 0.5993079584775086 0.5957446808510638 0.5934256055363322 0.7674772036474165 0.5754325259515571 0.7659574468085106
21 0.6456747404844291 0.5501519756838906 0.6384083044982699 0.5243161094224924 0.6314878892733564 0.48556231003039513 0.6539792387543253 0.4787234042553192 0.6792387543252595 0.4688449848024316 0.6899653979238755 0.4878419452887538 0.6930795847750865 0.5311550151975684 0.7238754325259515 0.6816109422492401 0.686159169550173 0.6983282674772037 0.6591695501730104 0.5714285714285714
22 0.6885813148788927 0.5113981762917933 0.6761245674740485 0.4673252279635258 0.6948096885813149 0.44984802431610943 0.7193771626297578 0.4331306990881459 0.7294117647058823 0.46200607902735563 0.7352941176470589 0.49772036474164133 0.7716262975778547 0.6238601823708206 0.7332179930795848 0.6474164133738601 0.7124567474048443 0.5782674772036475 0.6993079584775086 0.5463525835866262
24 0.47716262975778545 0.49544072948328266 0.5034602076124568 0.49544072948328266 0.5034602076124568 0.5531914893617021 0.5024221453287198 0.7317629179331308 0.4885813148788927 0.7386018237082067 0.48166089965397924 0.5866261398176292
25 0.4532871972318339 0.4878419452887538 0.48166089965397924 0.49544072948328266 0.4795847750865052 0.5683890577507599 0.4892733564013841 0.743920972644377 0.4716262975778547 0.7477203647416414
26 0.43460207612456747 0.5007598784194529 0.45709342560553634 0.49544072948328266 0.46089965397923877 0.5714285714285714 0.4716262975778547 0.7727963525835866 0.444636678200692 0.7781155015197568 0.43633217993079587 0.6344984802431611 0.4294117647058823 0.5600303951367781 0.43494809688581315 0.5364741641337386
27 0.40173010380622837 0.5113981762917933 0.40622837370242215 0.49772036474164133 0.41937716262975777 0.49772036474164133 0.43460207612456747 0.506079027355623 0.43633217993079587 0.5562310030395137 0.4339100346020761 0.5866261398176292 0.4370242214532872 0.7606382978723404 0.4124567474048443 0.7606382978723404 0.40865051903114186 0.6443768996960486 0.4069204152249135 0.5957446808510638 0.4031141868512111 0.5835866261398176
29 0.32006920415224915 0.5258358662613982 0.3256055363321799 0.4787234042553192 0.34325259515570933 0.47416413373860183 0.36262975778546713 0.4787234042553192 0.3785467128027682 0.4870820668693009 0.3833910034602076 0.5022796352583586 0.37577854671280275 0.5486322188449848 0.3657439446366782 0.5615501519756839 0.3477508650519031 0.601823708206687 0.3373702422145329 0.6527355623100304 0.3124567474048443 0.6983282674772037 0.2820069204152249 0.6580547112462006 0.3079584775086505 0.5790273556231003
30 0.24013840830449826 0.6405775075987842 0.26262975778546715 0.5630699088145896 0.2816608996539792 0.49620060790273557 0.2889273356401384 0.44376899696048633 0.3166089965397924 0.4452887537993921 0.3342560553633218 0.4635258358662614 0.33633217993079584 0.49620060790273557 0.3217993079584775 0.5326747720364742 0.2948096885813149 0.6071428571428571 0.26124567474048443 0.6679331306990881