8 0.5091727241259951 0.3723404255319149 0.5046728971962616 0.5417933130699089 0.5136725510557286 0.5501519756838906 0.5292488750432676 0.5478723404255319 0.532017999307719 0.5159574468085106 0.5302872966424368 0.3541033434650456
9 0.5347871235721703 0.35030395136778114 0.5520941502249913 0.3518237082066869 0.5565939771547248 0.47796352583586627 0.5527864312911042 0.5357142857142857 0.540325372101073 0.5440729483282675 0.5292488750432676 0.5197568389057751 0.532017999307719 0.4376899696048632
10 0.5655936310141918 0.3639817629179331 0.5829006576670128 0.3662613981762918 0.5829006576670128 0.4521276595744681 0.5766701280719972 0.5083586626139818 0.5766701280719972 0.5357142857142857 0.5700934579439252 0.5463525835866262 0.5593631014191762 0.5440729483282675 0.5548632744894427 0.5197568389057751 0.5593631014191762 0.44832826747720367
11 0.5901696088611976 0.3776595744680851 0.6022845275181724 0.3761398176291793 0.6040152301834545 0.44984802431610943 0.5967462789892697 0.5037993920972644 0.599515403253721 0.5379939209726444 0.5922464520595362 0.5539513677811551 0.5773624091381101 0.5319148936170213 0.5773624091381101 0.5121580547112462 0.5856697819314641 0.44984802431610943
12 0.6067843544479059 0.3738601823708207 0.6240913811007269 0.3738601823708207 0.6275527864312911 0.45364741641337386 0.625822083766009 0.5296352583586627 0.6213222568362755 0.5501519756838906 0.6130148840429214 0.5440729483282675 0.6047075112495673 0.5478723404255319 0.6002076843198338 0.5357142857142857 0.5984769816545518 0.5 0.6057459328487366 0.4521276595744681
13 0.6292834890965732 0.3677811550151976 0.6503980616130148 0.3700607902735562 0.658705434406369 0.47416413373860183 0.658705434406369 0.5296352583586627 0.6441675320179993 0.540273556231003 0.6275527864312911 0.540273556231003 0.625822083766009 0.4756838905775076
15 0.685012114918657 0.3822188449848024 0.7005884389061959 0.3723404255319149 0.7095880927656628 0.42021276595744683 0.7095880927656628 0.5083586626139818 0.6960886119764624 0.5083586626139818 0.6839736933194878 0.5098784194528876 0.6767047421253028 0.46808510638297873
0 0.4863274489442714 0.3677811550151976 0.4974039460020768 0.3700607902735562 0.5036344755970924 0.5357142857142857 0.5019037729318103 0.5478723404255319 0.4818276220145379 0.5539513677811551 0.4755970924195223 0.5357142857142857 0.4755970924195223 0.45972644376899696 0.47732779508480444 0.3617021276595745
1 0.45898234683281414 0.3662613981762918 0.47109726548978886 0.3662613981762918 0.4755970924195223 0.5243161094224924 0.4672897196261682 0.5478723404255319 0.4562132225683628 0.5296352583586627
2 0.44098303911388026 0.3601823708206687 0.45448251990308064 0.3617021276595745 0.457251644167532 0.5379939209726444 0.44825199030806506 0.5501519756838906 0.43648321218414676 0.5220364741641338
3 0.41813776393215646 0.3662613981762918 0.4371754932502596 0.3601823708206687 0.44098303911388026 0.5357142857142857 0.4271374177916234 0.5478723404255319 0.4170993423329872 0.5258358662613982
4 0.39529248875043266 0.3700607902735562 0.4170993423329872 0.3700607902735562 0.4209068881966078 0.5379939209726444 0.39979231568016615 0.5516717325227963 0.39460020768431986 0.5121580547112462
5 0.3724472135687089 0.3776595744680851 0.3935617860851506 0.3761398176291793 0.40636898580823816 0.5319148936170213 0.3991000346140533 0.5516717325227963 0.3862928348909657 0.5577507598784195 0.36517826237452405 0.5463525835866262 0.3707165109034268 0.4878419452887538
6 0.33714087919695396 0.3700607902735562 0.363447559709242 0.3700607902735562 0.3689858082381447 0.49772036474164133 0.36725510557286256 0.5296352583586627 0.34890965732087226 0.5357142857142857 0.3226029768085843 0.5197568389057751 0.3243336794738664 0.45364741641337386 0.3378331602630668 0.4399696048632219
7 0.30702665282104535 0.2857142857142857 0.33056420906888195 0.2857142857142857 0.34164070612668745 0.43617021276595747 0.32329525787469715 0.44832826747720367 0.30252682589131186 0.43009118541033436 0.29698857736240913 0.39209726443769
16 0.505711318795431 0.5919452887537994 0.5174800969193493 0.5942249240121581 0.5192107995846313 0.5942249240121581 0.5347871235721703 0.7720364741641338 0.5147109726548978 0.7720364741641338
17 0.5282104534440983 0.5896656534954408 0.5448251990308065 0.5881458966565349 0.54932502596054 0.6003039513677811 0.5510557286258221 0.7796352583586627 0.5375562478366217 0.7796352583586627
18 0.54932502596054 0.5896656534954408 0.5565939771547248 0.5782674772036475 0.566632052613361 0.5820668693009119 0.5728625822083766 0.6177811550151976 0.5773624091381101 0.7857142857142857 0.5593631014191762 0.7857142857142857 0.5503634475597092 0.6762917933130699
19 0.5676704742125303 0.5782674772036475 0.5784008307372793 0.567629179331307 0.592938733125649 0.5737082066869301 0.5967462789892697 0.6299392097264438 0.6022845275181724 0.7720364741641338 0.5849775008653514 0.7857142857142857 0.5721703011422637 0.648176291793313
20 0.5901696088611976 0.5858662613981763 0.5967462789892697 0.567629179331307 0.6157840083073728 0.567629179331307 0.6230529595015576 0.6162613981762918 0.6303219106957425 0.7697568389057751 0.608515057113188 0.7697568389057751 0.5967462789892697 0.648176291793313
21 0.616822429906542 0.567629179331307 0.6493596400138456 0.5539513677811551 0.6548978885427483 0.5759878419452887 0.6777431637244722 0.7218844984802432 0.6476289373485635 0.756079027355623 0.6341294565593631 0.7256838905775076
22 0.6503980616130148 0.5562310030395137 0.6542056074766355 0.5440729483282675 0.6895119418483905 0.5220364741641338 0.7033575631706472 0.5440729483282675 0.7313949463482173 0.6816109422492401 0.7005884389061959 0.7302431610942249 0.6822429906542056 0.7142857142857143
24 0.4856351678781585 0.5942249240121581 0.5029421945309795 0.5881458966565349 0.505711318795431 0.6139817629179332 0.5046728971962616 0.7819148936170213 0.4811353409484251 0.7819148936170213
25 0.4627898926964348 0.5980243161094225 0.46625129802699894 0.5858662613981763 0.4800969193492558 0.5858662613981763 0.48355832467982 0.64209726443769 0.48286604361370716 0.7879939209726444 0.463828314295604 0.7879939209726444
26 0.4437521633783316 0.5858662613981763 0.45275181723779856 0.567629179331307 0.46002076843198336 0.601823708206687 0.4627898926964348 0.7917933130699089 0.44167532017999306 0.7917933130699089
27 0.4271374177916234 0.5721884498480243 0.4371754932502596 0.5623100303951368 0.44825199030806506 0.5843465045592705 0.43821391484942884 0.7781155015197568 0.41813776393215646 0.7781155015197568
30 0.31533402561439944 0.53419452887538 0.3288335064035999 0.5296352583586627 0.36621668397369334 0.5516717325227963 0.3707165109034268 0.5759878419452887 0.3243336794738664 0.7120060790273556 0.27691242644513675 0.6800911854103343 0.27864312911041883 0.6223404255319149