0 0.499645390070922 0.5220364741641338 0.5014184397163121 0.6025835866261399 0.48652482269503544 0.6025835866261399 0.47411347517730495 0.5881458966565349 0.475177304964539 0.5106382978723404 0.47836879432624113 0.42933130699088146 0.4808510638297872 0.3541033434650456 0.47836879432624113 0.30167173252279633 0.4819148936170213 0.2811550151975684 0.49326241134751775 0.3009118541033435
1 0.45602836879432623 0.46808510638297873 0.449290780141844 0.5189969604863222 0.45354609929078016 0.5721884498480243 0.4634751773049645 0.5927051671732523 0.47127659574468084 0.5843465045592705 0.4769503546099291 0.47720364741641336 0.4804964539007092 0.3655015197568389 0.4797872340425532 0.2887537993920973 0.4726950354609929 0.26671732522796354 0.46418439716312054 0.2826747720364742 0.45780141843971633 0.42629179331306993
2 0.4297872340425532 0.5083586626139818 0.4322695035460993 0.5623100303951368 0.4453900709219858 0.5851063829787234 0.4546099290780142 0.5539513677811551 0.45780141843971633 0.493161094224924 0.45851063829787236 0.3731003039513678 0.46205673758865246 0.30547112462006076 0.45602836879432623 0.2629179331306991 0.4429078014184397 0.2651975683890577 0.43546099290780144 0.31382978723404253 0.43333333333333335 0.4338905775075988
3 0.4046099290780142 0.49012158054711247 0.400354609929078 0.5303951367781155 0.40425531914893614 0.5569908814589666 0.42092198581560286 0.5547112462006079 0.42836879432624114 0.5547112462006079 0.43936170212765957 0.5463525835866262 0.44361702127659575 0.5 0.4429078014184397 0.42933130699088146 0.4429078014184397 0.3533434650455927 0.43936170212765957 0.3069908814589666 0.43617021276595747 0.2621580547112462 0.42446808510638295 0.2613981762917933 0.4166666666666667 0.3525835866261398
4 0.3875886524822695 0.40501519756838905 0.3829787234042553 0.4376899696048632 0.37446808510638296 0.4825227963525836 0.3702127659574468 0.5258358662613982 0.3893617021276596 0.5501519756838906 0.4031914893617021 0.5417933130699089 0.41631205673758864 0.5372340425531915 0.4187943262411348 0.4810030395136778 0.4223404255319149 0.38677811550151975 0.42021276595744683 0.33206686930091184 0.41914893617021276 0.3009118541033435 0.4205673758865248 0.26443768996960487 0.4074468085106383 0.23328267477203649 0.39290780141843973 0.2826747720364742
5 0.3347517730496454 0.4399696048632219 0.3304964539007092 0.4817629179331307 0.3443262411347518 0.5121580547112462 0.3698581560283688 0.5106382978723404 0.3851063829787234 0.48404255319148937 0.37943262411347517 0.43844984802431614 0.3719858156028369 0.3639817629179331 0.3645390070921986 0.2933130699088146 0.3588652482269504 0.26671732522796354 0.34645390070921983 0.26671732522796354 0.3351063829787234 0.2689969604863222 0.32978723404255317 0.30851063829787234 0.3347517730496454 0.39361702127659576
6 0.2957446808510638 0.4095744680851064 0.28581560283687946 0.44452887537993924 0.2925531914893617 0.4703647416413374 0.3102836879432624 0.4908814589665654 0.3276595744680851 0.4787234042553192 0.3343971631205674 0.43617021276595747 0.33297872340425533 0.3844984802431611 0.33156028368794327 0.310790273556231 0.33156028368794327 0.2773556231003039 0.3294326241134752 0.256838905775076 0.31631205673758866 0.2507598784194529 0.3024822695035461 0.270516717325228 0.29397163120567377 0.31762917933130697 0.29929078014184396 0.38677811550151975
8 0.500354609929078 0.5493920972644377 0.502127659574468 0.5843465045592705 0.5156028368794326 0.6041033434650456 0.5276595744680851 0.5866261398176292 0.5276595744680851 0.5258358662613982 0.524822695035461 0.45592705167173253 0.5219858156028369 0.3708206686930091 0.5219858156028369 0.3351063829787234 0.5219858156028369 0.2826747720364742 0.5127659574468085 0.24468085106382978 0.500354609929078 0.25759878419452886 0.49929078014184397 0.36246200607902734 0.499645390070922 0.5189969604863222
9 0.5269503546099291 0.5129179331306991 0.5287234042553192 0.5653495440729484 0.5290780141843971 0.5782674772036475 0.5404255319148936 0.5851063829787234 0.5517730496453901 0.5706686930091185 0.549290780141844 0.5159574468085106 0.5464539007092198 0.425531914893617 0.5475177304964539 0.3882978723404255 0.5453900709219858 0.30547112462006076 0.5368794326241135 0.2811550151975684 0.5312056737588653 0.28799392097264437 0.524468085106383 0.3252279635258359
10 0.5478723404255319 0.43465045592705165 0.5478723404255319 0.4870820668693009 0.548936170212766 0.5319148936170213 0.550709219858156 0.5569908814589666 0.5599290780141843 0.5721884498480243 0.5716312056737589 0.560790273556231 0.574468085106383 0.5121580547112462 0.5719858156028369 0.4088145896656535 0.573049645390071 0.34498480243161095 0.573049645390071 0.30927051671732525 0.5723404255319149 0.2689969604863222 0.5563829787234043 0.2682370820668693 0.5517730496453901 0.3130699088145897 0.549645390070922 0.3776595744680851
11 0.5606382978723404 0.46200607902735563 0.5602836879432624 0.47416413373860183 0.5588652482269504 0.5174772036474165 0.5712765957446808 0.5645896656534954 0.5865248226950355 0.5623100303951368 0.601063829787234 0.5463525835866262 0.601418439716312 0.5121580547112462 0.5918439716312057 0.46808510638297873 0.5890070921985816 0.39361702127659576 0.5911347517730496 0.34194528875379937 0.5911347517730496 0.30015197568389057 0.5843971631205673 0.27203647416413373 0.5684397163120567 0.2773556231003039 0.5638297872340425 0.3411854103343465
12 0.5836879432624114 0.48632218844984804 0.5865248226950355 0.520516717325228 0.600354609929078 0.5448328267477204 0.6152482269503546 0.5455927051671733 0.624822695035461 0.5334346504559271 0.6276595744680851 0.4969604863221885 0.6202127659574468 0.4521276595744681 0.6163120567375886 0.3890577507598784 0.6163120567375886 0.32978723404255317 0.6166666666666667 0.3047112462006079 0.6159574468085106 0.270516717325228 0.6095744680851064 0.2454407294832827 0.5929078014184397 0.24620060790273557 0.5925531914893617 0.2978723404255319 0.5882978723404255 0.385258358662614
13 0.6202127659574468 0.4338905775075988 0.6134751773049646 0.45440729483282677 0.6134751773049646 0.5007598784194529 0.623758865248227 0.5288753799392097 0.6414893617021277 0.53419452887538 0.6613475177304965 0.5167173252279635 0.6613475177304965 0.4810030395136778 0.652127659574468 0.4247720364741641 0.6542553191489362 0.3898176291793313 0.6524822695035462 0.3373860182370821 0.6539007092198581 0.30243161094224924 0.6539007092198581 0.2689969604863222 0.6411347517730497 0.2613981762917933 0.6280141843971632 0.3069908814589666 0.6205673758865248 0.3723404255319149
14 0.650354609929078 0.44832826747720367 0.6542553191489362 0.4688449848024316 0.6673758865248227 0.5030395136778115 0.6843971631205674 0.493161094224924 0.6936170212765957 0.4939209726443769 0.7024822695035461 0.47112462006079026 0.699290780141844 0.425531914893617 0.6861702127659575 0.3882978723404255 0.6815602836879433 0.3366261398176292 0.6776595744680851 0.28419452887537994 0.6709219858156028 0.25227963525835867 0.6592198581560283 0.24088145896656535 0.65 0.26443768996960487 0.648936170212766 0.2925531914893617
15 0.6907801418439716 0.45288753799392095 0.7017730496453901 0.4696048632218845 0.7187943262411347 0.46504559270516715 0.7212765957446808 0.44680851063829785 0.7322695035460993 0.44224924012158057 0.7358156028368794 0.42021276595744683 0.723404255319149 0.37462006079027355 0.7177304964539007 0.34194528875379937 0.7138297872340426 0.3069908814589666 0.7095744680851064 0.27811550151975684 0.7046099290780142 0.2454407294832827 0.6964539007092199 0.23252279635258358 0.6858156028368795 0.23708206686930092 0.6801418439716312 0.25 0.676950354609929 0.2933130699088146
16 0.5035460992907801 0.6299392097264438 0.5031914893617021 0.6648936170212766 0.5063829787234042 0.7120060790273556 0.5053191489361702 0.7537993920972644 0.5102836879432624 0.7788753799392097 0.5216312056737589 0.7849544072948328 0.524468085106383 0.7279635258358662 0.5234042553191489 0.668693009118541 0.5212765957446809 0.6231003039513677 0.5124113475177305 0.6223404255319149
17 0.525177304964539 0.6162613981762918 0.5191489361702127 0.6261398176291794 0.5234042553191489 0.6702127659574468 0.5216312056737589 0.7173252279635258 0.5237588652482269 0.7575987841945289 0.5283687943262412 0.8024316109422492 0.5432624113475177 0.8024316109422492 0.5439716312056737 0.756079027355623 0.5404255319148936 0.6937689969604863 0.5404255319148936 0.6527355623100304 0.5407801418439716 0.621580547112462
18 0.5400709219858156 0.6519756838905775 0.5414893617021277 0.6930091185410334 0.5453900709219858 0.7416413373860182 0.549645390070922 0.791033434650456 0.5574468085106383 0.8100303951367781 0.5702127659574469 0.791033434650456 0.5698581560283688 0.7302431610942249 0.5638297872340425 0.6648936170212766 0.5641843971631205 0.628419452887538 0.5609929078014184 0.6056231003039514 0.5514184397163121 0.601823708206687 0.5425531914893617 0.6056231003039514
19 0.5556737588652483 0.6367781155015197 0.5627659574468085 0.6648936170212766 0.5684397163120567 0.7051671732522796 0.5712765957446808 0.7644376899696048 0.5762411347517731 0.8039513677811551 0.5953900709219858 0.8297872340425532 0.6039007092198582 0.8054711246200608 0.5960992907801419 0.7462006079027356 0.5890070921985816 0.6565349544072948 0.5893617021276596 0.6162613981762918 0.5843971631205673 0.5889057750759878 0.5776595744680851 0.5820668693009119 0.5641843971631205 0.5934650455927052
20 0.5797872340425532 0.6025835866261399 0.5808510638297872 0.6261398176291794 0.5939716312056738 0.6778115501519757 0.6067375886524823 0.7454407294832827 0.6276595744680851 0.8130699088145896 0.6365248226950354 0.810790273556231 0.6453900709219859 0.7849544072948328 0.6375886524822695 0.7348024316109423 0.6216312056737588 0.6648936170212766 0.6173758865248227 0.6162613981762918 0.6131205673758865 0.5858662613981763 0.6039007092198582 0.5737082066869301 0.5929078014184397 0.5691489361702128 0.5815602836879432 0.5706686930091185
21 0.6067375886524823 0.5455927051671733 0.6078014184397164 0.5683890577507599 0.6148936170212767 0.6056231003039514 0.624468085106383 0.6458966565349544 0.6336879432624114 0.6922492401215805 0.6443262411347518 0.7408814589665653 0.6553191489361702 0.770516717325228 0.6826241134751773 0.7781155015197568 0.6932624113475178 0.7378419452887538 0.6815602836879433 0.6846504559270516 0.6670212765957447 0.6177811550151976 0.6602836879432624 0.5767477203647416 0.648581560283688 0.5440729483282675
22 0.652127659574468 0.547112462006079 0.650709219858156 0.574468085106383 0.6609929078014184 0.601063829787234 0.6822695035460993 0.6550151975683891 0.7060283687943263 0.6990881458966566 0.7191489361702128 0.7173252279635258 0.7361702127659574 0.7211246200607903 0.7489361702127659 0.7021276595744681 0.7418439716312056 0.6664133738601824 0.7290780141843972 0.6329787234042553 0.7152482269503546 0.5858662613981763 0.7046099290780142 0.540273556231003 0.6971631205673758 0.506838905775076 0.6854609929078014 0.5007598784194529 0.6712765957446809 0.5220364741641338 0.6620567375886525 0.5281155015197568 0.6528368794326241 0.53419452887538
23 0.6971631205673758 0.5007598784194529 0.6971631205673758 0.5129179331306991 0.7060283687943263 0.5585106382978723 0.7244680851063829 0.5866261398176292 0.7468085106382979 0.6291793313069909 0.7592198581560283 0.6466565349544073 0.774822695035461 0.6443768996960486 0.7822695035460993 0.6170212765957447 0.7730496453900709 0.5782674772036475 0.7620567375886524 0.547112462006079 0.7514184397163121 0.49848024316109424 0.7429078014184397 0.46808510638297873 0.7312056737588652 0.46200607902735563 0.7170212765957447 0.4817629179331307 0.7017730496453901 0.4870820668693009
24 0.5042553191489362 0.6268996960486323 0.5028368794326241 0.6747720364741642 0.5067375886524823 0.7264437689969605 0.5067375886524823 0.7629179331306991 0.5042553191489362 0.7963525835866262 0.500354609929078 0.8085106382978723 0.49361702127659574 0.75 0.4879432624113475 0.6884498480243161 0.4847517730496454 0.6375379939209727 0.49113475177304966 0.6223404255319149
25 0.46702127659574466 0.6648936170212766 0.4698581560283688 0.7180851063829787 0.4726950354609929 0.7401215805471124 0.47411347517730495 0.7727963525835866 0.475177304964539 0.791033434650456 0.48723404255319147 0.8039513677811551 0.48936170212765956 0.7348024316109423 0.4854609929078014 0.6702127659574468 0.48404255319148937 0.6268996960486323 0.4773049645390071 0.6132218844984803 0.46808510638297873 0.6208206686930091 0.4652482269503546 0.6329787234042553
26 0.4429078014184397 0.6360182370820668 0.4443262411347518 0.7348024316109423 0.4453900709219858 0.7788753799392097 0.4443262411347518 0.8100303951367781 0.45390070921985815 0.8214285714285714 0.46418439716312054 0.8085106382978723 0.4695035460992908 0.7507598784194529 0.46879432624113476 0.6861702127659575 0.46808510638297873 0.6360182370820668 0.46205673758865246 0.6041033434650456 0.44858156028368795 0.601823708206687
27 0.42021276595744683 0.6139817629179332 0.4226950354609929 0.64209726443769 0.425886524822695 0.7310030395136778 0.42446808510638295 0.770516717325228 0.4219858156028369 0.824468085106383 0.4358156028368794 0.8358662613981763 0.4482269503546099 0.8001519756838906 0.451063829787234 0.6679331306990881 0.45354609929078016 0.6261398176291794 0.44858156028368795 0.5942249240121581 0.4379432624113475 0.5927051671732523 0.4319148936170213 0.5934650455927052
28 0.3904255319148936 0.6177811550151976 0.3872340425531915 0.702887537993921 0.3726950354609929 0.7895136778115501 0.36879432624113473 0.8138297872340425 0.38262411347517733 0.8366261398176292 0.4014184397163121 0.810790273556231 0.41631205673758864 0.7180851063829787 0.43120567375886526 0.64209726443769 0.4368794326241135 0.60790273556231 0.4322695035460993 0.574468085106383 0.4156028368794326 0.5851063829787234 0.4053191489361702 0.581306990881459 0.39680851063829786 0.5896656534954408
29 0.34609929078014184 0.5539513677811551 0.34609929078014184 0.5706686930091185 0.3354609929078014 0.6375379939209727 0.3141843971631206 0.7044072948328267 0.30531914893617024 0.75 0.32375886524822695 0.7788753799392097 0.35141843971631204 0.7743161094224924 0.3780141843971631 0.7059270516717325 0.3943262411347518 0.6390577507598785 0.41099290780141845 0.5972644376899696 0.40638297872340423 0.5630699088145896 0.3925531914893617 0.560790273556231 0.38085106382978723 0.5425531914893617 0.3627659574468085 0.5448328267477204 0.349645390070922 0.5387537993920972
30 0.29929078014184396 0.5258358662613982 0.2953900709219858 0.5334346504559271 0.2907801418439716 0.5881458966565349 0.2765957446808511 0.6588145896656535 0.2645390070921986 0.7044072948328267 0.2663120567375887 0.7446808510638298 0.2875886524822695 0.7583586626139818 0.3056737588652482 0.7241641337386018 0.3280141843971631 0.6527355623100304 0.3400709219858156 0.6101823708206687 0.3567375886524823 0.5782674772036475 0.35851063829787233 0.5425531914893617 0.3517730496453901 0.5220364741641338 0.33687943262411346 0.5220364741641338 0.3276595744680851 0.5159574468085106 0.31843971631205675 0.506838905775076