0 0.4975592747559275 0.6083776595744681 0.5055788005578801 0.6309840425531915 0.5142956764295676 0.6309840425531915 0.5216178521617852 0.6037234042553191 0.5195258019525802 0.5472074468085106 0.5177824267782427 0.456781914893617 0.5083682008368201 0.4015957446808511 0.4996513249651325 0.4035904255319149 0.4975592747559275 0.4634308510638298
1 0.4783821478382148 0.5824468085106383 0.48675034867503486 0.6103723404255319 0.49232914923291493 0.6083776595744681 0.4996513249651325 0.5910904255319149 0.4996513249651325 0.4109042553191489 0.49232914923291493 0.41555851063829785 0.48570432357043236 0.456781914893617
2 0.45746164574616455 0.5751329787234043 0.46931659693165967 0.6117021276595744 0.4839609483960948 0.5804521276595744 0.48465829846582986 0.5511968085106383 0.4829149232914923 0.5452127659574468 0.4818688981868898 0.3849734042553192 0.4675732217573222 0.38763297872340424 0.4675732217573222 0.4175531914893617
3 0.4407252440725244 0.5664893617021277 0.45083682008368203 0.6017287234042553 0.4581589958158996 0.5791223404255319 0.4675732217573222 0.5910904255319149 0.4735006973500697 0.5565159574468085 0.4710599721059972 0.5172872340425532 0.46722454672245467 0.42486702127659576 0.4581589958158996 0.3776595744680851 0.448744769874477 0.3829787234042553 0.448047419804742 0.4288563829787234
4 0.4215481171548117 0.5664893617021277 0.4351464435146444 0.5924202127659575 0.4396792189679219 0.5804521276595744 0.44735006973500696 0.5871010638297872 0.45467224546722457 0.5611702127659575 0.448047419804742 0.35970744680851063 0.42887029288702927 0.36236702127659576 0.42887029288702927 0.45146276595744683
5 0.38737796373779637 0.5438829787234043 0.39191073919107394 0.5804521276595744 0.400278940027894 0.5824468085106383 0.40655509065550904 0.5738031914893617 0.4187587168758717 0.5824468085106383 0.4327057182705718 0.5678191489361702 0.4327057182705718 0.5352393617021277 0.4295676429567643 0.49867021276595747 0.41701534170153415 0.3650265957446808 0.40481171548117156 0.3670212765957447 0.40481171548117156 0.4315159574468085
6 0.34414225941422594 0.5405585106382979 0.34797768479776847 0.5664893617021277 0.35460251046025104 0.5704787234042553 0.3608786610878661 0.5611702127659575 0.3793584379358438 0.5757978723404256 0.39400278940027894 0.5511968085106383 0.38947001394700137 0.48603723404255317 0.3891213389121339 0.40226063829787234 0.3762203626220363 0.3683510638297872 0.3601813110181311 0.3776595744680851 0.3716875871687587 0.4195478723404255 0.3486750348675035 0.5053191489361702
7 0.31520223152022314 0.5757978723404256 0.3396094839609484 0.5950797872340425 0.34902370990237097 0.5837765957446809 0.35564853556485354 0.5511968085106383 0.34797768479776847 0.4820478723404255 0.34518828451882844 0.4002659574468085 0.33507670850767085 0.40425531914893614 0.3288005578800558 0.4773936170212766 0.3124128312412831 0.5525265957446809
8 0.5184797768479776 0.6103723404255319 0.5271966527196653 0.6236702127659575 0.5369595536959554 0.6223404255319149 0.544281729428173 0.6023936170212766 0.5296373779637378 0.386968085106383 0.5219665271966527 0.39029255319148937
9 0.5407949790794979 0.601063829787234 0.552649930264993 0.6063829787234043 0.5571827057182706 0.601063829787234 0.5613668061366807 0.5764627659574468 0.545676429567643 0.40425531914893614 0.5348675034867504 0.40691489361702127
10 0.5547419804741981 0.5751329787234043 0.5648535564853556 0.6037234042553191 0.5711297071129707 0.6063829787234043 0.5770571827057183 0.6003989361702128 0.5801952580195258 0.5691489361702128 0.5739191073919108 0.394281914893617 0.5557880055788006 0.3976063829787234
11 0.5641562064156206 0.5658244680851063 0.5683403068340307 0.5897606382978723 0.5791492329149233 0.5831117021276596 0.5882147838214784 0.5977393617021277 0.5979776847977685 0.569813829787234 0.5819386331938633 0.3849734042553192 0.5718270571827058 0.3896276595744681 0.5641562064156206 0.47273936170212766
12 0.5819386331938633 0.5598404255319149 0.5899581589958159 0.5857712765957447 0.5979776847977685 0.5797872340425532 0.604602510460251 0.5904255319148937 0.6185495118549512 0.569813829787234 0.6161087866108786 0.5166223404255319 0.6080892608089261 0.4109042553191489 0.6112273361227336 0.39228723404255317 0.592747559274756 0.38430851063829785 0.5871687587168759 0.45279255319148937 0.5868200836820083 0.5166223404255319
13 0.6084379358437936 0.5352393617021277 0.6080892608089261 0.5678191489361702 0.6188981868898187 0.5804521276595744 0.6338912133891214 0.574468085106383 0.6426080892608089 0.5831117021276596 0.6520223152022315 0.574468085106383 0.6534170153417015 0.5425531914893617 0.6478382147838215 0.4867021276595745 0.6565550906555091 0.4128989361702128 0.6192468619246861 0.3783244680851064 0.6080892608089261 0.4720744680851064 0.6126220362622036 0.5039893617021277
14 0.6467921896792189 0.5392287234042553 0.654463040446304 0.5684840425531915 0.6656206415620641 0.5738031914893617 0.6813110181311018 0.5618351063829787 0.6903765690376569 0.5658244680851063 0.6983960948396095 0.5518617021276596 0.6952580195258019 0.5113031914893617 0.6865411436541143 0.488031914893617 0.6701534170153417 0.37632978723404253 0.6596931659693166 0.37632978723404253
15 0.6858437935843794 0.5179521276595744 0.6963040446304045 0.5458776595744681 0.705718270571827 0.5485372340425532 0.7144351464435147 0.550531914893617 0.7165271966527197 0.5425531914893617 0.7238493723849372 0.5299202127659575 0.7318688981868898 0.5299202127659575 0.7332635983263598 0.4966755319148936 0.7224546722454672 0.45811170212765956 0.7221059972105998 0.37566489361702127 0.6861924686192469 0.3636968085106383 0.6743375174337517 0.41555851063829785 0.6847977684797768 0.4607712765957447
16 0.5118549511854951 0.6196808510638298 0.5310320781032078 0.6110372340425532 0.5331241283124128 0.6482712765957447 0.5261506276150628 0.7845744680851063 0.5153417015341701 0.7839095744680851
17 0.5289400278940027 0.6469414893617021 0.5338214783821479 0.617686170212766 0.5418410041841004 0.6170212765957447 0.5516039051603905 0.6336436170212766 0.551255230125523 0.8138297872340425 0.5355648535564853 0.8118351063829787
18 0.545676429567643 0.6422872340425532 0.5502092050209205 0.6256648936170213 0.5547419804741981 0.6223404255319149 0.5638075313807531 0.6170212765957447 0.5746164574616457 0.6303191489361702 0.5686889818688982 0.8151595744680851 0.5543933054393305 0.8151595744680851
19 0.5606694560669456 0.6336436170212766 0.5638075313807531 0.6103723404255319 0.5700836820083682 0.6077127659574468 0.5749651324965133 0.6150265957446809 0.5850767085076709 0.6083776595744681 0.5986750348675035 0.6243351063829787 0.5962343096234309 0.8131648936170213 0.5815899581589958 0.8138297872340425
20 0.5805439330543933 0.6309840425531915 0.5850767085076709 0.5930851063829787 0.6052998605299861 0.6023936170212766 0.6248256624825662 0.5897606382978723 0.6307531380753139 0.6017287234042553 0.6405160390516039 0.5990691489361702 0.6422594142259415 0.648936170212766 0.6729428172942817 0.776595744680851 0.6185495118549512 0.8098404255319149 0.6007670850767085 0.7433510638297872 0.5958856345885635 0.6695478723404256
21 0.6314504881450488 0.6103723404255319 0.6391213389121339 0.5857712765957447 0.6617852161785216 0.5871010638297872 0.6725941422594143 0.5757978723404256 0.691771269177127 0.5964095744680851 0.6959553695955369 0.6449468085106383 0.7283821478382148 0.7493351063829787 0.6736401673640168 0.7825797872340425 0.650976290097629 0.7240691489361702 0.643305439330544 0.6582446808510638
22 0.6837517433751743 0.6077127659574468 0.6844490934449093 0.5751329787234043 0.702928870292887 0.5585106382978723 0.7088563458856346 0.5605053191489362 0.7165271966527197 0.5498670212765957 0.7262900976290098 0.5452127659574468 0.7384937238493724 0.5644946808510638 0.7534867503486751 0.6256648936170213 0.7601115760111576 0.6343085106382979 0.7764993026499303 0.6230053191489362 0.7845188284518828 0.6575797872340425 0.7318688981868898 0.7393617021276596 0.7119944211994421 0.7047872340425532 0.696652719665272 0.6409574468085106
24 0.502092050209205 0.6276595744680851 0.5156903765690377 0.6289893617021277 0.5135983263598326 0.78125 0.504881450488145 0.7819148936170213 0.5003486750348675 0.6256648936170213
25 0.4860529986052999 0.617686170212766 0.5034867503486751 0.6210106382978723 0.496513249651325 0.7779255319148937 0.48570432357043236 0.7759308510638298
26 0.46617852161785217 0.6269946808510638 0.4783821478382148 0.6110372340425532 0.4874476987447699 0.6256648936170213 0.48535564853556484 0.7047872340425532 0.4735006973500697 0.8011968085106383 0.46234309623430964 0.7992021276595744
27 0.44281729428172945 0.6283244680851063 0.4504881450488145 0.6070478723404256 0.4605997210599721 0.6210106382978723 0.4665271966527197 0.6170212765957447 0.46931659693165967 0.6316489361702128 0.46443514644351463 0.7985372340425532 0.4504881450488145 0.7978723404255319
28 0.4222454672245467 0.6196808510638298 0.43479776847977686 0.6043882978723404 0.4421199442119944 0.6110372340425532 0.4490934449093445 0.601063829787234 0.45571827057182707 0.617686170212766 0.4525801952580195 0.6542553191489362 0.44595536959553694 0.7586436170212766 0.43235704323570434 0.817154255319149 0.41562064156206413 0.8085106382978723 0.42573221757322177 0.7313829787234043
29 0.3811018131101813 0.6043882978723404 0.38598326359832635 0.59375 0.3926080892608089 0.5957446808510638 0.39609483960948394 0.5857712765957447 0.4110878661087866 0.5917553191489362 0.41283124128312415 0.6017287234042553 0.42642956764295675 0.5877659574468085 0.43654114365411434 0.6023936170212766 0.4306136680613668 0.6595744680851063 0.4292189679218968 0.7267287234042553 0.4027196652719665 0.8105053191489362 0.344839609483961 0.7712765957446809 0.36715481171548114 0.7267287234042553 0.3804044630404463 0.648936170212766
30 0.3368200836820084 0.589095744680851 0.34553695955369595 0.5738031914893617 0.3552998605299861 0.5738031914893617 0.3891213389121339 0.5857712765957447 0.3887726638772664 0.6236702127659575 0.3647140864714086 0.7486702127659575 0.3413528591352859 0.7898936170212766 0.29497907949790797 0.7473404255319149 0.3294979079497908 0.6409574468085106