0 0.4891910739191074 0.34242021276595747 0.4881450488145049 0.36236702127659576 0.4891910739191074 0.4029255319148936 0.4874476987447699 0.45279255319148937 0.4874476987447699 0.480718085106383 0.48535564853556484 0.519281914893617 0.48326359832635984 0.5492021276595744 0.4874476987447699 0.5598404255319149 0.5087168758716876 0.550531914893617 0.5261506276150628 0.5398936170212766 0.5153417015341701 0.488031914893617 0.5087168758716876 0.4454787234042553 0.5135983263598326 0.3863031914893617 0.5135983263598326 0.34773936170212766 0.5115062761506276 0.33444148936170215
1 0.4602510460251046 0.33311170212765956 0.4602510460251046 0.36236702127659576 0.46513249651324967 0.40492021276595747 0.46582984658298465 0.4288563829787234 0.4619944211994421 0.456781914893617 0.4581589958158996 0.48404255319148937 0.4581589958158996 0.5099734042553191 0.45641562064156205 0.5339095744680851 0.45641562064156205 0.5565159574468085 0.46687587168758715 0.5658244680851063 0.4804741980474198 0.5638297872340425 0.49128312412831243 0.5492021276595744 0.48640167364016734 0.48404255319148937 0.48326359832635984 0.4474734042553192 0.48326359832635984 0.40691489361702127 0.48326359832635984 0.35904255319148937 0.4825662482566248 0.3404255319148936
5 0.3584379358437936 0.3550531914893617 0.3594839609483961 0.3863031914893617 0.36052998605299863 0.4142287234042553 0.36436541143654116 0.43816489361702127 0.36610878661087864 0.4640957446808511 0.3682008368200837 0.4900265957446808 0.3699442119944212 0.5212765957446809 0.3622733612273361 0.535904255319149 0.3437935843793584 0.550531914893617 0.33437935843793587 0.5398936170212766 0.3263598326359833 0.5252659574468085 0.3207810320781032 0.4920212765957447 0.3274058577405858 0.4507978723404255 0.3284518828451883 0.4288563829787234 0.3263598326359833 0.41023936170212766 0.32252440725244075 0.38430851063829785 0.32357043235704325 0.35305851063829785 0.3399581589958159 0.34375
6 0.2723152022315202 0.3404255319148936 0.27719665271966526 0.37898936170212766 0.28277545327754533 0.4142287234042553 0.28277545327754533 0.43816489361702127 0.28277545327754533 0.4767287234042553 0.28277545327754533 0.4973404255319149 0.28277545327754533 0.5212765957446809 0.29358437935843795 0.5305851063829787 0.3082287308228731 0.526595744680851 0.3186889818688982 0.5252659574468085 0.3207810320781032 0.480718085106383 0.3186889818688982 0.4308510638297872 0.31764295676429566 0.3976063829787234 0.3158995815899582 0.3550531914893617 0.2859135285913529 0.34574468085106386
8 0.5212691771269177 0.3384308510638298 0.5240585774058577 0.48271276595744683 0.5223152022315202 0.5159574468085106 0.5223152022315202 0.5378989361702128 0.5278940027894002 0.5492021276595744 0.544281729428173 0.550531914893617 0.5617154811715481 0.5452127659574468 0.5502092050209205 0.4660904255319149 0.541492329149233 0.42154255319148937 0.541492329149233 0.36436170212765956 0.5404463040446305 0.3271276595744681
9 0.5746164574616457 0.33643617021276595 0.5658995815899581 0.36236702127659576 0.5638075313807531 0.3996010638297872 0.5617154811715481 0.4454787234042553 0.5610181311018131 0.4920212765957447 0.556136680613668 0.519281914893617 0.5589260808926081 0.5452127659574468 0.5735704323570432 0.519281914893617 0.5753138075313807 0.4587765957446808 0.5791492329149233 0.39228723404255317
10 0.5861227336122734 0.3271276595744681 0.5861227336122734 0.35106382978723405 0.5861227336122734 0.3829787234042553 0.5833333333333334 0.4162234042553192 0.5833333333333334 0.43816489361702127 0.5822873082287309 0.46742021276595747 0.5822873082287309 0.4953457446808511 0.5965829846582985 0.5086436170212766 0.6014644351464435 0.4767287234042553 0.6035564853556485 0.42686170212765956 0.6035564853556485 0.3829787234042553 0.6014644351464435 0.35305851063829785 0.6007670850767085 0.3178191489361702
11 0.6122733612273361 0.29986702127659576 0.6112273361227336 0.33444148936170215 0.6063458856345886 0.3976063829787234 0.604602510460251 0.43816489361702127 0.604602510460251 0.4734042553191489 0.6063458856345886 0.4900265957446808 0.6161087866108786 0.511968085106383 0.6248256624825662 0.5172872340425532 0.6356345885634589 0.5139627659574468 0.6394700139470014 0.4973404255319149 0.6356345885634589 0.45279255319148937 0.6314504881450488 0.41023936170212766 0.6314504881450488 0.3497340425531915 0.6335425383542538 0.3071808510638298
13 0.7011854951185496 0.3404255319148936 0.7004881450488145 0.36768617021276595 0.689679218967922 0.4175531914893617 0.6792189679218968 0.449468085106383 0.6750348675034867 0.480718085106383 0.6743375174337517 0.4953457446808511 0.6935146443514645 0.5086436170212766 0.7119944211994421 0.5086436170212766 0.7228033472803347 0.4973404255319149 0.7228033472803347 0.4640957446808511 0.7255927475592747 0.42154255319148937 0.7360529986052998 0.35305851063829785 0.7360529986052998 0.33311170212765956
14 0.7370990237099023 0.3550531914893617 0.7360529986052998 0.40492021276595747 0.7332635983263598 0.4421542553191489 0.7283821478382148 0.4714095744680851 0.7402370990237099 0.5006648936170213 0.7670850767085077 0.4767287234042553 0.7653417015341701 0.45279255319148937 0.7566248256624826 0.40691489361702127 0.750697350069735 0.3696808510638298 0.7447698744769874 0.3384308510638298
16 0.5348675034867504 0.7539893617021277 0.5348675034867504 0.7320478723404256 0.5310320781032078 0.6821808510638298 0.5240585774058577 0.6416223404255319 0.5191771269177127 0.6083776595744681 0.5181311018131102 0.5804521276595744 0.5376569037656904 0.5711436170212766 0.5453277545327755 0.5917553191489362 0.543584379358438 0.6303191489361702 0.543584379358438 0.6728723404255319 0.546373779637378 0.7094414893617021 0.549163179916318 0.7539893617021277 0.546373779637378 0.7686170212765957
17 0.5665969316596932 0.7593085106382979 0.5599721059972106 0.7207446808510638 0.556136680613668 0.6928191489361702 0.5523012552301255 0.6595744680851063 0.548465829846583 0.6283244680851063 0.5425383542538355 0.5930851063829787 0.5425383542538355 0.567154255319149 0.5540446304044631 0.5658244680851063 0.5676429567642957 0.5824468085106383 0.5714783821478382 0.6063829787234043 0.5714783821478382 0.6429521276595744 0.5704323570432357 0.6835106382978723 0.5735704323570432 0.742686170212766 0.5791492329149233 0.7613031914893617
18 0.5714783821478382 0.5731382978723404 0.5714783821478382 0.6083776595744681 0.5763598326359832 0.6376329787234043 0.5812412831241283 0.6748670212765957 0.5840306834030683 0.7134308510638298 0.5840306834030683 0.7613031914893617 0.5861227336122734 0.7985372340425532 0.5937935843793585 0.8058510638297872 0.5986750348675035 0.7632978723404256 0.5986750348675035 0.71875 0.5986750348675035 0.6761968085106383 0.5986750348675035 0.6416223404255319 0.5986750348675035 0.6097074468085106 0.5958856345885635 0.5764627659574468
19 0.6199442119944212 0.5585106382978723 0.6035564853556485 0.5658244680851063 0.6007670850767085 0.5784574468085106 0.604602510460251 0.6063829787234043 0.6073919107391911 0.6449468085106383 0.6150627615062761 0.7852393617021277 0.6276150627615062 0.8038563829787234 0.6324965132496513 0.7706117021276596 0.6324965132496513 0.7081117021276596 0.6307531380753139 0.6781914893617021 0.6269177126917713 0.6502659574468085 0.6209902370990237 0.6097074468085106
20 0.6569037656903766 0.7746010638297872 0.650976290097629 0.742686170212766 0.6450488145048815 0.7134308510638298 0.6401673640167364 0.6855053191489362 0.6345885634588564 0.6449468085106383 0.6286610878661087 0.6097074468085106 0.6276150627615062 0.5917553191489362 0.6307531380753139 0.567154255319149 0.6548117154811716 0.5598404255319149 0.6694560669456067 0.5711436170212766 0.6596931659693166 0.6210106382978723 0.6596931659693166 0.65625 0.6635285913528591 0.7041223404255319 0.6673640167364017 0.7413563829787234 0.6722454672245467 0.7912234042553191 0.6645746164574616 0.7998670212765957 0.6558577405857741 0.7945478723404256
22 0.7353556485355649 0.7094414893617021 0.7140864714086471 0.6655585106382979 0.7053695955369595 0.6356382978723404 0.6983960948396095 0.6170212765957447 0.691771269177127 0.6003989361702128 0.6907252440725244 0.5764627659574468 0.7011854951185496 0.5638297872340425 0.7179218967921897 0.5398936170212766 0.7273361227336123 0.5492021276595744 0.7332635983263598 0.5824468085106383 0.7468619246861925 0.6170212765957447 0.7604602510460251 0.6416223404255319 0.7709205020920502 0.6615691489361702 0.7681311018131102 0.6914893617021277 0.7447698744769874 0.7207446808510638
23 0.7883542538354253 0.6582446808510638 0.7789400278940027 0.6469414893617021 0.7642956764295676 0.6283244680851063 0.74302649930265 0.6003989361702128 0.7283821478382148 0.5418882978723404 0.7440725244072525 0.5305851063829787 0.7583682008368201 0.519281914893617 0.7730125523012552 0.5472074468085106 0.7827754532775453 0.5751329787234043 0.7894002789400278 0.5877659574468085 0.7981171548117155 0.6117021276595744 0.796373779637378 0.6449468085106383
24 0.5142956764295676 0.7726063829787234 0.5191771269177127 0.742686170212766 0.5212691771269177 0.6968085106382979 0.5212691771269177 0.6449468085106383 0.5191771269177127 0.6043882978723404 0.5212691771269177 0.5804521276595744 0.49407252440725247 0.5804521276595744 0.497907949790795 0.6283244680851063 0.50278940027894 0.6582446808510638 0.50278940027894 0.6835106382978723 0.5055788005578801 0.7466755319148937 0.5076708507670851 0.8058510638297872
25 0.49407252440725247 0.7912234042553191 0.49511854951185497 0.7486702127659575 0.49686192468619245 0.7021276595744681 0.49616457461645747 0.6449468085106383 0.49407252440725247 0.6063829787234043 0.4930264993026499 0.5837765957446809 0.4745467224546722 0.5731382978723404 0.47280334728033474 0.6210106382978723 0.4815202231520223 0.6875 0.4825662482566248 0.7652925531914894 0.4804741980474198 0.8164893617021277
26 0.4679218967921897 0.5658244680851063 0.4445606694560669 0.5824468085106383 0.4456066945606695 0.6469414893617021 0.446652719665272 0.7154255319148937 0.4525801952580195 0.7998670212765957 0.4619944211994421 0.8297872340425532 0.4700139470013947 0.7373670212765957 0.4679218967921897 0.6336436170212766
27 0.4292189679218968 0.7872340425531915 0.4292189679218968 0.7353723404255319 0.4309623430962343 0.6928191489361702 0.43584379358437936 0.648936170212766 0.4417712691771269 0.6023936170212766 0.44281729428172945 0.5837765957446809 0.43793584379358436 0.5658244680851063 0.42538354253835425 0.5658244680851063 0.4166666666666667 0.5751329787234043 0.4177126917712692 0.6063829787234043 0.4177126917712692 0.6429521276595744 0.41841004184100417 0.6894946808510638 0.4166666666666667 0.7353723404255319 0.41283124128312415 0.7799202127659575
28 0.39330543933054396 0.7912234042553191 0.3992329149232915 0.7519946808510638 0.40202231520223153 0.6761968085106383 0.40481171548117156 0.625 0.4107391910739191 0.5930851063829787 0.41283124128312415 0.567154255319149 0.39609483960948394 0.5638297872340425 0.38284518828451886 0.5731382978723404 0.3817991631799163 0.5950797872340425 0.3817991631799163 0.6336436170212766 0.3817991631799163 0.6968085106382979 0.3817991631799163 0.7632978723404256 0.3817991631799163 0.7912234042553191
29 0.3507670850767085 0.7706117021276596 0.3584379358437936 0.7486702127659575 0.36436541143654116 0.7247340425531915 0.37203626220362623 0.6875 0.37587168758716877 0.6117021276595744 0.37587168758716877 0.5824468085106383 0.36541143654114366 0.567154255319149 0.3458856345885635 0.567154255319149 0.33507670850767085 0.5751329787234043 0.3333333333333333 0.6083776595744681 0.33437935843793587 0.6416223404255319 0.3284518828451883 0.6875 0.3197350069735007 0.7280585106382979 0.3169456066945607 0.7613031914893617