0 0.4633190883190883 0.6071428571428571 0.5078347578347578 0.6071428571428571 0.48753561253561256 0.32066869300911854 0.46438746438746437 0.31534954407294835
1 0.42948717948717946 0.5858662613981763 0.4376780626780627 0.6033434650455927 0.46260683760683763 0.6048632218844985 0.46972934472934474 0.601823708206687 0.4633190883190883 0.31155015197568386 0.4440883190883191 0.30851063829787234
2 0.39636752136752135 0.5866261398176292 0.41096866096866097 0.6056231003039514 0.4326923076923077 0.5927051671732523 0.4391025641025641 0.5516717325227963 0.4237891737891738 0.3130699088145897 0.3938746438746439 0.32066869300911854
3 0.3678774928774929 0.574468085106383 0.3696581196581197 0.6048632218844985 0.3920940170940171 0.6193009118541033 0.4091880341880342 0.6048632218844985 0.4148860398860399 0.5547112462006079 0.41061253561253563 0.49620060790273557 0.3952991452991453 0.3252279635258359 0.37037037037037035 0.3427051671732523 0.37749287749287747 0.5417933130699089 0.37286324786324787 0.5638297872340425
4 0.3301282051282051 0.5585106382978723 0.3386752136752137 0.5980243161094225 0.35185185185185186 0.5987841945288754 0.3685897435897436 0.5911854103343465 0.3785612535612536 0.5828267477203647 0.3767806267806268 0.5273556231003039 0.34793447293447294 0.34574468085106386 0.32336182336182334 0.35638297872340424 0.33547008547008544 0.5098784194528876
5 0.28881766381766383 0.5501519756838906 0.29451566951566954 0.5668693009118541 0.31445868945868943 0.5858662613981763 0.32905982905982906 0.5790273556231003 0.33475783475783477 0.5478723404255319 0.33404558404558404 0.49772036474164133 0.31552706552706555 0.3427051671732523 0.28454415954415957 0.35106382978723405
6 0.2514245014245014 0.5167173252279635 0.25213675213675213 0.5379939209726444 0.2603276353276353 0.5569908814589666 0.27386039886039887 0.5706686930091185 0.29024216524216523 0.5501519756838906 0.29451566951566954 0.506838905775076 0.29415954415954415 0.4688449848024316 0.28881766381766383 0.33586626139817627 0.27172364672364674 0.33890577507598785 0.25961538461538464 0.4726443768996961
7 0.5071225071225072 0.5296352583586627 0.5053418803418803 0.6033434650455927 0.5484330484330484 0.6071428571428571 0.5466524216524217 0.520516717325228 0.5146011396011396 0.2887537993920973 0.5007122507122507 0.28951367781155013
8 0.5484330484330484 0.5311550151975684 0.5459401709401709 0.5653495440729484 0.5498575498575499 0.5828267477203647 0.5555555555555556 0.6003039513677811 0.5676638176638177 0.6071428571428571 0.5826210826210826 0.5965045592705167 0.5847578347578347 0.5547112462006079 0.5826210826210826 0.34422492401215804 0.5616096866096866 0.3465045592705167
9 0.5662393162393162 0.5448328267477204 0.5637464387464387 0.5706686930091185 0.5644586894586895 0.6003039513677811 0.5669515669515669 0.6170212765957447 0.5790598290598291 0.6185410334346505 0.5911680911680912 0.6246200607902735 0.6011396011396012 0.6086626139817629 0.6000712250712251 0.5638297872340425 0.5979344729344729 0.5189969604863222 0.6011396011396012 0.3465045592705167 0.5801282051282052 0.3465045592705167
10 0.5954415954415955 0.5364741641337386 0.5911680911680912 0.5706686930091185 0.5890313390313391 0.6048632218844985 0.5947293447293447 0.6193009118541033 0.6125356125356125 0.6246200607902735 0.6303418803418803 0.6238601823708206 0.6324786324786325 0.5949848024316109 0.6228632478632479 0.5417933130699089 0.6246438746438746 0.3533434650455927 0.6093304843304843 0.3548632218844985
11 0.6246438746438746 0.5357142857142857 0.6203703703703703 0.5653495440729484 0.6210826210826211 0.5828267477203647 0.6278490028490028 0.6033434650455927 0.6392450142450142 0.6086626139817629 0.6527777777777778 0.6071428571428571 0.6666666666666666 0.6033434650455927 0.6691595441595442 0.560790273556231 0.6641737891737892 0.5258358662613982 0.6595441595441596 0.3586626139817629 0.6431623931623932 0.3586626139817629 0.6278490028490028 0.5121580547112462
12 0.6684472934472935 0.5106382978723404 0.6627492877492878 0.5585106382978723 0.6698717948717948 0.5911854103343465 0.6794871794871795 0.601823708206687 0.6933760683760684 0.5965045592705167 0.7069088319088319 0.5775075987841946 0.7094017094017094 0.5585106382978723 0.7047720797720798 0.5220364741641338 0.6958689458689459 0.3586626139817629 0.6762820512820513 0.35790273556231 0.6691595441595442 0.47720364741641336
13 0.7072649572649573 0.3791793313069909 0.7047720797720798 0.47416413373860183 0.7040598290598291 0.5151975683890577 0.7029914529914529 0.5417933130699089 0.7040598290598291 0.5737082066869301 0.7104700854700855 0.5828267477203647 0.7250712250712251 0.5866261398176292 0.7410968660968661 0.5721884498480243 0.7489316239316239 0.5623100303951368 0.7517806267806267 0.5357142857142857 0.7443019943019943 0.49620060790273557 0.7393162393162394 0.4566869300911854 0.7314814814814815 0.35106382978723405 0.7086894586894587 0.36322188449848025
16 0.5 0.6238601823708206 0.5281339031339032 0.6238601823708206 0.5256410256410257 0.6930091185410334 0.51994301994302 0.8677811550151976 0.49893162393162394 0.8731003039513677
17 0.5281339031339032 0.7135258358662614 0.5274216524216524 0.6884498480243161 0.5313390313390314 0.6261398176291794 0.5580484330484331 0.6314589665653495 0.5509259259259259 0.7036474164133738 0.5388176638176638 0.878419452887538 0.5235042735042735 0.8799392097264438 0.51994301994302 0.8761398176291794
18 0.5580484330484331 0.7135258358662614 0.5516381766381766 0.6694528875379939 0.5527065527065527 0.6360182370820668 0.5676638176638177 0.6306990881458967 0.5826210826210826 0.6398176291793313 0.5808404558404558 0.7196048632218845 0.5815527065527065 0.8837386018237082 0.563034188034188 0.8867781155015197
19 0.5897435897435898 0.7211246200607903 0.5744301994301995 0.668693009118541 0.5879629629629629 0.6413373860182371 0.6036324786324786 0.6398176291793313 0.6114672364672364 0.6641337386018237 0.6121794871794872 0.7104863221884499 0.6196581196581197 0.8708206686930091 0.6032763532763533 0.871580547112462
20 0.6093304843304843 0.7066869300911854 0.5986467236467237 0.6861702127659575 0.5979344729344729 0.6519756838905775 0.6025641025641025 0.6382978723404256 0.6214387464387464 0.6314589665653495 0.6374643874643875 0.6261398176291794 0.6495726495726496 0.6276595744680851 0.6520655270655271 0.6740121580547113 0.6748575498575499 0.8457446808510638 0.6477920227920227 0.8609422492401215 0.6285612535612536 0.7864741641337386 0.61502849002849 0.7196048632218845
21 0.6595441595441596 0.7051671732522796 0.6527777777777778 0.6861702127659575 0.6470797720797721 0.6496960486322189 0.6456552706552706 0.6276595744680851 0.6634615384615384 0.6117021276595744 0.6812678062678063 0.6086626139817629 0.6915954415954416 0.6086626139817629 0.6990740740740741 0.6519756838905775 0.6997863247863247 0.6846504559270516 0.7257834757834758 0.8229483282674772 0.6997863247863247 0.8472644376899696 0.6691595441595442 0.7454407294832827
22 0.7101139601139601 0.6778115501519757 0.6933760683760684 0.6603343465045592 0.6883903133903134 0.6428571428571429 0.6876780626780626 0.6193009118541033 0.6948005698005698 0.5987841945288754 0.7101139601139601 0.5843465045592705 0.7321937321937322 0.5797872340425532 0.7457264957264957 0.5790273556231003 0.7489316239316239 0.6193009118541033 0.7695868945868946 0.7811550151975684 0.74002849002849 0.797112462006079 0.7161680911680912 0.708966565349544
24 0.47471509971509973 0.6306990881458967 0.4893162393162393 0.6238601823708206 0.5007122507122507 0.6360182370820668 0.4982193732193732 0.7332826747720365 0.5046296296296297 0.89209726443769 0.4886039886039886 0.8898176291793313
25 0.4465811965811966 0.6930091185410334 0.4448005698005698 0.6428571428571429 0.4544159544159544 0.6291793313069909 0.4700854700854701 0.6314589665653495 0.4779202279202279 0.6846504559270516 0.478988603988604 0.8662613981762918 0.452991452991453 0.8556231003039514
26 0.4212962962962963 0.8487841945288754 0.4180911680911681 0.7104863221884499 0.4155982905982906 0.6588145896656535 0.422008547008547 0.6291793313069909 0.4408831908831909 0.6276595744680851 0.44907407407407407 0.668693009118541 0.44551282051282054 0.7226443768996961 0.4408831908831909 0.871580547112462 0.42450142450142453 0.8677811550151976
27 0.3839031339031339 0.8145896656534954 0.38425925925925924 0.7348024316109423 0.38746438746438744 0.7051671732522796 0.38817663817663817 0.6724924012158054 0.3888888888888889 0.6436170212765957 0.4042022792022792 0.6291793313069909 0.4148860398860399 0.6344984802431611 0.422008547008547 0.6724924012158054 0.41346153846153844 0.7120060790273556 0.40028490028490027 0.8609422492401215 0.38497150997151 0.8594224924012158
29 0.32407407407407407 0.8267477203647416 0.3422364672364672 0.7241641337386018 0.3422364672364672 0.6968085106382979 0.33903133903133903 0.6724924012158054 0.33903133903133903 0.6451367781155015 0.3422364672364672 0.6223404255319149 0.35505698005698005 0.6086626139817629 0.375 0.6086626139817629 0.39636752136752135 0.6238601823708206 0.40206552706552706 0.648176291793313 0.3977920227920228 0.6968085106382979 0.3839031339031339 0.7211246200607903 0.3571937321937322 0.871580547112462 0.32727920227920226 0.8404255319148937
30 0.2603276353276353 0.7879939209726444 0.266025641025641 0.729483282674772 0.27884615384615385 0.6952887537993921 0.28846153846153844 0.6709726443768997 0.2916666666666667 0.648176291793313 0.3005698005698006 0.6086626139817629 0.3123219373219373 0.5828267477203647 0.32585470085470086 0.5866261398176292 0.34116809116809116 0.6117021276595744 0.34935897435897434 0.6375379939209727 0.34045584045584043 0.6846504559270516 0.33226495726495725 0.7051671732522796 0.28062678062678065 0.810790273556231
31 0.22792022792022792 0.743161094224924 0.24074074074074073 0.6519756838905775 0.245014245014245 0.6360182370820668 0.24572649572649571 0.6101823708206687 0.24572649572649571 0.5828267477203647 0.25071225071225073 0.5600303951367781 0.2742165242165242 0.5569908814589666 0.30163817663817666 0.5737082066869301 0.31125356125356124 0.5949848024316109 0.29772079772079774 0.6329787234042553 0.27564102564102566 0.7036474164133738 0.24893162393162394 0.7697568389057751 0.22044159544159544 0.7537993920972644