0 0.4979035639412998 0.2887537993920973 0.5017470300489169 0.5486322188449848 0.4755415793151642 0.5539513677811551 0.46261355695317957 0.5433130699088146 0.46331236897274636 0.5091185410334347 0.47379454926624737 0.28495440729483285
1 0.4647099930118798 0.2750759878419453 0.46785464709993013 0.4088145896656535 0.4636617749825297 0.506079027355623 0.46540880503144655 0.5486322188449848 0.43745632424877706 0.5455927051671733 0.43221523410202656 0.5159574468085106 0.43466107617051014 0.4969604863221885 0.4371069182389937 0.4756838905775076 0.4437456324248777 0.2743161094224924
2 0.4304682040531097 0.2613981762917933 0.43675751222921033 0.45896656534954405 0.4406009783368274 0.49772036474164133 0.4339622641509434 0.526595744680851 0.4252271139063592 0.541033434650456 0.4140461215932914 0.5334346504559271 0.4088050314465409 0.5227963525835866 0.40426275331935707 0.5015197568389058 0.403214535290007 0.4825227963525836 0.4053109713487072 0.45896656534954405 0.40810621942697417 0.2674772036474164
3 0.39482879105520613 0.26671732522796354 0.413696715583508 0.41793313069908816 0.42382948986722574 0.44984802431610943 0.4241788958770091 0.4726443768996961 0.42348008385744235 0.4908814589665654 0.42348008385744235 0.5053191489361702 0.4192872117400419 0.5159574468085106 0.40915443745632424 0.5303951367781155 0.40111809923130676 0.5326747720364742 0.39273235499650594 0.5319148936170213 0.3867924528301887 0.5197568389057751 0.3843466107617051 0.49848024316109424 0.38399720475192173 0.47188449848024316 0.38399720475192173 0.43237082066869303 0.38399720475192173 0.3860182370820669 0.37840670859538783 0.2750759878419453
4 0.3742138364779874 0.28191489361702127 0.38399720475192173 0.4148936170212766 0.389937106918239 0.45972644376899696 0.3920335429769392 0.4848024316109423 0.39273235499650594 0.49848024316109424 0.3913347309573725 0.5159574468085106 0.38504542278127185 0.5258358662613982 0.37910552061495456 0.53419452887538 0.3714185883997205 0.5349544072948328 0.36617749825296997 0.5258358662613982 0.3584905660377358 0.5091185410334347 0.3577917540181691 0.48556231003039513 0.36163522012578614 0.45364741641337386 0.36058700209643607 0.4072948328267477 0.3623340321453529 0.28495440729483285
7 0.2669461914744934 0.26063829787234044 0.2641509433962264 0.32750759878419455 0.24388539482879107 0.44224924012158057 0.25611460517120893 0.4726443768996961 0.2676450034940601 0.48632218844984804 0.27882599580712786 0.4946808510638298 0.28721174004192873 0.4825227963525836 0.29245283018867924 0.4612462006079027 0.3001397624039133 0.36246200607902734 0.29350104821802936 0.25759878419452886
6 0.2938504542278127 0.26063829787234044 0.29909154437456326 0.3844984802431611 0.29315164220824597 0.4369300911854103 0.28791055206149546 0.48556231003039513 0.2921034241788959 0.5030395136778115 0.3074772886093641 0.5167173252279635 0.31795946890286514 0.5167173252279635 0.33298392732355 0.5007598784194529 0.3336827393431167 0.4726443768996961 0.3259958071278826 0.4095744680851064 0.3221523410202656 0.31534954407294835 0.31761006289308175 0.2682370820668693
5 0.35988819007686934 0.2872340425531915 0.3609364081062194 0.4247720364741641 0.3644304682040531 0.4521276595744681 0.36477987421383645 0.4612462006079027 0.36268343815513626 0.4756838905775076 0.35639412997903563 0.4878419452887538 0.3522012578616352 0.49620060790273557 0.34556254367575123 0.49848024316109424 0.336827393431167 0.4946808510638298 0.3326345213137666 0.49012158054711247 0.3312368972746331 0.48024316109422494 0.32879105520614954 0.4635258358662614 0.3273934311670161 0.4308510638297872 0.32424877707896577 0.40425531914893614 0.3221523410202656 0.30243161094224924
8 0.49825296995108315 0.28191489361702127 0.5017470300489169 0.5478723404255319 0.5164220824598184 0.5562310030395137 0.5272536687631028 0.5539513677811551 0.5366876310272537 0.547112462006079 0.5422781271837875 0.5326747720364742 0.5405310971348707 0.5007598784194529 0.5363382250174703 0.4551671732522796 0.522711390635919 0.28495440729483285
9 0.527603074772886 0.2933130699088146 0.5370370370370371 0.4825227963525836 0.5394828791055206 0.5296352583586627 0.5408805031446541 0.5387537993920972 0.5524109014675053 0.5395136778115501 0.5628930817610063 0.5379939209726444 0.5688329839273235 0.5189969604863222 0.56638714185884 0.4825227963525836 0.5639412997903563 0.4521276595744681 0.5587002096436059 0.36930091185410335 0.5524109014675053 0.2872340425531915
10 0.5649895178197065 0.2773556231003039 0.5642907058001397 0.44072948328267475 0.5681341719077568 0.513677811550152 0.5751222921034241 0.5417933130699089 0.5877009084556254 0.541033434650456 0.5932914046121593 0.506838905775076 0.5953878406708596 0.48404255319148937 0.593990216631726 0.4627659574468085 0.5866526904262753 0.31155015197568386 0.5817610062893082 0.24316109422492402 0.5656883298392732 0.24316109422492402
11 0.6016771488469602 0.2621580547112462 0.5894479385045422 0.3822188449848024 0.5838574423480084 0.4726443768996961 0.5842068483577918 0.5129179331306991 0.589098532494759 0.5235562310030395 0.59958071278826 0.5364741641337386 0.6097134870719776 0.5303951367781155 0.6177498252969951 0.5144376899696048 0.6180992313067785 0.4969604863221885 0.6156533892382949 0.4642857142857143 0.6153039832285115 0.37537993920972645 0.6170510132774284 0.27203647416413373
12 0.6240391334730957 0.2743161094224924 0.6149545772187281 0.42933130699088146 0.6121593291404612 0.49772036474164133 0.6139063591893781 0.5220364741641338 0.6205450733752621 0.5372340425531915 0.6317260656883298 0.5372340425531915 0.6401118099231307 0.5174772036474165 0.6401118099231307 0.49772036474164133 0.6408106219426974 0.4635258358662614 0.6397624039133473 0.2803951367781155
13 0.6484975541579315 0.2925531914893617 0.6425576519916143 0.4870820668693009 0.6397624039133473 0.5075987841945289 0.6401118099231307 0.5273556231003039 0.6484975541579315 0.5364741641337386 0.66701607267645 0.5349544072948328 0.6785464709993012 0.5243161094224924 0.6872816212438854 0.506838905775076 0.6827393431167016 0.46656534954407297 0.6827393431167016 0.4126139817629179 0.6813417190775681 0.2948328267477204
14 0.686932215234102 0.2651975683890577 0.6813417190775681 0.3366261398176292 0.683088749126485 0.42933130699088146 0.6823899371069182 0.46808510638297873 0.6848357791754018 0.49164133738601823 0.6893780573025856 0.5098784194528876 0.6956673654786862 0.5212765957446809 0.7047519217330538 0.5189969604863222 0.7155835080363382 0.5075987841945289 0.7232704402515723 0.4886018237082067 0.7250174703004891 0.45592705167173253 0.7180293501048218 0.41641337386018235 0.7148846960167715 0.31534954407294835 0.716282320055905 0.2682370820668693
15 0.7218728162124388 0.2454407294832827 0.7152341020265549 0.3427051671732523 0.7190775681341719 0.4194528875379939 0.7236198462613557 0.45592705167173253 0.7260656883298393 0.4810030395136778 0.7271139063591894 0.49620060790273557 0.7306079664570231 0.5015197568389058 0.7337526205450734 0.5030395136778115 0.7480782669461915 0.49772036474164133 0.7543675751222921 0.479483282674772 0.7627533193570929 0.4574468085106383 0.7617051013277428 0.4247720364741641 0.7508735150244584 0.3586626139817629 0.742837176799441 0.25151975683890576
16 0.5003494060097834 0.5615501519756839 0.49825296995108315 0.6155015197568389 0.49301187980433264 0.776595744680851 0.506638714185884 0.7796352583586627 0.519916142557652 0.6246200607902735 0.5223619846261356 0.5942249240121581 0.5230607966457023 0.5699088145896657
17 0.5283018867924528 0.5645896656534954 0.5220125786163522 0.567629179331307 0.5213137665967854 0.601063829787234 0.5188679245283019 0.6413373860182371 0.5059399021663172 0.7849544072948328 0.5216631726065688 0.7864741641337386 0.5401816911250874 0.6382978723404256 0.5447239692522712 0.6155015197568389 0.5478686233403215 0.5972644376899696 0.5485674353598882 0.5851063829787234 0.5447239692522712 0.574468085106383 0.5387840670859538 0.5683890577507599
18 0.5534591194968553 0.5630699088145896 0.5426275331935709 0.5767477203647416 0.5408805031446541 0.5965045592705167 0.5408805031446541 0.6155015197568389 0.5405310971348707 0.6413373860182371 0.5387840670859538 0.6610942249240122 0.5248078266946191 0.8259878419452887 0.5524109014675053 0.8328267477203647 0.5677847658979734 0.6458966565349544 0.5712788259958071 0.6063829787234043 0.5695317959468903 0.5729483282674772 0.5625436757512229 0.5592705167173252
19 0.5828092243186582 0.5767477203647416 0.5709294199860238 0.5881458966565349 0.5646401118099231 0.6048632218844985 0.5632424877707897 0.6139817629179332 0.5639412997903563 0.6390577507598785 0.5653389238294899 0.689209726443769 0.5618448637316562 0.85790273556231 0.5810621942697415 0.8556231003039514 0.589098532494759 0.7203647416413373 0.5918937805730259 0.6413373860182371 0.5932914046121593 0.5889057750759878
20 0.603424178895877 0.5965045592705167 0.5953878406708596 0.601823708206687 0.5932914046121593 0.6177811550151976 0.5915443745632425 0.6534954407294833 0.5894479385045422 0.7127659574468085 0.5824598183088749 0.8267477203647416 0.606219426974144 0.824468085106383 0.6153039832285115 0.6557750759878419 0.6163522012578616 0.6253799392097265 0.616701607267645 0.6041033434650456 0.6132075471698113 0.5919452887537994
21 0.6226415094339622 0.574468085106383 0.6097134870719776 0.5759878419452887 0.6065688329839273 0.5866261398176292 0.6079664570230608 0.6025835866261399 0.6142557651991615 0.6322188449848024 0.6184486373165619 0.6466565349544073 0.639412997903564 0.8199088145896657 0.6879804332634522 0.7796352583586627 0.6666666666666666 0.6382978723404256 0.663172606568833 0.6124620060790273 0.6638714185883997 0.601063829787234 0.6649196366177498 0.587386018237082 0.6645702306079665 0.5767477203647416 0.6624737945492662 0.5691489361702128 0.6582809224318659 0.5653495440729484 0.6505939902166318 0.5600303951367781 0.6450034940600978 0.5585106382978723 0.6341719077568134 0.5539513677811551 0.6282320055904962 0.5706686930091185
22 0.6914744933612859 0.5364741641337386 0.6788958770090846 0.547112462006079 0.6666666666666666 0.5524316109422492 0.6628232005590496 0.5554711246200608 0.6568832983927324 0.5668693009118541 0.6551362683438156 0.574468085106383 0.6600279524807827 0.5942249240121581 0.6663172606568833 0.6048632218844985 0.6722571628232006 0.6375379939209727 0.6960167714884696 0.797112462006079 0.7396925227113906 0.7545592705167173 0.7208245981830887 0.6709726443768997 0.7145352900069881 0.6193009118541033 0.7155835080363382 0.5927051671732523 0.717330538085255 0.5683890577507599 0.713487071977638 0.5493920972644377 0.7075471698113207 0.5417933130699089
23 0.7410901467505241 0.5820668693009119 0.7292103424178896 0.5896656534954408 0.722921034241789 0.5995440729483282 0.7211740041928721 0.6041033434650456 0.7180293501048218 0.6253799392097265 0.720125786163522 0.6451367781155015 0.7239692522711391 0.675531914893617 0.726764500349406 0.7074468085106383 0.7361984626135569 0.7348024316109423 0.743885394828791 0.7492401215805471 0.7676450034940601 0.7370820668693009 0.7774283717679944 0.7279635258358662 0.7812718378756115 0.7066869300911854 0.7777777777777778 0.6648936170212766 0.7721872816212438 0.6299392097264438 0.7638015373864431 0.5965045592705167 0.7501747030048916 0.574468085106383
24 0.5010482180293501 0.5577507598784195 0.4979035639412998 0.6223404255319149 0.49301187980433264 0.8031914893617021 0.480083857442348 0.8047112462006079 0.4779874213836478 0.6223404255319149 0.4751921733053808 0.5691489361702128 0.4755415793151642 0.5615501519756839
25 0.4755415793151642 0.5668693009118541 0.4779874213836478 0.6268996960486323 0.4804332634521314 0.8069908814589666 0.4580712788259958 0.8092705167173252 0.453529000698812 0.6208206686930091 0.4500349406009783 0.6025835866261399 0.449685534591195 0.5919452887537994 0.4503843466107617 0.5851063829787234 0.45317959468902863 0.5759878419452887 0.45946890286512926 0.5683890577507599
26 0.45108315863032844 0.5592705167173252 0.453529000698812 0.5721884498480243 0.45422781271837875 0.5759878419452887 0.45387840670859536 0.5881458966565349 0.45317959468902863 0.5972644376899696 0.45213137665967856 0.6124620060790273 0.4528301886792453 0.6474164133738601 0.46016771488469604 0.8586626139817629 0.4304682040531097 0.8563829787234043 0.42697414395527605 0.648176291793313 0.4248777078965758 0.6048632218844985 0.4227812718378756 0.5835866261398176 0.42382948986722574 0.5737082066869301 0.4273235499650594 0.5630699088145896 0.43361285814116 0.5577507598784195 0.44025157232704404 0.5501519756838906 0.4479385045422781 0.5501519756838906
27 0.41509433962264153 0.5524316109422492 0.4185883997204752 0.5630699088145896 0.42348008385744235 0.5668693009118541 0.4273235499650594 0.5729483282674772 0.429769392033543 0.5782674772036475 0.4315164220824598 0.5843465045592705 0.43186582809224316 0.5904255319148937 0.43186582809224316 0.6025835866261399 0.43116701607267643 0.6162613981762918 0.42872117400419285 0.6322188449848024 0.42662473794549266 0.6527355623100304 0.4217330538085255 0.8525835866261399 0.39482879105520613 0.8457446808510638 0.3976240391334731 0.6854103343465046 0.39797344514325644 0.6177811550151976 0.4021663172606569 0.5721884498480243 0.4060097833682739 0.5577507598784195 0.41264849755415794 0.5501519756838906
28 0.39797344514325644 0.5668693009118541 0.3913347309573725 0.5645896656534954 0.3860936408106219 0.5645896656534954 0.3836477987421384 0.567629179331307 0.37735849056603776 0.5782674772036475 0.3752620545073375 0.6003039513677811 0.37351502445842066 0.6238601823708206 0.3644304682040531 0.8259878419452887 0.39482879105520613 0.8404255319148937 0.40356394129979034 0.6436170212765957 0.4109014675052411 0.5965045592705167 0.4109014675052411 0.5790273556231003 0.40496156533892386 0.5729483282674772
29 0.35988819007686934 0.5569908814589666 0.35394828791055205 0.5562310030395137 0.34835779175401815 0.5569908814589666 0.34556254367575123 0.560790273556231 0.343466107617051 0.5661094224924013 0.34276729559748426 0.5797872340425532 0.3413696715583508 0.5904255319148937 0.3392732354996506 0.6056231003039514 0.3361285814116003 0.6193009118541033 0.30677847658979734 0.790273556231003 0.35709294199860236 0.8123100303951368 0.3752620545073375 0.6466565349544073 0.3829489867225716 0.6094224924012158 0.3857442348008386 0.5911854103343465 0.3843466107617051 0.5714285714285714 0.3787561146051712 0.5600303951367781 0.3731656184486373 0.5600303951367781
30 0.31516422082459816 0.5334346504559271 0.30363382250174703 0.5364741641337386 0.3001397624039133 0.5463525835866262 0.2962962962962963 0.5630699088145896 0.2917540181691125 0.5919452887537994 0.2606568832983927 0.7553191489361702 0.3057302585604472 0.790273556231003 0.33647798742138363 0.6208206686930091 0.3417190775681342 0.5927051671732523 0.3438155136268344 0.5797872340425532 0.34311670160726765 0.5714285714285714 0.33787561146051714 0.5585106382978723 0.3326345213137666 0.5509118541033434 0.32669461914744935 0.5448328267477204
31 0.273235499650594 0.5037993920972644 0.26275331935709295 0.5022796352583586 0.25401816911250874 0.5007598784194529 0.2477288609364081 0.5053191489361702 0.24143955276030749 0.5197568389057751 0.23724668064290705 0.5509118541033434 0.20649895178197064 0.6998480243161094 0.2554157931516422 0.7515197568389058 0.2886093640810622 0.6155015197568389 0.2952480782669462 0.5714285714285714 0.3004891684136967 0.5319148936170213 0.2907058001397624 0.5151975683890577 0.2805730258560447 0.5167173252279635