0 0.5104517869184086 0.2621580547112462 0.5134861766689144 0.46504559270516715 0.5138233310856373 0.5212765957446809 0.4801078894133513 0.5189969604863222 0.48280512474713416 0.4726443768996961 0.49055967633175995 0.2712765957446808
1 0.4892110586648685 0.27583586626139817 0.48314227916385705 0.45592705167173253 0.4817936614969656 0.5015197568389058 0.4656102494942684 0.5045592705167173 0.45583277140930545 0.46656534954407297 0.4602157788267026 0.43541033434650456 0.4723533378287256 0.27887537993920974
2 0.46089008766014833 0.2553191489361702 0.4598786244099798 0.41793313069908816 0.4619015509103169 0.43844984802431614 0.4619015509103169 0.4506079027355623 0.4605529332434255 0.4635258358662614 0.45853000674308836 0.47416413373860183 0.45010114632501685 0.5129179331306991 0.4315576534052596 0.5007598784194529 0.4315576534052596 0.4513677811550152 0.43762643290627107 0.3860182370820669 0.44335805799055966 0.24088145896656535 0.46156439649359404 0.23860182370820668
3 0.4416722859069454 0.23556231003039513 0.4399865138233311 0.3981762917933131 0.44335805799055966 0.42021276595744683 0.44302090357383683 0.4331306990881459 0.4413351314902225 0.4490881458966565 0.4403236682400539 0.4635258358662614 0.43762643290627107 0.47416413373860183 0.4271746459878624 0.4870820668693009 0.4204315576534053 0.48632218844984804 0.41638570465273095 0.47796352583586627 0.4136884693189481 0.46808510638297873 0.4116655428186109 0.45972644376899696 0.41132838840188807 0.44072948328267475 0.4140256237356709 0.41793313069908816 0.41638570465273095 0.3974164133738602 0.4241402562373567 0.28419452887537994 0.4275118004045853 0.23860182370820668
4 0.41807147673634526 0.22796352583586627 0.4200944032366824 0.3882978723404255 0.4204315576534053 0.40425531914893614 0.4207687120701281 0.41717325227963525 0.4207687120701281 0.4308510638297872 0.4207687120701281 0.4430091185410334 0.418745785569791 0.45440729483282677 0.4150370869858395 0.46504559270516715 0.40896830748482804 0.47416413373860183 0.40357383681726233 0.47416413373860183 0.3978422117329737 0.4673252279635258 0.39514497639919083 0.4566869300911854 0.3921105866486851 0.446048632218845 0.39177343223196226 0.4316109422492401 0.392447741065408 0.4088145896656535 0.3944706675657451 0.38677811550151975 0.401888064733648 0.23328267477203649
5 0.3931220498988537 0.2317629179331307 0.3985165205664194 0.3731003039513678 0.40155091031692514 0.3905775075987842 0.401888064733648 0.4027355623100304 0.401888064733648 0.41641337386018235 0.40155091031692514 0.4278115501519757 0.3985165205664194 0.44148936170212766 0.39413351314902223 0.4513677811550152 0.38503034389750507 0.45288753799392095 0.3745785569790964 0.45288753799392095 0.36210384356035064 0.44832826747720367 0.35603506405933916 0.44072948328267475 0.3533378287255563 0.43541033434650456 0.3530006743088335 0.425531914893617 0.35468644639244773 0.4126139817629179 0.35637221847606204 0.4027355623100304 0.3594066082265678 0.3829787234042553 0.3607552258934592 0.35714285714285715 0.3607552258934592 0.32598784194528874 0.3607552258934592 0.3009118541033435 0.3597437626432906 0.2773556231003039 0.35738368172623064 0.25227963525835867 0.35738368172623064 0.23024316109422494 0.3735670937289278 0.22264437689969604 0.38401888064733647 0.22264437689969604
6 0.3401888064733648 0.23024316109422494 0.3385030343897505 0.27811550151975684 0.33546864463924475 0.30243161094224924 0.3310856372218476 0.31534954407294835 0.32400539447066756 0.33282674772036475 0.3162508428860418 0.3465045592705167 0.3128792987188132 0.35638297872340424 0.31186783546864466 0.36930091185410335 0.3122049898853675 0.38677811550151975 0.31759946055293325 0.40501519756838905 0.3219824679703304 0.4133738601823708 0.32906271072151044 0.4209726443768997 0.3361429534726905 0.42249240121580545 0.34356035064059337 0.42325227963525835 0.3476062036412677 0.4217325227963526 0.3530006743088335 0.41717325227963525 0.35603506405933916 0.4034954407294833 0.35873229939312207 0.38145896656534956 0.36277815239379635 0.3487841945288754 0.3600809170600135 0.2948328267477204 0.35873229939312207 0.23404255319148937 0.3536749831422792 0.22416413373860183 0.3472690492245448 0.22264437689969604
7 0.3246797033041133 0.19908814589665655 0.3132164531355361 0.2317629179331307 0.29669588671611596 0.25455927051671734 0.2862440997977074 0.26443768996960487 0.2795010114632502 0.2803951367781155 0.27646662171274444 0.29559270516717323 0.2737693863789616 0.31155015197568386 0.27646662171274444 0.3351063829787234 0.2818610923803102 0.35638297872340424 0.29028995279838166 0.36930091185410335 0.29703304113283885 0.37462006079027355 0.30512474713418747 0.3723404255319149 0.3125421443020904 0.3594224924012158 0.3202966958867161 0.33814589665653494 0.32973701955495616 0.3221884498480243 0.33749157113958195 0.29635258358662614 0.3412002697235334 0.24012158054711247 0.3408631153068105 0.21200607902735563 0.33041132838840187 0.19756838905775076
8 0.51416048550236 0.2651975683890577 0.512137559002023 0.46580547112462006 0.5138233310856373 0.5182370820668692 0.5418071476736345 0.5174772036474165 0.5407956844234659 0.4787234042553192 0.5374241402562373 0.2629179331306991
9 0.5377612946729602 0.2621580547112462 0.540458530006743 0.4635258358662614 0.5434929197572488 0.5075987841945289 0.5579905596763317 0.5083586626139818 0.5677680377612947 0.4734042553191489 0.5616992582602832 0.4209726443768997 0.5600134861766689 0.2682370820668693
10 0.5643964935940661 0.2629179331306991 0.5593391773432232 0.4209726443768997 0.5576534052596089 0.44148936170212766 0.5593391773432232 0.45592705167173253 0.5633850303438975 0.4726443768996961 0.5677680377612947 0.49164133738601823 0.5728253540121375 0.5075987841945289 0.5782198246797033 0.5129179331306991 0.5832771409305462 0.506079027355623 0.5866486850977748 0.4939209726443769 0.5890087660148348 0.46656534954407297 0.5906945380984491 0.42401215805471126 0.5863115306810519 0.39209726443769 0.5853000674308834 0.24848024316109424 0.5660822656776804 0.24848024316109424
11 0.5846257585974376 0.25 0.5826028320971005 0.41109422492401215 0.5792312879298719 0.43541033434650456 0.5802427511800404 0.4635258358662614 0.5829399865138233 0.479483282674772 0.5930546190155092 0.493161094224924 0.6008091706001348 0.49164133738601823 0.6085637221847606 0.48404255319148937 0.6112609575185435 0.47112462006079026 0.6115981119352664 0.44984802431610943 0.6105866486850978 0.42629179331306993 0.6065407956844234 0.4027355623100304 0.6041807147673635 0.3738601823708207 0.6014834794335806 0.2454407294832827
12 0.6014834794335806 0.24924012158054712 0.6031692515171949 0.4095744680851064 0.6018206338503035 0.43844984802431614 0.6045178691840863 0.45288753799392095 0.6092380310182063 0.46580547112462006 0.6163182737693864 0.47112462006079026 0.6233985165205664 0.47188449848024316 0.629130141604855 0.4673252279635258 0.631490222521915 0.4551671732522796 0.631490222521915 0.44072948328267475 0.6294672960215779 0.4095744680851064 0.6267700606877951 0.3791793313069909 0.6260957518543493 0.2439209726443769
13 0.6267700606877951 0.24240121580547114 0.6247471341874579 0.3708206686930091 0.6223870532703979 0.3882978723404255 0.622049898853675 0.40425531914893614 0.622049898853675 0.4278115501519757 0.6237356709372893 0.44680851063829785 0.6301416048550236 0.4574468085106383 0.6422791638570465 0.46656534954407297 0.6564396493594066 0.4566869300911854 0.6668914362778152 0.446048632218845 0.6648685097774781 0.43237082066869303 0.6621712744436952 0.40805471124620063 0.6638570465273095 0.32598784194528874 0.6662171274443696 0.24012158054711247 0.6490222521915037 0.24012158054711247 0.6341874578556979 0.24164133738601823
14 0.6614969656102495 0.23708206686930092 0.6621712744436952 0.3427051671732523 0.6618341200269724 0.40577507598784196 0.6679028995279838 0.439209726443769 0.686783546864464 0.44224924012158057 0.7083614295347269 0.41641337386018235 0.7049898853674983 0.38145896656534956 0.6989211058664868 0.35714285714285715 0.6928523263654753 0.3343465045592705 0.6891436277815239 0.30927051671732525 0.6861092380310182 0.2872340425531915 0.6857720836142953 0.2560790273556231 0.6847606203641268 0.2378419452887538 0.6759946055293324 0.23480243161094225 0.669925826028321 0.23556231003039513
15 0.6854349291975725 0.23556231003039513 0.688806473364801 0.3100303951367781 0.6975724881995954 0.3518237082066869 0.7093728927848955 0.3966565349544073 0.7282535401213756 0.39209726443769 0.7349966284558328 0.3586626139817629 0.7353337828725557 0.32142857142857145 0.7255563047875927 0.30775075987841943 0.7110586648685098 0.26671732522796354 0.7026298044504383 0.21732522796352582
16 0.5158462575859744 0.5668693009118541 0.5151719487525287 0.7720364741641338 0.538435603506406 0.7743161094224924 0.5354012137559002 0.5987841945288754 0.5357383681726231 0.5645896656534954
17 0.5414699932569117 0.5615501519756839 0.5337154416722859 0.5775075987841946 0.5347269049224544 0.5965045592705167 0.5468644639244774 0.78419452887538 0.5721510451786919 0.7781155015197568 0.5569790964261632 0.6094224924012158 0.5566419420094403 0.5699088145896657 0.5475387727579232 0.5630699088145896
18 0.5630478759271746 0.5531914893617021 0.5563047875927175 0.5805471124620061 0.5579905596763317 0.628419452887538 0.5846257585974376 0.8009118541033434 0.6058664868509778 0.7857142857142857 0.5846257585974376 0.6025835866261399 0.5846257585974376 0.5919452887537994 0.5849629130141605 0.5820668693009119 0.5819285232636547 0.5714285714285714 0.5792312879298719 0.5623100303951368 0.5748482805124747 0.5524316109422492 0.5701281186783547 0.5486322188449848 0.564733648010789 0.5509118541033434
19 0.5903573836817262 0.5478723404255319 0.5879973027646662 0.5554711246200608 0.583614295347269 0.5547112462006079 0.5815913688469319 0.5653495440729484 0.5799055967633177 0.5759878419452887 0.5826028320971005 0.5904255319148937 0.5869858395144977 0.6071428571428571 0.6031692515171949 0.78419452887538 0.622049898853675 0.7743161094224924 0.6068779501011463 0.5919452887537994 0.6068779501011463 0.5759878419452887 0.6068779501011463 0.5630699088145896 0.6031692515171949 0.5524316109422492 0.5997977073499663 0.5448328267477204 0.5947403910991234 0.5448328267477204
20 0.6078894133513149 0.5182370820668692 0.6008091706001348 0.5455927051671733 0.600472016183412 0.5683890577507599 0.6038435603506406 0.5851063829787234 0.6304787592717465 0.7545592705167173 0.6513823331085637 0.7386018237082067 0.629130141604855 0.5653495440729484 0.6287929871881321 0.5501519756838906 0.6264329062710722 0.5372340425531915 0.622049898853675 0.5296352583586627 0.6169925826028321 0.5235562310030395 0.6129467296021578 0.5189969604863222
21 0.6345246122724207 0.493161094224924 0.6298044504383007 0.4969604863221885 0.6250842886041807 0.5022796352583586 0.6217127444369521 0.5091185410334347 0.6196898179366149 0.5197568389057751 0.6207012811867836 0.5379939209726444 0.631490222521915 0.5729483282674772 0.6641942009440324 0.7507598784194529 0.6999325691166555 0.6899696048632219 0.6689143627781524 0.5478723404255319 0.6692515171948753 0.5273556231003039 0.6685772083614295 0.5151975683890577 0.6662171274443696 0.5053191489361702 0.6641942009440324 0.49544072948328266 0.6517194875252866 0.4825227963525836 0.6389076196898179 0.4878419452887538
22 0.6689143627781524 0.4696048632218845 0.6584625758597438 0.4870820668693009 0.6611598111935266 0.5121580547112462 0.669925826028321 0.5387537993920972 0.7154416722859069 0.6937689969604863 0.7471341874578556 0.6451367781155015 0.7124072825354012 0.5098784194528876 0.7110586648685098 0.4734042553191489 0.7036412677006069 0.4506079027355623 0.6955495616992583 0.44680851063829785 0.6830748482805125 0.45592705167173253 0.674645987862441 0.4627659574468085
24 0.5161834120026972 0.5653495440729484 0.5144976399190829 0.7857142857142857 0.4935940660822657 0.7826747720364742 0.4942683749157114 0.60790273556231 0.4942683749157114 0.5699088145896657
25 0.4942683749157114 0.5699088145896657 0.4935940660822657 0.6253799392097265 0.4925826028320971 0.7864741641337386 0.4656102494942684 0.7811550151975684 0.47100472016183415 0.6048632218844985 0.4730276466621713 0.5638297872340425 0.48718813216453133 0.5661094224924013
26 0.46257585974376264 0.5440729483282675 0.4686446392447741 0.5516717325227963 0.4730276466621713 0.5759878419452887 0.46999325691166555 0.6268996960486323 0.45077545515846257 0.7955927051671733 0.4197572488199595 0.7720364741641338 0.4416722859069454 0.60790273556231 0.4467296021577883 0.5759878419452887 0.4538098449089683 0.5448328267477204
27 0.43459204315576533 0.5357142857142857 0.44268374915711395 0.5448328267477204 0.447403910991234 0.5615501519756839 0.4480782198246797 0.5782674772036475 0.4447066756574511 0.5995440729483282 0.43728927848954824 0.6474164133738601 0.4204315576534053 0.7864741641337386 0.40728253540121373 0.7857142857142857 0.41537424140256235 0.6139817629179332 0.4194200944032367 0.5721884498480243 0.42548887390424817 0.5440729483282675 0.4318948078219825 0.5379939209726444
28 0.41132838840188807 0.5182370820668692 0.40391099123398516 0.5151975683890577 0.4005394470667566 0.5189969604863222 0.3978422117329737 0.5311550151975684 0.39649359406608226 0.5440729483282675 0.37525286581254214 0.7416413373860182 0.3921105866486851 0.7522796352583586 0.41672285906945383 0.6101823708206687 0.42548887390424817 0.5721884498480243 0.4291975724881996 0.5592705167173252 0.43020903573836816 0.547112462006079 0.42886041807147673 0.5311550151975684 0.42380310182063385 0.5235562310030395 0.418745785569791 0.5227963525835866
29 0.37086985839514497 0.479483282674772 0.38941335131490223 0.4825227963525836 0.40391099123398516 0.4946808510638298 0.4076196898179366 0.5045592705167173 0.40829399865138233 0.5167173252279635 0.406608226567768 0.5288753799392097 0.40391099123398516 0.540273556231003 0.4005394470667566 0.5493920972644377 0.3961564396493594 0.5630699088145896 0.3617666891436278 0.7522796352583586 0.3128792987188132 0.6717325227963525 0.3526635198921106 0.5493920972644377 0.3543492919757249 0.5303951367781155 0.3536749831422792 0.506838905775076 0.35738368172623064 0.4886018237082067 0.3604180714767363 0.4810030395136778 0.36783546864463923 0.4817629179331307
30 0.3482805124747134 0.45364741641337386 0.33007417397167904 0.4452887537993921 0.32164531355360754 0.4452887537993921 0.31726230613621037 0.4506079027355623 0.31422791638570463 0.4566869300911854 0.31186783546864466 0.46580547112462006 0.30984490896830746 0.479483282674772 0.2589345920431558 0.628419452887538 0.29028995279838166 0.6747720364741642 0.3199595414699933 0.6177811550151976 0.35064059339177345 0.5387537993920972 0.35637221847606204 0.5281155015197568 0.3590694538098449 0.520516717325228 0.36277815239379635 0.5098784194528876 0.3648010788941335 0.5 0.3664868509777478 0.4870820668693009 0.3648010788941335 0.47416413373860183 0.35704652730950776 0.4642857142857143 0.35131490222521916 0.4582066869300912
31 0.27747808496291304 0.3898176291793313 0.3199595414699933 0.44376899696048633 0.3196223870532704 0.4566869300911854 0.31726230613621037 0.46656534954407297 0.3135536075522589 0.479483282674772 0.3068105192178018 0.49620060790273557 0.2437626432906271 0.628419452887538 0.2198246797033041 0.5509118541033434 0.25151719487525287 0.44452887537993924 0.2666891436277815 0.4034954407294833