0 0.46204453441295545 0.3514344262295082 0.4610323886639676 0.42008196721311475 0.45799595141700405 0.48360655737704916 0.4559716599190283 0.5225409836065574 0.46305668016194335 0.5563524590163934 0.4832995951417004 0.5389344262295082 0.48633603238866396 0.4661885245901639 0.48228744939271256 0.38934426229508196 0.48026315789473684 0.3452868852459016
1 0.44129554655870445 0.3411885245901639 0.44129554655870445 0.4149590163934426 0.43876518218623484 0.48770491803278687 0.43775303643724695 0.5348360655737705 0.444331983805668 0.5389344262295082 0.4524291497975709 0.5153688524590164 0.4569838056680162 0.4692622950819672 0.4590080971659919 0.38524590163934425 0.4590080971659919 0.3432377049180328 0.451417004048583 0.32991803278688525
2 0.4190283400809717 0.3360655737704918 0.4200404858299595 0.375 0.4190283400809717 0.42213114754098363 0.4190283400809717 0.45594262295081966 0.41700404858299595 0.48155737704918034 0.42206477732793524 0.5266393442622951 0.42965587044534415 0.5266393442622951 0.4402834008097166 0.5051229508196722 0.43876518218623484 0.46209016393442626 0.4347165991902834 0.41700819672131145 0.43775303643724695 0.35348360655737704 0.44129554655870445 0.3237704918032787
3 0.4018218623481781 0.3237704918032787 0.4018218623481781 0.3514344262295082 0.4008097165991903 0.38114754098360654 0.3977732793522267 0.4661885245901639 0.395748987854251 0.4774590163934426 0.39979757085020245 0.4989754098360656 0.4104251012145749 0.5092213114754098 0.4159919028340081 0.49385245901639346 0.41700404858299595 0.45799180327868855 0.41700404858299595 0.4047131147540984 0.42206477732793524 0.3401639344262295 0.4230769230769231 0.32581967213114754
4 0.3790485829959514 0.319672131147541 0.3790485829959514 0.3514344262295082 0.3770242914979757 0.39241803278688525 0.3765182186234818 0.41700819672131145 0.3734817813765182 0.45184426229508196 0.3765182186234818 0.49385245901639346 0.3861336032388664 0.5051229508196722 0.39979757085020245 0.4948770491803279 0.39878542510121456 0.44774590163934425 0.39473684210526316 0.4026639344262295 0.39878542510121456 0.34938524590163933 0.4008097165991903 0.319672131147541
5 0.35020242914979755 0.319672131147541 0.3491902834008097 0.3452868852459016 0.34615384615384615 0.4026639344262295 0.3410931174089069 0.4364754098360656 0.33856275303643724 0.4692622950819672 0.3481781376518219 0.5092213114754098 0.36082995951417 0.5112704918032787 0.37550607287449395 0.48975409836065575 0.3765182186234818 0.4661885245901639 0.37550607287449395 0.42827868852459017 0.37449392712550605 0.3831967213114754 0.3810728744939271 0.3319672131147541 0.3765182186234818 0.3176229508196721
6 0.3390688259109312 0.32172131147540983 0.3410931174089069 0.38524590163934425 0.340080971659919 0.42213114754098363 0.3375506072874494 0.4600409836065574 0.32388663967611336 0.48155737704918034 0.31224696356275305 0.4682377049180328 0.3061740890688259 0.44774590163934425 0.3041497975708502 0.41700819672131145 0.3081983805668016 0.3770491803278688 0.31224696356275305 0.3411885245901639 0.31376518218623484 0.3125 0.3274291497975709 0.29200819672131145
7 0.31123481781376516 0.29405737704918034 0.3081983805668016 0.3237704918032787 0.3061740890688259 0.34938524590163933 0.30516194331983804 0.39651639344262296 0.3006072874493927 0.430327868852459 0.2925101214574899 0.45389344262295084 0.2742914979757085 0.4262295081967213 0.2692307692307692 0.4149590163934426 0.2702429149797571 0.36885245901639346 0.27530364372469635 0.3411885245901639 0.27884615384615385 0.3145491803278688 0.28289473684210525 0.2899590163934426 0.291497975708502 0.27459016393442626
8 0.48633603238866396 0.33811475409836067 0.4853238866396761 0.39241803278688525 0.4853238866396761 0.4456967213114754 0.4853238866396761 0.4918032786885246 0.4873481781376518 0.5266393442622951 0.4959514170040486 0.5461065573770492 0.5096153846153846 0.5461065573770492 0.5116396761133604 0.5307377049180327 0.5096153846153846 0.4774590163934426 0.5075910931174089 0.4323770491803279 0.506578947368421 0.36168032786885246 0.5086032388663968 0.3319672131147541
9 0.5096153846153846 0.3360655737704918 0.506578947368421 0.375 0.5020242914979757 0.44364754098360654 0.5020242914979757 0.48360655737704916 0.5126518218623481 0.5348360655737705 0.520242914979757 0.5368852459016393 0.5263157894736842 0.5225409836065574 0.52834008097166 0.4918032786885246 0.52834008097166 0.4600409836065574 0.5263157894736842 0.4067622950819672 0.5263157894736842 0.36168032786885246 0.52834008097166 0.3237704918032787
10 0.5263157894736842 0.3155737704918033 0.521255060728745 0.39241803278688525 0.5192307692307693 0.4426229508196721 0.5232793522267206 0.4692622950819672 0.5328947368421053 0.5153688524590164 0.5435222672064778 0.5348360655737705 0.5506072874493927 0.5133196721311475 0.5526315789473685 0.4692622950819672 0.548582995951417 0.42213114754098363 0.548582995951417 0.34938524590163933 0.5495951417004049 0.3125
11 0.548582995951417 0.3155737704918033 0.548582995951417 0.36577868852459017 0.548582995951417 0.4108606557377049 0.5495951417004049 0.4600409836065574 0.5541497975708503 0.49385245901639346 0.5652834008097166 0.507172131147541 0.5708502024291497 0.48360655737704916 0.569838056680162 0.4323770491803279 0.569838056680162 0.38524590163934425 0.5718623481781376 0.32991803278688525 0.5728744939271255 0.2899590163934426
12 0.5738866396761133 0.30635245901639346 0.5779352226720648 0.3432377049180328 0.5794534412955465 0.39651639344262296 0.5804655870445344 0.42827868852459017 0.5824898785425101 0.4682377049180328 0.5915991902834008 0.4969262295081967 0.6032388663967612 0.4989754098360656 0.6148785425101214 0.47950819672131145 0.6158906882591093 0.45799180327868855 0.6158906882591093 0.4262295081967213 0.6158906882591093 0.39241803278688525 0.6088056680161943 0.3514344262295082 0.604757085020243 0.29815573770491804 0.6012145748987854 0.2725409836065574 0.5814777327935222 0.2807377049180328
13 0.6128542510121457 0.27049180327868855 0.6118421052631579 0.3104508196721312 0.6088056680161943 0.3555327868852459 0.6174089068825911 0.4088114754098361 0.6244939271255061 0.44364754098360654 0.6351214574898786 0.45799180327868855 0.6538461538461539 0.4405737704918033 0.6553643724696356 0.41290983606557374 0.6497975708502024 0.36168032786885246 0.6427125506072875 0.29815573770491804 0.6427125506072875 0.26639344262295084
14 0.6563765182186235 0.257172131147541 0.6467611336032388 0.2786885245901639 0.6437246963562753 0.3145491803278688 0.6538461538461539 0.3473360655737705 0.6584008097165992 0.4108606557377049 0.6680161943319838 0.42213114754098363 0.6791497975708503 0.4067622950819672 0.6847165991902834 0.38729508196721313 0.6867408906882592 0.36577868852459017 0.6771255060728745 0.3237704918032787 0.6644736842105263 0.2827868852459016
16 0.48026315789473684 0.701844262295082 0.48026315789473684 0.6608606557377049 0.4757085020242915 0.6157786885245902 0.4726720647773279 0.5778688524590164 0.4893724696356275 0.5717213114754098 0.49696356275303644 0.5922131147540983 0.4939271255060729 0.6290983606557377 0.4939271255060729 0.6588114754098361 0.4939271255060729 0.6997950819672131 0.4939271255060729 0.7202868852459017 0.4883603238866397 0.7459016393442623 0.4812753036437247 0.735655737704918
17 0.5146761133603239 0.7182377049180327 0.5106275303643725 0.6670081967213115 0.5116396761133604 0.6198770491803278 0.5156882591093117 0.5860655737704918 0.5055668016194332 0.5758196721311475 0.4979757085020243 0.5922131147540983 0.49696356275303644 0.625 0.5010121457489879 0.6741803278688525 0.5010121457489879 0.7059426229508197 0.5010121457489879 0.7295081967213115 0.5020242914979757 0.75
18 0.5475708502024291 0.7254098360655737 0.5445344129554656 0.6905737704918032 0.5435222672064778 0.6454918032786885 0.5435222672064778 0.6014344262295082 0.5435222672064778 0.5799180327868853 0.5288461538461539 0.5706967213114754 0.520242914979757 0.5737704918032787 0.5192307692307693 0.6075819672131147 0.521255060728745 0.6434426229508197 0.5232793522267206 0.6905737704918032 0.5263157894736842 0.7223360655737705 0.5288461538461539 0.7336065573770492 0.5409919028340081 0.7438524590163934
19 0.5738866396761133 0.6844262295081968 0.5738866396761133 0.6588114754098361 0.5738866396761133 0.6229508196721312 0.569838056680162 0.5840163934426229 0.562246963562753 0.5604508196721312 0.5536437246963563 0.5625 0.548582995951417 0.5901639344262295 0.548582995951417 0.625 0.5526315789473685 0.6629098360655737 0.5571862348178138 0.7141393442622951 0.5602226720647774 0.7274590163934426 0.5718623481781376 0.7141393442622951
20 0.5981781376518218 0.6885245901639344 0.5981781376518218 0.6649590163934426 0.5941295546558705 0.617827868852459 0.5915991902834008 0.5922131147540983 0.5905870445344129 0.5604508196721312 0.5759109311740891 0.5502049180327869 0.5652834008097166 0.5522540983606558 0.5652834008097166 0.5942622950819673 0.5759109311740891 0.639344262295082 0.5824898785425101 0.673155737704918
22 0.6933198380566802 0.6331967213114754 0.6867408906882592 0.6157786885245902 0.6720647773279352 0.5799180327868853 0.6614372469635628 0.5430327868852459 0.6563765182186235 0.5204918032786885 0.6447368421052632 0.4948770491803279 0.6265182186234818 0.48975409836065575 0.6148785425101214 0.5112704918032787 0.6138663967611336 0.5266393442622951 0.6285425101214575 0.5799180327868853 0.6427125506072875 0.6198770491803278 0.6614372469635628 0.6588114754098361 0.6771255060728745 0.6649590163934426
23 0.7196356275303644 0.5543032786885246 0.715080971659919 0.5286885245901639 0.7044534412955465 0.5010245901639344 0.6918016194331984 0.4733606557377049 0.6887651821862348 0.4600409836065574 0.6781376518218624 0.44979508196721313 0.666497975708502 0.45594262295081966 0.6563765182186235 0.47540983606557374 0.6548582995951417 0.48975409836065575 0.6563765182186235 0.5225409836065574 0.6751012145748988 0.5584016393442623 0.6928137651821862 0.5778688524590164 0.7054655870445344 0.5901639344262295
24 0.4665991902834008 0.7223360655737705 0.46963562753036436 0.6782786885245902 0.47368421052631576 0.6311475409836066 0.479251012145749 0.6014344262295082 0.46558704453441296 0.5840163934426229 0.4549595141700405 0.6014344262295082 0.4549595141700405 0.6311475409836066 0.4559716599190283 0.6629098360655737 0.4524291497975709 0.6967213114754098 0.4483805668016194 0.7336065573770492
25 0.4402834008097166 0.7397540983606558 0.444331983805668 0.7254098360655737 0.4473684210526316 0.6987704918032787 0.4493927125506073 0.6711065573770492 0.4524291497975709 0.6434426229508197 0.45394736842105265 0.617827868852459 0.45394736842105265 0.5963114754098361 0.45394736842105265 0.5840163934426229 0.4423076923076923 0.5819672131147541 0.4357287449392713 0.5942622950819673 0.4357287449392713 0.6219262295081968 0.4357287449392713 0.6506147540983607 0.4326923076923077 0.701844262295082
26 0.4190283400809717 0.7377049180327869 0.4251012145748988 0.7059426229508197 0.430668016194332 0.6454918032786885 0.4316801619433198 0.6219262295081968 0.43370445344129555 0.5963114754098361 0.43370445344129555 0.5737704918032787 0.4190283400809717 0.5625 0.4144736842105263 0.5942622950819673 0.4144736842105263 0.6290983606557377 0.4144736842105263 0.6762295081967213 0.4084008097165992 0.7182377049180327 0.40536437246963564 0.7551229508196722 0.4144736842105263 0.7551229508196722
27 0.3917004048582996 0.7479508196721312 0.4124493927125506 0.5901639344262295 0.4124493927125506 0.5706967213114754 0.40536437246963564 0.5563524590163934 0.39271255060728744 0.5799180327868853 0.38917004048583 0.6075819672131147 0.38917004048583 0.6454918032786885 0.3790485829959514 0.6926229508196722 0.3765182186234818 0.7141393442622951 0.37803643724696356 0.75
28 0.3694331983805668 0.7161885245901639 0.3724696356275304 0.6885245901639344 0.3790485829959514 0.6454918032786885 0.3861336032388664 0.5901639344262295 0.3896761133603239 0.5430327868852459 0.3724696356275304 0.5409836065573771 0.3638663967611336 0.5706967213114754 0.3638663967611336 0.6137295081967213 0.35779352226720645 0.673155737704918 0.3491902834008097 0.7141393442622951
30 0.28289473684210525 0.6782786885245902 0.29453441295546556 0.6588114754098361 0.3081983805668016 0.6270491803278688 0.3284412955465587 0.5860655737704918 0.34210526315789475 0.5543032786885246 0.33653846153846156 0.5266393442622951 0.32388663967611336 0.5204918032786885 0.30718623481781376 0.5051229508196722 0.29453441295546556 0.5348360655737705 0.2808704453441296 0.5758196721311475 0.2631578947368421 0.6075819672131147 0.2575910931174089 0.6454918032786885
31 0.23987854251012145 0.6034836065573771 0.2565789473684211 0.5963114754098361 0.2758097165991903 0.5840163934426229 0.2925101214574899 0.5543032786885246 0.298582995951417 0.5286885245901639 0.30111336032388664 0.5051229508196722 0.2894736842105263 0.48770491803278687 0.2722672064777328 0.4713114754098361 0.2651821862348178 0.4682377049180328 0.24898785425101214 0.507172131147541 0.23431174089068826 0.5389344262295082 0.22469635627530365 0.5645491803278688