0 0.4696969696969697 0.3009118541033435 0.46476391825229035 0.3639817629179331 0.46264975334742775 0.41641337386018235 0.4608879492600423 0.4673252279635258 0.4587737843551797 0.5197568389057751 0.4978858350951374 0.5182370820668692 0.49506694855532063 0.4696048632218845 0.4940098661028894 0.42325227963525835 0.4918957011980268 0.3594224924012158 0.4940098661028894 0.28343465045592703 0.4696969696969697 0.27279635258358664
1 0.45278365045806906 0.3069908814589666 0.45771670190274844 0.4734042553191489 0.45207892882311485 0.5197568389057751 0.44221282593375616 0.5220364741641338 0.4284707540521494 0.5113981762917933 0.4274136715997181 0.47796352583586627 0.4274136715997181 0.44224924012158057 0.4274136715997181 0.39969604863221886 0.4284707540521494 0.35790273556231 0.43023255813953487 0.32142857142857145 0.4323467230443975 0.29027355623100304 0.4334038054968288 0.27279635258358664 0.4390415785764623 0.2560790273556231 0.45771670190274844 0.2560790273556231 0.459830866807611 0.28191489361702127
2 0.4186046511627907 0.2750759878419453 0.41261451726568005 0.2796352583586626 0.41261451726568005 0.3069908814589666 0.408738548273432 0.3487841945288754 0.40380549682875266 0.3890577507598784 0.3999295278365046 0.42933130699088146 0.3981677237491191 0.4566869300911854 0.3971106412966878 0.48632218844984804 0.3971106412966878 0.5197568389057751 0.4080338266384778 0.5197568389057751 0.4214235377026075 0.4673252279635258 0.4214235377026075 0.44224924012158057 0.42248062015503873 0.3829787234042553 0.4274136715997181 0.32978723404255317 0.4323467230443975 0.29635258358662614 0.4323467230443975 0.2750759878419453
3 0.3854827343199436 0.29635258358662614 0.3773784355179704 0.32142857142857145 0.3766737138830162 0.35106382978723405 0.36856941508104296 0.40577507598784196 0.37068357998590556 0.45288753799392095 0.37174066243833687 0.4817629179331307 0.37174066243833687 0.5030395136778115 0.3766737138830162 0.5243161094224924 0.39217758985200846 0.5007598784194529 0.3949964763918252 0.47188449848024316 0.3949964763918252 0.41033434650455924 0.3949964763918252 0.3617021276595745 0.40310077519379844 0.31534954407294835 0.4069767441860465 0.2917933130699088 0.40380549682875266 0.2750759878419453
4 0.37174066243833687 0.2986322188449848 0.37174066243833687 0.31990881458966564 0.37174066243833687 0.3487841945288754 0.37068357998590556 0.378419452887538 0.3678646934460888 0.42325227963525835 0.3678646934460888 0.4506079027355623 0.3657505285412262 0.47796352583586627 0.3629316420014094 0.5075987841945289 0.3403805496828753 0.4992401215805471 0.33157152924594785 0.4908814589665654 0.3333333333333333 0.4376899696048632 0.3365045806906272 0.33890577507598785 0.3365045806906272 0.3047112462006079 0.339323467230444 0.2796352583586626 0.34813248766737137 0.2712765957446808
5 0.3333333333333333 0.2750759878419453 0.3238195912614517 0.28191489361702127 0.3079633544749824 0.29407294832826747 0.30303030303030304 0.32598784194528874 0.29809725158562367 0.3594224924012158 0.2963354474982382 0.3958966565349544 0.2963354474982382 0.4270516717325228 0.2952783650458069 0.446048632218845 0.2952783650458069 0.47188449848024316 0.3069062720225511 0.4908814589665654 0.3227625088090204 0.49240121580547114 0.3276955602536998 0.4696048632218845 0.3238195912614517 0.40577507598784196 0.3266384778012685 0.3594224924012158 0.33262861169837915 0.32142857142857145
6 0.28858350951374206 0.2917933130699088 0.29034531360112753 0.33890577507598785 0.29034531360112753 0.3768996960486322 0.2864693446088795 0.4316109422492401 0.2854122621564482 0.4673252279635258 0.2797744890768147 0.4969604863221885 0.26990838618745594 0.4886018237082067 0.26109936575052856 0.47188449848024316 0.24735729386892177 0.4612462006079027 0.23749119097956306 0.4316109422492401 0.2463002114164905 0.41033434650455924 0.2463002114164905 0.3958966565349544 0.2582804792107118 0.3366261398176292 0.25898520084566595 0.32370820668693007 0.2639182522903453 0.2917933130699088 0.27096546863988724 0.2629179331306991
7 0.27096546863988724 0.24164133738601823 0.27096546863988724 0.25835866261398177 0.2670894996476392 0.28191489361702127 0.26004228329809725 0.3047112462006079 0.2533474277660324 0.3282674772036474 0.24841437632135308 0.3472644376899696 0.23255813953488372 0.3404255319148936 0.22093023255813954 0.310790273556231 0.2159971811134602 0.29635258358662614 0.21881606765327696 0.26443768996960487 0.23185341789992953 0.22492401215805471 0.24066243833685694 0.2013677811550152 0.25017618040873857 0.182370820668693 0.25898520084566595 0.2013677811550152 0.2649753347427766 0.21200607902735563
8 0.5028188865398168 0.28343465045592703 0.5038759689922481 0.32370820668693007 0.5038759689922481 0.3723404255319149 0.5049330514446794 0.40805471124620063 0.5049330514446794 0.45440729483282677 0.5028188865398168 0.49240121580547114 0.5028188865398168 0.5098784194528876 0.5077519379844961 0.526595744680851 0.5313601127554616 0.5053191489361702 0.5391120507399577 0.5030395136778115 0.5359408033826638 0.4627659574468085 0.5271317829457365 0.4148936170212766 0.5253699788583509 0.35106382978723405 0.5253699788583509 0.32142857142857145 0.5253699788583509 0.29635258358662614 0.5193798449612403 0.28343465045592703
9 0.5408738548273432 0.3009118541033435 0.5429880197322058 0.31990881458966564 0.540169133192389 0.38069908814589665 0.5391120507399577 0.39969604863221886 0.5391120507399577 0.4316109422492401 0.5380549682875264 0.4612462006079027 0.5369978858350951 0.49240121580547114 0.540169133192389 0.5113981762917933 0.5489781536293165 0.5182370820668692 0.5711768851303735 0.5053191489361702 0.5665961945031712 0.47796352583586627 0.5644820295983086 0.385258358662614 0.5655391120507399 0.35790273556231 0.5644820295983086 0.32598784194528874 0.5634249471458774 0.2773556231003039 0.5507399577167019 0.2629179331306991 0.5447498238195913 0.26063829787234044
10 0.5711768851303735 0.2750759878419453 0.569415081042988 0.32142857142857145 0.5683579985905567 0.3427051671732523 0.5673009161381254 0.3829787234042553 0.5665961945031712 0.4316109422492401 0.5665961945031712 0.4506079027355623 0.5704721634954193 0.4817629179331307 0.5761099365750528 0.5113981762917933 0.5831571529245948 0.5182370820668692 0.5930232558139535 0.5113981762917933 0.5976039464411558 0.4886018237082067 0.5986610288935871 0.44376899696048633 0.5958421423537703 0.3974164133738602 0.594785059901339 0.3343465045592705 0.5898520084566596 0.28191489361702127 0.5842142353770261 0.2750759878419453
11 0.6046511627906976 0.2796352583586626 0.6025369978858351 0.31762917933130697 0.6018322762508809 0.3677811550151976 0.5997181113460183 0.4126139817629179 0.5997181113460183 0.44224924012158057 0.6018322762508809 0.5075987841945289 0.6162790697674418 0.513677811550152 0.6328400281888654 0.5007598784194529 0.6448202959830867 0.4817629179331307 0.634954193093728 0.4376899696048632 0.6370683579985905 0.3723404255319149 0.6398872445384073 0.2917933130699088 0.63107822410148 0.26443768996960487
12 0.6448202959830867 0.2857142857142857 0.6437632135306554 0.3366261398176292 0.6437632135306554 0.3700607902735562 0.6437632135306554 0.41033434650455924 0.6448202959830867 0.45896656534954405 0.6546863988724454 0.4908814589665654 0.6634954193093728 0.49240121580547114 0.6691331923890064 0.4696048632218845 0.6691331923890064 0.3974164133738602 0.6691331923890064 0.35790273556231 0.6680761099365751 0.310790273556231 0.6663143058491896 0.2689969604863222 0.6525722339675828 0.26671732522796354
13 0.6800563777307963 0.2857142857142857 0.678999295278365 0.3366261398176292 0.6768851303735025 0.40577507598784196 0.6751233262861169 0.4338905775075988 0.6751233262861169 0.4886018237082067 0.7015503875968992 0.4969604863221885 0.7121212121212122 0.48024316109422494 0.715292459478506 0.45288753799392095 0.7131782945736435 0.40197568389057753 0.7082452431289641 0.33890577507598785 0.7033121916842847 0.2857142857142857 0.6945031712473573 0.26443768996960487 0.6849894291754757 0.26671732522796354
14 0.7093023255813954 0.28343465045592703 0.7131782945736435 0.31990881458966564 0.715292459478506 0.3768996960486322 0.7209302325581395 0.446048632218845 0.7251585623678647 0.4756838905775076 0.7378435517970402 0.48632218844984804 0.7533474277660324 0.47188449848024316 0.759337561663143 0.45288753799392095 0.7473572938689218 0.38069908814589665 0.740662438336857 0.32142857142857145 0.7307963354474982 0.28343465045592703 0.7202255109231853 0.26443768996960487
15 0.7357293868921776 0.23100303951367782 0.7346723044397463 0.2560790273556231 0.7346723044397463 0.28799392097264437 0.7396053558844257 0.3343465045592705 0.7670894996476392 0.3404255319148936 0.773784355179704 0.32370820668693007 0.773784355179704 0.2857142857142857 0.7692036645525018 0.24164133738601823 0.7610993657505285 0.21808510638297873
16 0.5088090204369274 0.7310030395136778 0.5049330514446794 0.7059270516717325 0.49612403100775193 0.6360182370820668 0.49506694855532063 0.5729483282674772 0.5007047216349542 0.5455927051671733 0.5155038759689923 0.541033434650456 0.5253699788583509 0.5493920972644377 0.5264270613107822 0.6003039513677811 0.5264270613107822 0.6276595744680851 0.5232558139534884 0.6679331306990881 0.5214940098661028 0.6952887537993921 0.5214940098661028 0.7272036474164134 0.5165609584214236 0.7758358662613982 0.5077519379844961 0.7667173252279635
17 0.5352360817477096 0.5516717325227963 0.5243128964059197 0.5767477203647416 0.5253699788583509 0.6253799392097265 0.5253699788583509 0.6633738601823708 0.5253699788583509 0.7142857142857143 0.5271317829457365 0.7462006079027356 0.5341789992952783 0.7712765957446809 0.5380549682875264 0.7332826747720365 0.5391120507399577 0.7082066869300911 0.5440451021846371 0.648936170212766 0.5447498238195913 0.621580547112462 0.5489781536293165 0.5706686930091185
18 0.5655391120507399 0.5539513677811551 0.5535588442565187 0.5562310030395137 0.5517970401691332 0.5790273556231003 0.5517970401691332 0.5980243161094225 0.5517970401691332 0.6405775075987842 0.5535588442565187 0.689209726443769 0.5567300916138126 0.7165653495440729 0.5595489781536294 0.7606382978723404 0.5644820295983086 0.8237082066869301 0.5711768851303735 0.8153495440729484 0.5722339675828048 0.7416413373860182 0.5722339675828048 0.6975683890577508 0.5732910500352361 0.6618541033434651 0.5754052149400987 0.6253799392097265 0.5771670190274841 0.5729483282674772
19 0.5898520084566596 0.5349544072948328 0.5799859055673009 0.5539513677811551 0.5792811839323467 0.5790273556231003 0.5810429880197322 0.6003039513677811 0.5880902043692742 0.6299392097264438 0.5919661733615222 0.6717325227963525 0.5937279774489077 0.7226443768996961 0.5976039464411558 0.7667173252279635 0.6046511627906976 0.7819148936170213 0.6085271317829457 0.7355623100303952 0.6046511627906976 0.6846504559270516 0.6046511627906976 0.6550151975683891 0.6046511627906976 0.621580547112462 0.6046511627906976 0.5896656534954408 0.6046511627906976 0.5645896656534954
20 0.6145172656800564 0.5303951367781155 0.6057082452431289 0.5433130699088146 0.6035940803382663 0.5600303951367781 0.6074700493305144 0.6048632218844985 0.6145172656800564 0.6299392097264438 0.6289640591966174 0.7142857142857143 0.6370683579985905 0.756838905775076 0.6416490486257929 0.7036474164133738 0.6388301620859761 0.6466565349544073 0.6388301620859761 0.621580547112462 0.6370683579985905 0.5562310030395137 0.6328400281888654 0.5349544072948328
21 0.6575052854122622 0.526595744680851 0.645877378435518 0.526595744680851 0.634954193093728 0.5372340425531915 0.6300211416490487 0.5539513677811551 0.6377730796335448 0.5919452887537994 0.6448202959830867 0.6405775075987842 0.645877378435518 0.6785714285714286 0.6546863988724454 0.7188449848024316 0.6680761099365751 0.7416413373860182 0.6849894291754757 0.7059270516717325 0.689922480620155 0.682370820668693 0.6888653981677237 0.6360182370820668 0.6818181818181818 0.587386018237082 0.6740662438336857 0.5387537993920972
22 0.6811134601832276 0.5197568389057751 0.6768851303735025 0.5387537993920972 0.6828752642706131 0.5645896656534954 0.6888653981677237 0.5896656534954408 0.6945031712473573 0.6512158054711246 0.7026074700493306 0.6975683890577508 0.7230443974630021 0.7059270516717325 0.7346723044397463 0.6808510638297872 0.7357293868921776 0.6382978723404256 0.7357293868921776 0.5919452887537994 0.7251585623678647 0.541033434650456 0.715292459478506 0.5007598784194529 0.7033121916842847 0.49240121580547114
23 0.7385482734319944 0.5053191489361702 0.7318534178999295 0.526595744680851 0.7339675828047921 0.5645896656534954 0.7484143763213531 0.5957446808510638 0.7670894996476392 0.6360182370820668 0.7758985200845666 0.6109422492401215 0.7875264270613108 0.5767477203647416 0.7797744890768147 0.5455927051671733 0.7709654686398872 0.5030395136778115 0.759337561663143 0.4734042553191489 0.744538407329105 0.47796352583586627
24 0.5066948555320648 0.7545592705167173 0.5038759689922481 0.7416413373860182 0.5038759689922481 0.7036474164133738 0.4989429175475687 0.6428571428571429 0.4918957011980268 0.5767477203647416 0.4901338971106413 0.5516717325227963 0.4813248766737139 0.5493920972644377 0.48308668076109934 0.587386018237082 0.4823819591261452 0.6147416413373861 0.4813248766737139 0.6527355623100304 0.4813248766737139 0.6808510638297872 0.48308668076109934 0.7188449848024316 0.48731501057082455 0.7477203647416414
25 0.45665961945031713 0.5493920972644377 0.4559548978153629 0.5683890577507599 0.45207892882311485 0.6147416413373861 0.448907681465821 0.6572948328267477 0.45207892882311485 0.7188449848024316 0.459830866807611 0.7545592705167173 0.4675828047921071 0.7393617021276596 0.4696969696969697 0.648936170212766 0.4714587737843552 0.6086626139817629 0.47533474277660326 0.5790273556231003 0.4725158562367865 0.5577507598784195
26 0.43516560958421424 0.541033434650456 0.43023255813953487 0.581306990881459 0.4186046511627907 0.6443768996960486 0.42248062015503873 0.7036474164133738 0.4295278365045807 0.78419452887538 0.44115574348132486 0.817629179331307 0.4478505990133897 0.7606382978723404 0.4478505990133897 0.6808510638297872 0.4478505990133897 0.6147416413373861 0.4499647639182523 0.5767477203647416 0.45207892882311485 0.5455927051671733
27 0.41966173361522197 0.5349544072948328 0.4119097956307259 0.5668693009118541 0.408738548273432 0.587386018237082 0.4048625792811839 0.6086626139817629 0.3992248062015504 0.6572948328267477 0.3971106412966878 0.6952887537993921 0.40310077519379844 0.7606382978723404 0.408738548273432 0.8069908814589666 0.41966173361522197 0.743920972644377 0.41966173361522197 0.682370820668693 0.4214235377026075 0.6550151975683891 0.4284707540521494 0.6086626139817629 0.4323467230443975 0.5683890577507599 0.43446088794926 0.5433130699088146
28 0.3981677237491191 0.541033434650456 0.38231148696264977 0.5516717325227963 0.37561663143058494 0.5668693009118541 0.37561663143058494 0.587386018237082 0.37455954897815363 0.6276595744680851 0.37174066243833687 0.6717325227963525 0.3668076109936575 0.7165653495440729 0.36469344608879495 0.7735562310030395 0.3784355179704017 0.7393617021276596 0.3844256518675123 0.6975683890577508 0.39429175475687106 0.6512158054711246 0.3999295278365046 0.6193009118541033 0.4059196617336152 0.5683890577507599 0.408738548273432 0.5478723404255319
29 0.3657505285412262 0.5326747720364742 0.34214235377026075 0.526595744680851 0.3354474982381959 0.5349544072948328 0.33051444679351655 0.5645896656534954 0.32945736434108525 0.5919452887537994 0.3227625088090204 0.6512158054711246 0.31994362226920364 0.6785714285714286 0.3167723749119098 0.7165653495440729 0.34143763213530653 0.7378419452887538 0.3569415081042988 0.7120060790273556 0.3657505285412262 0.6808510638297872 0.37174066243833687 0.6253799392097265 0.37561663143058494 0.5919452887537994 0.38160676532769555 0.5493920972644377 0.38160676532769555 0.5349544072948328
30 0.32558139534883723 0.5159574468085106 0.30902043692741366 0.5098784194528876 0.30303030303030304 0.5098784194528876 0.29034531360112753 0.5075987841945289 0.2766032417195208 0.513677811550152 0.2758985200845666 0.5706686930091185 0.27167019027484146 0.6048632218844985 0.2677942212825934 0.6337386018237082 0.26603241719520787 0.6656534954407295 0.27167019027484146 0.6869300911854104 0.2892882311486963 0.6952887537993921 0.30408738548273434 0.6975683890577508 0.31007751937984496 0.6762917933130699 0.313953488372093 0.6299392097264438 0.3167723749119098 0.6048632218844985 0.3238195912614517 0.5562310030395137
31 0.2797744890768147 0.5098784194528876 0.26603241719520787 0.541033434650456 0.2561663143058492 0.5767477203647416 0.24735729386892177 0.6025835866261399 0.23749119097956306 0.6193009118541033 0.22762508809020437 0.6193009118541033 0.22304439746300211 0.6003039513677811 0.20613107822410148 0.5767477203647416 0.2054263565891473 0.5539513677811551 0.21106412966878083 0.5326747720364742 0.2219873150105708 0.5030395136778115 0.23079633544749825 0.48632218844984804 0.244538407329105 0.46504559270516715 0.2572233967582805 0.4696048632218845 0.26990838618745594 0.4908814589665654