0 0.4744249914177824 0.364741641337386 0.46755921730175076 0.41033434650455924 0.46343975283213185 0.49240121580547114 0.4565739787161002 0.5493920972644377 0.4606934431857192 0.5706686930091185 0.4823206316512187 0.5775075987841946 0.48300720906282185 0.5379939209726444 0.48300720906282185 0.4992401215805471 0.48300720906282185 0.46048632218844987 0.4898729831788534 0.37537993920972645 0.49090284929625816 0.35790273556231
1 0.4486783384826639 0.35790273556231 0.44181256436663235 0.3844984802431611 0.44387229660144184 0.4278115501519757 0.44009612083762445 0.4490881458966565 0.4359766563680055 0.4992401215805471 0.43494679025060073 0.5577507598784195 0.45382766906968763 0.5493920972644377 0.45760384483350497 0.5227963525835866 0.4586337109509097 0.4817629179331307 0.4606934431857192 0.4430091185410334 0.46343975283213185 0.418693009118541 0.46927566083075867 0.3556231003039514
2 0.4194987984895297 0.3366261398176292 0.41846893237212496 0.39285714285714285 0.414349467902506 0.418693009118541 0.414349467902506 0.47112462006079026 0.414349467902506 0.5015197568389058 0.41263302437349814 0.5379939209726444 0.42224510813594235 0.5364741641337386 0.43220048060418814 0.5037993920972644 0.4370065224854102 0.4688449848024316 0.4370065224854102 0.42325227963525835 0.4342602128389976 0.3708206686930091 0.4359766563680055 0.3366261398176292
4 0.3683487813250944 0.3404255319148936 0.36937864744249915 0.40577507598784196 0.36937864744249915 0.46048632218844987 0.364572605561277 0.5144376899696048 0.37933401991074495 0.5144376899696048 0.3879162375557844 0.479483282674772 0.38894610367318916 0.44072948328267475 0.39684174390662547 0.40805471124620063 0.40061791967044286 0.34498480243161095
5 0.34981119121180915 0.30167173252279633 0.3408856848609681 0.34498480243161095 0.3419155509783728 0.40577507598784196 0.33985581874356335 0.44072948328267475 0.3467215928595949 0.47720364741641336 0.3587366975626502 0.48404255319148937 0.3666323377960865 0.45592705167173253 0.37143837967730864 0.42325227963525835 0.3762444215585307 0.36930091185410335 0.37933401991074495 0.3404255319148936 0.3604531410916581 0.29103343465045595
6 0.31651218674905596 0.2454407294832827 0.3154823206316512 0.2948328267477204 0.30861654651561965 0.3427051671732523 0.3055269481634054 0.3860182370820669 0.3027806385169928 0.4278115501519757 0.3175420528664607 0.4338905775075988 0.32818400274630966 0.4490881458966565 0.33607964297974596 0.4513677811550152 0.34397528321318227 0.3882978723404255 0.34397528321318227 0.32978723404255317 0.3487813250944044 0.27811550151975684
8 0.4960521798832818 0.364741641337386 0.4850669412976313 0.5379939209726444 0.48712667353244077 0.5729483282674772 0.5156196361139719 0.5729483282674772 0.5115001716443529 0.3541033434650456
9 0.5145897699965671 0.3556231003039514 0.5115001716443529 0.5144376899696048 0.5166495022313766 0.5706686930091185 0.5351870923446619 0.547112462006079 0.529351184346035 0.3472644376899696
10 0.5351870923446619 0.3404255319148936 0.5320974939924477 0.540273556231003 0.5526948163405424 0.53419452887538 0.5578441469275661 0.31458966565349544
11 0.559560590456574 0.32142857142857145 0.5509783728115345 0.5144376899696048 0.5715756951596292 0.5296352583586627 0.5822176450394781 0.506079027355623 0.5801579128046688 0.3100303951367781
12 0.5853072433916924 0.32978723404255317 0.579128046687264 0.4992401215805471 0.6017851012701683 0.5037993920972644 0.6127703398558187 0.47720364741641336 0.611740473738414 0.4278115501519757 0.6107106076210093 0.3366261398176292 0.6065911431513903 0.30623100303951367
24 0.4850669412976313 0.6793313069908815 0.4802608994164092 0.5843465045592705 0.4950223137658771 0.5775075987841946 0.4950223137658771 0.5995440729483282 0.4919327154136629 0.6405775075987842 0.4960521798832818 0.6968085106382979
16 0.4977686234122897 0.5995440729483282 0.4960521798832818 0.5843465045592705 0.5046343975283213 0.5820668693009119 0.5125300377617577 0.6056231003039514 0.5115001716443529 0.6337386018237082 0.5087538619979403 0.6793313069908815 0.496738757294885 0.6732522796352584 0.4950223137658771 0.6314589665653495
17 0.5135599038791624 0.5820668693009119 0.5303810504634398 0.5752279635258358 0.5303810504634398 0.6101823708206687 0.529351184346035 0.6770516717325228 0.5224854102300034 0.709726443768997 0.5183659457603845 0.6732522796352584 0.5183659457603845 0.60790273556231
18 0.5283213182286303 0.5691489361702128 0.5499485066941298 0.5448328267477204 0.5516649502231377 0.5820668693009119 0.5585307243391693 0.6838905775075987 0.5585307243391693 0.7249240121580547 0.548918640576725 0.7598784194528876 0.5320974939924477 0.7249240121580547 0.539993134225884 0.6557750759878419 0.5389632681084793 0.5949848024316109
19 0.5509783728115345 0.5516717325227963 0.5653964984552008 0.5448328267477204 0.5722622725712324 0.5797872340425532 0.5784414692756609 0.6557750759878419 0.5842773772742876 0.7203647416413373 0.568486096807415 0.7340425531914894 0.5516649502231377 0.6337386018237082
20 0.5695159629248198 0.5319148936170213 0.5901132852729145 0.5296352583586627 0.5997253690353588 0.5189969604863222 0.6107106076210093 0.5227963525835866 0.6086508753861998 0.5645896656534954 0.627188465499485 0.6557750759878419 0.6282183316168898 0.7036474164133738 0.6038448335049776 0.7165653495440729 0.5901132852729145 0.6990881458966566 0.5842773772742876 0.60790273556231 0.5732921386886372 0.5600303951367781
21 0.6086508753861998 0.5227963525835866 0.6175763817370409 0.5752279635258358 0.6302780638516993 0.6299392097264438 0.6470992104359766 0.6838905775075987 0.661517336079643 0.6641337386018237 0.6694129763130793 0.6360182370820668 0.6694129763130793 0.5820668693009119 0.6519052523171988 0.5212765957446809 0.6450394782011671 0.4734042553191489 0.6165465156196361 0.5015197568389058
22 0.6350841057329214 0.45364741641337386 0.6529351184346035 0.4316109422492401 0.6625472021970478 0.41641337386018235 0.6783384826639204 0.425531914893617 0.6852042567799519 0.46656534954407297 0.7009955372468246 0.5250759878419453 0.7106076210092688 0.5577507598784195 0.6951596292481977 0.5858662613981763 0.6841743906625471 0.5843465045592705 0.6676965327840714 0.5379939209726444 0.6598008925506351 0.4992401215805471
25 0.46343975283213185 0.5881458966565349 0.45966357706831446 0.7226443768996961 0.466529351184346 0.7340425531914894 0.47614143494679023 0.7188449848024316 0.47339512530037764 0.6534954407294833 0.47339512530037764 0.5995440729483282
26 0.4411259869550292 0.5729483282674772 0.4359766563680055 0.6382978723404256 0.43014074836937866 0.7120060790273556 0.4428424304840371 0.7530395136778115 0.45382766906968763 0.7553191489361702 0.4586337109509097 0.6838905775075987 0.4586337109509097 0.6382978723404256 0.45966357706831446 0.5729483282674772 0.44970820460006866 0.5600303951367781
27 0.41057329213868865 0.5364741641337386 0.39684174390662547 0.5881458966565349 0.394782011671816 0.6451367781155015 0.3958118777892207 0.6884498480243161 0.39684174390662547 0.7317629179331308 0.4074836937864744 0.7378419452887538 0.427394438722966 0.7272036474164134 0.4359766563680055 0.6314589665653495 0.4359766563680055 0.5820668693009119 0.43220048060418814 0.5516717325227963
29 0.33985581874356335 0.4886018237082067 0.31822863027806386 0.5425531914893617 0.2976313079299691 0.6056231003039514 0.29866117404737386 0.6618541033434651 0.31651218674905596 0.6732522796352584 0.3340199107449365 0.6861702127659575 0.3429454170957775 0.6405775075987842 0.34981119121180915 0.5904255319148937 0.36731891520768967 0.5364741641337386 0.3604531410916581 0.5144376899696048
30 0.3044970820460007 0.45364741641337386 0.28321318228630277 0.5212765957446809 0.2516306213525575 0.5577507598784195 0.2643323034672159 0.5972644376899696 0.2801235839340886 0.6056231003039514 0.2959148644009612 0.5972644376899696 0.33607964297974596 0.4992401215805471 0.3371095090971507 0.47112462006079026 0.3233779608650875 0.46048632218844987