0 0.4774774774774775 0.45440729483282677 0.4774774774774775 0.5288753799392097 0.5038115038115039 0.5539513677811551 0.5190575190575191 0.5387537993920972 0.5159390159390159 0.4209726443768997 0.5114345114345115 0.2773556231003039 0.5093555093555093 0.23556231003039513 0.5006930006930007 0.19756838905775076 0.4875259875259875 0.2013677811550152 0.48163548163548164 0.27583586626139817
1 0.45045045045045046 0.4376899696048632 0.4521829521829522 0.506838905775076 0.46361746361746364 0.5372340425531915 0.4792099792099792 0.5326747720364742 0.4785169785169785 0.4582066869300912 0.4785169785169785 0.31762917933130697 0.4805959805959806 0.25227963525835867 0.4812889812889813 0.22796352583586627 0.47435897435897434 0.19832826747720364 0.4622314622314622 0.2317629179331307 0.4521829521829522 0.34194528875379937
2 0.4182259182259182 0.45972644376899696 0.4230769230769231 0.5174772036474165 0.4358974358974359 0.5440729483282675 0.4445599445599446 0.5455927051671733 0.4546084546084546 0.5189969604863222 0.4577269577269577 0.4817629179331307 0.44663894663894665 0.3548632218844985 0.44386694386694386 0.27583586626139817 0.44386694386694386 0.23024316109422494 0.4365904365904366 0.2066869300911854 0.4275814275814276 0.22188449848024316 0.41926541926541927 0.30319148936170215
4 0.35654885654885654 0.49012158054711247 0.35065835065835066 0.5395136778115501 0.3704088704088704 0.5547112462006079 0.3866943866943867 0.5539513677811551 0.39293139293139295 0.4969604863221885 0.3821898821898822 0.2454407294832827 0.3728343728343728 0.23708206686930092 0.36382536382536385 0.26063829787234044 0.3627858627858628 0.4194528875379939
6 0.28205128205128205 0.49164133738601823 0.28586278586278585 0.5478723404255319 0.29417879417879417 0.574468085106383 0.32051282051282054 0.574468085106383 0.34511434511434513 0.5220364741641338 0.32363132363132363 0.44756838905775076 0.30803880803880807 0.31155015197568386 0.28135828135828134 0.24012158054711247 0.2626472626472626 0.24696048632218845 0.26888426888426886 0.371580547112462
7 0.23977823977823978 0.5288753799392097 0.23873873873873874 0.5615501519756839 0.25294525294525294 0.6003039513677811 0.2806652806652807 0.5843465045592705 0.2872487872487873 0.5509118541033434 0.2806652806652807 0.48632218844984804 0.2751212751212751 0.40197568389057753 0.26992376992376993 0.35714285714285715 0.25571725571725573 0.3161094224924012 0.24358974358974358 0.30927051671732525 0.22661122661122662 0.3229483282674772 0.22106722106722107 0.42249240121580545 0.23596673596673598 0.506838905775076
8 0.5169785169785169 0.46504559270516715 0.5162855162855163 0.5387537993920972 0.5415800415800416 0.5478723404255319 0.5540540540540541 0.53419452887538 0.5537075537075538 0.44756838905775076 0.5540540540540541 0.26063829787234044 0.553014553014553 0.189209726443769 0.544005544005544 0.1778115501519757 0.536036036036036 0.19300911854103345 0.5252945252945252 0.24316109422492402 0.5207900207900208 0.2872340425531915
9 0.5585585585585585 0.4376899696048632 0.553014553014553 0.48024316109422494 0.5554400554400555 0.5326747720364742 0.5616770616770617 0.5425531914893617 0.5817740817740817 0.5243161094224924 0.5893970893970893 0.42249240121580545 0.5963270963270964 0.310790273556231 0.5963270963270964 0.23556231003039513 0.5921690921690922 0.20516717325227962 0.5814275814275814 0.20820668693009117 0.5706860706860707 0.256838905775076
10 0.58004158004158 0.4627659574468085 0.5755370755370756 0.5053191489361702 0.5862785862785863 0.5524316109422492 0.6122661122661123 0.5319148936170213 0.6233541233541233 0.3905775075987842 0.6271656271656272 0.32674772036474165 0.6299376299376299 0.2651975683890577 0.6198891198891199 0.19984802431610943 0.6133056133056133 0.2013677811550152 0.5970200970200971 0.3047112462006079
16 0.5121275121275122 0.5699088145896657 0.5107415107415108 0.5980243161094225 0.5138600138600139 0.7135258358662614 0.5228690228690228 0.8077507598784195 0.5301455301455301 0.8275075987841946 0.542966042966043 0.7857142857142857 0.5367290367290367 0.6436170212765957 0.5297990297990298 0.5562310030395137
17 0.5291060291060291 0.5592705167173252 0.5370755370755371 0.6458966565349544 0.5401940401940402 0.7826747720364742 0.5505890505890506 0.851823708206687 0.5637560637560638 0.8396656534954408 0.5585585585585585 0.6458966565349544 0.5561330561330561 0.5782674772036475 0.5509355509355509 0.5577507598784195
18 0.560984060984061 0.5630699088145896 0.5575190575190575 0.5881458966565349 0.5616770616770617 0.7370820668693009 0.5637560637560638 0.8297872340425532 0.5738045738045738 0.871580547112462 0.5845460845460846 0.8617021276595744 0.5907830907830908 0.743920972644377 0.586971586971587 0.6299392097264438 0.5817740817740817 0.5691489361702128
19 0.5990990990990991 0.5949848024316109 0.5876645876645876 0.6101823708206687 0.5900900900900901 0.6983282674772037 0.5883575883575883 0.8062310030395137 0.5914760914760915 0.8434650455927052 0.5984060984060984 0.8700607902735562 0.6108801108801108 0.8601823708206687 0.6146916146916147 0.7112462006079028 0.6209286209286209 0.6306990881458967 0.612959112959113 0.5980243161094225
24 0.49376299376299376 0.5615501519756839 0.48821898821898824 0.5661094224924013 0.4875259875259875 0.6724924012158054 0.4916839916839917 0.8039513677811551 0.4961884961884962 0.8282674772036475 0.5031185031185031 0.831306990881459 0.5131670131670132 0.763677811550152 0.5114345114345115 0.6253799392097265 0.5114345114345115 0.5691489361702128 0.5024255024255024 0.5592705167173252
25 0.4774774774774775 0.5524316109422492 0.46465696465696466 0.5714285714285714 0.4622314622314622 0.6101823708206687 0.4643104643104643 0.7150455927051672 0.46916146916146917 0.8123100303951368 0.4736659736659737 0.8411854103343465 0.4875259875259875 0.8275075987841946 0.48821898821898824 0.6504559270516718 0.48613998613998616 0.5714285714285714
26 0.4407484407484408 0.5729483282674772 0.4376299376299376 0.6101823708206687 0.43832293832293834 0.7127659574468085 0.44663894663894665 0.8328267477203647 0.4553014553014553 0.85790273556231 0.46534996534996537 0.8495440729483282 0.46465696465696466 0.756838905775076 0.46465696465696466 0.6390577507598785 0.4622314622314622 0.5843465045592705 0.4577269577269577 0.5691489361702128
27 0.41995841995842 0.5782674772036475 0.40367290367290365 0.5949848024316109 0.40817740817740816 0.6656534954407295 0.40817740817740816 0.763677811550152 0.4144144144144144 0.8381458966565349 0.42966042966042967 0.8495440729483282 0.4407484407484408 0.8229483282674772 0.4352044352044352 0.7044072948328267 0.43832293832293834 0.601823708206687
28 0.3898128898128898 0.5911854103343465 0.3776853776853777 0.601823708206687 0.37352737352737353 0.6930091185410334 0.3672903672903673 0.8077507598784195 0.3683298683298683 0.8495440729483282 0.38115038115038113 0.8647416413373861 0.3984753984753985 0.817629179331307 0.40367290367290365 0.7066869300911854 0.4189189189189189 0.5965045592705167
29 0.3367983367983368 0.5828267477203647 0.32536382536382535 0.5911854103343465 0.3212058212058212 0.6405775075987842 0.30838530838530837 0.7302431610942249 0.30214830214830213 0.790273556231003 0.3173943173943174 0.8275075987841946 0.33125433125433124 0.8282674772036475 0.3627858627858628 0.75 0.36763686763686765 0.675531914893617 0.37595287595287596 0.628419452887538 0.37525987525987525 0.5965045592705167 0.3613998613998614 0.581306990881459
21 0.6638946638946639 0.6025835866261399 0.6534996534996536 0.6177811550151976 0.6576576576576577 0.6785714285714286 0.6760221760221761 0.7978723404255319 0.6964656964656964 0.8297872340425532 0.7165627165627165 0.8358662613981763 0.7231462231462231 0.7803951367781155 0.7023562023562023 0.6360182370820668 0.6943866943866944 0.5980243161094225 0.681912681912682 0.5949848024316109
22 0.695079695079695 0.5775075987841946 0.6995841995841996 0.6329787234042553 0.7155232155232155 0.709726443768997 0.7338877338877339 0.7720364741641338 0.7616077616077616 0.7651975683890577 0.7768537768537769 0.7074468085106383 0.773042273042273 0.6664133738601824 0.7525987525987526 0.6337386018237082 0.7425502425502426 0.6025835866261399 0.7411642411642412 0.5623100303951368 0.7248787248787248 0.5524316109422492 0.7089397089397089 0.5524316109422492 0.6971586971586972 0.5661094224924013