0 0.46153846153846156 0.4098360655737705 0.4574898785425101 0.4610655737704918 0.45951417004048584 0.48668032786885246 0.45546558704453444 0.5245901639344263 0.4640688259109312 0.5502049180327869 0.4893724696356275 0.5399590163934426 0.4873481781376518 0.5122950819672131 0.48380566801619435 0.4733606557377049 0.48380566801619435 0.4375 0.4848178137651822 0.40061475409836067
1 0.4438259109311741 0.38422131147540983 0.43775303643724695 0.4323770491803279 0.43775303643724695 0.4651639344262295 0.43775303643724695 0.48360655737704916 0.43623481781376516 0.5122950819672131 0.4367408906882591 0.5245901639344263 0.451417004048583 0.5399590163934426 0.45546558704453444 0.5051229508196722 0.4574898785425101 0.47950819672131145 0.4574898785425101 0.42827868852459017 0.45546558704453444 0.3985655737704918 0.4564777327935223 0.38114754098360654
2 0.4185222672064777 0.36065573770491804 0.41953441295546556 0.38831967213114754 0.4185222672064777 0.42008196721311475 0.4144736842105263 0.46311475409836067 0.4089068825910931 0.492827868852459 0.4109311740890688 0.5163934426229508 0.4215587044534413 0.5399590163934426 0.4291497975708502 0.5245901639344263 0.4331983805668016 0.4948770491803279 0.4331983805668016 0.45799180327868855 0.43623481781376516 0.39651639344262296 0.43876518218623484 0.3668032786885246
3 0.39979757085020245 0.35348360655737704 0.3972672064777328 0.36885245901639346 0.39625506072874495 0.40061475409836067 0.39220647773279355 0.42827868852459017 0.39119433198380565 0.45389344262295084 0.38461538461538464 0.4887295081967213 0.38461538461538464 0.5051229508196722 0.39119433198380565 0.514344262295082 0.3972672064777328 0.5163934426229508 0.4058704453441296 0.5051229508196722 0.4089068825910931 0.4713114754098361 0.4144736842105263 0.44364754098360654 0.416497975708502 0.4180327868852459 0.41548582995951416 0.3770491803278688 0.416497975708502 0.36270491803278687
4 0.37449392712550605 0.32991803278688525 0.37449392712550605 0.35758196721311475 0.3729757085020243 0.38831967213114754 0.3689271255060729 0.4098360655737705 0.3638663967611336 0.430327868852459 0.3582995951417004 0.45799180327868855 0.3603238866396761 0.48360655737704916 0.3638663967611336 0.5030737704918032 0.3775303643724696 0.492827868852459 0.38714574898785425 0.48155737704918034 0.39220647773279355 0.45594262295081966 0.39220647773279355 0.4088114754098361 0.3952429149797571 0.3709016393442623 0.3982793522267207 0.3555327868852459 0.3952429149797571 0.3391393442622951 0.3861336032388664 0.33299180327868855
5 0.3476720647773279 0.3043032786885246 0.3426113360323887 0.3391393442622951 0.3415991902834008 0.36475409836065575 0.3340080971659919 0.38831967213114754 0.3269230769230769 0.4088114754098361 0.3248987854251012 0.42827868852459017 0.3299595141700405 0.44774590163934425 0.3375506072874494 0.46311475409836067 0.3582995951417004 0.47540983606557374 0.3648785425101215 0.44774590163934425 0.3689271255060729 0.42418032786885246 0.37196356275303644 0.3790983606557377 0.37196356275303644 0.3350409836065574 0.37196356275303644 0.3043032786885246 0.36082995951417 0.29610655737704916
6 0.32388663967611336 0.27049180327868855 0.3173076923076923 0.29610655737704916 0.30870445344129555 0.3237704918032787 0.3016194331983806 0.3391393442622951 0.2930161943319838 0.35758196721311475 0.284919028340081 0.3790983606557377 0.284919028340081 0.4047131147540984 0.2909919028340081 0.4098360655737705 0.3006072874493927 0.41598360655737704 0.3076923076923077 0.4323770491803279 0.3152834008097166 0.4354508196721312 0.3223684210526316 0.41598360655737704 0.32894736842105265 0.39651639344262296 0.33299595141700405 0.35860655737704916 0.3395748987854251 0.32581967213114754 0.34058704453441296 0.3114754098360656 0.3436234817813765 0.2858606557377049 0.3436234817813765 0.26844262295081966 0.3340080971659919 0.26434426229508196
7 0.3152834008097166 0.2151639344262295 0.29605263157894735 0.2387295081967213 0.2783400809716599 0.26229508196721313 0.2717611336032389 0.2838114754098361 0.2773279352226721 0.30225409836065575 0.2813765182186235 0.32786885245901637 0.2899797570850202 0.3391393442622951 0.30364372469635625 0.32172131147540983 0.32034412955465585 0.2838114754098361 0.3269230769230769 0.2530737704918033
8 0.4893724696356275 0.4180327868852459 0.4883603238866397 0.47950819672131145 0.4883603238866397 0.4989754098360656 0.4934210526315789 0.5245901639344263 0.49949392712550605 0.5440573770491803 0.5080971659919028 0.5399590163934426 0.5156882591093117 0.5225409836065574 0.5156882591093117 0.47950819672131145 0.5111336032388664 0.44364754098360654 0.5091093117408907 0.4047131147540984 0.5060728744939271 0.3831967213114754 0.49544534412955465 0.3770491803278688 0.49139676113360325 0.38831967213114754
9 0.5080971659919028 0.3790983606557377 0.5091093117408907 0.4395491803278688 0.5101214574898786 0.4733606557377049 0.513663967611336 0.5051229508196722 0.5197368421052632 0.5245901639344263 0.5273279352226721 0.5266393442622951 0.5313765182186235 0.514344262295082 0.5313765182186235 0.49077868852459017 0.5313765182186235 0.45799180327868855 0.5293522267206477 0.4262295081967213 0.5237854251012146 0.38831967213114754 0.5217611336032388 0.36065573770491804
10 0.5253036437246964 0.36475409836065575 0.52834008097166 0.4610655737704918 0.5364372469635628 0.492827868852459 0.5501012145748988 0.5163934426229508 0.562753036437247 0.4989754098360656 0.555668016194332 0.4733606557377049 0.5501012145748988 0.4415983606557377 0.5460526315789473 0.4067622950819672 0.5450404858299596 0.3709016393442623 0.5399797570850202 0.3555327868852459
11 0.542004048582996 0.3432377049180328 0.5440283400809717 0.38422131147540983 0.5450404858299596 0.430327868852459 0.5490890688259109 0.45799180327868855 0.5546558704453441 0.47950819672131145 0.5713562753036437 0.4887295081967213 0.582995951417004 0.4713114754098361 0.5789473684210527 0.45184426229508196 0.5733805668016194 0.42418032786885246 0.5673076923076923 0.3831967213114754 0.5642712550607287 0.3555327868852459 0.5566801619433198 0.3319672131147541
12 0.5506072874493927 0.32172131147540983 0.5617408906882592 0.39241803278688525 0.5652834008097166 0.42008196721311475 0.5779352226720648 0.46311475409836067 0.5880566801619433 0.4692622950819672 0.5996963562753036 0.4600409836065574 0.6022267206477733 0.42418032786885246 0.5976720647773279 0.39651639344262296 0.5895748987854251 0.36270491803278687 0.5860323886639676 0.3350409836065574 0.5769230769230769 0.3155737704918033 0.5632591093117408 0.3176229508196721
13 0.5850202429149798 0.30635245901639346 0.5799595141700404 0.3452868852459016 0.582995951417004 0.3729508196721312 0.5870445344129555 0.4139344262295082 0.5946356275303644 0.430327868852459 0.604251012145749 0.44979508196721313 0.6189271255060729 0.4375 0.625 0.42418032786885246 0.6305668016194332 0.4067622950819672 0.6265182186234818 0.3831967213114754 0.6158906882591093 0.3391393442622951 0.6052631578947368 0.319672131147541 0.59665991902834 0.30020491803278687
14 0.6103238866396761 0.26639344262295084 0.6138663967611336 0.32172131147540983 0.6239878542510121 0.3770491803278688 0.6356275303643725 0.4067622950819672 0.6548582995951417 0.39651639344262296 0.6619433198380567 0.36065573770491804 0.6629554655870445 0.32991803278688525 0.646255060728745 0.3073770491803279 0.6366396761133604 0.29405737704918034 0.6229757085020243 0.2530737704918033 0.6169028340080972 0.2489754098360656
15 0.617914979757085 0.2305327868852459 0.6305668016194332 0.2807377049180328 0.646255060728745 0.30020491803278687 0.659919028340081 0.30020491803278687 0.6639676113360324 0.27049180327868855 0.6745951417004049 0.2581967213114754 0.6629554655870445 0.22336065573770492 0.6401821862348178 0.19774590163934427 0.6295546558704453 0.19364754098360656
16 0.4883603238866397 0.5840163934426229 0.4893724696356275 0.6147540983606558 0.4934210526315789 0.6403688524590164 0.4934210526315789 0.6649590163934426 0.49949392712550605 0.6823770491803278 0.5060728744939271 0.6567622950819673 0.5091093117408907 0.6311475409836066 0.5121457489878543 0.5911885245901639 0.5121457489878543 0.5676229508196722
17 0.507085020242915 0.5819672131147541 0.5080971659919028 0.6352459016393442 0.5177125506072875 0.6741803278688525 0.5263157894736842 0.6680327868852459 0.5273279352226721 0.6444672131147541 0.52834008097166 0.6034836065573771 0.52834008097166 0.5860655737704918 0.52834008097166 0.5563524590163934 0.513663967611336 0.5655737704918032
18 0.5313765182186235 0.5655737704918032 0.5263157894736842 0.625 0.5263157894736842 0.6649590163934426 0.5364372469635628 0.6885245901639344 0.5490890688259109 0.6741803278688525 0.5501012145748988 0.6147540983606558 0.5480769230769231 0.5604508196721312 0.542004048582996 0.548155737704918
19 0.5516194331983806 0.5379098360655737 0.5490890688259109 0.5758196721311475 0.5501012145748988 0.6147540983606558 0.5576923076923077 0.6403688524590164 0.5673076923076923 0.6721311475409836 0.5733805668016194 0.6905737704918032 0.5769230769230769 0.6424180327868853 0.5733805668016194 0.5952868852459017 0.5723684210526315 0.5522540983606558 0.5652834008097166 0.5327868852459017
20 0.5617408906882592 0.5112704918032787 0.5754048582995951 0.5051229508196722 0.5860323886639676 0.507172131147541 0.59665991902834 0.5379098360655737 0.6012145748987854 0.5758196721311475 0.6052631578947368 0.6014344262295082 0.6052631578947368 0.6485655737704918 0.59665991902834 0.6547131147540983 0.582995951417004 0.6311475409836066 0.5733805668016194 0.5911885245901639 0.5662955465587044 0.5584016393442623
21 0.5819838056680162 0.49077868852459017 0.5946356275303644 0.4713114754098361 0.6103238866396761 0.4651639344262295 0.6199392712550608 0.47540983606557374 0.6325910931174089 0.5030737704918032 0.6376518218623481 0.5327868852459017 0.6432186234817814 0.5543032786885246 0.6492914979757085 0.5840163934426229 0.652834008097166 0.6075819672131147 0.6513157894736842 0.6209016393442623 0.6401821862348178 0.6311475409836066 0.6169028340080972 0.6168032786885246 0.6082995951417004 0.6034836065573771 0.6022267206477733 0.5737704918032787 0.59665991902834 0.5502049180327869 0.5860323886639676 0.5204918032786885
22 0.6169028340080972 0.44979508196721313 0.6265182186234818 0.4354508196721312 0.6391700404858299 0.4180327868852459 0.6513157894736842 0.41188524590163933 0.659919028340081 0.42213114754098363 0.6675101214574899 0.4456967213114754 0.6745951417004049 0.47950819672131145 0.680161943319838 0.5092213114754098 0.6852226720647774 0.5368852459016393 0.6862348178137652 0.5563524590163934 0.6811740890688259 0.5758196721311475 0.6725708502024291 0.5737704918032787 0.6619433198380567 0.5522540983606558 0.6538461538461539 0.5399590163934426 0.6482793522267206 0.5225409836065574 0.6366396761133604 0.4969262295081967 0.6285425101214575 0.4774590163934426
23 0.6918016194331984 0.38114754098360654 0.6756072874493927 0.4098360655737705 0.6705465587044535 0.42418032786885246 0.6685222672064778 0.44979508196721313 0.6685222672064778 0.4692622950819672 0.6831983805668016 0.48155737704918034 0.6938259109311741 0.4948770491803279 0.7054655870445344 0.4989754098360656 0.7125506072874493 0.5010245901639344 0.7201417004048583 0.5010245901639344 0.7252024291497976 0.4774590163934426 0.7252024291497976 0.4600409836065574 0.7191295546558705 0.430327868852459 0.708502024291498 0.4098360655737705 0.7024291497975709 0.3985655737704918
24 0.4848178137651822 0.5881147540983607 0.47115384615384615 0.5891393442622951 0.46710526315789475 0.6116803278688525 0.4741902834008097 0.6465163934426229 0.4741902834008097 0.6680327868852459 0.4817813765182186 0.6844262295081968 0.49038461538461536 0.6700819672131147 0.49038461538461536 0.6352459016393442
25 0.4564777327935223 0.5819672131147541 0.44888663967611336 0.6372950819672131 0.44888663967611336 0.6700819672131147 0.4534412955465587 0.6915983606557377 0.46204453441295545 0.6608606557377049 0.46305668016194335 0.6229508196721312 0.4731781376518219 0.5881147540983607
26 0.4352226720647773 0.5625 0.42813765182186236 0.5932377049180327 0.42813765182186236 0.6311475409836066 0.42813765182186236 0.6649590163934426 0.4311740890688259 0.6915983606557377 0.4397773279352227 0.6956967213114754 0.44888663967611336 0.6608606557377049 0.45546558704453444 0.6168032786885246 0.4564777327935223 0.5891393442622951 0.4574898785425101 0.569672131147541
27 0.41143724696356276 0.5245901639344263 0.4018218623481781 0.5819672131147541 0.3982793522267207 0.6188524590163934 0.39979757085020245 0.6659836065573771 0.40384615384615385 0.6936475409836066 0.416497975708502 0.6741803278688525 0.4225708502024291 0.6506147540983607 0.4240890688259109 0.6034836065573771 0.4311740890688259 0.5584016393442623
28 0.3825910931174089 0.5225409836065574 0.37550607287449395 0.5543032786885246 0.37550607287449395 0.5973360655737705 0.37449392712550605 0.6229508196721312 0.3765182186234818 0.6700819672131147 0.38714574898785425 0.6465163934426229 0.39625506072874495 0.6096311475409836 0.40384615384615385 0.5676229508196722 0.4048582995951417 0.548155737704918 0.4048582995951417 0.5307377049180327
29 0.3436234817813765 0.49077868852459017 0.33653846153846156 0.5122950819672131 0.3355263157894737 0.5399590163934426 0.32793522267206476 0.5840163934426229 0.3152834008097166 0.6229508196721312 0.32388663967611336 0.6424180327868853 0.33856275303643724 0.6547131147540983 0.35020242914979755 0.6424180327868853 0.3618421052631579 0.6188524590163934 0.3689271255060729 0.5840163934426229 0.37550607287449395 0.548155737704918 0.3856275303643725 0.5112704918032787 0.3603238866396761 0.4989754098360656
30 0.29605263157894735 0.4344262295081967 0.2889676113360324 0.45799180327868855 0.2823886639676113 0.5327868852459017 0.2732793522267207 0.5635245901639344 0.28795546558704455 0.5993852459016393 0.3026315789473684 0.5881147540983607 0.319331983805668 0.5522540983606558 0.3223684210526316 0.5204918032786885 0.3340080971659919 0.4948770491803279 0.3309716599190283 0.4713114754098361 0.31224696356275305 0.45389344262295084
31 0.23431174089068826 0.45799180327868855 0.2550607287449393 0.4262295081967213 0.2722672064777328 0.4088114754098361 0.2823886639676113 0.4344262295081967 0.284919028340081 0.48360655737704916 0.28694331983805665 0.5010245901639344 0.2616396761133603 0.5225409836065574 0.24139676113360323 0.514344262295082 0.22975708502024292 0.492827868852459