0 0.4708362614195362 0.5053191489361702 0.5101897399859452 0.5091185410334347 0.5101897399859452 0.46580547112462006 0.4933239634574842 0.2773556231003039 0.48453970484891074 0.2773556231003039
1 0.45256500351370343 0.4848024316109423 0.455024595924104 0.5091185410334347 0.4669711876317639 0.5174772036474165 0.47505270555165147 0.5037993920972644 0.4796205200281096 0.270516717325228 0.46205200281096276 0.27279635258358664 0.4511595221363317 0.4696048632218845
2 0.4311314125087843 0.4696048632218845 0.438158819395643 0.5144376899696048 0.45256500351370343 0.5129179331306991 0.46380885453267745 0.4316109422492401 0.45256500351370343 0.2689969604863222 0.4293745607870696 0.2773556231003039 0.4248067463106114 0.40577507598784196
3 0.4016163035839775 0.4642857142857143 0.4111033028812368 0.5007598784194529 0.4230498945888967 0.5037993920972644 0.42691496837666904 0.48328267477203646 0.43675333801827126 0.4886018237082067 0.44237526352775824 0.4696048632218845 0.44378074490513003 0.4452887537993921 0.42691496837666904 0.2621580547112462 0.4016163035839775 0.26595744680851063 0.40477863668306396 0.41413373860182373
4 0.3777231201686578 0.4642857142857143 0.3872101194659171 0.4848024316109423 0.39845397048489106 0.4886018237082067 0.4005621925509487 0.47796352583586627 0.40864371047083625 0.47796352583586627 0.4142656359803233 0.46580547112462006 0.41672522839072385 0.43465045592705165 0.4111033028812368 0.41033434650455924 0.4093464511595221 0.32978723404255317 0.3872101194659171 0.24164133738601823 0.3742094167252284 0.24164133738601823 0.3791286015460295 0.4156534954407295
5 0.3408292340126493 0.48328267477203646 0.3608573436401968 0.49012158054711247 0.3798313422347154 0.4886018237082067 0.3903724525650035 0.4749240121580547 0.3910751932536894 0.4278115501519757 0.38229093464511593 0.3966565349544073 0.3576950105411103 0.24696048632218845 0.3271257905832748 0.2621580547112462 0.3439915671117358 0.41033434650455924 0.3376669009135629 0.46580547112462006
6 0.3074490513000703 0.4452887537993921 0.34469430780042165 0.4034954407294833 0.3302881236823612 0.270516717325228 0.2986647926914968 0.2864741641337386 0.30252986647926916 0.4316109422492401
7 0.2568517217146873 0.41413373860182373 0.26247364722417427 0.44680851063829785 0.29620520028109626 0.4521276595744681 0.30077301475755447 0.4278115501519757 0.30077301475755447 0.3966565349544073 0.29128601546029514 0.2826747720364742 0.2737174982431483 0.2674772036474164 0.2680955727336613 0.27279635258358664 0.27055516514406186 0.34498480243161095 0.26423049894588896 0.3951367781155015
8 0.5052705551651441 0.5022796352583586 0.5358397751229796 0.5037993920972644 0.5379479971890373 0.45896656534954405 0.5252986647926915 0.29635258358662614 0.5108924806746311 0.29635258358662614 0.5052705551651441 0.4278115501519757
9 0.5260014054813774 0.5106382978723404 0.5523541813070977 0.5159574468085106 0.5534082923401265 0.5037993920972644 0.5484891075193253 0.2811550151975684 0.5379479971890373 0.2933130699088146 0.5323260716795503 0.44832826747720367
10 0.5534082923401265 0.4749240121580547 0.5628952916373858 0.5106382978723404 0.5780042164441321 0.5075987841945289 0.5836261419536191 0.4726443768996961 0.573085031623331 0.256838905775076 0.5579761068165847 0.2621580547112462 0.5548137737174983 0.42629179331306993 0.5534082923401265 0.44680851063829785
11 0.5741391426563598 0.479483282674772 0.5818692902319045 0.4886018237082067 0.5874912157413914 0.48632218844984804 0.5955727336612789 0.5007598784194529 0.6082220660576247 0.4939209726443769 0.6113843991567112 0.45896656534954405 0.5962754743499649 0.256838905775076 0.5797610681658468 0.2621580547112462 0.5741391426563598 0.45896656534954405
12 0.6054111033028813 0.48328267477203646 0.6247364722417428 0.4848024316109423 0.6391426563598033 0.45592705167173253 0.6261419536191145 0.26063829787234044 0.607167955024596 0.2674772036474164 0.600843288826423 0.3844984802431611 0.5983836964160225 0.44832826747720367
14 0.6806043569922698 0.44832826747720367 0.7238229093464511 0.42249240121580545 0.7094167252283907 0.29635258358662614 0.7118763176387913 0.23632218844984804 0.6711173576950106 0.2393617021276596 0.6669009135628953 0.30851063829787234 0.6735769501054111 0.3556231003039514 0.6725228390723823 0.3882978723404255
15 0.725228390723823 0.42933130699088146 0.7445537596626844 0.4126139817629179 0.7501756851721715 0.39361702127659576 0.7452565003513704 0.36246200607902734 0.7333099086437105 0.2933130699088146 0.7382290934645116 0.24468085106382978 0.7227687983134223 0.24468085106382978 0.7108222066057625 0.3069908814589666 0.7196064652143359 0.40577507598784196
26 0.46732255797610683 0.5288753799392097 0.44342937456078707 0.5167173252279635 0.4427266338721012 0.6496960486322189 0.4483485593815882 0.7348024316109423 0.4634574841883345 0.7378419452887538 0.4736472241742797 0.6086626139817629
18 0.5463808854532678 0.5273556231003039 0.5558678847505271 0.5167173252279635 0.567111735769501 0.5273556231003039 0.5769501054111033 0.5775075987841946 0.5857343640196767 0.7378419452887538 0.5702740688685874 0.7393617021276596 0.5544624033731553 0.6413373860182371 0.5463808854532678 0.6306990881458967
19 0.5657062543921293 0.5288753799392097 0.5751932536893886 0.5151975683890577 0.5934645115952214 0.5151975683890577 0.6222768798313423 0.7173252279635258 0.6033028812368236 0.729483282674772 0.5846802529866479 0.6155015197568389 0.5720309205903021 0.5790273556231003
20 0.5910049191848208 0.5113981762917933 0.6215741391426564 0.4946808510638298 0.6461700632466619 0.7135258358662614 0.6286015460295151 0.7272036474164134
22 0.6605762473647224 0.4703647416413374 0.6749824314827828 0.45972644376899696 0.7052002810962755 0.44452887537993924 0.7557976106816585 0.6306990881458967 0.7132817990161631 0.6724924012158054 0.6823612087139845 0.5653495440729484 0.6767392832044975 0.5638297872340425
23 0.707659873506676 0.44756838905775076 0.7238229093464511 0.4148936170212766 0.7477160927617709 0.4065349544072948 0.7955024595924104 0.5683890577507599 0.7621222768798314 0.5995440729483282 0.7326071679550246 0.5372340425531915 0.7139845397048489 0.5045592705167173 0.7037947997189037 0.4635258358662614
27 0.41707659873506675 0.5030395136778115 0.44729444834855936 0.5235562310030395 0.43851018973998596 0.7378419452887538 0.41321152494729446 0.7378419452887538
28 0.39142656359803235 0.5015197568389058 0.4202389318341532 0.5098784194528876 0.41707659873506675 0.7241641337386018 0.3956430077301476 0.7272036474164134 0.38756148981026 0.587386018237082
30 0.30990864371047083 0.48024316109422494 0.3555867884750527 0.4946808510638298 0.3524244553759663 0.5775075987841946 0.3021784961349262 0.682370820668693 0.26598735066760365 0.6117021276595744 0.29971890372452564 0.53419452887538
31 0.2600140548137737 0.44224924012158057 0.29128601546029514 0.44984802431610943 0.3151791988756149 0.48404255319148937 0.3074490513000703 0.513677811550152 0.2561489810260014 0.6413373860182371 0.22101194659170767 0.5638297872340425 0.2522839072382291 0.49772036474164133