0 0.4671280276816609 0.5547112462006079 0.49653979238754326 0.5501519756838906 0.49930795847750864 0.5022796352583586 0.4892733564013841 0.25759878419452886 0.4716262975778547 0.26975683890577506 0.47024221453287196 0.44376899696048633 0.46401384083044983 0.5022796352583586
1 0.44152249134948096 0.5417933130699089 0.45017301038062285 0.5516717325227963 0.46539792387543255 0.5349544072948328 0.4685121107266436 0.4787234042553192 0.4647058823529412 0.30319148936170215 0.444636678200692 0.30167173252279633 0.44844290657439445 0.46200607902735563 0.4401384083044983 0.5129179331306991
2 0.41557093425605535 0.5448328267477204 0.43079584775086505 0.5668693009118541 0.44394463667820067 0.5516717325227963 0.4477508650519031 0.506079027355623 0.44325259515570936 0.4703647416413374 0.4356401384083045 0.2613981762917933 0.41937716262975777 0.2674772036474164 0.41730103806228375 0.41793313069908816 0.41937716262975777 0.47720364741641336 0.413840830449827 0.5243161094224924
3 0.39100346020761245 0.5486322188449848 0.4069204152249135 0.5630699088145896 0.41730103806228375 0.5478723404255319 0.4301038062283737 0.5478723404255319 0.43460207612456747 0.49772036474164133 0.4100346020761246 0.3282674772036474 0.3972318339100346 0.33358662613981765 0.39307958477508653 0.43541033434650456 0.3941176470588235 0.4992401215805471
4 0.36643598615916956 0.5433130699088146 0.3754325259515571 0.5653495440729484 0.3833910034602076 0.5501519756838906 0.39792387543252594 0.5562310030395137 0.40415224913494807 0.5448328267477204 0.4003460207612457 0.49772036474164133 0.3892733564013841 0.32370820668693007 0.3657439446366782 0.34422492401215804 0.36643598615916956 0.4551671732522796 0.3678200692041522 0.506079027355623
5 0.32110726643598614 0.5501519756838906 0.3394463667820069 0.5737082066869301 0.3463667820069204 0.5653495440729484 0.35778546712802767 0.5638297872340425 0.3671280276816609 0.5486322188449848 0.37162629757785465 0.5311550151975684 0.35778546712802767 0.4939209726443769 0.3525951557093426 0.44680851063829785 0.3394463667820069 0.34574468085106386 0.3173010380622837 0.3609422492401216 0.3235294117647059 0.4566869300911854 0.3231833910034602 0.5030395136778115 0.32110726643598614 0.526595744680851
6 0.2757785467128028 0.5296352583586627 0.2885813148788927 0.5516717325227963 0.30346020761245673 0.5630699088145896 0.3235294117647059 0.5463525835866262 0.32006920415224915 0.506079027355623 0.3193771626297578 0.43009118541033436 0.3173010380622837 0.33358662613981765 0.30034602076124567 0.34574468085106386 0.2948096885813149 0.44148936170212766 0.2885813148788927 0.46504559270516715 0.27889273356401384 0.4939209726443769
7 0.2833910034602076 0.44984802431610943 0.27162629757785467 0.4369300911854103 0.2709342560553633 0.42021276595744683 0.26332179930795846 0.41641337386018235 0.2550173010380623 0.4012158054711246 0.26089965397923875 0.3738601823708207 0.27197231833910035 0.35714285714285715 0.284083044982699 0.3366261398176292 0.29653979238754324 0.3221884498480243 0.3041522491349481 0.3282674772036474 0.3062283737024221 0.36930091185410335 0.29411764705882354 0.44832826747720367
8 0.49653979238754326 0.5516717325227963 0.5294117647058824 0.5547112462006079 0.5294117647058824 0.4825227963525836 0.5325259515570935 0.30167173252279633 0.5169550173010381 0.3130699088145897 0.5062283737024221 0.4574468085106383 0.4986159169550173 0.5022796352583586
9 0.5269896193771626 0.5478723404255319 0.5325259515570935 0.47416413373860183 0.5325259515570935 0.38145896656534956 0.5439446366782007 0.3221884498480243 0.5557093425605536 0.3366261398176292 0.5515570934256055 0.4065349544072948 0.553287197231834 0.49620060790273557 0.5557093425605536 0.541033434650456 0.5477508650519031 0.5516717325227963
10 0.5622837370242214 0.5547112462006079 0.5519031141868512 0.5022796352583586 0.5539792387543253 0.4521276595744681 0.5671280276816609 0.2743161094224924 0.5823529411764706 0.2811550151975684 0.5792387543252595 0.4027355623100304 0.5809688581314879 0.48024316109422494 0.5854671280276816 0.5182370820668692 0.5785467128027681 0.5516717325227963
11 0.5833910034602076 0.5379939209726444 0.5761245674740484 0.49620060790273557 0.5833910034602076 0.4316109422492401 0.583044982698962 0.2917933130699088 0.601038062283737 0.29635258358662614 0.6062283737024221 0.4095744680851064 0.6031141868512111 0.4688449848024316 0.6079584775086505 0.5045592705167173 0.6079584775086505 0.5349544072948328 0.5979238754325259 0.5463525835866262 0.5916955017301038 0.5433130699088146
12 0.6024221453287197 0.5395136778115501 0.6003460207612457 0.49772036474164133 0.6038062283737025 0.46200607902735563 0.6093425605536332 0.3655015197568389 0.628719723183391 0.3252279635258359 0.639446366782007 0.3639817629179331 0.6325259515570935 0.43844984802431614 0.6370242214532872 0.5174772036474165 0.6207612456747404 0.5433130699088146 0.6155709342560554 0.5349544072948328
13 0.6470588235294118 0.5364741641337386 0.6307958477508651 0.526595744680851 0.6276816608996539 0.4939209726443769 0.6387543252595156 0.4452887537993921 0.6494809688581314 0.2811550151975684 0.6771626297577855 0.29635258358662614 0.670242214532872 0.42857142857142855 0.6730103806228374 0.4703647416413374 0.6747404844290658 0.5106382978723404 0.6716262975778546 0.5311550151975684 0.6591695501730104 0.5334346504559271
14 0.6785467128027681 0.5182370820668692 0.670242214532872 0.48556231003039513 0.6764705882352942 0.38145896656534956 0.6799307958477508 0.28951367781155013 0.6986159169550173 0.29103343465045595 0.7041522491349481 0.39285714285714285 0.7041522491349481 0.4270516717325228 0.7100346020761246 0.4551671732522796 0.7186851211072665 0.4908814589665654 0.7041522491349481 0.5182370820668692 0.6948096885813149 0.5227963525835866
15 0.7145328719723183 0.4217325227963526 0.701038062283737 0.4148936170212766 0.696885813148789 0.3776595744680851 0.6878892733564014 0.3069908814589666 0.7231833910034602 0.2826747720364742 0.7325259515570934 0.3290273556231003 0.7453287197231834 0.3518237082066869 0.7484429065743945 0.36930091185410335 0.7453287197231834 0.3943768996960486 0.728719723183391 0.41185410334346506 0.7207612456747405 0.42325227963525835
16 0.4961937716262976 0.5767477203647416 0.5173010380622838 0.5752279635258358 0.5169550173010381 0.6405775075987842 0.5238754325259516 0.7712765957446809 0.504152249134948 0.7629179331306991
17 0.5169550173010381 0.5714285714285714 0.5242214532871973 0.5615501519756839 0.539446366782007 0.5699088145896657 0.5401384083044982 0.6056231003039514 0.5307958477508651 0.7758358662613982 0.5238754325259516 0.7758358662613982
18 0.5349480968858131 0.6193009118541033 0.539446366782007 0.5630699088145896 0.5557093425605536 0.5516717325227963 0.5647058823529412 0.5851063829787234 0.5653979238754325 0.6595744680851063 0.5546712802768166 0.8168693009118541 0.539446366782007 0.8130699088145896
19 0.5608996539792388 0.6124620060790273 0.5615916955017302 0.5767477203647416 0.5716262975778547 0.5516717325227963 0.5878892733564014 0.5683890577507599 0.5885813148788928 0.6306990881458967 0.5934256055363322 0.7849544072948328 0.5771626297577854 0.7864741641337386 0.5640138408304498 0.6291793313069909
20 0.5923875432525951 0.6139817629179332 0.5785467128027681 0.5805471124620061 0.5816608996539793 0.5569908814589666 0.6048442906574395 0.5433130699088146 0.6155709342560554 0.5600303951367781 0.6124567474048442 0.6155015197568389 0.6294117647058823 0.8085106382978723 0.6100346020761246 0.8077507598784195
21 0.6169550173010381 0.6193009118541033 0.6072664359861591 0.5721884498480243 0.614878892733564 0.5349544072948328 0.6280276816608996 0.5417933130699089 0.6370242214532872 0.5463525835866262 0.6453287197231834 0.541033434650456 0.655363321799308 0.5478723404255319 0.6591695501730104 0.5805471124620061 0.6577854671280277 0.6542553191489362 0.6778546712802768 0.7386018237082067 0.6484429065743945 0.7697568389057751 0.6269896193771626 0.7173252279635258
22 0.6678200692041523 0.6139817629179332 0.6564013840830449 0.5721884498480243 0.6557093425605537 0.5395136778115501 0.6678200692041523 0.5281155015197568 0.6764705882352942 0.5326747720364742 0.68719723183391 0.5296352583586627 0.6948096885813149 0.5243161094224924 0.7017301038062284 0.5433130699088146 0.7041522491349481 0.5782674772036475 0.7093425605536332 0.6261398176291794 0.7200692041522492 0.7340425531914894 0.701038062283737 0.7424012158054711 0.6754325259515571 0.662613981762918
24 0.47024221453287196 0.5653495440729484 0.4930795847750865 0.5721884498480243 0.4972318339100346 0.6291793313069909 0.513840830449827 0.7781155015197568 0.5 0.7879939209726444 0.4685121107266436 0.5835866261398176
25 0.4470588235294118 0.5790273556231003 0.4557093425605536 0.5668693009118541 0.47024221453287196 0.5767477203647416 0.4986159169550173 0.7811550151975684 0.4795847750865052 0.78419452887538
26 0.4269896193771626 0.6306990881458967 0.42387543252595156 0.5752279635258358 0.43944636678200694 0.5638297872340425 0.4508650519031142 0.5934650455927052 0.47474048442906575 0.8335866261398176 0.44567474048442907 0.8389057750759878 0.4301038062283737 0.6474164133738601
27 0.4 0.6390577507598785 0.3923875432525952 0.6094224924012158 0.40865051903114186 0.5683890577507599 0.41730103806228375 0.5737082066869301 0.42179930795847753 0.5889057750759878 0.42422145328719724 0.6474164133738601 0.4339100346020761 0.8183890577507599 0.414878892733564 0.8214285714285714
28 0.3792387543252595 0.6930091185410334 0.370242214532872 0.6428571428571429 0.36643598615916956 0.6177811550151976 0.36401384083044985 0.5919452887537994 0.3792387543252595 0.5721884498480243 0.3854671280276817 0.5683890577507599 0.3961937716262976 0.5942249240121581 0.3965397923875433 0.6291793313069909 0.4003460207612457 0.6694528875379939 0.4055363321799308 0.7370820668693009 0.40173010380622837 0.8404255319148937 0.38235294117647056 0.8214285714285714
29 0.3179930795847751 0.7963525835866262 0.33806228373702424 0.7408814589665653 0.3494809688581315 0.6800911854103343 0.36262975778546713 0.6413373860182371 0.3633217993079585 0.601823708206687 0.3525951557093426 0.5835866261398176 0.33806228373702424 0.5919452887537994 0.3304498269896194 0.5767477203647416 0.3193771626297578 0.5934650455927052 0.31314878892733566 0.6177811550151976 0.3096885813148789 0.6930091185410334 0.28719723183391005 0.7849544072948328