0 0.46870748299319726 0.2993920972644377 0.4666666666666667 0.31458966565349544 0.4666666666666667 0.36246200607902734 0.4697278911564626 0.4012158054711246 0.4697278911564626 0.42933130699088146 0.4707482993197279 0.4703647416413374 0.48027210884353744 0.4749240121580547 0.4931972789115646 0.46656534954407297 0.49387755102040815 0.4316109422492401 0.4901360544217687 0.3791793313069909 0.4891156462585034 0.33814589665653494 0.4880952380952381 0.2925531914893617 0.4880952380952381 0.2689969604863222
1 0.44047619047619047 0.29027355623100304 0.43673469387755104 0.3252279635258359 0.43673469387755104 0.36246200607902734 0.43673469387755104 0.39285714285714285 0.44047619047619047 0.4338905775075988 0.44829931972789117 0.4688449848024316 0.4639455782312925 0.47720364741641336 0.4629251700680272 0.418693009118541 0.4598639455782313 0.3882978723404255 0.4598639455782313 0.3472644376899696 0.46190476190476193 0.2864741641337386
2 0.41156462585034015 0.3100303951367781 0.4142857142857143 0.3487841945288754 0.41904761904761906 0.3731003039513678 0.4231292517006803 0.4034954407294833 0.42517006802721086 0.43844984802431614 0.42585034013605444 0.46200607902735563 0.42993197278911566 0.48556231003039513 0.4414965986394558 0.49240121580547114 0.4435374149659864 0.479483282674772 0.445578231292517 0.4551671732522796 0.445578231292517 0.41185410334346506 0.4435374149659864 0.3837386018237082 0.43673469387755104 0.33586626139817627 0.4346938775510204 0.30775075987841943 0.4346938775510204 0.28419452887537994 0.4153061224489796 0.2773556231003039
3 0.39285714285714285 0.30167173252279633 0.39285714285714285 0.3168693009118541 0.3948979591836735 0.36246200607902734 0.3979591836734694 0.39285714285714285 0.40170068027210887 0.4399696048632219 0.4054421768707483 0.46656534954407297 0.41156462585034015 0.48556231003039513 0.4268707482993197 0.4992401215805471 0.42108843537414964 0.4399696048632219 0.4142857142857143 0.3183890577507599 0.4142857142857143 0.26671732522796354
4 0.3707482993197279 0.2773556231003039 0.3880952380952381 0.4688449848024316 0.3948979591836735 0.4946808510638298 0.41054421768707483 0.45972644376899696 0.4085034013605442 0.44452887537993924 0.40374149659863945 0.3837386018237082 0.40068027210884355 0.33814589665653494 0.39591836734693875 0.30319148936170215 0.3891156462585034 0.2621580547112462
5 0.3656462585034014 0.3183890577507599 0.36666666666666664 0.3639817629179331 0.36768707482993196 0.4034954407294833 0.3687074829931973 0.45364741641337386 0.3687074829931973 0.47720364741641336 0.37755102040816324 0.5007598784194529 0.3891156462585034 0.5121580547112462 0.39387755102040817 0.4969604863221885 0.3921768707482993 0.46200607902735563 0.391156462585034 0.4316109422492401 0.3880952380952381 0.35790273556231 0.37755102040816324 0.30167173252279633
6 0.3435374149659864 0.30167173252279633 0.34523809523809523 0.3404255319148936 0.3513605442176871 0.4095744680851064 0.35034013605442177 0.45972644376899696 0.34727891156462587 0.4946808510638298 0.36394557823129253 0.5296352583586627 0.37551020408163266 0.5053191489361702 0.37755102040816324 0.46656534954407297 0.3717687074829932 0.40805471124620063 0.36768707482993196 0.32066869300911854 0.3629251700680272 0.2796352583586626
7 0.31326530612244896 0.3123100303951368 0.31326530612244896 0.3487841945288754 0.3153061224489796 0.40577507598784196 0.3153061224489796 0.44680851063829785 0.3142857142857143 0.49240121580547114 0.32789115646258504 0.5144376899696048 0.34251700680272107 0.5075987841945289 0.34523809523809523 0.4270516717325228 0.3404761904761905 0.3837386018237082 0.33843537414965985 0.3229483282674772 0.3346938775510204 0.28419452887537994 0.31020408163265306 0.2796352583586626
8 0.4959183673469388 0.2948328267477204 0.49115646258503404 0.35106382978723405 0.4901360544217687 0.4316109422492401 0.49489795918367346 0.4688449848024316 0.5057823129251701 0.4688449848024316 0.507482993197279 0.41185410334346506 0.5068027210884354 0.36854103343465044 0.5068027210884354 0.30775075987841943 0.507482993197279 0.27279635258358664 0.49795918367346936 0.2621580547112462
9 0.5115646258503401 0.2621580547112462 0.5095238095238095 0.3427051671732523 0.5095238095238095 0.3943768996960486 0.5095238095238095 0.4513677811550152 0.5173469387755102 0.4726443768996961 0.5289115646258503 0.44680851063829785 0.5299319727891156 0.40805471124620063 0.527891156462585 0.30775075987841943 0.527891156462585 0.25379939209726443
10 0.5340136054421769 0.2621580547112462 0.5289115646258503 0.3100303951367781 0.5261904761904762 0.3708206686930091 0.5231292517006803 0.41185410334346506 0.5289115646258503 0.4688449848024316 0.536734693877551 0.4688449848024316 0.5482993197278911 0.4490881458966565 0.5493197278911565 0.40577507598784196 0.545578231292517 0.30319148936170215 0.5445578231292517 0.2796352583586626 0.5445578231292517 0.25759878419452886
11 0.5523809523809524 0.24468085106382978 0.5465986394557824 0.30319148936170215 0.5445578231292517 0.38145896656534956 0.5425170068027211 0.42325227963525835 0.5465986394557824 0.45364741641337386 0.5561224489795918 0.4574468085106383 0.5591836734693878 0.43617021276595747 0.5629251700680272 0.4034954407294833 0.5670068027210884 0.3404255319148936 0.5680272108843537 0.2689969604863222 0.5697278911564626 0.23860182370820668
12 0.5717687074829932 0.25151975683890576 0.5670068027210884 0.3168693009118541 0.5639455782312925 0.39893617021276595 0.5629251700680272 0.44224924012158057 0.5687074829931973 0.46656534954407297 0.5806122448979592 0.4642857142857143 0.5863945578231292 0.4551671732522796 0.5921768707482993 0.44452887537993924 0.6 0.4095744680851064 0.5989795918367347 0.3708206686930091 0.6 0.3229483282674772 0.6010204081632653 0.25759878419452886 0.5833333333333334 0.24468085106382978
13 0.6047619047619047 0.24924012158054712 0.6020408163265306 0.31458966565349544 0.5979591836734693 0.3882978723404255 0.5979591836734693 0.46200607902735563 0.6136054421768707 0.4749240121580547 0.6261904761904762 0.4574468085106383 0.6299319727891156 0.4338905775075988 0.6309523809523809 0.3791793313069909 0.6272108843537415 0.3100303951367781 0.6292517006802721 0.23860182370820668
14 0.6377551020408163 0.23632218844984804 0.6350340136054422 0.2796352583586626 0.6329931972789116 0.3229483282674772 0.6329931972789116 0.37537993920972645 0.6360544217687075 0.4270516717325228 0.6360544217687075 0.45364741641337386 0.6571428571428571 0.45364741641337386 0.6632653061224489 0.44224924012158057 0.6659863945578232 0.41641337386018235 0.6612244897959184 0.3533434650455927 0.6571428571428571 0.2864741641337386 0.6571428571428571 0.22796352583586627
16 0.4639455782312925 0.6595744680851063 0.46190476190476193 0.5554711246200608 0.4561224489795918 0.49240121580547114 0.47278911564625853 0.49240121580547114 0.47551020408163264 0.5904255319148937 0.47551020408163264 0.6534954407294833
17 0.48707482993197276 0.6793313069908815 0.48333333333333334 0.6534954407294833 0.4785714285714286 0.5942249240121581 0.47653061224489796 0.5334346504559271 0.47653061224489796 0.49012158054711247 0.48639455782312924 0.48404255319148937 0.4921768707482993 0.5121580547112462 0.4901360544217687 0.5577507598784195 0.4880952380952381 0.5927051671732523 0.49387755102040815 0.6618541033434651
18 0.5105442176870748 0.709726443768997 0.49489795918367346 0.6816109422492401 0.4921768707482993 0.6534954407294833 0.49115646258503404 0.6117021276595744 0.4901360544217687 0.5683890577507599 0.4891156462585034 0.5379939209726444 0.4891156462585034 0.4946808510638298 0.4931972789115646 0.4749240121580547 0.5017006802721088 0.46656534954407297 0.5163265306122449 0.5296352583586627 0.5183673469387755 0.5577507598784195 0.5183673469387755 0.5987841945288754 0.5163265306122449 0.6664133738601824
19 0.5289115646258503 0.709726443768997 0.5204081632653061 0.6724924012158054 0.5142857142857142 0.5927051671732523 0.5142857142857142 0.5683890577507599 0.5142857142857142 0.5425531914893617 0.5142857142857142 0.5007598784194529 0.5289115646258503 0.49240121580547114 0.5408163265306123 0.5007598784194529 0.5435374149659864 0.5425531914893617 0.5414965986394558 0.5835866261398176 0.5414965986394558 0.6208206686930091 0.5414965986394558 0.648936170212766 0.5414965986394558 0.6922492401215805
20 0.5561224489795918 0.702887537993921 0.5503401360544218 0.6724924012158054 0.5414965986394558 0.5790273556231003 0.536734693877551 0.5379939209726444 0.5357142857142857 0.5098784194528876 0.5425170068027211 0.4992401215805471 0.5544217687074829 0.4969604863221885 0.5619047619047619 0.540273556231003 0.5659863945578232 0.5835866261398176 0.5687074829931973 0.6291793313069909 0.5697278911564626 0.6793313069908815 0.5670068027210884 0.6983282674772037
21 0.5959183673469388 0.7120060790273556 0.5901360544217688 0.6876899696048632 0.576530612244898 0.6268996960486323 0.5697278911564626 0.5904255319148937 0.5639455782312925 0.5425531914893617 0.5619047619047619 0.5159574468085106 0.5670068027210884 0.4992401215805471 0.5833333333333334 0.49240121580547114 0.591156462585034 0.49240121580547114 0.608843537414966 0.5159574468085106 0.6115646258503401 0.5600303951367781 0.6214285714285714 0.6185410334346505 0.6282312925170068 0.6641337386018237 0.6241496598639455 0.6922492401215805 0.6068027210884354 0.71580547112462
22 0.6534013605442177 0.6747720364741642 0.6534013605442177 0.6443768996960486 0.6534013605442177 0.5790273556231003 0.654421768707483 0.5296352583586627 0.6523809523809524 0.5007598784194529 0.6360544217687075 0.4878419452887538 0.6156462585034014 0.4992401215805471 0.608843537414966 0.5250759878419453 0.6095238095238096 0.5752279635258358 0.6329931972789116 0.6816109422492401
24 0.46190476190476193 0.668693009118541 0.4629251700680272 0.6443768996960486 0.4639455782312925 0.601063829787234 0.4639455782312925 0.5600303951367781 0.46190476190476193 0.520516717325228 0.45918367346938777 0.5007598784194529 0.4493197278911565 0.4946808510638298 0.43945578231292515 0.5053191489361702 0.445578231292517 0.5577507598784195 0.44727891156462585 0.5752279635258358 0.45034013605442175 0.6139817629179332 0.45136054421768707 0.648936170212766 0.45136054421768707 0.6854103343465046
25 0.4435374149659864 0.6945288753799392 0.44727891156462585 0.6595744680851063 0.44727891156462585 0.6117021276595744 0.445578231292517 0.5577507598784195 0.43945578231292515 0.5030395136778115 0.42585034013605444 0.5098784194528876 0.42517006802721086 0.5448328267477204 0.4268707482993197 0.5775075987841946 0.430952380952381 0.60790273556231 0.43197278911564624 0.64209726443769 0.43197278911564624 0.6747720364741642
26 0.41904761904761906 0.7272036474164134 0.42517006802721086 0.6702127659574468 0.42585034013605444 0.6117021276595744 0.42585034013605444 0.5600303951367781 0.42585034013605444 0.5159574468085106 0.41156462585034015 0.4969604863221885 0.40476190476190477 0.520516717325228 0.40374149659863945 0.5357142857142857 0.40272108843537413 0.5531914893617021 0.40068027210884355 0.581306990881459 0.40068027210884355 0.5965045592705167 0.40170068027210887 0.6314589665653495 0.40170068027210887 0.6595744680851063 0.4064625850340136 0.702887537993921
27 0.3989795918367347 0.7355623100303952 0.39965986394557823 0.6983282674772037 0.40374149659863945 0.6466565349544073 0.40374149659863945 0.6185410334346505 0.40374149659863945 0.5881458966565349 0.40374149659863945 0.5577507598784195 0.40374149659863945 0.5357142857142857 0.39591836734693875 0.5227963525835866 0.3891156462585034 0.5159574468085106 0.3812925170068027 0.5296352583586627 0.376530612244898 0.5683890577507599 0.3792517006802721 0.5927051671732523 0.3812925170068027 0.6231003039513677 0.3812925170068027 0.6724924012158054 0.3812925170068027 0.71580547112462 0.3812925170068027 0.7332826747720365
28 0.37551020408163266 0.7424012158054711 0.3812925170068027 0.709726443768997 0.38605442176870747 0.6512158054711246 0.3891156462585034 0.5706686930091185 0.38605442176870747 0.5448328267477204 0.3697278911564626 0.5311550151975684 0.35612244897959183 0.5554711246200608 0.3551020408163265 0.5835866261398176 0.3608843537414966 0.6382978723404256 0.3619047619047619 0.6816109422492401 0.358843537414966 0.7226443768996961 0.3598639455782313 0.7462006079027356
29 0.34523809523809523 0.7332826747720365 0.3551020408163265 0.6747720364741642 0.358843537414966 0.6466565349544073 0.3697278911564626 0.5638297872340425 0.3707482993197279 0.5509118541033434 0.3598639455782313 0.540273556231003 0.34727891156462587 0.5311550151975684 0.33843537414965985 0.5379939209726444 0.33163265306122447 0.5600303951367781 0.3299319727891156 0.601063829787234 0.32482993197278914 0.6398176291793313 0.32006802721088434 0.6702127659574468 0.31802721088435376 0.6899696048632219 0.336734693877551 0.7203647416413373
30 0.3085034013605442 0.702887537993921 0.31700680272108844 0.6702127659574468 0.3258503401360544 0.6056231003039514 0.3306122448979592 0.5775075987841946 0.3346938775510204 0.5486322188449848 0.322108843537415 0.5227963525835866 0.3112244897959184 0.5227963525835866 0.29965986394557825 0.540273556231003 0.2965986394557823 0.581306990881459 0.2976190476190476 0.60790273556231 0.2976190476190476 0.6268996960486323 0.29285714285714287 0.6572948328267477 0.29081632653061223 0.6793313069908815
31 0.26258503401360545 0.7074468085106383 0.28401360544217685 0.648936170212766 0.2891156462585034 0.6314589665653495 0.2976190476190476 0.5942249240121581 0.27721088435374147 0.5531914893617021 0.26258503401360545 0.5486322188449848 0.2510204081632653 0.5729483282674772 0.24625850340136055 0.601063829787234 0.23843537414965987 0.6337386018237082 0.23469387755102042 0.6534954407294833 0.24897959183673468 0.6945288753799392