0 0.4785568413886998 0.3472644376899696 0.4707283866575902 0.4688449848024316 0.47345132743362833 0.5144376899696048 0.5017018379850239 0.5144376899696048 0.4989788972089857 0.4316109422492401 0.4989788972089857 0.35790273556231 0.5 0.33814589665653494 0.5 0.3168693009118541 0.4795779441797141 0.3183890577507599
1 0.4628999319264806 0.33586626139817627 0.45132743362831856 0.40805471124620063 0.4503063308373043 0.4490881458966565 0.45234853641933287 0.5098784194528876 0.45983662355343774 0.5121580547112462 0.47447243022464264 0.4817629179331307 0.4754935330156569 0.41413373860182373 0.4785568413886998 0.33358662613981765
2 0.4336283185840708 0.32978723404255317 0.4189925119128659 0.4247720364741641 0.4200136147038802 0.46656534954407297 0.4230769230769231 0.5007598784194529 0.4387338325391423 0.5144376899696048 0.4503063308373043 0.4490881458966565 0.4560925799863853 0.4012158054711246 0.4571136827773996 0.35106382978723405 0.4560925799863853 0.31458966565349544
3 0.4053778080326753 0.3229483282674772 0.39210347174948945 0.3639817629179331 0.38325391422736554 0.4574468085106383 0.3948264125255276 0.5030395136778115 0.41150442477876104 0.5053191489361702 0.4268209666439755 0.4749240121580547 0.4268209666439755 0.4095744680851064 0.4309053778080327 0.3601823708206687 0.4309053778080327 0.32978723404255317
4 0.37746766507828455 0.32750759878419455 0.35500340367597005 0.3837386018237082 0.34717494894486045 0.4513677811550152 0.34717494894486045 0.479483282674772 0.36963921034717495 0.4878419452887538 0.38427501701837985 0.48556231003039513 0.38529611980939416 0.44224924012158057 0.39686861810755614 0.39285714285714285 0.4016337644656229 0.3472644376899696 0.39686861810755614 0.3183890577507599
5 0.32471068754254595 0.2864741641337386 0.30837304288631723 0.3601823708206687 0.3073519400953029 0.40577507598784196 0.30428863172226006 0.44452887537993924 0.31892443839346496 0.45972644376899696 0.3356024506466984 0.4688449848024316 0.34513274336283184 0.45364741641337386 0.3502382573179033 0.4012158054711246 0.36385296119809396 0.35790273556231 0.36963921034717495 0.3123100303951368 0.3648740639891082 0.28799392097264437
6 0.2889720898570456 0.2773556231003039 0.28012253233492174 0.30319148936170215 0.2780803267528931 0.35790273556231 0.2607215793056501 0.40805471124620063 0.275357385976855 0.42933130699088146 0.29646017699115046 0.4551671732522796 0.30939414567733153 0.4399696048632219 0.3131381892443839 0.41641337386018235 0.3131381892443839 0.3662613981762918 0.31109598366235536 0.33358662613981765 0.31109598366235536 0.29027355623100304
8 0.5183798502382573 0.33358662613981765 0.5068073519400953 0.40805471124620063 0.5027229407760381 0.4574468085106383 0.5027229407760381 0.48404255319148937 0.5105513955071477 0.5121580547112462 0.5194009530292716 0.5159574468085106 0.5221238938053098 0.49240121580547114 0.5221238938053098 0.45972644376899696 0.5279101429543908 0.4270516717325228 0.5357385976855004 0.3791793313069909 0.5456092579986386 0.33358662613981765
9 0.5476514635806671 0.33814589665653494 0.5309734513274337 0.47720364741641336 0.5415248468345814 0.520516717325228 0.5503744043567053 0.5098784194528876 0.5561606535057863 0.47720364741641336 0.5592239618788292 0.39893617021276595 0.5650102110279102 0.33206686930091184
10 0.5755616065350578 0.3533434650455927 0.5612661674608578 0.43844984802431614 0.5602450646698435 0.5030395136778115 0.5707964601769911 0.520516717325228 0.5806671204901294 0.5030395136778115 0.5833900612661674 0.45972644376899696 0.5874744724302247 0.4209726443768997 0.5932607215793056 0.3731003039513678 0.5932607215793056 0.3427051671732523 0.5844111640571817 0.3100303951367781 0.5738597685500341 0.32978723404255317
11 0.5959836623553437 0.3472644376899696 0.5864533696392104 0.41185410334346506 0.585432266848196 0.4703647416413374 0.5891763104152484 0.5053191489361702 0.59428182437032 0.5296352583586627 0.602791014295439 0.5182370820668692 0.6048332198774676 0.47720364741641336 0.6048332198774676 0.4316109422492401 0.6126616746085772 0.36246200607902734 0.6157249829816202 0.3252279635258359 0.5980258679373723 0.3123100303951368
12 0.6164057181756297 0.33358662613981765 0.6058543226684819 0.3966565349544073 0.6058543226684819 0.4490881458966565 0.6058543226684819 0.479483282674772 0.6078965282505105 0.5007598784194529 0.6157249829816202 0.5121580547112462 0.623213070115725 0.5098784194528876 0.6293396868618107 0.48556231003039513 0.6283185840707964 0.41641337386018235 0.6283185840707964 0.3662613981762918 0.6293396868618107 0.33206686930091184
13 0.6398910823689585 0.3472644376899696 0.6378488767869299 0.4012158054711246 0.6300204220558203 0.4551671732522796 0.6283185840707964 0.4946808510638298 0.6388699795779442 0.5144376899696048 0.6504424778761062 0.5159574468085106 0.6603131381892444 0.5121580547112462 0.6650782845473111 0.4946808510638298 0.6633764465622872 0.43617021276595747 0.6633764465622872 0.3860182370820669 0.6660993873383254 0.3404255319148936 0.6613342409802587 0.3229483282674772
14 0.6885636487406399 0.34498480243161095 0.6807351940095303 0.3966565349544073 0.6718856364874064 0.4551671732522796 0.6729067392784207 0.48556231003039513 0.6817562968005446 0.5075987841945289 0.7042205582028591 0.4992401215805471 0.7127297481279782 0.4726443768996961 0.7011572498298162 0.4034954407294833 0.7042205582028591 0.3601823708206687 0.7069434989788972 0.3229483282674772 0.6875425459496256 0.31458966565349544
15 0.7137508509189925 0.3404255319148936 0.7120490129339687 0.3837386018237082 0.7110279101429544 0.4399696048632219 0.7127297481279782 0.4817629179331307 0.724642614023145 0.49240121580547114 0.7331518039482642 0.48556231003039513 0.7341729067392784 0.44680851063829785 0.7294077603812117 0.3966565349544073 0.7283866575901974 0.36246200607902734 0.730428863172226 0.3404255319148936 0.7157930565010211 0.3183890577507599
16 0.5006807351940096 0.5615501519756839 0.5105513955071477 0.6968085106382979 0.5183798502382573 0.7226443768996961 0.5279101429543908 0.6854103343465046 0.517358747447243 0.6117021276595744 0.5194009530292716 0.581306990881459 0.5194009530292716 0.5638297872340425
17 0.5251872021783526 0.5531914893617021 0.5231449965963241 0.6139817629179332 0.5262083049693669 0.6641337386018237 0.5262083049693669 0.702887537993921 0.5357385976855004 0.7332826747720365 0.5445881552076243 0.6968085106382979 0.537780803267529 0.64209726443769 0.537780803267529 0.5987841945288754 0.54356705241661 0.5706686930091185 0.54356705241661 0.5509118541033434
18 0.5513955071477196 0.5600303951367781 0.5408441116405718 0.5942249240121581 0.5408441116405718 0.6534954407294833 0.5483321987746766 0.6922492401215805 0.5534377127297482 0.7355623100303952 0.5582028590878149 0.7507598784194529 0.5687542545949625 0.7310030395136778 0.5680735194009531 0.668693009118541 0.5680735194009531 0.6117021276595744 0.5680735194009531 0.5752279635258358
19 0.5786249149081008 0.5531914893617021 0.5660313138189245 0.581306990881459 0.5639891082368959 0.6246200607902735 0.5738597685500341 0.6618541033434651 0.5755616065350578 0.6945288753799392 0.585432266848196 0.7424012158054711 0.59428182437032 0.6724924012158054 0.5891763104152484 0.6162613981762918 0.5891763104152484 0.581306990881459 0.591218515997277 0.5638297872340425
20 0.5980258679373723 0.5600303951367781 0.591218515997277 0.5927051671732523 0.591218515997277 0.6208206686930091 0.5953029271613343 0.6550151975683891 0.602791014295439 0.702887537993921 0.6068754254594962 0.7355623100303952 0.6095983662355344 0.7484802431610942 0.6164057181756297 0.6968085106382979 0.6116405718175629 0.6360182370820668 0.6116405718175629 0.5965045592705167 0.6136827773995915 0.5775075987841946
21 0.6225323349217154 0.5661094224924013 0.6136827773995915 0.5942249240121581 0.6126616746085772 0.6208206686930091 0.6215112321307011 0.6512158054711246 0.6262763784887678 0.7074468085106383 0.6300204220558203 0.7287234042553191 0.6436351259360109 0.7287234042553191 0.6514635806671205 0.7051671732522796 0.6623553437712729 0.6983282674772037 0.6660993873383254 0.6724924012158054 0.6603131381892444 0.6291793313069909 0.6545268890401634 0.5775075987841946 0.6545268890401634 0.5615501519756839 0.6409121851599727 0.5463525835866262
22 0.668141592920354 0.5509118541033434 0.6582709326072158 0.5600303951367781 0.6603131381892444 0.5927051671732523 0.6650782845473111 0.6246200607902735 0.6749489448604493 0.668693009118541 0.6875425459496256 0.6968085106382979 0.6923076923076923 0.709726443768997 0.7001361470388019 0.6983282674772037 0.7069434989788972 0.6793313069908815 0.7021783526208305 0.6208206686930091 0.6974132062627638 0.5790273556231003 0.6943498978897209 0.5463525835866262 0.6885636487406399 0.5250759878419453
23 0.691286589516678 0.5448328267477204 0.7079646017699115 0.5159574468085106 0.7157930565010211 0.5121580547112462 0.7263444520081688 0.5273556231003039 0.7331518039482642 0.5752279635258358 0.7430224642614023 0.6162613981762918 0.7460857726344452 0.64209726443769 0.7314499659632403 0.6443768996960486 0.7178352620830497 0.6117021276595744 0.7120490129339687 0.5752279635258358 0.7042205582028591 0.5531914893617021
24 0.4931926480599047 0.5615501519756839 0.4901293396868618 0.6185410334346505 0.48910823689584754 0.6641337386018237 0.48910823689584754 0.71580547112462 0.4931926480599047 0.7355623100303952 0.5074880871341049 0.7310030395136778 0.5095302927161334 0.648936170212766 0.5047651463580667 0.60790273556231 0.5037440435670524 0.5752279635258358 0.5037440435670524 0.5615501519756839
25 0.4697072838665759 0.5531914893617021 0.4639210347174949 0.5729483282674772 0.4618788291354663 0.6117021276595744 0.46596324029952346 0.6534954407294833 0.46596324029952346 0.7006079027355623 0.4676650782845473 0.743920972644377 0.4727705922396188 0.7591185410334347 0.4870660313138189 0.7249240121580547 0.4823008849557522 0.6816109422492401 0.4823008849557522 0.6382978723404256 0.4843430905377808 0.5752279635258358
26 0.4530292716133424 0.5706686930091185 0.4455411844792376 0.601063829787234 0.44349897889720896 0.6398176291793313 0.44452008168822327 0.6876899696048632 0.4455411844792376 0.7310030395136778 0.4530292716133424 0.7462006079027356 0.45813478556841386 0.6945288753799392 0.45813478556841386 0.6337386018237082 0.45983662355343774 0.5942249240121581 0.4628999319264806 0.5752279635258358
27 0.4268209666439755 0.5683890577507599 0.4183117767188564 0.5881458966565349 0.41524846834581347 0.6246200607902735 0.4121851599727706 0.6770516717325228 0.4121851599727706 0.7180851063829787 0.4278420694349898 0.743920972644377 0.4404356705241661 0.7287234042553191 0.4424778761061947 0.6702127659574468 0.4424778761061947 0.6268996960486323 0.4462219196732471 0.5706686930091185
28 0.4162695711368278 0.5486322188449848 0.4053778080326753 0.581306990881459 0.4016337644656229 0.6117021276595744 0.39210347174948945 0.6595744680851063 0.386997957794418 0.7120060790273556 0.39006126616746084 0.7355623100303952 0.4053778080326753 0.702887537993921 0.4121851599727706 0.6268996960486323 0.4240980258679374 0.5987841945288754 0.4326072157930565 0.5638297872340425
29 0.3801906058543227 0.5448328267477204 0.37066031313818926 0.5729483282674772 0.34921715452688906 0.6443768996960486 0.34615384615384615 0.6747720364741642 0.3580667120490129 0.6945288753799392 0.37746766507828455 0.7051671732522796 0.38427501701837985 0.6534954407294833 0.38427501701837985 0.6094224924012158 0.39788972089857044 0.581306990881459 0.40742001361470387 0.5554711246200608
30 0.34138869979577946 0.5053191489361702 0.33253914227365555 0.5357142857142857 0.31994554118447927 0.5775075987841946 0.30156569094622193 0.6208206686930091 0.298502382573179 0.6550151975683891 0.31790333560245065 0.6838905775075987 0.3366235534377127 0.6747720364741642 0.34513274336283184 0.6291793313069909 0.35296119809394144 0.5942249240121581 0.36181075561606535 0.5706686930091185 0.3665759019741321 0.5448328267477204
31 0.2957794417971409 0.4703647416413374 0.2743362831858407 0.5121580547112462 0.2586793737236215 0.540273556231003 0.2518720217835262 0.5752279635258358 0.2828454731109598 0.6117021276595744 0.31620149761742683 0.5486322188449848 0.32573179033356026 0.520516717325228 0.32573179033356026 0.5053191489361702 0.3277739959155888 0.48556231003039513 0.30939414567733153 0.47720364741641336