0 0.4899641577060932 0.3290273556231003 0.5014336917562724 0.5653495440729484 0.46953405017921146 0.5706686930091185 0.46559139784946235 0.5326747720364742 0.46881720430107526 0.47796352583586627 0.46021505376344085 0.32978723404255317 0.4906810035842294 0.31762917933130697
1 0.46200716845878137 0.32142857142857145 0.46702508960573474 0.506079027355623 0.46415770609318996 0.5668693009118541 0.44086021505376344 0.5615501519756839 0.44014336917562724 0.5379939209726444 0.43942652329749105 0.506079027355623 0.44157706093189963 0.33206686930091184
2 0.4304659498207885 0.3221884498480243 0.4376344086021505 0.49848024316109424 0.44157706093189963 0.5212765957446809 0.44193548387096776 0.5319148936170213 0.44121863799283156 0.5463525835866262 0.43799283154121865 0.5630699088145896 0.43333333333333335 0.5737082066869301 0.42616487455197133 0.5759878419452887 0.421505376344086 0.5767477203647416 0.4172043010752688 0.574468085106383 0.4121863799283154 0.5531914893617021 0.4100358422939068 0.5227963525835866 0.4157706093189964 0.4878419452887538 0.4096774193548387 0.3373860182370821
3 0.3931899641577061 0.3404255319148936 0.38924731182795697 0.5037993920972644 0.3835125448028674 0.5288753799392097 0.382078853046595 0.5395136778115501 0.38387096774193546 0.5531914893617021 0.3888888888888889 0.5683890577507599 0.3931899641577061 0.5752279635258358 0.4014336917562724 0.5752279635258358 0.4103942652329749 0.5668693009118541 0.4164874551971326 0.5585106382978723 0.4218637992831541 0.547112462006079 0.42329749103942654 0.5227963525835866 0.4164874551971326 0.49240121580547114 0.414336917562724 0.45896656534954405 0.414336917562724 0.33890577507598785
4 0.35734767025089603 0.3601823708206687 0.36164874551971327 0.5022796352583586 0.3587813620071685 0.5387537993920972 0.35842293906810035 0.5569908814589666 0.36236559139784946 0.5706686930091185 0.3695340501792115 0.5767477203647416 0.3774193548387097 0.5767477203647416 0.3842293906810036 0.5706686930091185 0.3896057347670251 0.5554711246200608 0.39390681003584227 0.547112462006079 0.3931899641577061 0.5288753799392097 0.3899641577060932 0.5030395136778115 0.3870967741935484 0.479483282674772 0.3827956989247312 0.3465045592705167 0.35842293906810035 0.34802431610942247
6 0.28888888888888886 0.3594224924012158 0.3060931899641577 0.46656534954407297 0.3050179211469534 0.5129179331306991 0.3086021505376344 0.5303951367781155 0.3154121863799283 0.5463525835866262 0.3254480286738351 0.5577507598784195 0.3372759856630824 0.560790273556231 0.34838709677419355 0.5531914893617021 0.35913978494623655 0.5357142857142857 0.36415770609319 0.5075987841945289 0.36200716845878134 0.48632218844984804 0.3480286738351254 0.42857142857142855 0.34086021505376346 0.38753799392097266 0.3347670250896057 0.34802431610942247 0.32974910394265233 0.32978723404255317 0.3139784946236559 0.33358662613981765 0.2989247311827957 0.3487841945288754
31 0.27813620071684586 0.5098784194528876 0.25806451612903225 0.5949848024316109 0.210752688172043 0.6800911854103343 0.24193548387096775 0.75 0.3086021505376344 0.6382978723404256 0.3258064516129032 0.6086626139817629 0.33154121863799285 0.5805471124620061 0.3333333333333333 0.5615501519756839 0.32688172043010755 0.5569908814589666 0.32150537634408605 0.5554711246200608 0.3139784946236559 0.5463525835866262 0.3068100358422939 0.5311550151975684 0.2838709677419355 0.5075987841945289
30 0.3301075268817204 0.5737082066869301 0.31899641577060933 0.5919452887537994 0.3132616487455197 0.6231003039513677 0.2670250896057348 0.8069908814589666 0.2985663082437276 0.8297872340425532 0.35734767025089603 0.6861702127659575 0.3709677419354839 0.6352583586626139 0.37311827956989246 0.6117021276595744 0.3655913978494624 0.5957446808510638 0.3594982078853047 0.5843465045592705 0.35017921146953407 0.5737082066869301 0.33978494623655914 0.5714285714285714
28 0.38924731182795697 0.5843465045592705 0.3813620071684588 0.60790273556231 0.38530465949820786 0.851063829787234 0.40860215053763443 0.8503039513677811 0.4161290322580645 0.6565349544072948 0.4218637992831541 0.6276595744680851 0.4236559139784946 0.6041033434650456 0.4218637992831541 0.5919452887537994 0.4182795698924731 0.5851063829787234 0.41326164874551974 0.5805471124620061 0.4078853046594982 0.5775075987841946 0.4021505376344086 0.5759878419452887 0.3931899641577061 0.574468085106383
27 0.41863799283154124 0.5828267477203647 0.4129032258064516 0.6041033434650456 0.4118279569892473 0.6367781155015197 0.4164874551971326 0.6808510638297872 0.4258064516129032 0.8647416413373861 0.45125448028673837 0.85790273556231 0.44050179211469537 0.6656534954407295 0.443010752688172 0.6185410334346505 0.44121863799283156 0.5987841945288754 0.43691756272401433 0.5889057750759878 0.4329749103942652 0.5835866261398176 0.43010752688172044 0.5790273556231003 0.4275985663082437 0.5767477203647416 0.4258064516129032 0.5767477203647416 0.4204301075268817 0.5767477203647416
26 0.44551971326164874 0.5782674772036475 0.43727598566308246 0.6056231003039514 0.43799283154121865 0.6367781155015197 0.45663082437275987 0.8708206686930091 0.48494623655913977 0.8548632218844985 0.46810035842293907 0.6641337386018237 0.46630824372759855 0.601823708206687 0.4659498207885305 0.5820668693009119 0.45878136200716846 0.5752279635258358 0.45232974910394264 0.5729483282674772
25 0.4738351254480287 0.5805471124620061 0.46881720430107526 0.5820668693009119 0.46702508960573474 0.5911854103343465 0.4666666666666667 0.601823708206687 0.478494623655914 0.8237082066869301 0.4924731182795699 0.824468085106383 0.4906810035842294 0.6458966565349544 0.4867383512544803 0.5797872340425532
17 0.5261648745519714 0.5790273556231003 0.5326164874551972 0.8427051671732523 0.5530465949820789 0.8351063829787234 0.546594982078853 0.6132218844984803 0.5448028673835126 0.5775075987841946
18 0.5505376344086022 0.574468085106383 0.5458781362007169 0.6025835866261399 0.5584229390681004 0.8594224924012158 0.5824372759856631 0.8503039513677811 0.5741935483870968 0.6876899696048632 0.5724014336917562 0.5767477203647416 0.5609318996415771 0.5721884498480243
19 0.5810035842293907 0.5729483282674772 0.5759856630824373 0.5949848024316109 0.5734767025089605 0.5957446808510638 0.571326164874552 0.601823708206687 0.5716845878136201 0.6147416413373861 0.5738351254480287 0.628419452887538 0.5831541218637993 0.8252279635258358 0.6 0.8237082066869301 0.5992831541218638 0.628419452887538 0.6 0.6139817629179332 0.6 0.601823708206687 0.5978494623655914 0.5911854103343465 0.5942652329749104 0.5805471124620061 0.589605734767025 0.5737082066869301
20 0.6021505376344086 0.567629179331307 0.5935483870967742 0.5835866261398176 0.592831541218638 0.5927051671732523 0.5935483870967742 0.601823708206687 0.5960573476702509 0.6124620060790273 0.5985663082437276 0.621580547112462 0.6010752688172043 0.628419452887538 0.6175627240143369 0.8183890577507599 0.6448028673835126 0.8016717325227963 0.6272401433691757 0.6329787234042553 0.6293906810035842 0.6071428571428571 0.6308243727598566 0.5896656534954408 0.6279569892473118 0.5752279635258358 0.6229390681003584 0.5653495440729484 0.613978494623656 0.5615501519756839 0.6075268817204301 0.5645896656534954
22 0.6512544802867384 0.5531914893617021 0.6469534050179212 0.5759878419452887 0.6415770609318996 0.5881458966565349 0.6394265232974911 0.6109422492401215 0.6480286738351254 0.6451367781155015 0.6992831541218638 0.7986322188449848 0.7419354838709677 0.7120060790273556 0.7 0.5942249240121581 0.685663082437276 0.547112462006079 0.6724014336917563 0.5364741641337386 0.6612903225806451 0.5433130699088146
8 0.49498207885304657 0.324468085106383 0.5010752688172043 0.5691489361702128 0.5272401433691756 0.5630699088145896 0.5326164874551972 0.5478723404255319 0.5297491039426523 0.4969604863221885 0.5229390681003584 0.324468085106383
9 0.5218637992831541 0.32142857142857145 0.5290322580645161 0.506079027355623 0.5333333333333333 0.5577507598784195 0.5534050179211469 0.5539513677811551 0.5541218637992832 0.5106382978723404 0.5480286738351254 0.32598784194528874
10 0.5498207885304659 0.32142857142857145 0.5530465949820789 0.5 0.5562724014336917 0.5425531914893617 0.5720430107526882 0.5554711246200608 0.5817204301075268 0.5372340425531915 0.5853046594982079 0.5197568389057751 0.5838709677419355 0.5015197568389058 0.5792114695340502 0.47796352583586627 0.5767025089605735 0.45896656534954405 0.5706093189964158 0.3191489361702128
11 0.5795698924731183 0.3290273556231003 0.5774193548387097 0.4764437689969605 0.5749103942652329 0.48936170212765956 0.5734767025089605 0.49772036474164133 0.5734767025089605 0.5075987841945289 0.5734767025089605 0.5220364741641338 0.5767025089605735 0.5334346504559271 0.5867383512544803 0.5478723404255319 0.5949820788530465 0.5509118541033434 0.6021505376344086 0.5501519756838906 0.6096774193548387 0.5334346504559271 0.6118279569892473 0.5212765957446809 0.6046594982078853 0.4513677811550152 0.6007168458781362 0.3221884498480243
12 0.607168458781362 0.3168693009118541 0.6086021505376344 0.4756838905775076 0.6057347670250897 0.48936170212765956 0.6050179211469534 0.49620060790273557 0.6060931899641577 0.5091185410334347 0.6078853046594982 0.5227963525835866 0.6121863799283154 0.5372340425531915 0.6197132616487455 0.5448328267477204 0.6301075268817204 0.5433130699088146 0.639068100358423 0.5372340425531915 0.6433691756272402 0.5197568389057751 0.6408602150537634 0.48936170212765956 0.6383512544802867 0.4452887537993921 0.6304659498207885 0.30319148936170215 0.6082437275985663 0.3047112462006079
14 0.6652329749103942 0.31382978723404253 0.6505376344086021 0.5243161094224924 0.668100358422939 0.5448328267477204 0.6974910394265234 0.5372340425531915 0.7039426523297491 0.49240121580547114 0.7028673835125449 0.42249240121580545 0.7053763440860215 0.303951367781155 0.6652329749103942 0.3009118541033435