0 0.4842477876106195 0.4316109422492401 0.4824778761061947 0.4756838905775076 0.47469026548672566 0.5326747720364742 0.4725663716814159 0.5683890577507599 0.47929203539823007 0.5790273556231003 0.49911504424778763 0.5835866261398176 0.5051327433628319 0.5600303951367781 0.5030088495575221 0.5243161094224924 0.49805309734513276 0.4734042553191489 0.5069026548672566 0.4148936170212766 0.5079646017699115 0.3829787234042553 0.4842477876106195 0.378419452887538 0.4824778761061947 0.40805471124620063
1 0.4615929203539823 0.40805471124620063 0.4569911504424779 0.4696048632218845 0.4527433628318584 0.5098784194528876 0.4499115044247788 0.5395136778115501 0.4527433628318584 0.5683890577507599 0.4626548672566372 0.5835866261398176 0.4725663716814159 0.5478723404255319 0.4725663716814159 0.5288753799392097 0.4725663716814159 0.4992401215805471 0.4725663716814159 0.46504559270516715 0.47469026548672566 0.4338905775075988 0.4785840707964602 0.41641337386018235
2 0.4304424778761062 0.39969604863221886 0.4283185840707965 0.446048632218845 0.42442477876106194 0.4886018237082067 0.4194690265486726 0.5478723404255319 0.42053097345132745 0.5668693009118541 0.4304424778761062 0.5775075987841946 0.4410619469026549 0.5752279635258358 0.45486725663716815 0.5455927051671733 0.45486725663716815 0.4969604863221885 0.45486725663716815 0.45440729483282677 0.45486725663716815 0.425531914893617 0.4527433628318584 0.3958966565349544
3 0.41345132743362834 0.4126139817629179 0.4056637168141593 0.44224924012158057 0.4046017699115044 0.48404255319148937 0.40283185840707963 0.5113981762917933 0.39964601769911506 0.5243161094224924 0.3968141592920354 0.5478723404255319 0.39964601769911506 0.5790273556231003 0.41168141592920354 0.5706686930091185 0.4194690265486726 0.5585106382978723 0.4272566371681416 0.5493920972644377 0.4343362831858407 0.5372340425531915 0.4343362831858407 0.5075987841945289 0.4343362831858407 0.4612462006079027 0.4343362831858407 0.4316109422492401 0.42619469026548673 0.39969604863221886
4 0.38902654867256636 0.41033434650455924 0.3869026548672566 0.45288753799392095 0.37734513274336284 0.5075987841945289 0.3713274336283186 0.5303951367781155 0.37805309734513276 0.5600303951367781 0.38194690265486725 0.5896656534954408 0.39893805309734515 0.587386018237082 0.4056637168141593 0.5478723404255319 0.4084955752212389 0.5182370820668692 0.4046017699115044 0.4825227963525836 0.4038938053097345 0.4506079027355623 0.40778761061946905 0.42933130699088146 0.40778761061946905 0.3958966565349544
5 0.3486725663716814 0.40425531914893614 0.34371681415929206 0.4612462006079027 0.34584070796460176 0.5113981762917933 0.3447787610619469 0.5493920972644377 0.3497345132743363 0.5858662613981763 0.36743362831858406 0.5775075987841946 0.37734513274336284 0.5706686930091185 0.3851327433628319 0.5562310030395137 0.3879646017699115 0.5015197568389058 0.37805309734513276 0.45896656534954405 0.37309734513274334 0.4316109422492401 0.36743362831858406 0.40805471124620063 0.35646017699115046 0.3890577507598784
6 0.3192920353982301 0.4209726443768997 0.3143362831858407 0.4338905775075988 0.3093805309734513 0.45440729483282677 0.3072566371681416 0.4908814589665654 0.3083185840707965 0.526595744680851 0.3072566371681416 0.5562310030395137 0.3083185840707965 0.5729483282674772 0.31716814159292034 0.5790273556231003 0.328141592920354 0.5790273556231003 0.34371681415929206 0.5919452887537994 0.34584070796460176 0.5706686930091185 0.3465486725663717 0.5455927051671733 0.34584070796460176 0.520516717325228 0.3408849557522124 0.4946808510638298 0.33699115044247785 0.45440729483282677 0.33699115044247785 0.42933130699088146 0.33699115044247785 0.4148936170212766
7 0.3054867256637168 0.41641337386018235 0.29345132743362834 0.44224924012158057 0.28176991150442476 0.4756838905775076 0.2729203539823009 0.5113981762917933 0.2750442477876106 0.5395136778115501 0.28283185840707964 0.5600303951367781 0.29168141592920355 0.5645896656534954 0.2994690265486726 0.5623100303951368 0.3065486725663717 0.5493920972644377 0.3111504424778761 0.5288753799392097 0.312212389380531 0.48632218844984804 0.31327433628318585 0.44452887537993924 0.31716814159292034 0.425531914893617 0.31610619469026546 0.4065349544072948
8 0.5189380530973451 0.41641337386018235 0.5129203539823008 0.4376899696048632 0.5100884955752213 0.47796352583586627 0.5100884955752213 0.5113981762917933 0.5079646017699115 0.5349544072948328 0.5069026548672566 0.5645896656534954 0.5139823008849558 0.5752279635258358 0.5235398230088496 0.5790273556231003 0.5295575221238938 0.5790273556231003 0.5355752212389381 0.5683890577507599 0.5366371681415929 0.541033434650456 0.5334513274336283 0.5053191489361702 0.5334513274336283 0.4734042553191489 0.5334513274336283 0.446048632218845 0.5373451327433628 0.418693009118541
9 0.5423008849557522 0.41641337386018235 0.5405309734513274 0.46504559270516715 0.5384070796460177 0.5030395136778115 0.5384070796460177 0.5288753799392097 0.5373451327433628 0.5623100303951368 0.5461946902654867 0.5752279635258358 0.5561061946902655 0.5668693009118541 0.5589380530973451 0.5326747720364742 0.5561061946902655 0.4969604863221885 0.5561061946902655 0.47188449848024316 0.5561061946902655 0.45440729483282677 0.5532743362831858 0.4126139817629179
10 0.567787610619469 0.4316109422492401 0.5589380530973451 0.49240121580547114 0.5638938053097345 0.513677811550152 0.5638938053097345 0.5433130699088146 0.5631858407079646 0.5706686930091185 0.5738053097345133 0.5858662613981763 0.5936283185840708 0.5623100303951368 0.5865486725663717 0.526595744680851 0.5826548672566372 0.49240121580547114 0.5826548672566372 0.4376899696048632 0.5826548672566372 0.42325227963525835 0.5738053097345133 0.39361702127659576 0.5638938053097345 0.40805471124620063
11 0.5876106194690266 0.40197568389057753 0.5854867256637168 0.4399696048632219 0.5826548672566372 0.4756838905775076 0.5798230088495575 0.4992401215805471 0.5776991150442478 0.520516717325228 0.575929203539823 0.5539513677811551 0.5876106194690266 0.5790273556231003 0.6042477876106195 0.581306990881459 0.608141592920354 0.5493920972644377 0.6063716814159292 0.5098784194528876 0.6053097345132743 0.47796352583586627 0.6053097345132743 0.4209726443768997 0.6053097345132743 0.4065349544072948
12 0.616283185840708 0.418693009118541 0.6031858407079645 0.4886018237082067 0.600353982300885 0.5372340425531915 0.600353982300885 0.5645896656534954 0.6130973451327434 0.5835866261398176 0.6208849557522124 0.5835866261398176 0.6307964601769912 0.5243161094224924 0.6297345132743363 0.4734042553191489 0.6346902654867257 0.41641337386018235
13 0.6385840707964602 0.4316109422492401 0.6329203539823008 0.4612462006079027 0.6258407079646018 0.4992401215805471 0.624070796460177 0.5326747720364742 0.6208849557522124 0.5562310030395137 0.6208849557522124 0.5980243161094225 0.6307964601769912 0.6063829787234043 0.6435398230088496 0.6063829787234043 0.6545132743362831 0.621580547112462 0.6605309734513274 0.581306990881459 0.6605309734513274 0.5478723404255319 0.6545132743362831 0.4946808510638298 0.656283185840708 0.45440729483282677 0.6573451327433628 0.418693009118541
14 0.6761061946902654 0.418693009118541 0.6700884955752212 0.4635258358662614 0.663362831858407 0.5182370820668692 0.6594690265486726 0.5493920972644377 0.6612389380530973 0.587386018237082 0.6739823008849557 0.5980243161094225 0.6899115044247788 0.587386018237082 0.6909734513274336 0.5623100303951368 0.6909734513274336 0.5159574468085106 0.6927433628318584 0.4635258358662614 0.7026548672566372 0.42325227963525835
15 0.7047787610619469 0.425531914893617 0.7047787610619469 0.44452887537993924 0.6987610619469027 0.4825227963525836 0.6938053097345133 0.5113981762917933 0.6938053097345133 0.5585106382978723 0.7047787610619469 0.5668693009118541 0.7153982300884956 0.5683890577507599 0.7242477876106195 0.5243161094224924 0.7270796460176991 0.4946808510638298 0.7224778761061947 0.44452887537993924 0.7231858407079647 0.40805471124620063
16 0.4913274336283186 0.6048632218844985 0.4913274336283186 0.6276595744680851 0.48920353982300885 0.6740121580547113 0.488141592920354 0.7142857142857143 0.5012389380530974 0.7203647416413373 0.5051327433628319 0.6869300911854104 0.5058407079646018 0.6405775075987842 0.511858407079646 0.6109422492401215
17 0.519646017699115 0.6253799392097265 0.5129203539823008 0.6443768996960486 0.5069026548672566 0.7104863221884499 0.5107964601769911 0.7712765957446809 0.5189380530973451 0.78419452887538 0.5246017699115044 0.7013677811550152 0.527787610619469 0.6740121580547113 0.5345132743362832 0.5919452887537994 0.5217699115044248 0.6003039513677811
18 0.5306194690265487 0.5896656534954408 0.5306194690265487 0.621580547112462 0.5306194690265487 0.7013677811550152 0.5295575221238938 0.7378419452887538 0.5316814159292036 0.7629179331306991 0.5373451327433628 0.7689969604863222 0.544424778761062 0.7689969604863222 0.5483185840707965 0.7272036474164134 0.5500884955752212 0.689209726443769 0.5543362831858407 0.6443768996960486 0.5589380530973451 0.6170212765957447 0.5412389380530973 0.5980243161094225
19 0.5621238938053097 0.6170212765957447 0.5511504424778761 0.6952887537993921 0.5493805309734513 0.7332826747720365 0.5532743362831858 0.7651975683890577 0.56 0.7819148936170213 0.5670796460176991 0.7583586626139818 0.5699115044247788 0.6952887537993921 0.5738053097345133 0.6740121580547113 0.5798230088495575 0.648936170212766 0.5798230088495575 0.6276595744680851 0.5776991150442478 0.6109422492401215 0.5543362831858407 0.6048632218844985
20 0.5915044247787611 0.621580547112462 0.5826548672566372 0.648936170212766 0.5815929203539822 0.682370820668693 0.5865486725663717 0.7629179331306991 0.5915044247787611 0.790273556231003 0.5985840707964601 0.8069908814589666 0.6053097345132743 0.790273556231003 0.6102654867256637 0.756838905775076 0.6024778761061947 0.7142857142857143 0.6053097345132743 0.682370820668693 0.6102654867256637 0.6360182370820668
22 0.6428318584070797 0.6466565349544073 0.6307964601769912 0.6618541033434651 0.6297345132743363 0.6846504559270516 0.6407079646017699 0.7013677811550152 0.6584070796460177 0.7378419452887538 0.6732743362831859 0.7583586626139818 0.6927433628318584 0.7925531914893617 0.7015929203539824 0.7948328267477204 0.7047787610619469 0.7583586626139818 0.6927433628318584 0.7036474164133738 0.6739823008849557 0.6679331306990881 0.6683185840707965 0.6512158054711246 0.664424778761062 0.6253799392097265 0.6484955752212389 0.6299392097264438
23 0.6700884955752212 0.621580547112462 0.6789380530973451 0.6109422492401215 0.6888495575221238 0.6048632218844985 0.6966371681415929 0.6025835866261399 0.7104424778761061 0.6155015197568389 0.7302654867256637 0.6572948328267477 0.735929203539823 0.6762917933130699 0.7313274336283185 0.6975683890577508 0.7143362831858407 0.7249240121580547 0.6870796460176991 0.6785714285714286 0.6739823008849557 0.6572948328267477
24 0.4753982300884956 0.6063829787234043 0.4704424778761062 0.6428571428571429 0.4715044247787611 0.6618541033434651 0.46761061946902654 0.6869300911854104 0.4697345132743363 0.729483282674772 0.47469026548672566 0.75 0.47929203539823007 0.7355623100303952 0.48353982300884957 0.6998480243161094 0.48743362831858406 0.6679331306990881 0.49309734513274334 0.6086626139817629
25 0.4520353982300885 0.6155015197568389 0.4520353982300885 0.6299392097264438 0.4499115044247788 0.6914893617021277 0.4488495575221239 0.7332826747720365 0.4538053097345133 0.7864741641337386 0.4608849557522124 0.790273556231003 0.4626548672566372 0.7462006079027356 0.46654867256637167 0.7036474164133738 0.4725663716814159 0.6679331306990881 0.4753982300884956 0.6382978723404256 0.4753982300884956 0.6170212765957447 0.46371681415929206 0.6086626139817629
26 0.44212389380530975 0.6048632218844985 0.4304424778761062 0.6155015197568389 0.4283185840707965 0.6382978723404256 0.42336283185840706 0.6595744680851063 0.4223008849557522 0.6869300911854104 0.4223008849557522 0.7082066869300911 0.4223008849557522 0.7355623100303952 0.4272566371681416 0.7689969604863222 0.43327433628318585 0.7758358662613982 0.4392920353982301 0.7355623100303952 0.44212389380530975 0.6846504559270516
27 0.4166371681415929 0.6155015197568389 0.4067256637168142 0.6344984802431611 0.4046017699115044 0.6633738601823708 0.39964601769911506 0.7188449848024316 0.39893805309734515 0.7651975683890577 0.39964601769911506 0.7925531914893617 0.4194690265486726 0.7925531914893617 0.4215929203539823 0.7393617021276596 0.4254867256637168 0.682370820668693 0.4311504424778761 0.6405775075987842 0.4293805309734513 0.6193009118541033
28 0.37911504424778764 0.621580547112462 0.37734513274336284 0.6656534954407295 0.3830088495575221 0.7165653495440729 0.3830088495575221 0.7545592705167173 0.384070796460177 0.7879939209726444 0.3929203539823009 0.7879939209726444 0.3950442477876106 0.7583586626139818 0.40283185840707963 0.6618541033434651 0.4084955752212389 0.621580547112462 0.4067256637168142 0.6003039513677811
29 0.35469026548672566 0.6132218844984803 0.34584070796460176 0.6512158054711246 0.34584070796460176 0.6656534954407295 0.3447787610619469 0.7142857142857143 0.33592920353982303 0.75 0.33699115044247785 0.7674772036474165 0.35964601769911503 0.7819148936170213 0.3713274336283186 0.7606382978723404 0.3752212389380531 0.7036474164133738 0.38902654867256636 0.6405775075987842 0.3939823008849557 0.6193009118541033
30 0.3231858407079646 0.6025835866261399 0.3072566371681416 0.6193009118541033 0.3072566371681416 0.6572948328267477 0.3072566371681416 0.6930091185410334 0.2966371681415929 0.7393617021276596 0.3054867256637168 0.7712765957446809 0.32212389380530976 0.7522796352583586 0.33592920353982303 0.7059270516717325 0.34371681415929206 0.6656534954407295 0.3525663716814159 0.6253799392097265 0.3398230088495575 0.6063829787234043
31 0.287787610619469 0.5858662613981763 0.27008849557522124 0.587386018237082 0.26300884955752213 0.6193009118541033 0.2541592920353982 0.6846504559270516 0.264070796460177 0.7165653495440729 0.287787610619469 0.682370820668693 0.3015929203539823 0.6595744680851063 0.31327433628318585 0.6193009118541033 0.3065486725663717 0.5980243161094225