0 0.5087473757872638 0.5037993920972644 0.5118964310706788 0.5501519756838906 0.5115465360391882 0.5752279635258358 0.5059482155353394 0.5820668693009119 0.4902029391182645 0.574468085106383 0.48635409377186845 0.5554711246200608 0.48845346396081174 0.4817629179331307 0.4912526242127362 0.3723404255319149 0.4902029391182645 0.31990881458966564 0.49720083974807555 0.29407294832826747 0.5083974807557733 0.3221884498480243
1 0.4723582925122463 0.5197568389057751 0.4723582925122463 0.5509118541033434 0.47760671798460463 0.5752279635258358 0.489853044086774 0.5668693009118541 0.4933519944016795 0.506079027355623 0.4933519944016795 0.4148936170212766 0.49545136459062283 0.38753799392097266 0.4982505248425472 0.3465045592705167 0.4909027291812456 0.33890577507598785 0.47900629811056683 0.3655015197568389 0.473407977606718 0.4582066869300912
2 0.4541637508747376 0.506079027355623 0.4534639608117565 0.5326747720364742 0.45836249125262424 0.5790273556231003 0.4737578726382085 0.5683890577507599 0.4821553533939818 0.5174772036474165 0.47900629811056683 0.4696048632218845 0.47795661301609516 0.3768996960486322 0.47795661301609516 0.3518237082066869 0.4755073477956613 0.31534954407294835 0.4657102869139258 0.31534954407294835 0.45941217634709586 0.36246200607902734 0.4524142757172848 0.4908814589665654
3 0.4377186843946816 0.5220364741641338 0.4366689993002099 0.5600303951367781 0.4429671098670399 0.5767477203647416 0.4524142757172848 0.5668693009118541 0.4622113365990203 0.5767477203647416 0.4695591322603219 0.5524316109422492 0.4695591322603219 0.48404255319148937 0.46641007697690695 0.4148936170212766 0.4653603918824353 0.3829787234042553 0.4625612316305108 0.3487841945288754 0.456962911126662 0.3290273556231003 0.4429671098670399 0.3677811550151976 0.43876836948915326 0.4749240121580547
6 0.35864240727781665 0.4726443768996961 0.3561931420573828 0.5189969604863222 0.36668999300209937 0.5478723404255319 0.3922323303009097 0.5524316109422492 0.3988803358992302 0.5197568389057751 0.40097970608817357 0.4992401215805471 0.3988803358992302 0.44984802431610943 0.39433170048985305 0.3890577507598784 0.3932820153953814 0.35790273556231 0.3894331700489853 0.33206686930091184 0.3726382085374388 0.34422492401215804 0.35934219734079775 0.35106382978723405 0.3551434569629111 0.3609422492401216 0.34919524142757175 0.3829787234042553 0.3540937718684395 0.4247720364741641
7 0.3337998600419874 0.46808510638297873 0.33170048985304407 0.5030395136778115 0.33869839048285516 0.5258358662613982 0.3523442967109867 0.5326747720364742 0.36039188243526943 0.5083586626139818 0.3635409377186844 0.4566869300911854 0.363890832750175 0.42249240121580545 0.3624912526242127 0.3738601823708207 0.363890832750175 0.3472644376899696 0.3614415675297411 0.33358662613981765 0.35199440167949614 0.32674772036474165 0.3463960811756473 0.3487841945288754 0.3365990202939118 0.41641337386018235
8 0.5104968509447166 0.5197568389057751 0.5097970608817355 0.5623100303951368 0.5129461161651504 0.5767477203647416 0.5272918124562631 0.5767477203647416 0.5363890832750174 0.5661094224924013 0.5363890832750174 0.526595744680851 0.5300909727081875 0.44072948328267475 0.5279916025192443 0.35106382978723405 0.5279916025192443 0.3130699088145897 0.523442967109867 0.2933130699088146 0.5136459062281316 0.310790273556231 0.5108467459762072 0.35790273556231
9 0.5346396081175647 0.5121580547112462 0.5342897130860742 0.5592705167173252 0.5388383484954513 0.5645896656534954 0.5507347795661302 0.5623100303951368 0.5552834149755074 0.5387537993920972 0.5517844646606018 0.49012158054711247 0.5486354093771868 0.40501519756838905 0.5486354093771868 0.3541033434650456 0.5507347795661302 0.31762917933130697 0.5507347795661302 0.29559270516717323 0.5353393981805459 0.29635258358662614 0.5283414975507348 0.33206686930091184 0.5269419174247726 0.4209726443768997 0.5283414975507348 0.46808510638297873
10 0.5458362491252624 0.4969604863221885 0.5447865640307907 0.5235562310030395 0.553184044786564 0.5455927051671733 0.5640307907627712 0.5835866261398176 0.5703289013296011 0.5592705167173252 0.5745276417074877 0.49240121580547114 0.5706787963610916 0.4034954407294833 0.5706787963610916 0.3609422492401216 0.56962911126662 0.31762917933130697 0.5654303708887334 0.2887537993920973 0.5559832050384884 0.2978723404255319 0.5538838348495452 0.33814589665653494 0.5468859342197341 0.4027355623100304 0.5458362491252624 0.46048632218844987
11 0.5724282715185445 0.49848024316109424 0.5703289013296011 0.5243161094224924 0.572778166550035 0.5615501519756839 0.5850244926522044 0.5729483282674772 0.593072078376487 0.5509118541033434 0.593072078376487 0.5220364741641338 0.5899230230930721 0.4787234042553192 0.5899230230930721 0.43237082066869303 0.5899230230930721 0.3966565349544073 0.5913226032190343 0.36246200607902734 0.5913226032190343 0.33358662613981765 0.5948215535339398 0.31762917933130697 0.596221133659902 0.29407294832826747 0.5920223932820154 0.2826747720364742 0.5808257522743177 0.28495440729483285 0.5766270118964311 0.30243161094224924 0.5738278516445067 0.33206686930091184 0.5717284814555633 0.43617021276595747
13 0.5920223932820154 0.5030395136778115 0.5899230230930721 0.5478723404255319 0.596221133659902 0.5668693009118541 0.612666200139958 0.5661094224924013 0.629111266620014 0.5569908814589666 0.6308607417774668 0.5372340425531915 0.629111266620014 0.4969604863221885 0.6273617914625612 0.4430091185410334 0.6312106368089573 0.3943768996960486 0.6312106368089573 0.3655015197568389 0.6263121063680895 0.3343465045592705 0.6186144156752974 0.31990881458966564 0.6074177746675997 0.3252279635258359 0.599370188943317 0.34194528875379937 0.596221133659902 0.3738601823708207 0.596221133659902 0.4278115501519757
31 0.3285514345696291 0.5159574468085106 0.32085374387683696 0.5220364741641338 0.311406578026592 0.5721884498480243 0.28691392582225334 0.6155015197568389 0.27046885934219733 0.6458966565349544 0.27641707487753675 0.6952887537993921 0.30615815255423373 0.7013677811550152 0.33135059482155355 0.6664133738601824 0.34849545136459065 0.6208206686930091 0.3645906228131561 0.5721884498480243 0.3645906228131561 0.5448328267477204 0.34989503149055284 0.5364741641337386 0.33484954513645904 0.5212765957446809
30 0.3747375787263821 0.5493920972644377 0.3656403079076277 0.5455927051671733 0.35654303708887336 0.5547112462006079 0.35199440167949614 0.5706686930091185 0.3470958712386284 0.6033434650455927 0.3397480755773268 0.6382978723404256 0.3282015395381386 0.6846504559270516 0.32085374387683696 0.7462006079027356 0.3383484954513646 0.7644376899696048 0.3551434569629111 0.7416413373860182 0.38383484954513647 0.6740121580547113 0.4002799160251924 0.6276595744680851 0.4090272918124563 0.5919452887537994 0.40692792162351293 0.5714285714285714 0.39293212036389086 0.5592705167173252
29 0.4072778166550035 0.5623100303951368 0.39713086074177745 0.5623100303951368 0.39293212036389086 0.5889057750759878 0.38733379986004196 0.6413373860182371 0.3747375787263821 0.7127659574468085 0.3645906228131561 0.7583586626139818 0.35969209237228833 0.7811550151975684 0.3736878936319104 0.8031914893617021 0.38908327501749473 0.8077507598784195 0.4013296011196641 0.7933130699088146 0.42232330300909726 0.7188449848024316 0.43806857942617217 0.6557750759878419 0.4461161651504549 0.6086626139817629 0.446815955213436 0.5797872340425532 0.44156752974107766 0.5714285714285714 0.42932120363890836 0.5653495440729484 0.41357592722183345 0.560790273556231
28 0.43806857942617217 0.5706686930091185 0.4310706787963611 0.5904255319148937 0.42407277816655004 0.6223404255319149 0.42162351294611616 0.7165653495440729 0.4132260321903429 0.7796352583586627 0.40692792162351293 0.8047112462006079 0.40622813156053184 0.8214285714285714 0.41427571728481455 0.8389057750759878 0.43072078376487055 0.8069908814589666 0.4531140657802659 0.6990881458966566 0.46116165150454863 0.6337386018237082 0.4643107067879636 0.601823708206687 0.4615115465360392 0.5797872340425532 0.4531140657802659 0.5767477203647416 0.44226731980405876 0.5699088145896657
27 0.4646606018194542 0.5782674772036475 0.4608117564730581 0.5767477203647416 0.45661301609517146 0.5737082066869301 0.4510146955913226 0.5995440729483282 0.4464660601819454 0.6405775075987842 0.446815955213436 0.7370820668693009 0.446815955213436 0.8191489361702128 0.44926522043386985 0.8427051671732523 0.4667599720083975 0.8275075987841946 0.4737578726382085 0.6907294832826748 0.47585724282715186 0.6322188449848024 0.47760671798460463 0.6063829787234043 0.4737578726382085 0.5904255319148937
26 0.47970608817354793 0.5752279635258358 0.4713086074177747 0.5790273556231003 0.46815955213435967 0.6155015197568389 0.4657102869139258 0.6740121580547113 0.4688593421973408 0.7735562310030395 0.46710986703988805 0.8183890577507599 0.47830650804758573 0.8328267477203647 0.48530440867739677 0.8001519756838906 0.4881035689293212 0.7249240121580547 0.4888033589923023 0.6352583586626139 0.48915325402379284 0.5980243161094225
24 0.5097970608817355 0.5775075987841946 0.5034989503149055 0.5767477203647416 0.5006997900629812 0.5980243161094225 0.4986004198740378 0.6367781155015197 0.5003498950314905 0.736322188449848 0.5073477956613016 0.7978723404255319 0.5167949615115466 0.7879939209726444 0.5171448565430371 0.7066869300911854 0.5157452764170749 0.6101823708206687 0.5157452764170749 0.5851063829787234
25 0.4989503149055283 0.5767477203647416 0.4881035689293212 0.5714285714285714 0.48565430370888735 0.5782674772036475 0.48600419874037787 0.6101823708206687 0.4874037788663401 0.7287234042553191 0.48845346396081174 0.7454407294832827 0.4947515745276417 0.7492401215805471 0.5006997900629812 0.7393617021276596 0.4993002099370189 0.6838905775075987 0.5017494751574527 0.6147416413373861 0.5041987403778866 0.5828267477203647
16 0.5223932820153954 0.5767477203647416 0.5136459062281316 0.5759878419452887 0.5143456962911127 0.6162613981762918 0.5139958012596221 0.729483282674772 0.5160951714485654 0.756079027355623 0.5185444366689993 0.7758358662613982 0.5192442267319805 0.78419452887538 0.5258922323303009 0.7887537993920972 0.529741077676697 0.7667173252279635 0.529741077676697 0.6808510638297872 0.529741077676697 0.6193009118541033 0.5304408677396781 0.5820668693009119 0.5272918124562631 0.5752279635258358
17 0.5314905528341498 0.5767477203647416 0.5286913925822253 0.5820668693009119 0.5307907627711687 0.628419452887538 0.529741077676697 0.7188449848024316 0.5342897130860742 0.7773556231003039 0.5370888733379986 0.8077507598784195 0.5472358292512246 0.8115501519756839 0.5517844646606018 0.7925531914893617 0.5517844646606018 0.7150455927051672 0.5465360391882436 0.6162613981762918 0.5468859342197341 0.587386018237082 0.5412876137158852 0.5790273556231003
18 0.5542337298810357 0.5699088145896657 0.5475857242827152 0.5729483282674772 0.5458362491252624 0.5889057750759878 0.5472358292512246 0.6504559270516718 0.5528341497550735 0.7401215805471124 0.5584324702589223 0.797112462006079 0.5622813156053184 0.8183890577507599 0.5720783764870538 0.8191489361702128 0.5745276417074877 0.8016717325227963 0.5731280615815255 0.7386018237082067 0.5671798460461861 0.6428571428571429 0.566480055983205 0.5972644376899696 0.5601819454163751 0.5828267477203647
19 0.5773268019594122 0.5752279635258358 0.5689293212036389 0.5828267477203647 0.5650804758572429 0.5934650455927052 0.5661301609517145 0.6504559270516718 0.5720783764870538 0.7462006079027356 0.5745276417074877 0.7887537993920972 0.5811756473058083 0.8130699088145896 0.5906228131560531 0.8016717325227963 0.5874737578726382 0.7454407294832827 0.5871238628411477 0.6610942249240122 0.5906228131560531 0.6109422492401215 0.5909727081875438 0.5927051671732523 0.5857242827151854 0.5782674772036475
22 0.6287613715885234 0.5623100303951368 0.6217634709587124 0.5797872340425532 0.629111266620014 0.6200607902735562 0.642407277816655 0.6740121580547113 0.6616515045486354 0.7355623100303952 0.6777466759972008 0.7750759878419453 0.6994401679496152 0.7720364741641338 0.7032890132960112 0.7416413373860182 0.6980405878236529 0.6998480243161094 0.6801959412176347 0.6466565349544073 0.672148355493352 0.6056231003039514 0.6644506648005598 0.5683890577507599 0.6585024492652204 0.5501519756838906 0.6515045486354094 0.5440729483282675 0.6389083275017495 0.5509118541033434
23 0.6606018194541637 0.5440729483282675 0.6564030790762772 0.5577507598784195 0.6571028691392582 0.5737082066869301 0.6731980405878236 0.6101823708206687 0.7036389083275018 0.6732522796352584 0.7197340797760672 0.6899696048632219 0.7344296710986704 0.6899696048632219 0.738628411476557 0.6618541033434651 0.7347795661301609 0.6291793313069909 0.7134359692092372 0.5691489361702128 0.6959412176347096 0.5273556231003039 0.6871938418474458 0.5121580547112462 0.6770468859342197 0.5174772036474165 0.6627011896431071 0.5372340425531915
14 0.629111266620014 0.4908814589665654 0.6298110566829951 0.5357142857142857 0.635409377186844 0.5486322188449848 0.6522043386983905 0.5448328267477204 0.6630510846745976 0.5288753799392097 0.6641007697690693 0.49240121580547114 0.6641007697690693 0.45288753799392095 0.6703988803358992 0.40501519756838905 0.6731980405878236 0.3655015197568389 0.6686494051784465 0.3366261398176292 0.6592022393282015 0.3221884498480243 0.6473058082575227 0.33282674772036475 0.6396081175647306 0.3541033434650456 0.6326102169349195 0.4278115501519757 0.6287613715885234 0.4642857142857143