0 0.4746559248069822 0.5281155015197568 0.500503524672709 0.5364741641337386 0.5011748909029876 0.48632218844984804 0.49882510909701244 0.25151975683890576 0.4827123195703256 0.2454407294832827 0.4796911715340718 0.3844984802431611 0.4783484390735146 0.46048632218844987 0.4759986572675394 0.5022796352583586
1 0.45686471970459885 0.5091185410334347 0.4618999664316885 0.5189969604863222 0.47264182611614636 0.5220364741641338 0.47767707284323596 0.4703647416413374 0.4827123195703256 0.3601823708206687 0.48405505203088284 0.2439209726443769 0.4618999664316885 0.2439209726443769 0.4655924806982209 0.3427051671732523 0.46055723397113124 0.4247720364741641 0.45820745216515607 0.4810030395136778
2 0.4427660288687479 0.5235562310030395 0.4367237327962403 0.48936170212765956 0.44041624706277277 0.41033434650455924 0.44813695871097686 0.21504559270516718 0.4652567975830816 0.21808510638297873 0.46458543135280295 0.3472644376899696 0.46324269889224573 0.446048632218845 0.46324269889224573 0.47188449848024316 0.4561933534743202 0.5037993920972644
3 0.4196038939241356 0.48328267477203646 0.427660288687479 0.5235562310030395 0.43336690164484726 0.5022796352583586 0.4474655924806982 0.5106382978723404 0.45317220543806647 0.47188449848024316 0.45182947297750925 0.38145896656534956 0.44813695871097686 0.21656534954407294 0.43336690164484726 0.21808510638297873 0.42463914065122527 0.3472644376899696 0.4226250419603894 0.42325227963525835
4 0.4061765693185633 0.4992401215805471 0.4034911043974488 0.4703647416413374 0.4075193017791205 0.371580547112462 0.4041624706277274 0.20516717325227962 0.42061094326955356 0.20516717325227962 0.42833165491775765 0.324468085106383 0.4340382678751259 0.42021276595744683 0.43605236656596175 0.45896656534954405 0.43202416918429004 0.5037993920972644 0.42061094326955356 0.49772036474164133
5 0.3796576032225579 0.479483282674772 0.3776435045317221 0.43009118541033436 0.396106075864384 0.2439209726443769 0.4155756965424639 0.24848024316109424 0.4169184290030212 0.39285714285714285 0.41758979523329975 0.46656534954407297 0.41389728096676737 0.48632218844984804 0.40181268882175225 0.4817629179331307 0.39677744209466265 0.48632218844984804 0.39039946290701577 0.479483282674772
6 0.342732460557234 0.4506079027355623 0.3434038267875126 0.4004559270516717 0.3491104397448808 0.3373860182370821 0.3447465592480698 0.21656534954407294 0.37697213830144344 0.21428571428571427 0.38536421617992617 0.3130699088145897 0.3910708291372944 0.3533434650455927 0.396106075864384 0.3829787234042553 0.38905673044645855 0.4506079027355623 0.3796576032225579 0.4688449848024316 0.37059415911379656 0.4635258358662614 0.35750251762336355 0.4635258358662614 0.35615978516280633 0.45364741641337386
7 0.3205773749580396 0.40577507598784196 0.31050688150386035 0.40577507598784196 0.30916414904330314 0.3799392097264438 0.31957032561262166 0.3518237082066869 0.3256126216851292 0.3229483282674772 0.3333333333333333 0.18085106382978725 0.3591809331990601 0.19376899696048633 0.3689157435381 0.2826747720364742 0.36623027861698554 0.3533434650455927 0.3554884189325277 0.4088145896656535 0.34172541121181604 0.4331306990881459 0.3319906008727761 0.43009118541033436
8 0.5025176233635448 0.5349544072948328 0.5290365894595502 0.5296352583586627 0.5253440751930178 0.4430091185410334 0.5240013427324606 0.24088145896656535 0.5088956025511917 0.23556231003039513 0.5041960389392414 0.35030395136778114 0.503860355824102 0.4430091185410334 0.500503524672709 0.48936170212765956
9 0.5260154414232964 0.5167173252279635 0.5347432024169184 0.5189969604863222 0.5468277945619335 0.5121580547112462 0.5461564283316549 0.48328267477203646 0.5448136958710977 0.44072948328267475 0.5391070829137294 0.22948328267477203 0.5260154414232964 0.23100303951367782 0.5253440751930178 0.3860182370820669 0.5240013427324606 0.4506079027355623 0.5240013427324606 0.4939209726443769
10 0.5441423296408191 0.47188449848024316 0.5518630412890232 0.5220364741641338 0.5612621685129238 0.5319148936170213 0.5696542463914065 0.4946808510638298 0.5726753944276602 0.3844984802431611 0.562604900973481 0.22720364741641338 0.5454850621013763 0.23708206686930092 0.5448136958710977 0.3958966565349544
11 0.5659617321248741 0.5189969604863222 0.5602551191675059 0.44072948328267475 0.5639476334340383 0.33586626139817627 0.5733467606579389 0.2439209726443769 0.589795233299765 0.23556231003039513 0.5847599865726754 0.3761398176291793 0.5904665995300437 0.44072948328267475 0.5884525008392077 0.506079027355623 0.5847599865726754 0.5250759878419453 0.5740181268882175 0.5121580547112462
12 0.585431352802954 0.5121580547112462 0.5783820073850285 0.46200607902735563 0.581067472306143 0.3791793313069909 0.589795233299765 0.22796352583586627 0.6032225579053374 0.23556231003039513 0.6032225579053374 0.3586626139817629 0.6049009734810339 0.4506079027355623 0.6102719033232629 0.4848024316109423 0.6005370929842229 0.5075987841945289 0.5911379657603223 0.5037993920972644
13 0.599530043638805 0.5022796352583586 0.5938234306814367 0.44072948328267475 0.5904665995300437 0.23860182370820668 0.6106075864384022 0.23100303951367782 0.6153071500503524 0.3373860182370821 0.6247062772742531 0.41033434650455924 0.6317556226921786 0.4331306990881459 0.6324269889224572 0.4848024316109423 0.6277274253105068 0.4939209726443769 0.6189996643168849 0.48328267477203646 0.6106075864384022 0.49772036474164133
14 0.6361195031889896 0.4817629179331307 0.6260490097348104 0.4635258358662614 0.6210137630077207 0.38753799392097266 0.6226921785834173 0.25151975683890576 0.6482040953340047 0.22796352583586627 0.6448472641826116 0.30851063829787234 0.6545820745216515 0.3617021276595745 0.6626384692849949 0.4148936170212766 0.6646525679758308 0.4635258358662614 0.6602886874790198 0.4764437689969605 0.6518966096005371 0.46048632218844987
15 0.6676737160120846 0.4551671732522796 0.6582745887881839 0.42629179331306993 0.6532393420610944 0.36322188449848025 0.6418261161463579 0.24696048632218845 0.6824437730782141 0.24088145896656535 0.6834508224236321 0.31990881458966564 0.6868076535750252 0.3586626139817629 0.6962067807989258 0.3974164133738602 0.6982208794897616 0.4217325227963526 0.6898288016112789 0.42629179331306993 0.6834508224236321 0.4430091185410334 0.6753944276602887 0.4551671732522796
16 0.4991607922121517 0.5493920972644377 0.5196374622356495 0.5448328267477204 0.5213158778113461 0.7462006079027356 0.5062101376300772 0.75
17 0.5176233635448136 0.5448328267477204 0.5377643504531722 0.5509118541033434 0.5377643504531722 0.6056231003039514 0.5334004699563611 0.7659574468085106 0.5196374622356495 0.7591185410334347
18 0.5360859348774757 0.6960486322188449 0.535414568647197 0.5942249240121581 0.5441423296408191 0.5448328267477204 0.5568982880161127 0.5638297872340425 0.5619335347432024 0.6185410334346505 0.5619335347432024 0.702887537993921 0.5639476334340383 0.8047112462006079 0.5461564283316549 0.7917933130699089
19 0.5612621685129238 0.6253799392097265 0.5525344075193018 0.5820668693009119 0.5632762672037597 0.5349544072948328 0.5770392749244713 0.5623100303951368 0.5827458878818396 0.6253799392097265 0.585431352802954 0.7142857142857143 0.6012084592145015 0.7857142857142857 0.589795233299765 0.8001519756838906 0.5720040281973817 0.7317629179331308 0.5619335347432024 0.6945288753799392
20 0.5770392749244713 0.6268996960486323 0.5720040281973817 0.5706686930091185 0.5753608593487748 0.5524316109422492 0.5817388385364216 0.5379939209726444 0.5931520644511581 0.5379939209726444 0.5981873111782477 0.5592705167173252 0.5998657267539442 0.6094224924012158 0.6089291708627056 0.790273556231003 0.5968445787176905 0.7948328267477204 0.5824102047667002 0.6869300911854104
21 0.6096005370929842 0.7013677811550152 0.5975159449479691 0.6299392097264438 0.5961732124874118 0.5866261398176292 0.6102719033232629 0.5752279635258358 0.6055723397113125 0.5349544072948328 0.6119503188989593 0.5151975683890577 0.6253776435045317 0.5319148936170213 0.6283987915407855 0.5752279635258358 0.6505538771399798 0.6816109422492401 0.6609600537092984 0.7173252279635258 0.6153071500503524 0.7484802431610942
22 0.6317556226921786 0.5881458966565349 0.6183282980866063 0.5493920972644377 0.6163141993957704 0.520516717325228 0.6253776435045317 0.506079027355623 0.6411547499160792 0.49772036474164133 0.6488754615642833 0.4810030395136778 0.6562604900973481 0.4878419452887538 0.6676737160120846 0.5478723404255319 0.6717019133937563 0.5866261398176292 0.6982208794897616 0.6740121580547113 0.6740516951997314 0.7127659574468085 0.6498825109097013 0.6869300911854104
23 0.67472306143001 0.5554711246200608 0.6589459550184625 0.513677811550152 0.6576032225579054 0.4703647416413374 0.6710305471634777 0.46504559270516715 0.6797583081570997 0.4521276595744681 0.6945283652232292 0.44452887537993924 0.7056059080228264 0.46200607902735563 0.7109768378650554 0.5037993920972644 0.7267539442766029 0.5319148936170213 0.7455521987244041 0.6170212765957447 0.7096341054044981 0.6512158054711246 0.6925142665323935 0.6185410334346505
24 0.482040953340047 0.5440729483282675 0.5018462571332662 0.5623100303951368 0.5062101376300772 0.60790273556231 0.5062101376300772 0.7743161094224924 0.49479691171534074 0.7689969604863222 0.4877475662974152 0.6185410334346505
25 0.46894931184961397 0.5440729483282675 0.4847264182611615 0.541033434650456 0.4897616649882511 0.5949848024316109 0.49613964417589795 0.7644376899696048 0.48405505203088284 0.770516717325228
26 0.44813695871097686 0.5638297872340425 0.45686471970459885 0.5364741641337386 0.47264182611614636 0.5653495440729484 0.47633434038267874 0.6443768996960486 0.48170527022490767 0.8077507598784195 0.4655924806982209 0.8031914893617021 0.45417925478348437 0.6770516717325228
27 0.4269889224572004 0.5980243161094225 0.4316884860691507 0.5539513677811551 0.4454514937898624 0.5364741641337386 0.4538435716683451 0.5569908814589666 0.45552198724404164 0.6170212765957447 0.45988586774085266 0.7872340425531915 0.4384021483719369 0.7857142857142857 0.43336690164484726 0.6527355623100304
28 0.4105404498153743 0.5881458966565349 0.40986908358509566 0.5425531914893617 0.418932527693857 0.5151975683890577 0.4377307821416583 0.5296352583586627 0.44175897952333 0.5881458966565349 0.4367237327962403 0.6983282674772037 0.42128230949983214 0.7803951367781155 0.409197717354817 0.7674772036474165 0.41389728096676737 0.6724924012158054
29 0.3803289694528365 0.5683890577507599 0.3877139979859013 0.5037993920972644 0.4149043303121853 0.506079027355623 0.4310171198388721 0.5319148936170213 0.4263175562269218 0.5949848024316109 0.4112118160456529 0.675531914893617 0.39039946290701577 0.7530395136778115 0.3554884189325277 0.7188449848024316 0.36958710976837866 0.628419452887538
30 0.33769721383014434 0.5592705167173252 0.3434038267875126 0.5053191489361702 0.35884525008392076 0.4764437689969605 0.3840214837193689 0.48936170212765956 0.39677744209466265 0.5106382978723404 0.396106075864384 0.5524316109422492 0.38469284994964753 0.6170212765957447 0.3397113125209802 0.71580547112462 0.3188989593823431 0.6854103343465046 0.3296408190668009 0.6025835866261399
31 0.2604900973481034 0.6139817629179332 0.2769385699899295 0.5478723404255319 0.29036589459550183 0.49240121580547114 0.2940584088620342 0.4490881458966565 0.3081570996978852 0.4247720364741641 0.3269553541456865 0.43465045592705165 0.3440751930177912 0.4551671732522796 0.3554884189325277 0.4734042553191489 0.3491104397448808 0.5151975683890577 0.3319906008727761 0.5463525835866262 0.29775092312856666 0.6458966565349544