0 0.4842809364548495 0.44072948328267475 0.48327759197324416 0.4627659574468085 0.4822742474916388 0.49164133738601823 0.4822742474916388 0.5296352583586627 0.48127090301003345 0.5615501519756839 0.4802675585284281 0.5767477203647416 0.477257525083612 0.60790273556231 0.47558528428093644 0.6413373860182371 0.477257525083612 0.6595744680851063 0.49130434782608695 0.6641337386018237 0.5060200668896321 0.6595744680851063 0.5030100334448161 0.6033434650455927 0.5010033444816053 0.5615501519756839 0.5010033444816053 0.5455927051671733 0.5010033444816053 0.5121580547112462 0.5 0.4673252279635258 0.5010033444816053 0.42249240121580545 0.5 0.4004559270516717 0.48929765886287624 0.3913373860182371 0.4822742474916388 0.3913373860182371
1 0.4625418060200669 0.3981762917933131 0.4625418060200669 0.4338905775075988 0.4625418060200669 0.4673252279635258 0.4625418060200669 0.5098784194528876 0.459866220735786 0.5364741641337386 0.4568561872909699 0.5653495440729484 0.4508361204013378 0.6101823708206687 0.4528428093645485 0.6572948328267477 0.468561872909699 0.6550151975683891 0.4735785953177257 0.628419452887538 0.4745819397993311 0.567629179331307 0.4745819397993311 0.5250759878419453 0.4745819397993311 0.4764437689969605 0.47926421404682273 0.4338905775075988 0.4802675585284281 0.3913373860182371
2 0.42642140468227424 0.4004559270516717 0.42642140468227424 0.42933130699088146 0.43210702341137125 0.47188449848024316 0.437123745819398 0.5235562310030395 0.437123745819398 0.5699088145896657 0.44013377926421404 0.5972644376899696 0.45384615384615384 0.5721884498480243 0.4588628762541806 0.5478723404255319 0.4588628762541806 0.5030395136778115 0.4588628762541806 0.4627659574468085 0.45785953177257527 0.4133738601823708 0.44381270903010034 0.36930091185410335
3 0.4096989966555184 0.3890577507598784 0.4133779264214047 0.46504559270516715 0.41638795986622074 0.5053191489361702 0.41638795986622074 0.5653495440729484 0.4224080267558528 0.5972644376899696 0.4351170568561873 0.5927051671732523 0.43812709030100333 0.53419452887538 0.4351170568561873 0.4870820668693009 0.43010033444816054 0.44072948328267475 0.42642140468227424 0.3981762917933131 0.4234113712374582 0.3776595744680851
4 0.3986622073578595 0.3844984802431611 0.3976588628762542 0.43617021276595747 0.39665551839464885 0.48328267477203646 0.39665551839464885 0.5167173252279635 0.39565217391304347 0.5721884498480243 0.3986622073578595 0.5972644376899696 0.42040133779264216 0.6033434650455927 0.4214046822742475 0.5524316109422492 0.41438127090301 0.4787234042553192 0.4123745819397993 0.42249240121580545 0.411371237458194 0.3844984802431611
5 0.3839464882943144 0.35790273556231 0.37892976588628763 0.3981762917933131 0.37525083612040133 0.43617021276595747 0.36923076923076925 0.4810030395136778 0.3652173913043478 0.5121580547112462 0.3632107023411371 0.5501519756838906 0.36622073578595316 0.5767477203647416 0.38896321070234113 0.5949848024316109 0.39665551839464885 0.5699088145896657 0.39665551839464885 0.47416413373860183 0.3996655518394649 0.4095744680851064 0.4016722408026756 0.371580547112462
6 0.3642140468227425 0.2993920972644377 0.351505016722408 0.3601823708206687 0.3464882943143813 0.3822188449848024 0.33979933110367894 0.42021276595744683 0.3347826086956522 0.4430091185410334 0.33277591973244147 0.4787234042553192 0.33277591973244147 0.49620060790273557 0.351505016722408 0.5212765957446809 0.36622073578595316 0.5098784194528876 0.36923076923076925 0.46048632218844987 0.3712374581939799 0.4338905775075988 0.3762541806020067 0.3731003039513678 0.38093645484949834 0.33358662613981765
8 0.5197324414715719 0.3958966565349544 0.5187290969899666 0.4490881458966565 0.5147157190635452 0.49848024316109424 0.5070234113712374 0.5569908814589666 0.5050167224080268 0.6101823708206687 0.5050167224080268 0.6504559270516718 0.5197324414715719 0.6550151975683891 0.5304347826086957 0.6352583586626139 0.5304347826086957 0.5721884498480243 0.5304347826086957 0.5212765957446809 0.531438127090301 0.4582066869300912 0.534448160535117 0.40501519756838905
9 0.5384615384615384 0.4156534954407295 0.5374581939799331 0.4513677811550152 0.5324414715719064 0.49164133738601823 0.5284280936454849 0.5235562310030395 0.5284280936454849 0.581306990881459 0.5304347826086957 0.6147416413373861 0.5334448160535117 0.6458966565349544 0.5461538461538461 0.6436170212765957 0.5491638795986622 0.6238601823708206 0.5491638795986622 0.5927051671732523 0.5491638795986622 0.5592705167173252 0.5481605351170569 0.5144376899696048 0.5481605351170569 0.4582066869300912 0.551170568561873 0.40501519756838905
10 0.554180602006689 0.42021276595744683 0.5491638795986622 0.4627659574468085 0.5481605351170569 0.4939209726443769 0.5481605351170569 0.5478723404255319 0.5481605351170569 0.5835866261398176 0.557190635451505 0.6261398176291794 0.565886287625418 0.6352583586626139 0.5698996655518395 0.5653495440729484 0.5638795986622074 0.5144376899696048 0.5618729096989966 0.4627659574468085
11 0.5678929765886288 0.4156534954407295 0.5638795986622074 0.4430091185410334 0.5618729096989966 0.5098784194528876 0.5618729096989966 0.53419452887538 0.565886287625418 0.6033434650455927 0.5739130434782609 0.6193009118541033 0.5806020066889632 0.5881458966565349 0.5806020066889632 0.5569908814589666 0.5826086956521739 0.48936170212765956 0.5826086956521739 0.4316109422492401 0.5826086956521739 0.39361702127659576 0.5729096989966556 0.3913373860182371
12 0.5816053511705686 0.39361702127659576 0.5806020066889632 0.45592705167173253 0.5816053511705686 0.5098784194528876 0.5836120401337793 0.5835866261398176 0.5896321070234114 0.5995440729483282 0.6063545150501672 0.5972644376899696 0.6160535117056856 0.5767477203647416 0.6100334448160535 0.5250759878419453 0.6063545150501672 0.48936170212765956 0.6063545150501672 0.4316109422492401 0.6053511705685619 0.39361702127659576 0.6033444816053511 0.37537993920972645
13 0.6093645484949832 0.36930091185410335 0.6083612040133779 0.4270516717325228 0.6093645484949832 0.4673252279635258 0.6093645484949832 0.5144376899696048 0.6110367892976588 0.5835866261398176 0.6347826086956522 0.5972644376899696 0.6454849498327759 0.5835866261398176 0.6474916387959866 0.5433130699088146 0.6397993311036789 0.48936170212765956 0.6287625418060201 0.42249240121580545 0.6250836120401337 0.36930091185410335
14 0.6287625418060201 0.36930091185410335 0.6287625418060201 0.42249240121580545 0.6327759197324415 0.4787234042553192 0.6474916387959866 0.5075987841945289 0.6545150501672241 0.5098784194528876 0.6632107023411371 0.5098784194528876 0.6752508361204014 0.49164133738601823 0.6779264214046823 0.4764437689969605 0.6732441471571906 0.4338905775075988 0.6692307692307692 0.3913373860182371 0.6612040133779264 0.3601823708206687 0.6505016722408027 0.33358662613981765
16 0.49130434782608695 0.8381458966565349 0.48929765886287624 0.8252279635258358 0.48929765886287624 0.7803951367781155 0.48528428093645487 0.6793313069908815 0.5010033444816053 0.6793313069908815 0.5020066889632107 0.6930091185410334 0.5010033444816053 0.7241641337386018 0.5010033444816053 0.7537993920972644 0.5010033444816053 0.7826747720364742 0.5010033444816053 0.8229483282674772
17 0.5117056856187291 0.8563829787234043 0.5080267558528428 0.831306990881459 0.5060200668896321 0.7933130699088146 0.5040133779264214 0.7492401215805471 0.5030100334448161 0.7173252279635258 0.5030100334448161 0.6907294832826748 0.5060200668896321 0.6778115501519757 0.5167224080267558 0.6732522796352584 0.5207357859531773 0.6884498480243161 0.5197324414715719 0.7218844984802432 0.5167224080267558 0.7515197568389058 0.5157190635451505 0.7712765957446809 0.5157190635451505 0.8092705167173252
18 0.5264214046822743 0.8852583586626139 0.5217391304347826 0.8586626139817629 0.5147157190635452 0.8001519756838906 0.5137123745819397 0.7689969604863222 0.5167224080267558 0.7218844984802432 0.5237458193979934 0.6861702127659575 0.5294314381270903 0.668693009118541 0.5394648829431438 0.7135258358662614 0.5394648829431438 0.7621580547112462 0.5394648829431438 0.8047112462006079 0.5374581939799331 0.851823708206687
19 0.5581939799331104 0.8898176291793313 0.5521739130434783 0.8586626139817629 0.5431438127090301 0.8047112462006079 0.5424749163879599 0.7644376899696048 0.5404682274247492 0.7401215805471124 0.5404682274247492 0.7135258358662614 0.5441471571906354 0.675531914893617 0.5501672240802675 0.6641337386018237 0.5638795986622074 0.6793313069908815 0.5668896321070234 0.7112462006079028 0.565886287625418 0.7446808510638298 0.5638795986622074 0.7955927051671733 0.5618729096989966 0.8161094224924013 0.5618729096989966 0.851823708206687
20 0.5816053511705686 0.8806990881458967 0.5785953177257525 0.851823708206687 0.5729096989966556 0.8047112462006079 0.5678929765886288 0.7575987841945289 0.5638795986622074 0.7196048632218845 0.562876254180602 0.6861702127659575 0.5668896321070234 0.668693009118541 0.5795986622073579 0.6572948328267477 0.5866220735785953 0.6527355623100304 0.5973244147157191 0.7044072948328267 0.5983277591973244 0.7401215805471124 0.5973244147157191 0.7895136778115501 0.5973244147157191 0.8335866261398176 0.5926421404682274 0.8738601823708206
21 0.617056856187291 0.8541033434650456 0.617056856187291 0.8381458966565349 0.6073578595317726 0.7781155015197568 0.6013377926421405 0.7446808510638298 0.5953177257525084 0.6907294832826748 0.5866220735785953 0.6504559270516718 0.5906354515050167 0.6329787234042553 0.6003344481605352 0.6306990881458967 0.6180602006688963 0.6413373860182371 0.6267558528428093 0.6375379939209727 0.6337792642140468 0.6641337386018237 0.6408026755852843 0.7218844984802432 0.651505016722408 0.7803951367781155 0.6454849498327759 0.8161094224924013
22 0.6889632107023411 0.7515197568389058 0.6682274247491639 0.7264437689969605 0.6464882943143813 0.6838905775075987 0.6347826086956522 0.648176291793313 0.6408026755852843 0.628419452887538 0.6622073578595318 0.6056231003039514 0.6702341137123746 0.601823708206687 0.6839464882943144 0.6550151975683891 0.6956521739130435 0.6952887537993921 0.7123745819397993 0.7378419452887538 0.6966555183946488 0.7667173252279635
23 0.7123745819397993 0.581306990881459 0.7006688963210702 0.5790273556231003 0.6869565217391305 0.5972644376899696 0.6859531772575251 0.6124620060790273 0.6889632107023411 0.6504559270516718 0.705685618729097 0.675531914893617 0.7183946488294315 0.675531914893617 0.7290969899665551 0.6861702127659575 0.737123745819398 0.6816109422492401 0.7391304347826086 0.6595744680851063 0.7361204013377927 0.6352583586626139 0.7331103678929766 0.6101823708206687
24 0.48127090301003345 0.8297872340425532 0.4822742474916388 0.7553191489361702 0.4822742474916388 0.6998480243161094 0.48327759197324416 0.6816109422492401 0.4635451505016722 0.675531914893617 0.4645484949832776 0.7021276595744681 0.46555183946488293 0.7310030395136778 0.4665551839464883 0.7712765957446809 0.46755852842809364 0.8092705167173252 0.468561872909699 0.8541033434650456 0.4842809364548495 0.851823708206687
25 0.4605351170568562 0.8404255319148937 0.4645484949832776 0.8047112462006079 0.4705685618729097 0.7310030395136778 0.468561872909699 0.6861702127659575 0.4528428093645485 0.675531914893617 0.44581939799331105 0.6998480243161094 0.4488294314381271 0.7515197568389058 0.4498327759197324 0.7849544072948328 0.4498327759197324 0.8206686930091185
26 0.43812709030100333 0.8677811550151976 0.44782608695652176 0.8183890577507599 0.4528428093645485 0.7553191489361702 0.4528428093645485 0.6975683890577508 0.4488294314381271 0.6778115501519757 0.43010033444816054 0.6793313069908815 0.42441471571906353 0.6952887537993921 0.42441471571906353 0.7537993920972644 0.42441471571906353 0.7849544072948328 0.4234113712374582 0.8297872340425532 0.42040133779264216 0.878419452887538
27 0.4076923076923077 0.851823708206687 0.41438127090301 0.8001519756838906 0.4270903010033445 0.7598784194528876 0.4361204013377926 0.7135258358662614 0.43411371237458196 0.6709726443768997 0.4254180602006689 0.6413373860182371 0.4096989966555184 0.6572948328267477 0.4096989966555184 0.7112462006079028 0.405685618729097 0.7537993920972644 0.3996655518394649 0.7826747720364742 0.39665551839464885 0.8335866261398176
28 0.37892976588628763 0.8252279635258358 0.4016722408026756 0.7446808510638298 0.4096989966555184 0.71580547112462 0.411371237458194 0.6778115501519757 0.4096989966555184 0.6572948328267477 0.3996655518394649 0.6458966565349544 0.3919732441471572 0.6458966565349544 0.38093645484949834 0.6550151975683891 0.37892976588628763 0.7021276595744681 0.3762541806020067 0.7401215805471124 0.3722408026755853 0.7872340425531915
29 0.34448160535117056 0.8229483282674772 0.3585284280936455 0.7895136778115501 0.3732441471571906 0.7218844984802432 0.3849498327759197 0.6641337386018237 0.38896321070234113 0.6352583586626139 0.3839464882943144 0.6193009118541033 0.3652173913043478 0.6147416413373861 0.3565217391304348 0.6147416413373861 0.348494983277592 0.621580547112462 0.34347826086956523 0.6458966565349544 0.34080267558528426 0.6709726443768997 0.3337792642140468 0.7112462006079028 0.325752508361204 0.7537993920972644 0.3250836120401338 0.7917933130699089
30 0.28963210702341136 0.7469604863221885 0.3083612040133779 0.7355623100303952 0.3240802675585284 0.7112462006079028 0.3377926421404682 0.6793313069908815 0.34080267558528426 0.6550151975683891 0.3357859531772575 0.621580547112462 0.3250836120401338 0.5972644376899696 0.3120401337792642 0.581306990881459 0.29531772575250836 0.6238601823708206 0.27959866220735785 0.6550151975683891 0.2688963210702341 0.6930091185410334 0.2729096989966555 0.7332826747720365