8 0.5059607293127629 0.30927051671732525 0.5028050490883591 0.4430091185410334 0.49684431977559607 0.4992401215805471 0.4992987377279102 0.526595744680851 0.5305049088359046 0.5174772036474165 0.5305049088359046 0.4878419452887538 0.5284011220196353 0.44984802431610943 0.5305049088359046 0.3047112462006079
9 0.5354137447405329 0.30775075987841943 0.5452314165497896 0.31155015197568386 0.5487377279102384 0.39361702127659576 0.5518934081346424 0.4490881458966565 0.5539971949509116 0.45364741641337386 0.5564516129032258 0.4673252279635258 0.5561009817671809 0.48632218844984804 0.5553997194950911 0.4969604863221885 0.5532959326788219 0.5045592705167173 0.5494389901823282 0.506838905775076 0.5452314165497896 0.5075987841945289 0.5403225806451613 0.5091185410334347 0.5336605890603086 0.5075987841945289 0.5284011220196353 0.493161094224924 0.5305049088359046 0.46048632218844987
10 0.5746844319775596 0.3009118541033435 0.5631136044880786 0.45592705167173253 0.5582047685834503 0.4551671732522796 0.5613604488078542 0.5 0.570476858345021 0.506079027355623 0.5781907433380085 0.5151975683890577 0.5876577840112202 0.5045592705167173 0.5883590462833099 0.4870820668693009 0.5925666199158486 0.30167173252279633
11 0.5890603085553997 0.2986322188449848 0.611851332398317 0.30167173252279633 0.6160589060308556 0.4825227963525836 0.6083450210378681 0.5030395136778115 0.6062412342215989 0.5083586626139818 0.5978260869565217 0.5037993920972644 0.5932678821879382 0.49544072948328266 0.5866058906030855 0.49544072948328266 0.5820476858345021 0.48328267477203646 0.5869565217391305 0.43617021276595747
12 0.614656381486676 0.29559270516717323 0.6311360448807855 0.29711246200607905 0.6360448807854138 0.42857142857142855 0.6384992987377279 0.4582066869300912 0.6363955119214586 0.4886018237082067 0.6311360448807855 0.49848024316109424 0.6230715287517532 0.49164133738601823 0.6164095371669004 0.49164133738601823 0.6122019635343618 0.48024316109422494 0.6093969144460029 0.4574468085106383 0.6111500701262272 0.42857142857142855
13 0.6427068723702665 0.2872340425531915 0.6732117812061711 0.2933130699088146 0.6661991584852734 0.42629179331306993 0.6707573632538569 0.4513677811550152 0.6683029453015428 0.49012158054711247 0.6633941093969145 0.49012158054711247 0.6567321178120618 0.48328267477203646 0.6486676016830295 0.4939209726443769 0.6437587657784011 0.493161094224924 0.6399018232819075 0.4878419452887538 0.6363955119214586 0.47720364741641336 0.638148667601683 0.44376899696048633 0.6395511921458625 0.3822188449848024
14 0.673562412342216 0.2917933130699088 0.7044179523141655 0.2978723404255319 0.6995091164095372 0.41033434650455924 0.7023141654978962 0.446048632218845 0.7030154277699859 0.4878419452887538 0.6900420757363254 0.506079027355623 0.6739130434782609 0.5037993920972644 0.6683029453015428 0.4848024316109423 0.6679523141654979 0.46580547112462006 0.6714586255259467 0.43617021276595747 0.6732117812061711 0.3958966565349544
0 0.46107994389901824 0.3168693009118541 0.48632538569424966 0.31990881458966564 0.49158485273492286 0.45364741641337386 0.49789621318373073 0.49848024316109424 0.4964936886395512 0.5159574468085106 0.4856241234221599 0.5227963525835866 0.47054698457223 0.5212765957446809 0.4635343618513324 0.5197568389057751 0.46598877980364656 0.4756838905775076 0.4673913043478261 0.4452887537993921 0.4642356241234222 0.3723404255319149 0.46072931276297335 0.324468085106383
1 0.4438990182328191 0.32674772036474165 0.4631837307152875 0.3252279635258359 0.46143057503506313 0.44148936170212766 0.4635343618513324 0.4908814589665654 0.4631837307152875 0.5189969604863222 0.4540673211781206 0.5212765957446809 0.44109396914446003 0.5159574468085106 0.43899018232819076 0.49772036474164133 0.4414446002805049 0.4369300911854103 0.4467040673211781 0.3791793313069909 0.43899018232819076 0.33282674772036475
2 0.41304347826086957 0.3191489361702128 0.4372370266479663 0.32142857142857145 0.4375876577840112 0.39209726443769 0.4396914446002805 0.45592705167173253 0.4379382889200561 0.5129179331306991 0.432328190743338 0.5197568389057751 0.42005610098176716 0.5182370820668692 0.4123422159887798 0.5167173252279635 0.4105890603085554 0.4946808510638298 0.4119915848527349 0.43237082066869303 0.4105890603085554 0.3708206686930091 0.4123422159887798 0.3411854103343465 0.4126928471248247 0.32674772036474165
3 0.3888499298737728 0.3229483282674772 0.4105890603085554 0.324468085106383 0.41304347826086957 0.44376899696048633 0.4165497896213184 0.4817629179331307 0.41409537166900423 0.506079027355623 0.41339410939691446 0.5098784194528876 0.4067321178120617 0.5030395136778115 0.39901823281907434 0.5144376899696048 0.39481065918653574 0.520516717325228 0.3867461430575035 0.5083586626139818 0.38955119214586253 0.4642857142857143 0.39305750350631136 0.39285714285714285 0.3923562412342216 0.3487841945288754
4 0.36395511921458623 0.32142857142857145 0.3832398316970547 0.3191489361702128 0.3888499298737728 0.3913373860182371 0.391304347826087 0.4612462006079027 0.394109396914446 0.4825227963525836 0.394109396914446 0.49620060790273557 0.394109396914446 0.5106382978723404 0.3902524544179523 0.5151975683890577 0.3867461430575035 0.5121580547112462 0.38253856942496495 0.5106382978723404 0.37868162692847124 0.5083586626139818 0.3744740532959327 0.520516717325228 0.3688639551192146 0.5167173252279635 0.36605890603085556 0.5015197568389058 0.3667601683029453 0.45592705167173253 0.36746143057503505 0.3617021276595745
5 0.3281907433380084 0.31382978723404253 0.36220196353436185 0.31458966565349544 0.3699158485273492 0.47112462006079026 0.37237026647966337 0.4969604863221885 0.36746143057503505 0.5182370820668692 0.36044880785413747 0.5288753799392097 0.3537868162692847 0.5212765957446809 0.34782608695652173 0.5174772036474165 0.34712482468443195 0.5212765957446809 0.3436185133239832 0.5250759878419453 0.34011220196353437 0.5182370820668692 0.33520336605890605 0.5288753799392097 0.3320476858345021 0.5197568389057751 0.3345021037868163 0.4817629179331307 0.3338008415147265 0.4627659574468085 0.33485273492286116 0.35714285714285715
6 0.3015427769985975 0.3047112462006079 0.332398316970547 0.30623100303951367 0.33625525946704066 0.42021276595744683 0.33625525946704066 0.5106382978723404 0.32398316970546986 0.5372340425531915 0.30995792426367463 0.5235562310030395 0.29943899018232817 0.5273556231003039 0.2962833099579243 0.5045592705167173 0.30049088359046283 0.4490881458966565
16 0.4947405329593268 0.5425531914893617 0.5140252454417953 0.5425531914893617 0.5140252454417953 0.560790273556231 0.5101683029453016 0.7416413373860182 0.49368863955119213 0.7264437689969605 0.4996493688639551 0.6344984802431611 0.494039270687237 0.5524316109422492
17 0.5164796633941094 0.5425531914893617 0.5357643758765779 0.541033434650456 0.5375175315568023 0.5759878419452887 0.5301542776998598 0.756838905775076 0.5122720897615708 0.743920972644377 0.5185834502103787 0.6238601823708206 0.5157784011220197 0.5638297872340425
18 0.5434782608695652 0.5303951367781155 0.5375175315568023 0.5478723404255319 0.5361150070126227 0.7196048632218845 0.5347124824684432 0.7720364741641338 0.5522440392706872 0.7834346504559271 0.5620617110799438 0.7613981762917933 0.5610098176718092 0.6580547112462006 0.5610098176718092 0.5949848024316109 0.5599579242636746 0.5562310030395137 0.5553997194950911 0.5387537993920972
19 0.573632538569425 0.5364741641337386 0.5652173913043478 0.5440729483282675 0.5645161290322581 0.5493920972644377 0.5627629733520336 0.567629179331307 0.5638148667601683 0.5927051671732523 0.5610098176718092 0.7697568389057751 0.5834502103786816 0.7712765957446809 0.5830995792426368 0.6041033434650456 0.5890603085553997 0.587386018237082 0.591164095371669 0.5661094224924013 0.585203366058906 0.5509118541033434 0.5792426367461431 0.5334346504559271
20 0.6100981767180925 0.5364741641337386 0.6034361851332398 0.5539513677811551 0.5992286115007013 0.5539513677811551 0.593969144460028 0.5547112462006079 0.5908134642356241 0.5547112462006079 0.5862552594670407 0.560790273556231 0.5866058906030855 0.574468085106383 0.5901122019635343 0.5911854103343465 0.593969144460028 0.6147416413373861 0.5960729312762973 0.7955927051671733 0.6297335203366059 0.7940729483282675 0.6286816269284713 0.6139817629179332 0.6237727910238429 0.5683890577507599 0.6185133239831697 0.5433130699088146
21 0.6195652173913043 0.541033434650456 0.6297335203366059 0.53419452887538 0.6399018232819075 0.5319148936170213 0.6511220196353437 0.5296352583586627 0.6563814866760168 0.53419452887538 0.6591865357643759 0.5448328267477204 0.6595371669004207 0.5592705167173252 0.6595371669004207 0.5767477203647416 0.6612903225806451 0.6132218844984803 0.6739130434782609 0.7348024316109423 0.6409537166900421 0.7424012158054711 0.6325385694249649 0.6466565349544073 0.6251753155680224 0.5904255319148937 0.6241234221598878 0.5737082066869301 0.6227208976157083 0.5547112462006079
24 0.47054698457223 0.541033434650456 0.4926367461430575 0.5448328267477204 0.49193548387096775 0.7241641337386018 0.4908835904628331 0.7355623100303952 0.47685834502103785 0.7348024316109423 0.4744039270687237 0.5987841945288754
25 0.44985974754558206 0.5463525835866262 0.45652173913043476 0.5448328267477204 0.461781206171108 0.5433130699088146 0.4684431977559607 0.5440729483282675 0.47159887798036465 0.5455927051671733 0.4761570827489481 0.7454407294832827 0.4600280504908836 0.7454407294832827 0.453015427769986 0.6276595744680851 0.4537166900420757 0.6086626139817629 0.4477559607293128 0.581306990881459 0.4488078541374474 0.5600303951367781
26 0.4326788218793829 0.547112462006079 0.42566619915848525 0.560790273556231 0.42566619915848525 0.5866261398176292 0.4305750350631136 0.7621580547112462 0.4547685834502104 0.7773556231003039 0.4537166900420757 0.6360182370820668 0.45546984572230015 0.6109422492401215 0.4533660589060309 0.5911854103343465 0.447054698457223 0.567629179331307 0.447054698457223 0.5554711246200608 0.44985974754558206 0.5448328267477204 0.43899018232819076 0.5425531914893617
27 0.4032258064516129 0.5493920972644377 0.3976157082748948 0.5668693009118541 0.3962131837307153 0.5767477203647416 0.4032258064516129 0.6329787234042553 0.4070827489481066 0.7553191489361702 0.4309256661991585 0.7606382978723404 0.423562412342216 0.6162613981762918 0.4221598877980365 0.567629179331307 0.41444600280504906 0.5531914893617021 0.4070827489481066 0.5501519756838906
28 0.379382889200561 0.5509118541033434 0.38359046283309955 0.5569908814589666 0.3863955119214586 0.5615501519756839 0.39481065918653574 0.5661094224924013 0.40217391304347827 0.5706686930091185 0.4053295932678822 0.756079027355623 0.36816269284712483 0.7401215805471124 0.37237026647966337 0.5851063829787234 0.3748246844319776 0.5600303951367781
29 0.35098176718092566 0.5600303951367781 0.3576437587657784 0.5585106382978723 0.3653576437587658 0.5585106382978723 0.3692145862552595 0.5638297872340425 0.3762272089761571 0.5699088145896657 0.3797335203366059 0.5706686930091185 0.36570827489481067 0.7674772036474165 0.3173211781206171 0.7515197568389058 0.3376577840112202 0.6268996960486323 0.33695652173913043 0.5851063829787234 0.33835904628331 0.5623100303951368 0.3436185133239832 0.5569908814589666