0 0.5010877447425671 0.3594224924012158 0.4902102973168963 0.3882978723404255 0.4782451051486584 0.45592705167173253 0.4706308919506889 0.5281155015197568 0.4804205946337926 0.560790273556231 0.5 0.5585106382978723 0.5 0.5030395136778115 0.5108774474256708 0.43541033434650456 0.5145032632342277 0.3822188449848024
1 0.4713560551124003 0.3700607902735562 0.4626540971718637 0.425531914893617 0.4517766497461929 0.5015197568389058 0.45286439448876 0.5509118541033434 0.4713560551124003 0.5379939209726444 0.4782451051486584 0.44376899696048633 0.4880348078317622 0.378419452887538 0.4851341551849166 0.3495440729483283
2 0.430384336475707 0.35790273556231 0.4274836838288615 0.3905775075987842 0.4263959390862944 0.4399696048632219 0.4234952864394489 0.5053191489361702 0.42857142857142855 0.5524316109422492 0.4470630891950689 0.560790273556231 0.4557650471356055 0.5053191489361702 0.4557650471356055 0.4376899696048632 0.4615663524292966 0.3700607902735562 0.45395213923132705 0.3411854103343465 0.44017403915881076 0.3472644376899696
3 0.4086294416243655 0.3761398176291793 0.40210297316896304 0.4209726443768997 0.40210297316896304 0.4848024316109423 0.3981145757795504 0.5509118541033434 0.4176939811457578 0.5896656534954408 0.42929659173313994 0.5486322188449848 0.43509789702683105 0.4726443768996961 0.43509789702683105 0.4065349544072948 0.43836113125453224 0.34498480243161095 0.4234952864394489 0.3351063829787234
5 0.3401015228426396 0.34498480243161095 0.3353879622915156 0.3905775075987842 0.331399564902103 0.4521276595744681 0.331399564902103 0.5197568389057751 0.33611312545322697 0.5585106382978723 0.35496736765772297 0.5509118541033434 0.3589557650471356 0.5159574468085106 0.36076867295141407 0.44984802431610943 0.3723712835387962 0.3677811550151976 0.359680928208847 0.3351063829787234
6 0.3118201595358956 0.3533434650455927 0.3060188542422045 0.3882978723404255 0.29405366207396666 0.4886018237082067 0.2813633067440174 0.540273556231003 0.2969543147208122 0.5645896656534954 0.32342277012327775 0.5547112462006079 0.3303118201595359 0.493161094224924 0.33828861493836115 0.3738601823708207 0.3411892675852067 0.3351063829787234 0.3158085569253082 0.33282674772036475
7 0.3096446700507614 0.3100303951367781 0.28535170413343003 0.3229483282674772 0.24510514865844815 0.35106382978723405 0.23821609862218998 0.3882978723404255 0.2519941986947063 0.43541033434650456 0.28426395939086296 0.4376899696048632 0.30311820159535896 0.39893617021276595 0.3197969543147208 0.3556231003039514
4 0.3763596809282089 0.3617021276595745 0.36185641769398114 0.4521276595744681 0.3589557650471356 0.49544072948328266 0.3538796229151559 0.5379939209726444 0.36258158085569253 0.5645896656534954 0.38614938361131257 0.5729483282674772 0.3930384336475707 0.5585106382978723 0.3930384336475707 0.5159574468085106 0.39593908629441626 0.4749240121580547 0.4028281363306744 0.3738601823708207 0.4028281363306744 0.3556231003039514 0.38614938361131257 0.3290273556231003
8 0.5242929659173314 0.35790273556231 0.5155910079767948 0.3738601823708207 0.505801305293691 0.4194528875379939 0.5029006526468456 0.4870820668693009 0.5010877447425671 0.5364741641337386 0.5108774474256708 0.5645896656534954 0.5242929659173314 0.5714285714285714 0.5322697606961566 0.5098784194528876 0.5340826686004351 0.446048632218845 0.5380710659898477 0.378419452887538 0.5380710659898477 0.3366261398176292 0.5293691080493111 0.33282674772036475
9 0.5391588107324148 0.35790273556231 0.5391588107324148 0.3799392097264438 0.5362581580855692 0.44756838905775076 0.5333575054387237 0.5113981762917933 0.5322697606961566 0.5630699088145896 0.5420594633792604 0.5691489361702128 0.5529369108049311 0.5569908814589666 0.5547498187092096 0.5030395136778115 0.5627266134880348 0.44148936170212766 0.5634517766497462 0.39209726443769 0.5656272661348803 0.3533434650455927 0.5576504713560552 0.3305471124620061 0.5478607686729514 0.3305471124620061
10 0.5783176214648296 0.3434650455927052 0.5634517766497462 0.3655015197568389 0.5558375634517766 0.4209726443768997 0.5547498187092096 0.4787234042553192 0.5536620739666425 0.5463525835866262 0.5674401740391588 0.5752279635258358 0.5841189267585206 0.5524316109422492 0.5870195794053662 0.4886018237082067 0.5899202320522118 0.425531914893617 0.5920957215373459 0.3677811550151976
11 0.5939086294416244 0.3351063829787234 0.5939086294416244 0.3822188449848024 0.5870195794053662 0.4399696048632219 0.5870195794053662 0.513677811550152 0.5949963741841915 0.5691489361702128 0.6076867295141407 0.5752279635258358 0.6185641769398115 0.5220364741641338 0.6225525743292241 0.446048632218845 0.6232777374909355 0.3943768996960486 0.6272661348803481 0.3556231003039514 0.6076867295141407 0.3411854103343465
12 0.6526468455402465 0.3434650455927052 0.6381435823060189 0.3594224924012158 0.6323422770123278 0.371580547112462 0.6272661348803481 0.446048632218845 0.6174764321972444 0.5113981762917933 0.6174764321972444 0.5524316109422492 0.6330674401740392 0.5896656534954408 0.6508339376359681 0.5281155015197568 0.6468455402465555 0.46656534954407297 0.645032632342277 0.4148936170212766 0.6490210297316896 0.371580547112462
13 0.6744017403915881 0.3556231003039514 0.6715010877447426 0.3655015197568389 0.6595358955765047 0.425531914893617 0.6577229876722263 0.44984802431610943 0.6526468455402465 0.5015197568389058 0.6508339376359681 0.5486322188449848 0.6519216823785352 0.581306990881459 0.6773023930384336 0.5835866261398176 0.69108049311095 0.5752279635258358 0.6939811457577955 0.5197568389057751 0.69108049311095 0.46656534954407297 0.69108049311095 0.4338905775075988 0.6957940536620739 0.3822188449848024 0.692168237853517 0.3434650455927052
14 0.7222625090645395 0.3556231003039514 0.7084844089920233 0.4027355623100304 0.7048585931834663 0.4399696048632219 0.6986947063089195 0.5113981762917933 0.6986947063089195 0.5645896656534954 0.7124728063814358 0.5714285714285714 0.7244379985496737 0.5547112462006079 0.7251631617113851 0.5030395136778115 0.7262509064539522 0.4521276595744681 0.7342277012327774 0.4065349544072948 0.7342277012327774 0.3556231003039514
16 0.5108774474256708 0.7743161094224924 0.5108774474256708 0.743920972644377 0.5076142131979695 0.682370820668693 0.5010877447425671 0.6185410334346505 0.5 0.587386018237082 0.5108774474256708 0.5790273556231003 0.5166787527193618 0.6162613981762918 0.5184916606236403 0.6633738601823708 0.5213923132704859 0.7332826747720365 0.5213923132704859 0.7720364741641338
17 0.5340826686004351 0.8054711246200608 0.5373459028281363 0.7887537993920972 0.5380710659898477 0.7310030395136778 0.5380710659898477 0.6861702127659575 0.5431472081218274 0.6405775075987842 0.5438723712835388 0.601823708206687 0.5322697606961566 0.5934650455927052 0.5271936185641769 0.6063829787234043 0.5264684554024656 0.6884498480243161 0.5264684554024656 0.7127659574468085 0.5242929659173314 0.7583586626139818
18 0.5598259608411893 0.8404255319148937 0.5569253081943437 0.8259878419452887 0.5536620739666425 0.8115501519756839 0.550761421319797 0.7682370820668692 0.5478607686729514 0.7355623100303952 0.5449601160261058 0.6945288753799392 0.5409717186366932 0.6405775075987842 0.5449601160261058 0.601823708206687 0.5536620739666425 0.581306990881459 0.5616388687454678 0.587386018237082 0.5674401740391588 0.6185410334346505 0.5685279187817259 0.6633738601823708 0.5685279187817259 0.7150455927051672 0.5714285714285714 0.7659574468085106
19 0.5920957215373459 0.7948328267477204 0.5862944162436549 0.776595744680851 0.5812182741116751 0.7477203647416414 0.5754169688179841 0.7165653495440729 0.5714285714285714 0.6800911854103343 0.5696156635242929 0.6268996960486323 0.574329224075417 0.5896656534954408 0.5910079767947788 0.5896656534954408 0.593183466279913 0.6162613981762918 0.5960841189267585 0.6474164133738601 0.59680928208847 0.6884498480243161 0.59680928208847 0.723404255319149 0.6007976794778825 0.756079027355623
20 0.6105873821609862 0.8138297872340425 0.6105873821609862 0.7993920972644377 0.6076867295141407 0.7659574468085106 0.6018854242204495 0.6945288753799392 0.5997099347353154 0.6451367781155015 0.59680928208847 0.6185410334346505 0.5997099347353154 0.5919452887537994 0.6196519216823785 0.5957446808510638 0.6254532269760696 0.6063829787234043 0.6272661348803481 0.6306990881458967 0.6272661348803481 0.6572948328267477 0.6301667875271936 0.7165653495440729 0.6330674401740392 0.7644376899696048 0.6330674401740392 0.7993920972644377 0.6323422770123278 0.8138297872340425
21 0.6559100797679478 0.7803951367781155 0.6519216823785352 0.7583586626139818 0.6359680928208847 0.675531914893617 0.6330674401740392 0.6390577507598785 0.6301667875271936 0.6139817629179332 0.6421319796954315 0.5919452887537994 0.6624365482233503 0.5957446808510638 0.6754894851341552 0.6041033434650456 0.6791153009427121 0.6550151975683891 0.6823785351704134 0.6960486322188449 0.692168237853517 0.7393617021276596 0.6957940536620739 0.8069908814589666 0.6733139956490211 0.8237082066869301 0.6646120377084844 0.8115501519756839 0.6588107324147934 0.8009118541033434
22 0.7077592458303118 0.7378419452887538 0.7008701957940536 0.708966565349544 0.6870920957215374 0.6550151975683891 0.6791153009427121 0.6268996960486323 0.6791153009427121 0.601823708206687 0.69108049311095 0.5858662613981763 0.7095721537345903 0.5835866261398176 0.720449601160261 0.5934650455927052 0.7291515591007977 0.6139817629179332 0.7320522117476432 0.6618541033434651 0.73821609862219 0.6983282674772037 0.7440174039158811 0.7477203647416414 0.742929659173314 0.7720364741641338 0.7222625090645395 0.7887537993920972 0.7106598984771574 0.7803951367781155
24 0.5 0.791033434650456 0.5018129079042785 0.723404255319149 0.5029006526468456 0.6838905775075987 0.5029006526468456 0.6405775075987842 0.5029006526468456 0.6063829787234043 0.49782451051486587 0.5896656534954408 0.49202320522117476 0.5896656534954408 0.48912255257432924 0.6124620060790273 0.4873096446700508 0.6344984802431611 0.4844089920232052 0.6717325227963525 0.4844089920232052 0.7066869300911854 0.4880348078317622 0.7454407294832827
25 0.47933284989122554 0.7826747720364742 0.47933284989122554 0.770516717325228 0.48223350253807107 0.7165653495440729 0.4844089920232052 0.6717325227963525 0.48622189992748366 0.6329787234042553 0.48622189992748366 0.5995440729483282 0.4775199419869471 0.5858662613981763 0.4677302393038434 0.601823708206687 0.46664249456127627 0.6838905775075987 0.46664249456127627 0.7378419452887538 0.46664249456127627 0.7743161094224924
26 0.45685279187817257 0.8138297872340425 0.45685279187817257 0.7887537993920972 0.4579405366207397 0.7211246200607903 0.4615663524292966 0.6656534954407295 0.4648295866569978 0.6200607902735562 0.46664249456127627 0.5790273556231003 0.4517766497461929 0.5752279635258358 0.44416243654822335 0.5980243161094225 0.44416243654822335 0.6405775075987842 0.44488759970993474 0.6884498480243161 0.44488759970993474 0.756079027355623
27 0.43908629441624364 0.5980243161094225 0.430384336475707 0.5957446808510638 0.41950688905003625 0.6139817629179332 0.41950688905003625 0.6740121580547113 0.4234952864394489 0.7583586626139818 0.4321972443799855 0.7993920972644377 0.44416243654822335 0.75 0.44488759970993474 0.6595744680851063
28 0.4176939811457578 0.5957446808510638 0.406816533720087 0.5896656534954408 0.39593908629441626 0.60790273556231 0.3941261783901378 0.6474164133738601 0.3941261783901378 0.6960486322188449 0.3930384336475707 0.7393617021276596 0.39231327048585934 0.8009118541033434 0.4028281363306744 0.8069908814589666 0.4108049311094996 0.7188449848024316 0.4176939811457578 0.6550151975683891
29 0.3636693255982596 0.7948328267477204 0.3687454677302393 0.7788753799392097 0.3756345177664975 0.7127659574468085 0.38143582306018853 0.6550151975683891 0.38614938361131257 0.6124620060790273 0.3821609862218999 0.5729483282674772 0.35496736765772297 0.581306990881459 0.3498912255257433 0.6063829787234043 0.34227701232777374 0.6778115501519757 0.32741116751269034 0.7355623100303952 0.3353879622915156 0.7803951367781155
30 0.3020304568527919 0.7659574468085106 0.3096446700507614 0.7378419452887538 0.32342277012327775 0.6800911854103343 0.3343002175489485 0.6428571428571429 0.3440899202320522 0.6185410334346505 0.34300217548948514 0.5896656534954408 0.31870920957215376 0.581306990881459 0.30384336475707036 0.5775075987841946 0.2911530094271211 0.5775075987841946 0.28426395939086296 0.6405775075987842 0.2773749093546048 0.6983282674772037 0.2675852066715011 0.7310030395136778 0.26867295141406816 0.7644376899696048