0 0.4989539748953975 0.5212765957446809 0.5254532775453278 0.519281914893617 0.5219665271966527 0.45811170212765956 0.5219665271966527 0.31981382978723405 0.4916317991631799 0.31981382978723405 0.4905857740585774 0.42154255319148937 0.49442119944211993 0.45611702127659576
8 0.5264993026499303 0.5246010638297872 0.5523012552301255 0.5139627659574468 0.550557880055788 0.4773936170212766 0.547768479776848 0.42819148936170215 0.545676429567643 0.28856382978723405 0.5230125523012552 0.29188829787234044 0.5230125523012552 0.32313829787234044 0.5230125523012552 0.45944148936170215
9 0.5529986052998606 0.49268617021276595 0.5714783821478382 0.5053191489361702 0.5815899581589958 0.480718085106383 0.5833333333333334 0.4162234042553192 0.5843793584379359 0.31449468085106386 0.5788005578800558 0.2599734042553192 0.5578800557880056 0.2599734042553192 0.545676429567643 0.29188829787234044 0.5467224546722455 0.42819148936170215
11 0.6052998605299861 0.48271276595744683 0.6255230125523012 0.4966755319148936 0.6356345885634589 0.46875 0.6349372384937239 0.4142287234042553 0.641213389121339 0.27061170212765956 0.6136680613668062 0.2726063829787234 0.6080892608089261 0.3550531914893617 0.6073919107391911 0.4122340425531915
12 0.6366806136680614 0.47007978723404253 0.6450488145048815 0.5033244680851063 0.6698047419804742 0.5019946808510638 0.6879358437935844 0.4946808510638298 0.6889818688981869 0.46875 0.6861924686192469 0.43351063829787234 0.6834030683403068 0.40226063829787234 0.6889818688981869 0.32180851063829785 0.6760808926080892 0.3025265957446808 0.6513249651324965 0.3058510638297872 0.6384239888423989 0.34574468085106386 0.6349372384937239 0.42154255319148937
14 0.7301255230125523 0.45478723404255317 0.75697350069735 0.449468085106383 0.7733612273361228 0.46476063829787234 0.7723152022315202 0.40558510638297873 0.7695258019525802 0.293218085106383 0.7301255230125523 0.29188829787234044 0.7294281729428173 0.35106382978723405
1 0.5017433751743375 0.519281914893617 0.4860529986052999 0.53125 0.4797768479776848 0.5226063829787234 0.46513249651324967 0.5159574468085106 0.4686192468619247 0.47007978723404253 0.46338912133891214 0.3929521276595745 0.46338912133891214 0.3125 0.4905857740585774 0.3091755319148936 0.49267782426778245 0.4261968085106383 0.49267782426778245 0.4634308510638298
2 0.46338912133891214 0.5172872340425532 0.4410739191073919 0.5053191489361702 0.44595536959553694 0.45279255319148937 0.44595536959553694 0.3776595744680851 0.452231520223152 0.3058510638297872 0.46338912133891214 0.31648936170212766 0.46234309623430964 0.3916223404255319 0.46582984658298465 0.480718085106383
3 0.4410739191073919 0.5033244680851063 0.4208507670850767 0.5159574468085106 0.41457461645746163 0.49800531914893614 0.41562064156206413 0.4454787234042553 0.4117852161785216 0.2898936170212766 0.42747559274755925 0.28324468085106386 0.43654114365411434 0.3670212765957447 0.446652719665272 0.45478723404255317
4 0.41352859135285913 0.5 0.39609483960948394 0.5106382978723404 0.38702928870292885 0.488031914893617 0.3908647140864714 0.43683510638297873 0.39435146443514646 0.37566489361702127 0.3880753138075314 0.28856382978723405 0.41352859135285913 0.2898936170212766 0.41631799163179917 0.4441489361702128
5 0.3852859135285914 0.48936170212765956 0.3633193863319386 0.49268617021276595 0.36052998605299863 0.45611702127659576 0.36506276150627615 0.3776595744680851 0.3678521617852162 0.31117021276595747 0.3678521617852162 0.2759308510638298 0.38249651324965134 0.2759308510638298 0.38598326359832635 0.35305851063829785 0.3908647140864714 0.4421542553191489
6 0.3633193863319386 0.488031914893617 0.36052998605299863 0.5106382978723404 0.33856345885634587 0.5172872340425532 0.3190376569037657 0.5172872340425532 0.3138075313807531 0.49268617021276595 0.31555090655509066 0.4089095744680851 0.3183403068340307 0.3357712765957447 0.33298465829846585 0.3058510638297872 0.3493723849372385 0.32646276595744683 0.3577405857740586 0.37566489361702127 0.3594839609483961 0.45478723404255317
16 0.49825662482566246 0.5472074468085106 0.5181311018131102 0.5418882978723404 0.5163877266387726 0.6050531914893617 0.5129009762900977 0.7047872340425532 0.5062761506276151 0.7327127659574468 0.49267782426778245 0.6974734042553191 0.49442119944211993 0.6083776595744681
17 0.5191771269177127 0.5418882978723404 0.5292887029288703 0.5352393617021277 0.5411436541143654 0.5365691489361702 0.5449790794979079 0.5718085106382979 0.5404463040446305 0.6117021276595744 0.5376569037656904 0.6888297872340425 0.5292887029288703 0.757313829787234 0.5163877266387726 0.71875 0.5146443514644351 0.7027925531914894 0.5146443514644351 0.6017287234042553
18 0.5421896792189679 0.538563829787234 0.5529986052998606 0.5246010638297872 0.5613668061366807 0.5365691489361702 0.5770571827057183 0.5405585106382979 0.5760111576011158 0.5837765957446809 0.5777545327754533 0.680186170212766 0.5760111576011158 0.7553191489361702 0.5624128312412832 0.7539893617021277 0.547768479776848 0.6555851063829787 0.5404463040446305 0.6070478723404256
19 0.5760111576011158 0.5352393617021277 0.5861227336122734 0.5159574468085106 0.604602510460251 0.538563829787234 0.6063458856345886 0.5910904255319149 0.6080892608089261 0.6502659574468085 0.6101813110181311 0.7293882978723404 0.5917015341701534 0.6961436170212766 0.5777545327754533 0.5944148936170213
20 0.6035564853556485 0.538563829787234 0.6182008368200836 0.511968085106383 0.6377266387726639 0.5405585106382979 0.6467921896792189 0.5977393617021277 0.6422594142259415 0.6542553191489362 0.6377266387726639 0.7466755319148937 0.6119246861924686 0.7154255319148937 0.6073919107391911 0.6449468085106383 0.6063458856345886 0.589095744680851
22 0.6788702928870293 0.5438829787234043 0.6851464435146444 0.5246010638297872 0.7053695955369595 0.5159574468085106 0.7119944211994421 0.5086436170212766 0.7412831241283124 0.5738031914893617 0.7789400278940027 0.6542553191489362 0.75139470013947 0.6941489361702128 0.7255927475592747 0.7027925531914894 0.6997907949790795 0.6416223404255319 0.6816596931659693 0.5771276595744681
23 0.7109483960948396 0.5053191489361702 0.7329149232914923 0.4787234042553192 0.74860529986053 0.4787234042553192 0.7723152022315202 0.46675531914893614 0.7946304044630405 0.5545212765957447 0.8110181311018131 0.5997340425531915 0.7880055788005579 0.6382978723404256 0.7531380753138075 0.5997340425531915 0.7412831241283124 0.5738031914893617
24 0.49721059972105996 0.5472074468085106 0.4780334728033473 0.5452127659574468 0.4769874476987448 0.6050531914893617 0.47594142259414224 0.6961436170212766 0.4808228730822873 0.7081117021276596 0.4905857740585774 0.6662234042553191 0.49616457461645747 0.5997340425531915
25 0.4769874476987448 0.5452127659574468 0.4511854951185495 0.538563829787234 0.4504881450488145 0.5837765957446809 0.45327754532775455 0.6309840425531915 0.449442119944212 0.7154255319148937 0.4511854951185495 0.7433510638297872 0.46338912133891214 0.6941489361702128 0.4696652719665272 0.6243351063829787 0.47419804741980476 0.5824468085106383
26 0.45327754532775455 0.5352393617021277 0.42573221757322177 0.5332446808510638 0.4208507670850767 0.5804521276595744 0.4208507670850767 0.6449468085106383 0.4191073919107392 0.7253989361702128 0.41841004184100417 0.7639627659574468 0.4330543933054393 0.7134308510638298 0.44490934449093444 0.6363031914893617 0.4511854951185495 0.5824468085106383
27 0.4201534170153417 0.5525265957446809 0.4117852161785216 0.53125 0.3936541143654114 0.5332446808510638 0.3915620641562064 0.569813829787234 0.39609483960948394 0.6136968085106383 0.39609483960948394 0.6888297872340425 0.3971408647140865 0.75 0.4082984658298466 0.7027925531914894 0.4208507670850767 0.6382978723404256 0.4208507670850767 0.5804521276595744
28 0.39539748953974896 0.5332446808510638 0.3797071129707113 0.5299202127659575 0.3633193863319386 0.53125 0.36052998605299863 0.5924202127659575 0.36610878661087864 0.629654255319149 0.36506276150627615 0.7047872340425532 0.36610878661087864 0.7413563829787234 0.3797071129707113 0.7027925531914894 0.38702928870292885 0.6469414893617021 0.3915620641562064 0.5718085106382979
30 0.32566248256624825 0.5438829787234043 0.32566248256624825 0.5804521276595744 0.3099721059972106 0.6117021276595744 0.28626220362622035 0.6974734042553191 0.2660390516039052 0.7014627659574468 0.2503486750348675 0.680186170212766 0.24476987447698745 0.660904255319149 0.25871687587168757 0.6030585106382979 0.2716178521617852 0.550531914893617 0.2834728033472803 0.507313829787234
31 0.2824267782426778 0.5033244680851063 0.2419804741980474 0.4634308510638298 0.2290794979079498 0.4787234042553192 0.22280334728033474 0.5259308510638298 0.21164574616457463 0.5857712765957447 0.200836820083682 0.6256648936170213 0.23291492329149233 0.6542553191489362 0.25592747559274753 0.6030585106382979 0.26778242677824265 0.550531914893617