0 0.49232914923291493 0.5113031914893617 0.5024407252440726 0.5172872340425532 0.5108089260808926 0.5139627659574468 0.5139470013947002 0.45478723404255317 0.5167364016736402 0.2925531914893617 0.49407252440725247 0.29521276595744683 0.4919804741980474 0.35970744680851063 0.49128312412831243 0.43351063829787234 0.4909344490934449 0.456781914893617 0.4909344490934449 0.5006648936170213
1 0.4696652719665272 0.4773936170212766 0.47315202231520226 0.5006648936170213 0.4794281729428173 0.5053191489361702 0.4888423988842399 0.5053191489361702 0.4909344490934449 0.48138297872340424 0.4891910739191074 0.42353723404255317 0.4930264993026499 0.3550531914893617 0.4909344490934449 0.29055851063829785 0.4710599721059972 0.29055851063829785 0.47594142259414224 0.324468085106383 0.4755927475592748 0.37101063829787234 0.4735006973500697 0.41688829787234044
2 0.4490934449093445 0.2992021276595745 0.47175732217573224 0.2992021276595745 0.47419804741980476 0.4035904255319149 0.46827057182705717 0.488031914893617 0.46443514644351463 0.49933510638297873 0.45676429567642957 0.49933510638297873 0.449442119944212 0.4747340425531915 0.446652719665272 0.45279255319148937 0.4497907949790795 0.425531914893617 0.44839609483960946 0.3570478723404255 0.44525801952580196 0.31117021276595747
3 0.4309623430962343 0.49268617021276595 0.44037656903765693 0.5013297872340425 0.44630404463040446 0.48470744680851063 0.4525801952580195 0.4933510638297872 0.45676429567642957 0.46143617021276595 0.4511854951185495 0.4242021276595745 0.4431659693165969 0.29521276595744683 0.4187587168758717 0.2958776595744681 0.4191073919107392 0.33444148936170215 0.42503486750348674 0.3849734042553192 0.4281729428172943 0.43351063829787234 0.4281729428172943 0.4767287234042553
4 0.4062064156206416 0.4900265957446808 0.4201534170153417 0.5006648936170213 0.4302649930264993 0.4886968085106383 0.43235704323570434 0.4634308510638298 0.4187587168758717 0.3490691489361702 0.41422594142259417 0.3025265957446808 0.39400278940027894 0.3045212765957447 0.3887726638772664 0.31382978723404253 0.3992329149232915 0.3503989361702128 0.4027196652719665 0.40492021276595747 0.40550906555090654 0.43949468085106386 0.4076011157601116 0.4660904255319149
5 0.36436541143654116 0.48603723404255317 0.37482566248256627 0.49069148936170215 0.38145048814504884 0.48603723404255317 0.3901673640167364 0.4920212765957447 0.40481171548117156 0.4853723404255319 0.40585774058577406 0.4474734042553192 0.39609483960948394 0.32978723404255317 0.3915620641562064 0.3011968085106383 0.3723849372384937 0.3011968085106383 0.3682008368200837 0.3351063829787234 0.36436541143654116 0.41023936170212766 0.3647140864714086 0.4375 0.3612273361227336 0.47074468085106386
6 0.3274058577405858 0.4753989361702128 0.34205020920502094 0.488031914893617 0.35495118549511856 0.48271276595744683 0.3594839609483961 0.4753989361702128 0.3612273361227336 0.43882978723404253 0.36610878661087864 0.38231382978723405 0.3633193863319386 0.31183510638297873 0.3598326359832636 0.2712765957446808 0.3389121338912134 0.2726063829787234 0.33298465829846585 0.31117021276595747 0.3308926080892608 0.3663563829787234 0.3263598326359833 0.4015957446808511 0.3169456066945607 0.42819148936170215 0.31415620641562064 0.44680851063829785 0.31520223152022314 0.46742021276595747 0.31624825662482564 0.47805851063829785
7 0.29497907949790797 0.4195478723404255 0.3002092050209205 0.4261968085106383 0.30578800557880054 0.42486702127659576 0.31415620641562064 0.4275265957446808 0.32566248256624825 0.4089095744680851 0.3284518828451883 0.39029255319148937 0.3197350069735007 0.3636968085106383 0.28626220362622035 0.2559840425531915 0.2698744769874477 0.2679521276595745 0.28521617852161785 0.3523936170212766 0.2897489539748954 0.39095744680851063 0.2907949790794979 0.4128989361702128
8 0.5177824267782427 0.5152925531914894 0.5153417015341701 0.46875 0.5167364016736402 0.2978723404255319 0.5355648535564853 0.3058510638297872 0.5387029288702929 0.3809840425531915 0.5387029288702929 0.449468085106383 0.5404463040446305 0.49268617021276595 0.5383542538354253 0.5126329787234043
9 0.5425383542538355 0.5 0.5516039051603905 0.507313829787234 0.556136680613668 0.5053191489361702 0.5606694560669456 0.48271276595744683 0.5610181311018131 0.44481382978723405 0.5606694560669456 0.300531914893617 0.5394002789400278 0.2978723404255319 0.5366108786610879 0.35106382978723405 0.5404463040446305 0.4348404255319149 0.5404463040446305 0.4913563829787234
10 0.5620641562064156 0.4740691489361702 0.5679916317991632 0.5066489361702128 0.5774058577405857 0.5 0.5833333333333334 0.46875 0.5836820083682008 0.2992021276595745 0.5610181311018131 0.300531914893617 0.558228730822873 0.37300531914893614 0.560320781032078 0.4434840425531915
11 0.5781032078103208 0.49933510638297873 0.5878661087866108 0.4913563829787234 0.5917015341701534 0.5106382978723404 0.6035564853556485 0.4953457446808511 0.6115760111576011 0.29720744680851063 0.5875174337517434 0.2978723404255319 0.5843793584379359 0.3470744680851064 0.5847280334728033 0.41888297872340424 0.5819386331938633 0.4640957446808511
12 0.600418410041841 0.4933510638297872 0.6052998605299861 0.43882978723404253 0.6129707112970711 0.3178191489361702 0.6150627615062761 0.29986702127659576 0.6335425383542538 0.2978723404255319 0.6380753138075314 0.31382978723404253 0.6311018131101813 0.3776595744680851 0.6283124128312413 0.44481382978723405 0.6265690376569037 0.4886968085106383 0.6195955369595537 0.5033244680851063 0.6112273361227336 0.5039893617021277 0.6063458856345886 0.49601063829787234 0.604602510460251 0.49601063829787234
13 0.6276150627615062 0.4900265957446808 0.646094839609484 0.5006648936170213 0.6513249651324965 0.4913563829787234 0.6621338912133892 0.4953457446808511 0.6698047419804742 0.4920212765957447 0.6729428172942817 0.4734042553191489 0.6718967921896792 0.3011968085106383 0.6426080892608089 0.3025265957446808 0.6349372384937239 0.34175531914893614 0.6304044630404463 0.3962765957446808 0.6297071129707112 0.4341755319148936
14 0.6746861924686193 0.48138297872340424 0.6875871687587168 0.5013297872340425 0.7067642956764296 0.488031914893617 0.7158298465829847 0.4886968085106383 0.7182705718270572 0.4621010638297872 0.7119944211994421 0.4175531914893617 0.7140864714086471 0.30186170212765956 0.6767782426778243 0.30319148936170215 0.6732914923291492 0.34507978723404253 0.6760808926080892 0.41356382978723405 0.6746861924686193 0.4441489361702128
15 0.7200139470013946 0.46941489361702127 0.7304741980474198 0.4940159574468085 0.7381450488145049 0.49867021276595747 0.7482566248256625 0.46808510638297873 0.7566248256624826 0.4634308510638298 0.7594142259414226 0.45013297872340424 0.7566248256624826 0.4275265957446808 0.7440725244072525 0.39228723404255317 0.7440725244072525 0.31316489361702127 0.7137377963737797 0.3184840425531915 0.7081589958158996 0.37699468085106386 0.7137377963737797 0.42154255319148937 0.7172245467224547 0.4488031914893617
16 0.5233612273361228 0.5571808510638298 0.5376569037656904 0.5558510638297872 0.5411436541143654 0.7566489361702128 0.5240585774058577 0.7579787234042553 0.5230125523012552 0.6429521276595744 0.5219665271966527 0.6050531914893617
17 0.5425383542538355 0.5492021276595744 0.5557880055788006 0.5478723404255319 0.5578800557880056 0.6349734042553191 0.5617154811715481 0.75 0.5421896792189679 0.7586436170212766 0.5407949790794979 0.6402925531914894 0.5387029288702929 0.5704787234042553
18 0.5620641562064156 0.5325797872340425 0.5700836820083682 0.5325797872340425 0.5767085076708508 0.5458776595744681 0.5760111576011158 0.5684840425531915 0.5822873082287309 0.5944148936170213 0.6007670850767085 0.7579787234042553 0.5735704323570432 0.7606382978723404 0.5596234309623431 0.6708776595744681 0.5557880055788006 0.5964095744680851 0.5564853556485355 0.5392287234042553
19 0.5833333333333334 0.5305851063829787 0.5781032078103208 0.5465425531914894 0.5746164574616457 0.5718085106382979 0.5829846582984658 0.5997340425531915 0.599721059972106 0.7559840425531915 0.6262203626220363 0.754654255319149 0.6084379358437936 0.6376329787234043 0.6021617852161785 0.5764627659574468 0.5979776847977685 0.5339095744680851
20 0.6056485355648535 0.5259308510638298 0.5965829846582985 0.543218085106383 0.6007670850767085 0.5771276595744681 0.6056485355648535 0.5857712765957447 0.6063458856345886 0.601063829787234 0.6269177126917713 0.7460106382978723 0.6467921896792189 0.7466755319148937 0.6338912133891214 0.644281914893617 0.6269177126917713 0.5711436170212766 0.6269177126917713 0.535904255319149
21 0.6279637377963738 0.5199468085106383 0.6492329149232915 0.5279255319148937 0.6555090655509066 0.5226063829787234 0.6753835425383543 0.5212765957446809 0.6959553695955369 0.738031914893617 0.6555090655509066 0.7480053191489362 0.6405160390516039 0.6575797872340425 0.6328451882845189 0.5857712765957447 0.6290097629009763 0.5585106382978723
22 0.6820083682008368 0.5186170212765957 0.6889818688981869 0.5113031914893617 0.6976987447698745 0.5186170212765957 0.7053695955369595 0.5039893617021277 0.7217573221757322 0.5086436170212766 0.7287308228730823 0.5226063829787234 0.7255927475592747 0.5305851063829787 0.754881450488145 0.7014627659574468 0.7102510460251046 0.7220744680851063 0.6872384937238494 0.605718085106383 0.6830543933054394 0.5684840425531915 0.6774755927475593 0.5498670212765957 0.6715481171548117 0.5332446808510638
24 0.5038354253835425 0.555186170212766 0.5209205020920502 0.5518617021276596 0.5230125523012552 0.773936170212766 0.5055788005578801 0.7732712765957447 0.50697350069735 0.6668882978723404 0.504881450488145 0.6070478723404256
25 0.4870990237099024 0.5518617021276596 0.5031380753138075 0.555186170212766 0.5055788005578801 0.7726063829787234 0.4804741980474198 0.769281914893617 0.4905857740585774 0.6602393617021277 0.4850069735006973 0.5904255319148937
26 0.4696652719665272 0.5352393617021277 0.4783821478382148 0.5339095744680851 0.4829149232914923 0.5492021276595744 0.48535564853556484 0.6163563829787234 0.4811715481171548 0.7659574468085106 0.449442119944212 0.769281914893617 0.453626220362622 0.7280585106382979 0.45676429567642957 0.660904255319149 0.4585076708507671 0.6097074468085106 0.46373779637377965 0.5930851063829787 0.46338912133891214 0.5558510638297872
27 0.4504881450488145 0.5325797872340425 0.44037656903765693 0.5412234042553191 0.4435146443514644 0.5837765957446809 0.42503486750348674 0.7360372340425532 0.4393305439330544 0.7486702127659575 0.4560669456066946 0.6575797872340425 0.4609483960948396 0.5990691489361702 0.4665271966527197 0.5751329787234043 0.4679218967921897 0.5525265957446809 0.46234309623430964 0.5345744680851063
28 0.4306136680613668 0.5246010638297872 0.4215481171548117 0.5279255319148937 0.41701534170153415 0.5485372340425532 0.41701534170153415 0.5704787234042553 0.40481171548117156 0.723404255319149 0.42642956764295675 0.7393617021276596 0.4407252440725244 0.617686170212766 0.4410739191073919 0.5651595744680851 0.4445606694560669 0.5352393617021277 0.4424686192468619 0.5292553191489362
29 0.38249651324965134 0.519281914893617 0.3978382147838215 0.5172872340425532 0.4100418410041841 0.5166223404255319 0.4205020920502092 0.526595744680851 0.4205020920502092 0.5472074468085106 0.4117852161785216 0.6156914893617021 0.38842398884239887 0.7347074468085106 0.3423988842398884 0.7047872340425532 0.35669456066945604 0.6449468085106383 0.36715481171548114 0.5804521276595744 0.3713389121338912 0.5684840425531915 0.37343096234309625 0.5398936170212766 0.3737796373779637 0.5172872340425532
30 0.3298465829846583 0.504654255319149 0.3389121338912134 0.5026595744680851 0.348326359832636 0.5059840425531915 0.3507670850767085 0.5126329787234043 0.36854951185495116 0.5199468085106383 0.3723849372384937 0.5292553191489362 0.37343096234309625 0.5492021276595744 0.3183403068340307 0.7121010638297872 0.2744072524407252 0.6702127659574468 0.30404463040446306 0.5804521276595744 0.3190376569037657 0.5518617021276596 0.3207810320781032 0.5272606382978723
31 0.28626220362622035 0.46742021276595747 0.3284518828451883 0.49867021276595747 0.3274058577405858 0.5199468085106383 0.26673640167364016 0.6555851063829787 0.23256624825662484 0.5930851063829787 0.2684797768479777 0.5159574468085106 0.27719665271966526 0.4740691489361702