0 0.4910220994475138 0.2674772036474164 0.4930939226519337 0.46580547112462006 0.493439226519337 0.5326747720364742 0.4654696132596685 0.53419452887538 0.4613259668508287 0.5167173252279635 0.46650552486187846 0.45364741641337386 0.4675414364640884 0.26595744680851063
1 0.4675414364640884 0.26367781155015196 0.4647790055248619 0.4635258358662614 0.46029005524861877 0.5288753799392097 0.4416436464088398 0.5113981762917933 0.44060773480662985 0.4764437689969605 0.44337016574585636 0.45364741641337386 0.444060773480663 0.42401215805471126 0.4564917127071823 0.2629179331306991
2 0.4516574585635359 0.24012158054711247 0.44337016574585636 0.425531914893617 0.44267955801104975 0.46656534954407297 0.43715469613259667 0.5129179331306991 0.4257596685082873 0.5159574468085106 0.4171270718232044 0.48556231003039513 0.4157458563535912 0.45592705167173253 0.42955801104972374 0.2454407294832827
3 0.4350828729281768 0.24012158054711247 0.4261049723756906 0.385258358662614 0.42955801104972374 0.44072948328267475 0.4264502762430939 0.48024316109422494 0.4219613259668508 0.5037993920972644 0.41263812154696133 0.506838905775076 0.4036602209944751 0.5053191489361702 0.3981353591160221 0.4969604863221885 0.39433701657458564 0.48556231003039513 0.39433701657458564 0.43465045592705165 0.4102209944751381 0.2439209726443769
4 0.3777624309392265 0.2530395136778115 0.37672651933701656 0.4764437689969605 0.387085635359116 0.49772036474164133 0.4022790055248619 0.4969604863221885 0.412292817679558 0.47796352583586627 0.41125690607734805 0.43237082066869303 0.40918508287292815 0.23328267477203649 0.3763812154696133 0.23632218844984804
5 0.3777624309392265 0.24316109422492402 0.37810773480662985 0.4194528875379939 0.3777624309392265 0.4878419452887538 0.35013812154696133 0.49164133738601823 0.33667127071823205 0.4726443768996961 0.33598066298342544 0.4490881458966565 0.3511740331491713 0.24696048632218845
6 0.3411602209944751 0.24924012158054712 0.3404696132596685 0.40197568389057753 0.33459944751381215 0.4688449848024316 0.31767955801104975 0.47720364741641336 0.30248618784530384 0.46580547112462006 0.29661602209944754 0.4278115501519757 0.29937845303867405 0.3974164133738602 0.3052486187845304 0.364741641337386 0.3145718232044199 0.24924012158054712
7 0.27658839779005523 0.22948328267477203 0.27279005524861877 0.32142857142857145 0.2513812154696133 0.40577507598784196 0.27417127071823205 0.44756838905775076 0.29040055248618785 0.4490881458966565 0.29661602209944754 0.4369300911854103 0.30455801104972374 0.4148936170212766 0.3080110497237569 0.3951367781155015 0.3080110497237569 0.3525835866261398 0.3049033149171271 0.3168693009118541 0.30662983425414364 0.23024316109422494
8 0.494475138121547 0.27279635258358664 0.494475138121547 0.4688449848024316 0.493439226519337 0.5357142857142857 0.511049723756906 0.5349544072948328 0.5290055248618785 0.5227963525835866 0.5255524861878453 0.4764437689969605 0.5145027624309392 0.2682370820668693
9 0.5158839779005525 0.2629179331306991 0.5258977900552486 0.4764437689969605 0.5258977900552486 0.5113981762917933 0.5317679558011049 0.5227963525835866 0.5390193370165746 0.5212765957446809 0.544889502762431 0.5144376899696048 0.5497237569060773 0.5 0.5483425414364641 0.4726443768996961 0.5466160220994475 0.4513677811550152 0.5369475138121547 0.25987841945288753
10 0.5407458563535912 0.2682370820668693 0.5469613259668509 0.44984802431610943 0.5483425414364641 0.4848024316109423 0.5562845303867403 0.5227963525835866 0.5642265193370166 0.5303951367781155 0.5707872928176796 0.5129179331306991 0.5732044198895028 0.4939209726443769 0.5714779005524862 0.42325227963525835 0.5687154696132597 0.34422492401215804 0.5562845303867403 0.27203647416413373
11 0.5618093922651933 0.2773556231003039 0.5687154696132597 0.3533434650455927 0.5714779005524862 0.44376899696048633 0.5714779005524862 0.4969604863221885 0.5728591160220995 0.5037993920972644 0.5790745856353591 0.5167173252279635 0.5832182320441989 0.5212765957446809 0.5925414364640884 0.5227963525835866 0.5959944751381215 0.5106382978723404 0.5984116022099447 0.49240121580547114 0.5980662983425414 0.4399696048632219 0.5956491712707183 0.39969604863221886 0.5787292817679558 0.2712765957446808
13 0.6246546961325967 0.27583586626139817 0.6205110497237569 0.36930091185410335 0.6208563535911602 0.41793313069908816 0.6201657458563536 0.4430091185410334 0.6201657458563536 0.45896656534954405 0.6246546961325967 0.47796352583586627 0.6267265193370166 0.48936170212765956 0.6353591160220995 0.506838905775076 0.6484806629834254 0.5106382978723404 0.6605662983425414 0.5 0.6660911602209945 0.4817629179331307 0.6616022099447514 0.44376899696048633 0.6591850828729282 0.39969604863221886 0.6619475138121547 0.3677811550151976 0.6671270718232044 0.29027355623100304
14 0.6681629834254144 0.256838905775076 0.6650552486187845 0.35030395136778114 0.6588397790055248 0.39285714285714285 0.6584944751381215 0.41641337386018235 0.6616022099447514 0.44376899696048633 0.6685082872928176 0.4749240121580547 0.6761049723756906 0.47720364741641336 0.6888812154696132 0.4749240121580547 0.6975138121546961 0.4612462006079027 0.7037292817679558 0.4369300911854103 0.700621546961326 0.4088145896656535 0.6999309392265194 0.3723404255319149 0.7009668508287292 0.32978723404255317 0.7030386740331491 0.2629179331306991
15 0.705110497237569 0.25835866261398177 0.7023480662983426 0.37537993920972645 0.7026933701657458 0.4338905775075988 0.7092541436464088 0.4734042553191489 0.7254834254143646 0.4703647416413374 0.7354972375690608 0.4566869300911854 0.7413674033149171 0.43541033434650456 0.7396408839779005 0.3966565349544073 0.7427486187845304 0.2765957446808511
16 0.49482044198895025 0.5569908814589666 0.49965469613259667 0.7720364741641338 0.5214088397790055 0.7621580547112462 0.5179558011049724 0.5904255319148937 0.5162292817679558 0.5547112462006079
17 0.5165745856353591 0.5531914893617021 0.5162292817679558 0.6162613981762918 0.5224447513812155 0.7955927051671733 0.5462707182320442 0.7864741641337386 0.5376381215469613 0.601823708206687 0.538328729281768 0.5592705167173252
18 0.5431629834254144 0.5448328267477204 0.5362569060773481 0.5668693009118541 0.5386740331491713 0.60790273556231 0.5517955801104972 0.810790273556231 0.5728591160220995 0.8001519756838906 0.5656077348066298 0.6268996960486323 0.56353591160221 0.6094224924012158 0.5604281767955801 0.5911854103343465 0.5597375690607734 0.5843465045592705 0.5604281767955801 0.5661094224924013 0.5611187845303868 0.5547112462006079 0.5580110497237569 0.5448328267477204 0.551450276243094 0.5425531914893617
19 0.5714779005524862 0.5577507598784195 0.5604281767955801 0.5737082066869301 0.5600828729281768 0.5995440729483282 0.5618093922651933 0.6132218844984803 0.5645718232044199 0.6322188449848024 0.5794198895027625 0.7933130699088146 0.5987569060773481 0.7796352583586627 0.5915055248618785 0.6101823708206687 0.5901243093922652 0.5843465045592705 0.5849447513812155 0.5577507598784195 0.5766574585635359 0.5547112462006079
21 0.6208563535911602 0.5243161094224924 0.6077348066298343 0.540273556231003 0.6080801104972375 0.5699088145896657 0.6174033149171271 0.6094224924012158 0.625 0.6519756838905775 0.6474447513812155 0.7788753799392097 0.6957872928176796 0.7203647416413373 0.6647099447513812 0.5866261398176292 0.6584944751381215 0.5463525835866262 0.6529696132596685 0.5281155015197568 0.6412292817679558 0.5182370820668692 0.6301795580110497 0.520516717325228
22 0.6799033149171271 0.5037993920972644 0.6605662983425414 0.5098784194528876 0.6571132596685083 0.5243161094224924 0.6591850828729282 0.5478723404255319 0.6640193370165746 0.5797872340425532 0.6705801104972375 0.6147416413373861 0.7171961325966851 0.7340425531914894 0.7513812154696132 0.6838905775075987 0.7223756906077348 0.5683890577507599 0.7137430939226519 0.5045592705167173 0.6975138121546961 0.48328267477203646 0.6857734806629834 0.49012158054711247
24 0.4937845303867403 0.5562310030395137 0.50103591160221 0.7864741641337386 0.480317679558011 0.7849544072948328 0.474792817679558 0.6139817629179332 0.47306629834254144 0.5592705167173252
25 0.47306629834254144 0.5539513677811551 0.47582872928176795 0.6208206686930091 0.4837707182320442 0.7864741641337386 0.4654696132596685 0.7933130699088146 0.45338397790055246 0.6208206686930091 0.45027624309392267 0.6048632218844985 0.4492403314917127 0.5851063829787234 0.449585635359116 0.5737082066869301 0.45234806629834257 0.560790273556231
26 0.4468232044198895 0.5486322188449848 0.4544198895027624 0.5965045592705167 0.456146408839779 0.6139817629179332 0.45407458563535913 0.6268996960486323 0.4564917127071823 0.78419452887538 0.4281767955801105 0.7849544072948328 0.42230662983425415 0.6132218844984803 0.42955801104972374 0.5509118541033434
27 0.4116022099447514 0.5440729483282675 0.4236878453038674 0.5721884498480243 0.42437845303867405 0.601823708206687 0.4299033149171271 0.8031914893617021 0.4046961325966851 0.8009118541033434 0.39157458563535913 0.6185410334346505 0.387085635359116 0.5949848024316109 0.387085635359116 0.5820668693009119 0.38950276243093923 0.5653495440729484 0.3974447513812155 0.5463525835866262 0.4036602209944751 0.5417933130699089
28 0.3846685082872928 0.5372340425531915 0.3743093922651934 0.540273556231003 0.362914364640884 0.5524316109422492 0.3611878453038674 0.560790273556231 0.36049723756906077 0.5858662613981763 0.3411602209944751 0.7537993920972644 0.3725828729281768 0.7651975683890577 0.39088397790055246 0.6063829787234043 0.39502762430939226 0.5820668693009119 0.3960635359116022 0.5569908814589666 0.3912292817679558 0.5349544072948328
29 0.34668508287292815 0.5098784194528876 0.3308011049723757 0.5037993920972644 0.32044198895027626 0.520516717325228 0.3131906077348066 0.5433130699088146 0.2703729281767956 0.708966565349544 0.3194060773480663 0.7386018237082067 0.36187845303867405 0.5889057750759878 0.36636740331491713 0.5524316109422492 0.36982044198895025 0.5303951367781155 0.35566298342541436 0.5129179331306991
30 0.30662983425414364 0.48556231003039513 0.2800414364640884 0.4612462006079027 0.26450276243093923 0.48556231003039513 0.24274861878453038 0.53419452887538 0.21961325966850828 0.6306990881458967 0.27071823204419887 0.6717325227963525 0.3080110497237569 0.5729483282674772 0.31767955801104975 0.5417933130699089 0.32251381215469616 0.5167173252279635 0.3152624309392265 0.4939209726443769