8 0.49326145552560646 0.5645896656534954 0.4939353099730458 0.5258358662613982 0.49528301886792453 0.49620060790273557 0.5003369272237197 0.33358662613981765 0.519878706199461 0.3343465045592705 0.5225741239892183 0.4635258358662614 0.5245956873315364 0.5585106382978723 0.522911051212938 0.5645896656534954 0.5067385444743935 0.5668693009118541
9 0.5245956873315364 0.33814589665653494 0.5495283018867925 0.33966565349544076 0.543800539083558 0.4452887537993921 0.545822102425876 0.5098784194528876 0.5454851752021563 0.540273556231003 0.5417789757412399 0.5493920972644377 0.5316711590296496 0.5448328267477204 0.5272911051212938 0.5509118541033434 0.5242587601078167 0.541033434650456 0.5212264150943396 0.43541033434650456
10 0.5522237196765498 0.3434650455927052 0.5717654986522911 0.34422492401215804 0.5710916442048517 0.4939209726443769 0.5700808625336927 0.5478723404255319 0.5643530997304582 0.5638297872340425 0.5549191374663073 0.5638297872340425 0.5481805929919138 0.5395136778115501 0.543800539083558 0.49544072948328266 0.5431266846361186 0.4194528875379939
11 0.5630053908355795 0.5524316109422492 0.5566037735849056 0.5098784194528876 0.5609838274932615 0.47188449848024316 0.568733153638814 0.3495440729483283 0.5865902964959568 0.3525835866261398 0.5909703504043127 0.44452887537993924 0.5946765498652291 0.5478723404255319 0.5876010781671159 0.560790273556231 0.5785040431266847 0.5539513677811551 0.5758086253369272 0.540273556231003
12 0.5933288409703504 0.5501519756838906 0.5865902964959568 0.5303951367781155 0.5879380053908356 0.3411854103343465 0.6108490566037735 0.3427051671732523 0.6172506738544474 0.5379939209726444 0.6078167115902965 0.5509118541033434 0.6014150943396226 0.5425531914893617
13 0.6159029649595688 0.34422492401215804 0.6132075471698113 0.44756838905775076 0.6068059299191375 0.493161094224924 0.6155660377358491 0.541033434650456 0.6303908355795148 0.5334346504559271 0.6506064690026954 0.5174772036474165 0.6354447439353099 0.34422492401215804
14 0.6431940700808625 0.33358662613981765 0.668800539083558 0.3183890577507599 0.681266846361186 0.493161094224924 0.6684636118598383 0.5159574468085106 0.6610512129380054 0.5197568389057751 0.6536388140161725 0.5159574468085106 0.6495956873315364 0.5151975683890577
15 0.6809299191374663 0.31155015197568386 0.6634097035040432 0.3366261398176292 0.6842991913746631 0.4726443768996961 0.6907008086253369 0.4870820668693009 0.6957547169811321 0.4878419452887538 0.7014824797843666 0.49164133738601823 0.7099056603773585 0.4635258358662614 0.7149595687331537 0.439209726443769 0.7109164420485176 0.4148936170212766 0.7092318059299192 0.41185410334346506
0 0.466644204851752 0.3305471124620061 0.49663072776280326 0.33586626139817627 0.49359838274932616 0.5638297872340425 0.4642857142857143 0.5623100303951368 0.4673180592991914 0.520516717325228 0.4693396226415094 0.46200607902735563
1 0.4467654986522911 0.3305471124620061 0.4696765498652291 0.3305471124620061 0.46900269541778977 0.49544072948328266 0.46597035040431267 0.5562310030395137 0.4450808625336927 0.5623100303951368 0.44272237196765496 0.5531914893617021 0.4410377358490566 0.5083586626139818 0.4467654986522911 0.3411854103343465 0.4467654986522911 0.3373860182370821
2 0.42082210242587603 0.324468085106383 0.4474393530997305 0.32674772036474165 0.4420485175202156 0.5509118541033434 0.4369946091644205 0.5721884498480243 0.4305929919137466 0.5759878419452887 0.42284366576819404 0.5653495440729484 0.4194743935309973 0.5661094224924013 0.4181266846361186 0.5531914893617021
3 0.4022911051212938 0.324468085106383 0.42587601078167114 0.32750759878419455 0.433288409703504 0.4969604863221885 0.4295822102425876 0.5531914893617021 0.4211590296495957 0.5569908814589666 0.41778975741239893 0.5440729483282675 0.40902964959568733 0.5668693009118541 0.4033018867924528 0.5638297872340425 0.3992587601078167 0.5357142857142857 0.40397574123989216 0.4521276595744681
4 0.37331536388140163 0.31762917933130697 0.4033018867924528 0.3252279635258359 0.4080188679245283 0.5311550151975684 0.40128032345013476 0.5569908814589666 0.39622641509433965 0.5585106382978723 0.39252021563342315 0.5524316109422492 0.38982479784366575 0.5600303951367781 0.38712938005390835 0.5623100303951368 0.38274932614555257 0.5615501519756839 0.37702156334231807 0.5562310030395137 0.37432614555256066 0.540273556231003 0.37870619946091644 0.4817629179331307
5 0.34097035040431267 0.3252279635258359 0.37331536388140163 0.32750759878419455 0.3807277628032345 0.5091185410334347 0.37836927223719674 0.5349544072948328 0.3696091644204852 0.5463525835866262 0.3615229110512129 0.547112462006079 0.35747978436657685 0.5440729483282675 0.3554582210242588 0.5364741641337386 0.35411051212938005 0.5349544072948328 0.352088948787062 0.540273556231003 0.34838274932614555 0.5417933130699089 0.34568733153638814 0.5425531914893617 0.3443396226415094 0.5425531914893617 0.34130727762803237 0.5395136778115501 0.33692722371967654 0.5303951367781155 0.33692722371967654 0.5281155015197568 0.33692722371967654 0.5220364741641338 0.33692722371967654 0.5121580547112462 0.3365902964959569 0.5015197568389058 0.3359164420485175 0.49164133738601823 0.33692722371967654 0.48024316109422494 0.33827493261455527 0.4734042553191489 0.34029649595687333 0.46656534954407297 0.340633423180593 0.45364741641337386 0.34097035040431267 0.44148936170212766 0.34097035040431267 0.43009118541033436 0.33995956873315364 0.4217325227963526 0.33827493261455527 0.3898176291793313 0.33793800539083557 0.3776595744680851 0.33793800539083557 0.3670212765957447 0.34029649595687333 0.3525835866261398 0.34299191374663074 0.3290273556231003
6 0.316711590296496 0.3183890577507599 0.34130727762803237 0.3282674772036474 0.3359164420485175 0.4034954407294833 0.33726415094339623 0.42857142857142855 0.3376010781671159 0.43844984802431614 0.33793800539083557 0.4506079027355623 0.3389487870619946 0.46808510638297873 0.3328840970350404 0.5319148936170213 0.32681940700808626 0.5303951367781155 0.316711590296496 0.5326747720364742 0.3103099730458221 0.526595744680851 0.30997304582210244 0.5227963525835866 0.30727762803234504 0.5197568389057751 0.30727762803234504 0.5083586626139818 0.306266846361186 0.5 0.3022237196765499 0.49848024316109424 0.3025606469002695 0.45440729483282677
7 0.29514824797843664 0.29711246200607905 0.31570080862533695 0.3191489361702128 0.30121293800539084 0.45364741641337386 0.29952830188679247 0.48024316109422494 0.2931266846361186 0.49544072948328266 0.2873989218328841 0.49772036474164133 0.284366576819407 0.49772036474164133 0.2786388140161725 0.5007598784194529 0.2749326145552561 0.5007598784194529 0.2742587601078167 0.49240121580547114 0.271900269541779 0.4870820668693009 0.2742587601078167 0.47796352583586627 0.2745956873315364 0.46808510638297873 0.2715633423180593 0.4566869300911854 0.2702156334231806 0.4490881458966565 0.2698787061994609 0.43617021276595747 0.27055256064690025 0.42401215805471126 0.2742587601078167 0.4148936170212766 0.2749326145552561 0.41033434650455924 0.27695417789757415 0.40577507598784196 0.2786388140161725 0.3981762917933131 0.28099730458221023 0.39209726443769 0.2826819407008086 0.3822188449848024 0.28402964959568733 0.36854103343465044 0.28470350404312667 0.36246200607902734 0.2863881401617251 0.3556231003039514 0.28942048517520214 0.34422492401215804 0.29043126684636117 0.33358662613981765 0.29278975741239893 0.324468085106383 0.294811320754717 0.3161094224924012
16 0.49225067385444743 0.5600303951367781 0.5067385444743935 0.5592705167173252 0.5087601078167115 0.6117021276595744 0.5070754716981132 0.756079027355623 0.49326145552560646 0.756838905775076 0.49595687331536387 0.648176291793313 0.49292452830188677 0.60790273556231 0.4915768194070081 0.5729483282674772
17 0.508423180592992 0.5554711246200608 0.5299865229110512 0.5577507598784195 0.5306603773584906 0.5866261398176292 0.5249326145552561 0.7674772036474165 0.5080862533692723 0.7606382978723404 0.5138140161725068 0.64209726443769 0.508423180592992 0.5927051671732523
18 0.5347035040431267 0.5509118541033434 0.5272911051212938 0.5630699088145896 0.5259433962264151 0.7712765957446809 0.546832884097035 0.7712765957446809 0.5508760107816711 0.7135258358662614 0.5488544474393531 0.5782674772036475 0.5431266846361186 0.5554711246200608
19 0.556266846361186 0.5638297872340425 0.5488544474393531 0.5767477203647416 0.5525606469002695 0.7735562310030395 0.5710916442048517 0.7750759878419453 0.5707547169811321 0.6306990881458967 0.5714285714285714 0.6056231003039514 0.5680592991913747 0.5904255319148937 0.5683962264150944 0.5721884498480243 0.5646900269541779 0.5661094224924013
20 0.5741239892183289 0.5562310030395137 0.5680592991913747 0.574468085106383 0.5680592991913747 0.5904255319148937 0.5717654986522911 0.6086626139817629 0.5761455525606469 0.7788753799392097 0.5980458221024259 0.7811550151975684 0.5943396226415094 0.6322188449848024 0.5977088948787062 0.5790273556231003 0.5950134770889488 0.5615501519756839 0.5909703504043127 0.5630699088145896 0.5876010781671159 0.5630699088145896 0.5862533692722371 0.560790273556231 0.5842318059299192 0.560790273556231 0.581199460916442 0.5592705167173252 0.5801886792452831 0.5585106382978723 0.5771563342318059 0.5562310030395137
21 0.5852425876010782 0.5615501519756839 0.5835579514824798 0.5668693009118541 0.5822102425876011 0.5843465045592705 0.6206199460916442 0.763677811550152 0.659366576819407 0.7264437689969605 0.6442048517520216 0.6550151975683891 0.6270215633423181 0.547112462006079 0.6209568733153639 0.5372340425531915 0.6179245283018868 0.5379939209726444 0.6148921832884097 0.5425531914893617 0.6118598382749326 0.5486322188449848 0.610512129380054 0.5547112462006079 0.6037735849056604 0.5562310030395137 0.5980458221024259 0.5547112462006079 0.5973719676549866 0.5577507598784195 0.5963611859838275 0.560790273556231 0.5946765498652291 0.5653495440729484
22 0.6293800539083558 0.5372340425531915 0.625 0.541033434650456 0.6212938005390836 0.5478723404255319 0.6216307277628033 0.5683890577507599 0.6630727762803235 0.7287234042553191 0.6950808625336927 0.7013677811550152 0.671832884097035 0.5790273556231003 0.6677897574123989 0.5524316109422492 0.6657681940700808 0.5463525835866262 0.6640835579514824 0.5357142857142857 0.6637466307277629 0.526595744680851 0.6553234501347709 0.520516717325228 0.6526280323450134 0.5227963525835866 0.6472371967654986 0.5250759878419453 0.6438679245283019 0.5288753799392097 0.6421832884097035 0.5364741641337386 0.6404986522911051 0.5387537993920972 0.6361185983827493 0.5395136778115501
23 0.6819407008086253 0.49848024316109424 0.6789083557951483 0.5022796352583586 0.6762129380053908 0.5037993920972644 0.6725067385444744 0.506838905775076 0.671832884097035 0.5121580547112462 0.670822102425876 0.5167173252279635 0.6661051212938005 0.520516717325228 0.6654312668463612 0.5243161094224924 0.6654312668463612 0.540273556231003 0.6681266846361186 0.5531914893617021 0.6721698113207547 0.567629179331307 0.6731805929919138 0.5714285714285714 0.7001347708894878 0.689209726443769 0.7294474393530997 0.6618541033434651 0.7088948787061995 0.53419452887538 0.7035040431266847 0.49772036474164133 0.6856469002695418 0.49012158054711247
24 0.4713611859838275 0.5501519756838906 0.4919137466307278 0.5539513677811551 0.49056603773584906 0.7651975683890577 0.4747304582210243 0.7651975683890577 0.47338274932614555 0.6231003039513677
25 0.4528301886792453 0.5592705167173252 0.45181940700808626 0.5683890577507599 0.4555256064690027 0.6170212765957447 0.46192722371967654 0.7667173252279635 0.4743935309973046 0.7689969604863222 0.47102425876010784 0.6360182370820668 0.47338274932614555 0.5919452887537994 0.4716981132075472 0.5569908814589666
26 0.4440700808625337 0.5554711246200608 0.4356469002695418 0.5835866261398176 0.43429919137466305 0.6299392097264438 0.4369946091644205 0.7727963525835866 0.4585579514824798 0.7750759878419453 0.45451482479784366 0.60790273556231 0.45148247978436656 0.5927051671732523 0.45148247978436656 0.5889057750759878 0.4511455525606469 0.5790273556231003 0.4511455525606469 0.5691489361702128 0.4511455525606469 0.5630699088145896
27 0.4248652291105121 0.5691489361702128 0.43194070080862534 0.5828267477203647 0.43497304582210244 0.6101823708206687 0.42857142857142855 0.776595744680851 0.4110512129380054 0.7712765957446809 0.41442048517520214 0.6390577507598785 0.4134097035040431 0.5752279635258358 0.4181266846361186 0.5668693009118541 0.4225067385444744 0.5645896656534954
28 0.397911051212938 0.5645896656534954 0.4009433962264151 0.5661094224924013 0.409366576819407 0.5661094224924013 0.4134097035040431 0.567629179331307 0.41610512129380056 0.5691489361702128 0.4181266846361186 0.574468085106383 0.41846361185983827 0.5843465045592705 0.41880053908355797 0.5896656534954408 0.41880053908355797 0.6003039513677811 0.41543126684636117 0.6185410334346505 0.39858490566037735 0.7872340425531915 0.3810646900269542 0.7819148936170213 0.3915094339622642 0.6276595744680851 0.3908355795148248 0.5775075987841946
29 0.3689353099730458 0.5531914893617021 0.37297843665768193 0.5630699088145896 0.37836927223719674 0.5630699088145896 0.3851078167115903 0.5630699088145896 0.3884770889487871 0.5729483282674772 0.3965633423180593 0.5691489361702128 0.3995956873315364 0.567629179331307 0.40195417789757415 0.5866261398176292 0.36859838274932616 0.7788753799392097 0.32345013477088946 0.7401215805471124 0.35107816711590295 0.6101823708206687 0.35747978436657685 0.5661094224924013 0.3621967654986523 0.5539513677811551
30 0.330188679245283 0.5334346504559271 0.3365902964959569 0.5433130699088146 0.3477088948787062 0.5440729483282675 0.35377358490566035 0.5478723404255319 0.3578167115902965 0.5547112462006079 0.36017520215633425 0.5585106382978723 0.36455525606469 0.5577507598784195 0.3675876010781671 0.574468085106383 0.3648921832884097 0.5919452887537994 0.3143530997304582 0.7386018237082067 0.283355795148248 0.6930091185410334 0.30357142857142855 0.6322188449848024 0.31233153638814015 0.5972644376899696 0.3130053908355795 0.581306990881459 0.31502695417789756 0.5691489361702128 0.3173854447439353 0.5623100303951368 0.31772237196765496 0.5554711246200608 0.3190700808625337 0.547112462006079 0.319743935309973 0.5448328267477204 0.32109164420485176 0.541033434650456 0.32345013477088946 0.5372340425531915 0.3258086253369272 0.5349544072948328 0.32850404312668463 0.5311550151975684
31 0.28942048517520214 0.5 0.2914420485175202 0.5022796352583586 0.29582210242587603 0.5106382978723404 0.29851752021563344 0.513677811550152 0.30087601078167114 0.5167173252279635 0.30357142857142855 0.5174772036474165 0.3055929919137466 0.5174772036474165 0.308288409703504 0.5189969604863222 0.3103099730458221 0.5220364741641338 0.3146900269541779 0.5273556231003039 0.3163746630727763 0.53419452887538 0.31839622641509435 0.5379939209726444 0.3190700808625337 0.5463525835866262 0.3190700808625337 0.5509118541033434 0.3160377358490566 0.5638297872340425 0.271900269541779 0.7021276595744681 0.24359838274932616 0.6679331306990881 0.2661725067385445 0.5714285714285714 0.2661725067385445 0.5395136778115501 0.27088948787061995 0.5167173252279635 0.272911051212938 0.5113981762917933 0.2745956873315364 0.506079027355623 0.2799865229110512 0.506079027355623 0.28369272237196763 0.4992401215805471