0 0.4942448552493896 0.3731003039513678 0.4998256016742239 0.5752279635258358 0.47227066620160446 0.5706686930091185 0.46459713986745726 0.5554711246200608 0.4656435298221137 0.5243161094224924 0.4656435298221137 0.378419452887538
1 0.46424834321590513 0.3662613981762918 0.4652947331705616 0.49240121580547114 0.4677363097314266 0.5106382978723404 0.4673875130798744 0.5243161094224924 0.4652947331705616 0.5425531914893617 0.463899546564353 0.5577507598784195 0.46041158004883154 0.5645896656534954 0.45273805371468434 0.5645896656534954 0.4499476805022672 0.5638297872340425 0.44715730728985004 0.5562310030395137 0.4454133240320893 0.5463525835866262 0.44506452738053714 0.5273556231003039 0.44506452738053714 0.5159574468085106 0.44297174747122425 0.48328267477203646 0.4454133240320893 0.371580547112462
2 0.43913498430415066 0.37462006079027355 0.4440181374258807 0.4756838905775076 0.4440181374258807 0.506838905775076 0.4478549005929543 0.5273556231003039 0.444715730728985 0.5562310030395137 0.44227415416812 0.5615501519756839 0.4366934077432857 0.5668693009118541 0.42971747471224275 0.5683890577507599 0.423090338332752 0.5661094224924013 0.420648761771887 0.5638297872340425 0.41855598186257414 0.5478723404255319 0.42029996512033485 0.46656534954407297 0.42413672828740845 0.3677811550151976 0.43983257760725497 0.36246200607902734
3 0.4091384722706662 0.3677811550151976 0.41960237181723054 0.4209726443768997 0.42029996512033485 0.4673252279635258 0.42029996512033485 0.5 0.4251831182420649 0.5189969604863222 0.42797349145448205 0.53419452887538 0.42971747471224275 0.5463525835866262 0.42971747471224275 0.5554711246200608 0.4290198814091385 0.5767477203647416 0.42657830484827347 0.5828267477203647 0.4244855249389606 0.5866261398176292 0.42204394837809556 0.587386018237082 0.4168119986048134 0.5858662613981763 0.40878967561911406 0.5835866261398176 0.4000697593303104 0.5759878419452887 0.39518660620858037 0.5721884498480243 0.3923962329961632 0.5714285714285714 0.3903034530868504 0.547112462006079 0.394140216253924 0.5151975683890577 0.39937216602720615 0.4642857142857143 0.39518660620858037 0.38069908814589665
4 0.3899546564352982 0.3829787234042553 0.3979769794209976 0.42401215805471126 0.39902336937565397 0.48024316109422494 0.3976281827694454 0.5197568389057751 0.40286013254272757 0.5440729483282675 0.40495291245204046 0.5577507598784195 0.40634809905824903 0.5759878419452887 0.40634809905824903 0.5835866261398176 0.40495291245204046 0.5896656534954408 0.401464945936519 0.60790273556231 0.394140216253924 0.6101823708206687 0.38228113010115106 0.6003039513677811 0.3728636205092431 0.5919452887537994 0.37007324729682595 0.5706686930091185 0.37321241716079523 0.5516717325227963 0.37600279037321244 0.4316109422492401 0.37600279037321244 0.38677811550151975
5 0.3634461109173352 0.38145896656534956 0.37391001046389954 0.43844984802431614 0.37391001046389954 0.4969604863221885 0.37600279037321244 0.5319148936170213 0.37844436693407746 0.5752279635258358 0.37565399372166025 0.5965045592705167 0.3690268573421695 0.6086626139817629 0.35612138123474013 0.6132218844984803 0.3498430415068015 0.6117021276595744 0.34077432856644574 0.601063829787234 0.3362399720962679 0.5889057750759878 0.3348447854900593 0.567629179331307 0.3379839553540286 0.547112462006079 0.33937914196023716 0.5379939209726444 0.34077432856644574 0.5083586626139818 0.34077432856644574 0.48936170212765956 0.3404255319148936 0.4673252279635258 0.3404255319148936 0.43541033434650456 0.34461109173351934 0.3837386018237082
6 0.3372863620509243 0.3662613981762918 0.3404255319148936 0.42933130699088146 0.3411231252179979 0.4756838905775076 0.34147192186955005 0.5113981762917933 0.34147192186955005 0.5357142857142857 0.3379839553540286 0.5509118541033434 0.33310080223229854 0.5683890577507599 0.32786885245901637 0.5729483282674772 0.3212417160795256 0.5706686930091185 0.31426578304848274 0.5645896656534954 0.3079874433205441 0.5577507598784195 0.30275549354726194 0.5440729483282675 0.29891873038018835 0.5288753799392097 0.29961632368329266 0.5113981762917933 0.3031042901988141 0.5 0.3079874433205441 0.46808510638297873 0.31670735960934776 0.4331306990881459 0.3212417160795256 0.3738601823708207
7 0.2898500174398326 0.3525835866261398 0.28426927101499827 0.4095744680851064 0.2654342518311824 0.4612462006079027 0.2654342518311824 0.48936170212765956 0.2738053714684339 0.5106382978723404 0.2814788978025811 0.5273556231003039 0.2891524241367283 0.5349544072948328 0.2940355772584583 0.5303951367781155 0.3017091035926055 0.5167173252279635 0.30345308685036626 0.49620060790273557 0.307638646668992 0.4734042553191489 0.31042901988140914 0.46048632218844987 0.31461457970003487 0.4430091185410334 0.3177537495640042 0.42933130699088146 0.32054412277642136 0.39361702127659576 0.3212417160795256 0.3655015197568389
8 0.49354726194628534 0.3586626139817629 0.49773282176491107 0.5281155015197568 0.49773282176491107 0.5668693009118541 0.512033484478549 0.5729483282674772 0.5214509940704569 0.5706686930091185 0.5294733170561563 0.560790273556231 0.5322636902685735 0.5455927051671733 0.5305197070108127 0.5053191489361702 0.5259853505406348 0.4452887537993921 0.5179630275549355 0.3541033434650456
9 0.5231949773282176 0.35638297872340424 0.5284269271014999 0.4688449848024316 0.5305197070108127 0.5189969604863222 0.531217300313917 0.5569908814589666 0.5423787931635856 0.574468085106383 0.5486571328915243 0.567629179331307 0.5524938960585979 0.5615501519756839 0.5563306592256715 0.5493920972644377 0.5566794558772236 0.540273556231003 0.5556330659225671 0.5098784194528876 0.5444715730728985 0.3617021276595745
10 0.5469131496337635 0.3609422492401216 0.5556330659225671 0.5091185410334347 0.5556330659225671 0.5296352583586627 0.5566794558772236 0.5433130699088146 0.5580746424834322 0.5478723404255319 0.5587722357865365 0.5638297872340425 0.5643529822113708 0.5866261398176292 0.5762120683641437 0.5767477203647416 0.5831880013951866 0.5630699088145896 0.5852807813044995 0.5372340425531915 0.5810952214858738 0.4969604863221885 0.5723753051970701 0.35714285714285715
13 0.6341123125217998 0.40425531914893614 0.6093477502615975 0.44756838905775076 0.6072549703522846 0.4756838905775076 0.6041158004883153 0.49620060790273557 0.5988838507150331 0.5113981762917933 0.5957446808510638 0.5174772036474165 0.5898151377746773 0.5296352583586627 0.5856295779560516 0.5486322188449848 0.5856295779560516 0.5737082066869301 0.5912103243808859 0.5965045592705167 0.6079525636553889 0.601063829787234 0.6131845134286711 0.5980243161094225 0.6177188698988489 0.6033434650455927 0.620160446459714 0.6056231003039514 0.6246948029298919 0.601823708206687 0.6278339727938612 0.587386018237082 0.6313219393093826 0.5759878419452887 0.6320195326124869 0.5645896656534954 0.6330659225671433 0.5425531914893617 0.634809905824904 0.5227963525835866 0.6362050924311127 0.4848024316109423 0.6410882455528427 0.4506079027355623 0.6459713986745728 0.4209726443768997
14 0.6480641785838855 0.4072948328267477 0.6407394489012905 0.44680851063829785 0.6379490756888734 0.4688449848024316 0.6358562957795605 0.48632218844984804 0.634461109173352 0.5075987841945289 0.6327171259155913 0.5250759878419453 0.6316707359609348 0.5372340425531915 0.6313219393093826 0.5493920972644377 0.6316707359609348 0.5630699088145896 0.6320195326124869 0.5759878419452887 0.6320195326124869 0.5858662613981763 0.6334147192186955 0.5972644376899696 0.6382978723404256 0.6101823708206687 0.6428322288106034 0.6170212765957447 0.6484129752354377 0.6170212765957447 0.6578304848273456 0.6139817629179332 0.6655040111614928 0.6025835866261399 0.6700383676316707 0.5904255319148937 0.6721311475409836 0.5805471124620061 0.6721311475409836 0.5668693009118541 0.6710847575863271 0.5524316109422492 0.6689919776770143 0.5433130699088146 0.6668991977677015 0.5319148936170213 0.6644576212068364 0.5037993920972644 0.6634112312521799 0.4726443768996961 0.6606208580397628 0.4490881458966565 0.6644576212068364 0.4065349544072948 0.6508545517963028 0.39969604863221886
15 0.6700383676316707 0.3981762917933131 0.6627136379490757 0.42629179331306993 0.6602720613882107 0.4513677811550152 0.6620160446459714 0.46504559270516715 0.6644576212068364 0.48328267477203646 0.6651552145099408 0.4969604863221885 0.6651552145099408 0.5098784194528876 0.6648064178583886 0.520516717325228 0.6665504011161493 0.53419452887538 0.66829438437391 0.5440729483282675 0.670735960934775 0.5577507598784195 0.6749215207534007 0.5767477203647416 0.680153470526683 0.5851063829787234 0.6853854202999651 0.5835866261398176 0.7244506452738054 0.5220364741641338 0.716428322288106 0.48556231003039513 0.7035228461806766 0.4574468085106383 0.697244506452738 0.41793313069908816 0.6955005231949773 0.4027355623100304
16 0.492849668643181 0.5957446808510638 0.4959888385071503 0.8047112462006079 0.5148238576909662 0.7963525835866262 0.5179630275549355 0.6398176291793313 0.5179630275549355 0.5942249240121581
17 0.5186606208580398 0.5896656534954408 0.5183118242064876 0.6550151975683891 0.5151726543425184 0.8130699088145896 0.531217300313917 0.8153495440729484 0.5402860132542727 0.6572948328267477 0.5437739797697942 0.6117021276595744 0.5423787931635856 0.5927051671732523
18 0.55284269271015 0.5866261398176292 0.5434251831182421 0.6101823708206687 0.5420299965120334 0.6504559270516718 0.5381932333449599 0.7226443768996961 0.5270317404952912 0.810790273556231 0.5441227764213463 0.8259878419452887 0.5584234391349843 0.7933130699088146 0.5667945587722358 0.6466565349544073 0.5660969654691315 0.6329787234042553 0.5678409487268922 0.6246200607902735 0.5688873386815486 0.6139817629179332 0.5664457621206836 0.6041033434650456 0.5615626089989536 0.5927051671732523 0.5542378793163586 0.5843465045592705
19 0.5810952214858738 0.5965045592705167 0.5730728985001744 0.6048632218844985 0.5688873386815486 0.6200607902735562 0.5657481688175794 0.6299392097264438 0.5657481688175794 0.6398176291793313 0.5667945587722358 0.6641337386018237 0.5730728985001744 0.8335866261398176 0.5971398674572724 0.8267477203647416 0.5922567143355424 0.6557750759878419 0.5936519009417509 0.6390577507598785 0.5943494942448553 0.6231003039513677 0.5936519009417509 0.6193009118541033 0.5908615277293338 0.6109422492401215 0.5866759679107081 0.6041033434650456
20 0.6048133937914196 0.6041033434650456 0.6006278339727938 0.6086626139817629 0.5957446808510638 0.6109422492401215 0.5919079176839902 0.6162613981762918 0.5898151377746773 0.6238601823708206 0.5901639344262295 0.6367781155015197 0.5919079176839902 0.6458966565349544 0.5936519009417509 0.6603343465045592 0.5929543076386466 0.6762917933130699 0.5940006975933031 0.7044072948328267 0.5967910708057202 0.7416413373860182 0.6016742239274503 0.7826747720364742 0.6062085803976281 0.8275075987841946 0.6250435995814441 0.8282674772036475 0.6239972096267876 0.7416413373860182 0.6264387861876526 0.6565349544072948 0.6288803627485177 0.6193009118541033 0.6257411928845483 0.6101823708206687 0.620160446459714 0.6025835866261399 0.6173700732472969 0.5995440729483282 0.6138821067317753 0.5987841945288754 0.6107429368678061 0.5980243161094225 0.6065573770491803 0.601063829787234
24 0.492849668643181 0.5866261398176292 0.4963376351587025 0.8092705167173252 0.47610742936867806 0.8092705167173252 0.4729682595047088 0.6770516717325228 0.4677363097314266 0.5942249240121581
25 0.46599232647366584 0.587386018237082 0.4708754795953959 0.6428571428571429 0.4729682595047088 0.6778115501519757 0.4809905824904081 0.7986322188449848 0.46215556330659224 0.8085106382978723 0.45134286710847576 0.6800911854103343 0.44297174747122425 0.5911854103343465
26 0.43983257760725497 0.5851063829787234 0.44506452738053714 0.601063829787234 0.44890129054761074 0.662613981762918 0.4632019532612487 0.8237082066869301 0.44297174747122425 0.8305471124620061 0.4286710847575863 0.6914893617021277 0.4244855249389606 0.648176291793313 0.420648761771887 0.6155015197568389 0.425531914893617 0.5980243161094225 0.4346006278339728 0.5896656534954408
27 0.4133240320892919 0.5972644376899696 0.4161144053017091 0.6094224924012158 0.4237879316358563 0.6185410334346505 0.42588071154516915 0.621580547112462 0.4262295081967213 0.6306990881458967 0.42588071154516915 0.6382978723404256 0.4244855249389606 0.648936170212766 0.42343913498430413 0.662613981762918 0.42343913498430413 0.6793313069908815 0.4227415416811999 0.7074468085106383 0.42239274502964774 0.7393617021276596 0.4213463550749913 0.8039513677811551 0.4192535751656784 0.831306990881459 0.3979769794209976 0.8259878419452887 0.3983257760725497 0.7051671732522796 0.3979769794209976 0.6808510638297872 0.39693058946634113 0.6648936170212766 0.3958841995116847 0.6458966565349544 0.39518660620858037 0.6329787234042553 0.39727938611789326 0.6223404255319149 0.3997209626787583 0.6139817629179332 0.40251133589117544 0.6041033434650456 0.4056505057551448 0.5995440729483282
28 0.3864666899197768 0.6246200607902735 0.3753051970701081 0.621580547112462 0.3704220439483781 0.6306990881458967 0.36309731426578307 0.6633738601823708 0.3515870247645623 0.7165653495440729 0.34914544820369725 0.7424012158054711 0.3536798046738751 0.7727963525835866 0.36798046738751305 0.78419452887538 0.38193233344959887 0.7826747720364742 0.3920474363446111 0.743161094224924 0.39693058946634113 0.6952887537993921 0.401464945936519 0.675531914893617 0.403906522497384 0.6648936170212766 0.403906522497384 0.6588145896656535 0.4021625392396233 0.6542553191489362 0.39693058946634113 0.6542553191489362 0.3923962329961632 0.6474164133738601 0.3889082664806418 0.6291793313069909
29 0.32612486920125566 0.5942249240121581 0.3233344959888385 0.6094224924012158 0.32228810603418206 0.6170212765957447 0.3208929194279735 0.6253799392097265 0.317404952912452 0.6306990881458967 0.31217300313916985 0.6322188449848024 0.3055458667596791 0.6352583586626139 0.30136030694105337 0.6405775075987842 0.29577956051621906 0.6542553191489362 0.2915940006975933 0.6785714285714286 0.28880362748517613 0.6960486322188449 0.2940355772584583 0.7241641337386018 0.30659225671433554 0.7332826747720365 0.31670735960934776 0.7348024316109423 0.33658876874782 0.7142857142857143 0.34844785490059293 0.6884498480243161 0.35542378793163587 0.6641337386018237 0.3571677711893966 0.6375379939209727 0.3519358214161144 0.6208206686930091 0.33589117544471575 0.60790273556231
30 0.29752354377397977 0.540273556231003 0.290896407394489 0.5372340425531915 0.2846180676665504 0.5395136778115501 0.2727589815137775 0.5569908814589666 0.25880711545169166 0.587386018237082 0.2298569933728636 0.6512158054711246 0.22915940006975932 0.6778115501519757 0.2459016393442623 0.7074468085106383 0.2581095221485874 0.7188449848024316 0.2752005580746425 0.7013677811550152 0.28182769445413325 0.6762917933130699 0.2936867806069062 0.6595744680851063 0.3031042901988141 0.6443768996960486 0.31042901988140914 0.6360182370820668 0.3170561562608999 0.6291793313069909 0.32193930938262993 0.6162613981762918 0.32577607254970353 0.5980243161094225 0.32368329264039064 0.5866261398176292 0.32019532612486923 0.5782674772036475 0.3153121730031392 0.567629179331307 0.31042901988140914 0.5615501519756839 0.3055458667596791 0.5547112462006079 0.30066271363794905 0.5448328267477204
12 0.5880711545169166 0.3662613981762918 0.579351238228113 0.48404255319148937 0.5835367980467387 0.506838905775076 0.5919079176839902 0.5159574468085106 0.6027206138821067 0.5053191489361702 0.6069061737007325 0.48556231003039513 0.6107429368678061 0.36854103343465044