8 0.5019157088122606 0.4513677811550152 0.5033089515848137 0.4217325227963526 0.5047021943573667 0.2917933130699088 0.531173807035876 0.2917933130699088 0.5266457680250783 0.39285714285714285 0.5252525252525253 0.4209726443768997 0.5294322535701846 0.4787234042553192 0.5259491466388018 0.4886018237082067
9 0.5374433995123651 0.2948328267477204 0.5611285266457681 0.29027355623100304 0.5510275165447579 0.40577507598784196 0.54858934169279 0.42249240121580545 0.5534656913967259 0.4612462006079027 0.552420759317311 0.48556231003039513 0.5346569139672588 0.49012158054711247 0.5318704284221526 0.42249240121580545 0.5350052246603971 0.303951367781155
10 0.5593869731800766 0.2986322188449848 0.5876001393242772 0.3009118541033435 0.5750609543712992 0.3343465045592705 0.5750609543712992 0.4756838905775076 0.5677464298153954 0.5030395136778115 0.5566004876349704 0.49012158054711247 0.5531173807035876 0.35106382978723405
12 0.6039707419017764 0.3229483282674772 0.589690003483107 0.4308510638297872 0.5844653430860327 0.46580547112462006 0.5813305468477882 0.5053191489361702 0.5977011494252874 0.5159574468085106 0.6112852664576802 0.5364741641337386 0.6158133054684779 0.5144376899696048 0.6231278300243818 0.45364741641337386 0.6363636363636364 0.3366261398176292
13 0.6495994427028909 0.3708206686930091 0.6677115987460815 0.38069908814589665 0.6760710553814002 0.40197568389057753 0.6680599094392198 0.44148936170212766 0.6586555207244862 0.5091185410334347 0.6590038314176245 0.5478723404255319 0.6485545106234761 0.5600303951367781 0.6419366074538488 0.5417933130699089 0.6290491118077325 0.5417933130699089 0.6137234413096482 0.5357142857142857 0.6088470916057123 0.5182370820668692 0.6147683733890631 0.48556231003039513 0.6269592476489029 0.4642857142857143 0.6332288401253918 0.41033434650455924 0.6454197143852316 0.36930091185410335
15 0.709508881922675 0.385258358662614 0.7053291536050157 0.49620060790273557 0.7011494252873564 0.5159574468085106 0.7067223963775688 0.5334346504559271 0.7143852316266109 0.5379939209726444 0.7265761058864507 0.5258358662613982 0.7338906304423546 0.5364741641337386 0.7387669801462905 0.5212765957446809 0.7366771159874608 0.3776595744680851
0 0.47335423197492166 0.4688449848024316 0.49843260188087773 0.4696048632218845 0.501219087425984 0.2917933130699088 0.4771856495994427 0.28799392097264437 0.4785788923719958 0.40425531914893614 0.4702194357366771 0.4490881458966565
1 0.4521072796934866 0.29103343465045595 0.47614071752002785 0.29711246200607905 0.4716126785092302 0.385258358662614 0.46812957157784746 0.4133738601823708 0.47300592128178337 0.43844984802431614 0.47126436781609193 0.47188449848024316 0.4566353187042842 0.4756838905775076 0.4496691048415186 0.4673252279635258 0.44792755137582724 0.37462006079027355
2 0.42563566701497735 0.2948328267477204 0.4521072796934866 0.2948328267477204 0.44723092998955066 0.4582066869300912 0.43747823058167884 0.4696048632218845 0.42737722048066873 0.46200607902735563 0.4231974921630094 0.30243161094224924
4 0.37408568443051204 0.4787234042553192 0.3834900731452456 0.49012158054711247 0.39184952978056425 0.47796352583586627 0.39881574364332983 0.48328267477203646 0.40334378265412746 0.4566869300911854 0.3887147335423197 0.2933130699088146 0.36851271334029956 0.29711246200607905 0.37547892720306514 0.39209726443769
7 0.27063740856844304 0.46504559270516715 0.28108672936259144 0.4969604863221885 0.29083942877046326 0.48404255319148937 0.30094043887147337 0.479483282674772 0.3068617206548241 0.4612462006079027 0.30790665273423895 0.439209726443769 0.3005921281783351 0.42249240121580545 0.294322535701846 0.32370820668693007 0.26924416579588994 0.32598784194528874 0.2709857192615813 0.3731003039513678 0.2709857192615813 0.43617021276595747
16 0.501219087425984 0.5091185410334347 0.5179380006966214 0.5075987841945289 0.5186346220828979 0.6671732522796353 0.5067920585161965 0.6648936170212766 0.5043538836642285 0.5600303951367781
17 0.5235109717868338 0.5030395136778115 0.5419714385231627 0.506838905775076 0.5301288749564612 0.6588145896656535 0.5175896900034831 0.6565349544072948 0.5235109717868338 0.5585106382978723
18 0.5482410309996517 0.5 0.5402298850574713 0.5220364741641338 0.533611981887844 0.7150455927051672 0.5545106234761407 0.7256838905775076 0.5628700801114594 0.5843465045592705 0.5628700801114594 0.5212765957446809
19 0.5757575757575758 0.5273556231003039 0.5642633228840125 0.5455927051671733 0.5552072448624172 0.7044072948328267 0.5733194009056078 0.7355623100303952 0.5858585858585859 0.5942249240121581 0.5900383141762452 0.5501519756838906
23 0.7060257749912923 0.5562310030395137 0.7359804946011843 0.5524316109422492 0.7436433298502264 0.5554711246200608 0.7439916405433646 0.5668693009118541 0.7697666318355973 0.6664133738601824 0.7422500870776733 0.6998480243161094 0.7049808429118773 0.6139817629179332 0.69836293974225 0.5972644376899696
24 0.48101706722396376 0.5189969604863222 0.49703935910832464 0.5091185410334347 0.49773598049460116 0.6770516717325228 0.4886799024730059 0.6709726443768997 0.48519679554162315 0.5889057750759878
25 0.47300592128178337 0.5091185410334347 0.45628700801114597 0.5212765957446809 0.4771856495994427 0.6770516717325228 0.48693834900731453 0.6679331306990881
26 0.43538836642284917 0.5159574468085106 0.44235458028561475 0.5053191489361702 0.4587251828631139 0.5091185410334347 0.45907349355625215 0.6937689969604863 0.4402647161267851 0.7120060790273556 0.4430512016718913 0.6466565349544073 0.4367816091954023 0.5623100303951368
27 0.42528735632183906 0.5151975683890577 0.43643329850226403 0.5273556231003039 0.43538836642284917 0.7241641337386018 0.4113549285963079 0.7264437689969605 0.41971438523162663 0.6170212765957447 0.41239986067572276 0.5668693009118541 0.40856844305120166 0.5273556231003039 0.42041100661790315 0.5151975683890577
28 0.3942877046325322 0.526595744680851 0.40752351097178685 0.5319148936170213 0.4103099965168931 0.5653495440729484 0.40717520027864856 0.5957446808510638 0.40195053988157436 0.7180851063829787 0.3831417624521073 0.7188449848024316 0.3848833159177987 0.6025835866261399 0.3810518982932776 0.541033434650456
31 0.29153605015673983 0.5159574468085106 0.3288052943225357 0.526595744680851 0.3319400905607802 0.5448328267477204 0.32601880877742945 0.5767477203647416 0.28770463253221873 0.689209726443769 0.25774991292232674 0.648936170212766 0.27899686520376177 0.5797872340425532 0.2849181469871125 0.5250759878419453