0 0.4507628294036061 0.4148936170212766 0.44937586685159503 0.4582066869300912 0.4552704576976422 0.49240121580547114 0.47954230235783635 0.4946808510638298 0.48855755894590847 0.4566869300911854 0.4868238557558946 0.3655015197568389 0.48058252427184467 0.24012158054711247 0.4733009708737864 0.16337386018237082 0.4573509015256588 0.14361702127659576 0.44798890429958393 0.16109422492401215 0.4441747572815534 0.20896656534954408 0.4472954230235784 0.30015197568389057
1 0.4136615811373093 0.4034954407294833 0.41123439667128986 0.43617021276595747 0.41539528432732314 0.4878419452887538 0.4275312066574202 0.5030395136778115 0.44486823855755897 0.4886018237082067 0.4472954230235784 0.4338905775075988 0.44521497919556174 0.34194528875379937 0.4441747572815534 0.25987841945288753 0.441747572815534 0.19072948328267478 0.4320388349514563 0.16337386018237082 0.4237170596393897 0.1641337386018237 0.4160887656033287 0.1952887537993921 0.4143550624133148 0.2750759878419453 0.4143550624133148 0.3898176291793313
2 0.3897364771151179 0.40577507598784196 0.3859223300970874 0.42933130699088146 0.39008321775312066 0.49240121580547114 0.3959778085991678 0.5098784194528876 0.409500693481276 0.5083586626139818 0.42163661581137307 0.4673252279635258 0.4223300970873786 0.40501519756838905 0.4147018030513176 0.25835866261398177 0.41158113730929263 0.19224924012158054 0.40499306518723993 0.1519756838905775 0.3932038834951456 0.15881458966565348 0.3869625520110957 0.19072948328267478 0.3828016643550624 0.26595744680851063
3 0.36615811373092927 0.40501519756838905 0.36234396671289876 0.43237082066869303 0.3644244105409154 0.479483282674772 0.3713592233009709 0.506079027355623 0.3866158113730929 0.5007598784194529 0.3997919556171983 0.45592705167173253 0.39528432732316227 0.3768996960486322 0.38765603328710124 0.270516717325228 0.3859223300970874 0.21732522796352582 0.3855755894590846 0.182370820668693 0.3776005547850208 0.1770516717325228 0.3654646324549237 0.1884498480243161 0.35818307905686547 0.24696048632218845
4 0.33876560332871014 0.41793313069908816 0.33495145631067963 0.43617021276595747 0.33980582524271846 0.4908814589665654 0.3564493758668516 0.5053191489361702 0.37066574202496533 0.4810030395136778 0.3685852981969487 0.3890577507598784 0.36650485436893204 0.28191489361702127 0.36234396671289876 0.19224924012158054 0.3540221914008322 0.15881458966565348 0.33599167822468795 0.19680851063829788
8 0.48890429958391124 0.3981762917933131 0.4895977808599168 0.4764437689969605 0.5 0.49620060790273557 0.5232316227461858 0.49012158054711247 0.5294729542302358 0.45592705167173253 0.5266990291262136 0.3229483282674772 0.5284327323162274 0.19680851063829788 0.5277392510402219 0.15729483282674772 0.5121359223300971 0.15425531914893617 0.4989597780859917 0.19680851063829788 0.4909847434119279 0.2887537993920973
9 0.5273925104022191 0.3966565349544073 0.5319001386962552 0.4673252279635258 0.5419556171983356 0.48556231003039513 0.555131761442441 0.479483282674772 0.5592926490984743 0.4270516717325228 0.5568654646324549 0.32750759878419455 0.5572122052704577 0.23252279635258358 0.5592926490984743 0.16793313069908813 0.558252427184466 0.14209726443768997 0.5492371705963939 0.14437689969604864 0.539875173370319 0.1656534954407295 0.5325936199722607 0.2507598784194529
10 0.5547850208044383 0.39361702127659576 0.5499306518723994 0.418693009118541 0.5492371705963939 0.46048632218844987 0.5589459084604715 0.49240121580547114 0.5776699029126213 0.4817629179331307 0.5859916782246879 0.42325227963525835 0.5859916782246879 0.33586626139817627 0.5929264909847434 0.22796352583586627 0.5977808599167822 0.1413373860182371 0.6012482662968099 0.09422492401215805 0.6002080443828016 0.06990881458966565 0.5898058252427184 0.06990881458966565 0.576629680998613 0.08358662613981763 0.5693481276005548 0.12158054711246201 0.5610263522884882 0.2712765957446808
11 0.5776699029126213 0.40501519756838905 0.5731622746185853 0.43617021276595747 0.5721220527045769 0.4521276595744681 0.5814840499306518 0.48328267477203646 0.5929264909847434 0.4939209726443769 0.6113037447988904 0.48328267477203646 0.6154646324549237 0.44832826747720367 0.6154646324549237 0.35638297872340424 0.6171983356449375 0.2682370820668693 0.6206657420249653 0.23100303951367782 0.6234396671289875 0.1952887537993921 0.6234396671289875 0.16185410334346503 0.6119972260748959 0.1519756838905775 0.6009015256588072 0.20212765957446807 0.5925797503467406 0.2864741641337386
12 0.6040221914008321 0.43009118541033436 0.6033287101248266 0.45592705167173253 0.6078363384188626 0.47720364741641336 0.6262135922330098 0.4878419452887538 0.6459778085991679 0.4810030395136778 0.651872399445215 0.418693009118541 0.6490984743411928 0.3229483282674772 0.6490984743411928 0.26063829787234044 0.6477115117891817 0.20440729483282674 0.6376560332871013 0.1884498480243161 0.624133148404993 0.19908814589665655 0.6161581137309292 0.2773556231003039
14 0.6744105409153953 0.385258358662614 0.6726768377253814 0.4278115501519757 0.6827323162274619 0.46808510638297873 0.7042302357836339 0.4673252279635258 0.7246879334257975 0.44376899696048633 0.7302357836338419 0.4095744680851064 0.7312760055478502 0.3343465045592705 0.7312760055478502 0.28419452887537994 0.7267683772538142 0.23024316109422494 0.7174063800277393 0.20212765957446807 0.6938280166435506 0.22264437689969604
16 0.4920249653259362 0.4992401215805471 0.48994452149791956 0.506079027355623 0.4920249653259362 0.6109422492401215 0.49687933425797504 0.7044072948328267 0.49826629680998613 0.7720364741641338 0.5069348127600555 0.8092705167173252 0.5194174757281553 0.8009118541033434 0.5242718446601942 0.75 0.5145631067961165 0.6618541033434651 0.515256588072122 0.5433130699088146 0.515256588072122 0.5037993920972644 0.5083217753120666 0.4969604863221885
17 0.521497919556172 0.4992401215805471 0.5162968099861304 0.5129179331306991 0.5176837725381415 0.601823708206687 0.5232316227461858 0.7446808510638298 0.5277392510402219 0.7978723404255319 0.5357142857142857 0.8229483282674772 0.542995839112344 0.8138297872340425 0.5450762829403606 0.7446808510638298 0.5405686546463245 0.5980243161094225 0.5419556171983356 0.53419452887538 0.5419556171983356 0.5015197568389058 0.5325936199722607 0.4992401215805471
18 0.5468099861303745 0.5030395136778115 0.542995839112344 0.5030395136778115 0.5409153952843273 0.5501519756838906 0.5416088765603329 0.6709726443768997 0.5436893203883495 0.7446808510638298 0.5436893203883495 0.7826747720364742 0.5481969486823856 0.8054711246200608 0.5589459084604715 0.8024316109422492 0.5696948682385575 0.7066869300911854 0.5655339805825242 0.5721884498480243 0.5651872399445215 0.5197568389057751 0.5592926490984743 0.5015197568389058
19 0.5703883495145631 0.5083586626139818 0.5589459084604715 0.5167173252279635 0.5572122052704577 0.5433130699088146 0.5620665742024965 0.5904255319148937 0.5686546463245492 0.6671732522796353 0.5686546463245492 0.7408814589665653 0.5714285714285714 0.7781155015197568 0.579750346740638 0.8009118541033434 0.5887656033287101 0.7978723404255319 0.59500693481276 0.7545592705167173 0.5967406380027739 0.6732522796352584 0.5991678224687933 0.5615501519756839 0.5977808599167822 0.5212765957446809 0.5870319001386962 0.5075987841945289
20 0.5894590846047156 0.5098784194528876 0.5866851595006934 0.541033434650456 0.591886269070735 0.5790273556231003 0.5970873786407767 0.648176291793313 0.5977808599167822 0.7112462006079028 0.6012482662968099 0.7446808510638298 0.6123439667128987 0.756079027355623 0.6255201109570042 0.7537993920972644 0.6317614424410541 0.6223404255319149 0.6338418862690708 0.541033434650456 0.6317614424410541 0.506079027355623 0.6192787794729542 0.5015197568389058 0.5988210818307905 0.506079027355623
23 0.7042302357836339 0.48556231003039513 0.7000693481276006 0.5144376899696048 0.7073509015256588 0.5638297872340425 0.7160194174757282 0.574468085106383 0.7378640776699029 0.6291793313069909 0.7562413314840499 0.6603343465045592 0.7794729542302358 0.6618541033434651 0.7825936199722607 0.6200607902735562 0.7649098474341193 0.5615501519756839 0.75 0.5007598784194529 0.7437586685159501 0.4627659574468085 0.7354368932038835 0.4452887537993921 0.7180998613037448 0.4612462006079027
24 0.4826629680998613 0.49848024316109424 0.4694868238557559 0.49848024316109424 0.4656726768377254 0.4969604863221885 0.4653259361997226 0.5433130699088146 0.4656726768377254 0.5752279635258358 0.463245492371706 0.6246200607902735 0.4680998613037448 0.702887537993921 0.4684466019417476 0.7598784194528876 0.4736477115117892 0.8001519756838906 0.48474341192787795 0.8206686930091185 0.4947988904299584 0.8024316109422492 0.4930651872399445 0.7066869300911854 0.4906380027739251 0.5797872340425532 0.4909847434119279 0.5189969604863222 0.48994452149791956 0.49848024316109424
25 0.44798890429958393 0.506079027355623 0.435506241331484 0.5212765957446809 0.4334257975034674 0.5372340425531915 0.43966712898751736 0.6048632218844985 0.44625520110957007 0.7469604863221885 0.4552704576976422 0.8047112462006079 0.4646324549237171 0.8145896656534954 0.4722607489597781 0.7917933130699089 0.4667128987517337 0.6458966565349544 0.46116504854368934 0.5326747720364742 0.4590846047156727 0.5053191489361702
26 0.4226768377253814 0.5121580547112462 0.4143550624133148 0.5235562310030395 0.41123439667128986 0.5349544072948328 0.41123439667128986 0.5995440729483282 0.409500693481276 0.6557750759878419 0.41262135922330095 0.7165653495440729 0.42059639389736475 0.7811550151975684 0.4334257975034674 0.8320668693009119 0.44625520110957007 0.8411854103343465 0.4511095700416089 0.8069908814589666 0.4472954230235784 0.7112462006079028 0.43862690707350904 0.5911854103343465 0.4344660194174757 0.5243161094224924 0.42857142857142855 0.5083586626139818
27 0.39285714285714285 0.5174772036474165 0.3845353675450763 0.5364741641337386 0.37968099861303745 0.5577507598784195 0.3814147018030513 0.5957446808510638 0.3817614424410541 0.6838905775075987 0.38869625520110956 0.8077507598784195 0.3932038834951456 0.8472644376899696 0.406380027739251 0.8548632218844985 0.41643550624133147 0.8237082066869301 0.4070735090152566 0.6443768996960486 0.4122746185852982 0.5524316109422492 0.4081137309292649 0.526595744680851
28 0.3723994452149792 0.5212765957446809 0.3602635228848821 0.5258358662613982 0.35332871012482664 0.5455927051671733 0.35332871012482664 0.5972644376899696 0.35436893203883496 0.682370820668693 0.3540221914008322 0.7522796352583586 0.3564493758668516 0.8054711246200608 0.3737864077669903 0.8138297872340425 0.37968099861303745 0.7940729483282675 0.38072122052704577 0.6937689969604863 0.388002773925104 0.5569908814589666 0.3859223300970874 0.541033434650456
30 0.3124133148404993 0.5075987841945289 0.30235783633841884 0.5121580547112462 0.2923023578363384 0.5455927051671733 0.2805131761442441 0.6041033434650456 0.2513869625520111 0.6778115501519757 0.2510402219140083 0.7165653495440729 0.2631761442441054 0.7515197568389058 0.28085991678224687 0.756079027355623 0.3065187239944521 0.6952887537993921 0.32558945908460474 0.6193009118541033 0.34535367545076284 0.5721884498480243 0.3443134535367545 0.53419452887538 0.33460471567267686 0.5151975683890577
31 0.2604022191400832 0.4696048632218845 0.2447988904299584 0.4787234042553192 0.23578363384188628 0.5364741641337386 0.23300970873786409 0.5706686930091185 0.20908460471567267 0.6352583586626139 0.21359223300970873 0.6930091185410334 0.24029126213592233 0.6960486322188449 0.2739251040221914 0.6063829787234043 0.2846740638002774 0.5569908814589666 0.3002773925104022 0.5098784194528876 0.2950762829403606 0.4817629179331307 0.2735783633841886 0.4703647416413374