0 0.47332185886402756 0.38069908814589665 0.4712564543889845 0.4399696048632219 0.4891566265060241 0.44680851063829785 0.5056798623063683 0.4148936170212766 0.506368330464716 0.3343465045592705 0.506368330464716 0.2530395136778115 0.5080895008605852 0.189209726443769 0.5125645438898451 0.12158054711246201 0.5067125645438898 0.08738601823708207 0.49328743545611015 0.1033434650455927 0.4853700516351119 0.22644376899696048 0.4746987951807229 0.32674772036474165
1 0.4557659208261618 0.36854103343465044 0.4581755593803787 0.4270516717325228 0.46437177280550773 0.43541033434650456 0.4764199655765921 0.4270516717325228 0.48158347676419966 0.3981762917933131 0.4857142857142857 0.24772036474164133 0.48984509466437176 0.15273556231003038 0.49225473321858865 0.10410334346504559 0.48881239242685026 0.0972644376899696 0.4781411359724613 0.10562310030395136 0.4736660929432014 0.13069908814589665 0.46437177280550773 0.23632218844984804 0.45645438898450946 0.3541033434650456
2 0.4378657487091222 0.36930091185410335 0.44096385542168676 0.4270516717325228 0.45370051635111874 0.43009118541033436 0.4667814113597246 0.3837386018237082 0.4654044750430293 0.30167173252279633 0.46712564543889845 0.19148936170212766 0.472289156626506 0.10410334346504559 0.46815834767641995 0.06231003039513678 0.4619621342512909 0.057750759878419454 0.4499139414802065 0.0972644376899696 0.44199655765920826 0.1770516717325228 0.43476764199655765 0.33206686930091184
8 0.5067125645438898 0.3898176291793313 0.5056798623063683 0.4490881458966565 0.5332185886402754 0.4521276595744681 0.5387263339070568 0.38145896656534956 0.5380378657487092 0.2629179331306991 0.5411359724612737 0.16185410334346503 0.5414802065404475 0.1033434650455927 0.5332185886402754 0.06458966565349544 0.5197934595524957 0.0797872340425532 0.5098106712564544 0.21200607902735563
9 0.5335628227194492 0.36854103343465044 0.5311531841652324 0.4156534954407295 0.542512908777969 0.44452887537993924 0.5569707401032702 0.4338905775075988 0.5611015490533563 0.39361702127659576 0.5604130808950086 0.28495440729483285 0.5604130808950086 0.20592705167173253 0.5652323580034423 0.14285714285714285 0.5645438898450946 0.09878419452887538 0.5535283993115319 0.0858662613981763 0.5401032702237522 0.1398176291793313
10 0.553184165232358 0.378419452887538 0.5624784853700516 0.46200607902735563 0.5779690189328743 0.45972644376899696 0.5814113597246128 0.40805471124620063 0.5841652323580034 0.29559270516717323 0.5834767641996558 0.21200607902735563 0.5831325301204819 0.16033434650455927 0.5858864027538726 0.06534954407294832 0.5820998278829604 0.04939209726443769 0.5724612736660929 0.05927051671732523 0.5635111876075731 0.18465045592705168
11 0.5669535283993116 0.3860182370820669 0.5655765920826161 0.439209726443769 0.576592082616179 0.4513677811550152 0.5876075731497419 0.4734042553191489 0.5986230636833046 0.44224924012158057 0.5931153184165232 0.25379939209726443 0.591394148020654 0.2074468085106383 0.5896729776247849 0.2013677811550152 0.5800344234079173 0.2074468085106383 0.574526678141136 0.23328267477203649
12 0.5834767641996558 0.3898176291793313 0.597934595524957 0.44984802431610943 0.6096385542168675 0.44984802431610943 0.6209982788296041 0.41185410334346506 0.6179001721170396 0.30167173252279633 0.6168674698795181 0.20972644376899696 0.6134251290877797 0.15121580547112462 0.6013769363166953 0.1534954407294833 0.5924268502581755 0.16717325227963525 0.5858864027538726 0.2393617021276596 0.5769363166953528 0.38145896656534956
15 0.6636833046471601 0.385258358662614 0.6633390705679862 0.4316109422492401 0.6888123924268502 0.4376899696048632 0.7032702237521514 0.4156534954407295 0.7032702237521514 0.3662613981762918 0.7087779690189329 0.32750759878419455 0.7211703958691911 0.25835866261398177 0.7201376936316696 0.21656534954407294 0.7156626506024096 0.18161094224924013 0.6901893287435457 0.1899696048632219 0.6802065404475043 0.23404255319148937 0.6753872633390706 0.2872340425531915
23 0.672289156626506 0.45592705167173253 0.6709122203098107 0.4764437689969605 0.6802065404475043 0.5106382978723404 0.6932874354561102 0.5721884498480243 0.7177280550774526 0.6451367781155015 0.7397590361445783 0.662613981762918 0.7597246127366609 0.6382978723404256 0.7542168674698795 0.587386018237082 0.7418244406196214 0.5433130699088146 0.7311531841652323 0.4787234042553192 0.7246127366609294 0.42933130699088146 0.7111876075731497 0.425531914893617 0.695697074010327 0.4452887537993921
22 0.6292598967297762 0.4521276595744681 0.6275387263339071 0.47188449848024316 0.6364888123924268 0.5501519756838906 0.6537005163511188 0.6451367781155015 0.6667814113597246 0.6854103343465046 0.6846815834767642 0.6990881458966566 0.695697074010327 0.682370820668693 0.695697074010327 0.6413373860182371 0.6867469879518072 0.5554711246200608 0.6798623063683304 0.4939209726443769 0.674354561101549 0.4566869300911854 0.6598967297762478 0.4452887537993921 0.646815834767642 0.4452887537993921 0.6313253012048192 0.4399696048632219
24 0.4908777969018933 0.4688449848024316 0.4812392426850258 0.4787234042553192 0.4853700516351119 0.5531914893617021 0.4901893287435456 0.6238601823708206 0.4963855421686747 0.682370820668693 0.504302925989673 0.7013677811550152 0.5077452667814114 0.6899696048632219 0.5067125645438898 0.6436170212765957 0.5046471600688468 0.5790273556231003 0.5032702237521515 0.5030395136778115 0.5032702237521515 0.4756838905775076
25 0.4667814113597246 0.4764437689969605 0.46092943201376935 0.49544072948328266 0.46712564543889845 0.5524316109422492 0.4726333907056799 0.6603343465045592 0.4857142857142857 0.7332826747720365 0.4953528399311532 0.7256838905775076 0.49466437177280553 0.6793313069908815 0.48709122203098104 0.5600303951367781 0.4812392426850258 0.4992401215805471 0.4736660929432014 0.4764437689969605
26 0.4533562822719449 0.48404255319148937 0.4475043029259897 0.4992401215805471 0.44096385542168676 0.5653495440729484 0.4437177280550775 0.6990881458966566 0.4437177280550775 0.7773556231003039 0.45989672977624785 0.8016717325227963 0.4657487091222031 0.7781155015197568 0.4688468158347676 0.6238601823708206 0.4664371772805508 0.5296352583586627 0.46265060240963857 0.48556231003039513
27 0.4344234079173838 0.48328267477203646 0.42753872633390705 0.4939209726443769 0.4223752151462995 0.5531914893617021 0.42478485370051633 0.7340425531914894 0.43580034423407915 0.7682370820668692 0.44543889845094664 0.7477203647416414 0.4512908777969019 0.6618541033434651 0.4512908777969019 0.5281155015197568 0.4509466437177281 0.49544072948328266
28 0.42271944922547333 0.46656534954407297 0.4113597246127367 0.47720364741641336 0.4010327022375215 0.5425531914893617 0.3955249569707401 0.6793313069908815 0.4099827882960413 0.7272036474164134 0.4189328743545611 0.6975683890577508 0.4364888123924269 0.5433130699088146 0.4433734939759036 0.4992401215805471 0.4388984509466437 0.4756838905775076 0.43029259896729777 0.47720364741641336
30 0.3469879518072289 0.45896656534954405 0.34010327022375214 0.47188449848024316 0.3301204819277108 0.5334346504559271 0.2987951807228916 0.6132218844984803 0.2822719449225473 0.6671732522796353 0.30051635111876074 0.7120060790273556 0.3287435456110155 0.689209726443769 0.3614457831325301 0.6238601823708206 0.3779690189328744 0.5653495440729484 0.39793459552495697 0.5098784194528876 0.4 0.48328267477203646 0.38313253012048193 0.4764437689969605 0.37142857142857144 0.46656534954407297 0.3604130808950086 0.46200607902735563
31 0.31015490533562823 0.41717325227963525 0.2943201376936317 0.4148936170212766 0.28674698795180725 0.45592705167173253 0.2726333907056799 0.5151975683890577 0.2557659208261618 0.5615501519756839 0.24268502581755594 0.5987841945288754 0.2502581755593804 0.6474164133738601 0.27228915662650605 0.6633738601823708 0.29500860585197936 0.6276595744680851 0.32564543889845093 0.540273556231003 0.3421686746987952 0.506079027355623 0.34905335628227196 0.4734042553191489 0.3480206540447504 0.4566869300911854 0.3342512908777969 0.44680851063829785 0.3215146299483649 0.43237082066869303
16 0.5156626506024097 0.46580547112462006 0.5032702237521515 0.46580547112462006 0.5032702237521515 0.5083586626139818 0.5056798623063683 0.6451367781155015 0.5087779690189329 0.6945288753799392 0.517039586919105 0.7196048632218845 0.5253012048192771 0.7120060790273556 0.5215146299483648 0.6071428571428571 0.5242685025817556 0.48936170212765956 0.5215146299483648 0.4756838905775076
17 0.5287435456110154 0.46656534954407297 0.521170395869191 0.48632218844984804 0.5222030981067126 0.5478723404255319 0.5215146299483648 0.628419452887538 0.5222030981067126 0.6968085106382979 0.5332185886402754 0.736322188449848 0.5411359724612737 0.7287234042553191 0.5414802065404475 0.6831306990881459 0.5421686746987951 0.5524316109422492 0.5452667814113598 0.4756838905775076 0.5401032702237522 0.46656534954407297
18 0.555249569707401 0.4612462006079027 0.5435456110154905 0.47416413373860183 0.5432013769363166 0.5372340425531915 0.5397590361445783 0.6382978723404256 0.5387263339070568 0.7256838905775076 0.5487091222030981 0.7575987841945289 0.5576592082616179 0.7378419452887538 0.5679862306368331 0.5699088145896657 0.5700516351118761 0.48556231003039513
19 0.5776247848537005 0.46200607902735563 0.5635111876075731 0.4817629179331307 0.5604130808950086 0.5311550151975684 0.5624784853700516 0.6398176291793313 0.5645438898450946 0.7036474164133738 0.5731497418244407 0.743161094224924 0.5841652323580034 0.7393617021276596 0.5831325301204819 0.6276595744680851 0.5886402753872634 0.4886018237082067
21 0.5989672977624785 0.4574468085106383 0.5820998278829604 0.4734042553191489 0.5803786574870913 0.5030395136778115 0.5965576592082616 0.5858662613981763 0.6134251290877797 0.71580547112462 0.6440619621342513 0.7264437689969605 0.6643717728055077 0.6550151975683891 0.6464716006884682 0.5569908814589666 0.6364888123924268 0.5174772036474165 0.6285714285714286 0.4635258358662614 0.6099827882960414 0.4566869300911854
7 0.30120481927710846 0.3731003039513678 0.2967297762478485 0.4004559270516717 0.30774526678141134 0.4217325227963526 0.3335628227194492 0.43541033434650456 0.3459552495697074 0.41717325227963525 0.340447504302926 0.3069908814589666 0.3456110154905336 0.24164133738601823 0.344578313253012 0.1778115501519757 0.33459552495697076 0.16489361702127658 0.32013769363166955 0.189209726443769 0.31015490533562823 0.2507598784194529 0.30327022375215146 0.3487841945288754
6 0.3342512908777969 0.3913373860182371 0.33459552495697076 0.4278115501519757 0.3456110154905336 0.45972644376899696 0.36798623063683306 0.4673252279635258 0.3779690189328744 0.4574468085106383 0.3810671256454389 0.4316109422492401 0.3810671256454389 0.3373860182370821 0.3803786574870912 0.2682370820668693 0.3776247848537005 0.21732522796352582 0.3621342512908778 0.18009118541033434 0.3476764199655766 0.18161094224924013 0.3394148020654045 0.20592705167173253 0.3376936316695353 0.28799392097264437
5 0.37142857142857144 0.4133738601823708 0.3755593803786575 0.46580547112462006 0.3938037865748709 0.4764437689969605 0.4175559380378657 0.4734042553191489 0.4244406196213425 0.4612462006079027 0.42134251290877794 0.3974164133738602 0.4175559380378657 0.3100303951367781 0.41204819277108434 0.25379939209726443 0.40481927710843374 0.22188449848024316 0.3865748709122203 0.22188449848024316 0.3810671256454389 0.25759878419452886 0.3755593803786575 0.31458966565349544
4 0.4065404475043029 0.4148936170212766 0.4055077452667814 0.44680851063829785 0.42547332185886405 0.45896656534954405 0.4388984509466437 0.45440729483282677 0.44199655765920826 0.4217325227963526 0.4388984509466437 0.35790273556231 0.43270223752151465 0.26063829787234044 0.42478485370051633 0.20364741641337386 0.40481927710843374 0.20972644376899696 0.4055077452667814 0.2439209726443769
3 0.42753872633390705 0.39969604863221886 0.43029259896729777 0.44224924012158057 0.4433734939759036 0.44680851063829785 0.4557659208261618 0.42249240121580545 0.4567986230636833 0.35106382978723405 0.4509466437177281 0.24164133738601823 0.444750430292599 0.18465045592705168 0.4368330464716007 0.15501519756838905 0.4278829604130809 0.15577507598784193 0.42547332185886405 0.182370820668693 0.4268502581755594 0.2948328267477204