0 0.46631205673758863 0.25379939209726443 0.46631205673758863 0.2773556231003039 0.4624113475177305 0.32142857142857145 0.45851063829787236 0.35790273556231 0.4574468085106383 0.4126139817629179 0.45567375886524825 0.4612462006079027 0.47411347517730495 0.4612462006079027 0.4851063829787234 0.44832826747720367 0.4879432624113475 0.418693009118541 0.4879432624113475 0.3639817629179331 0.4879432624113475 0.29635258358662614 0.4900709219858156 0.25379939209726443 0.4900709219858156 0.22036474164133737 0.47624113475177304 0.21200607902735563 0.4695035460992908 0.22036474164133737
1 0.4297872340425532 0.22036474164133737 0.4308510638297872 0.2454407294832827 0.4308510638297872 0.29407294832826747 0.4280141843971631 0.35790273556231 0.425886524822695 0.4126139817629179 0.4269503546099291 0.45896656534954405 0.4418439716312057 0.47796352583586627 0.45567375886524825 0.45440729483282677 0.45851063829787236 0.41641337386018235 0.45851063829787236 0.3404255319148936 0.45851063829787236 0.28343465045592703 0.45851063829787236 0.23328267477203649 0.44468085106382976 0.20972644376899696
3 0.3925531914893617 0.2796352583586626 0.3904255319148936 0.3009118541033435 0.3904255319148936 0.32978723404255317 0.38865248226950355 0.37462006079027355 0.38652482269503546 0.418693009118541 0.39361702127659576 0.4886018237082067 0.4102836879432624 0.5030395136778115 0.42021276595744683 0.4696048632218845 0.4219858156028369 0.42933130699088146 0.41808510638297874 0.38677811550151975 0.41134751773049644 0.3282674772036474 0.4102836879432624 0.28343465045592703 0.4024822695035461 0.25
4 0.3453900709219858 0.3009118541033435 0.3453900709219858 0.3556231003039514 0.3453900709219858 0.39969604863221886 0.34716312056737586 0.4627659574468085 0.35106382978723405 0.5159574468085106 0.3719858156028369 0.526595744680851 0.38652482269503546 0.5053191489361702 0.38262411347517733 0.4566869300911854 0.37659574468085105 0.3768996960486322 0.374822695035461 0.32142857142857145 0.3648936170212766 0.28799392097264437
5 0.29397163120567377 0.32978723404255317 0.29113475177304965 0.3700607902735562 0.2929078014184397 0.4148936170212766 0.2950354609929078 0.45440729483282677 0.2978723404255319 0.5053191489361702 0.3067375886524823 0.5303951367781155 0.32553191489361705 0.5372340425531915 0.34113475177304964 0.5326747720364742 0.34822695035460993 0.4946808510638298 0.3453900709219858 0.4506079027355623 0.3432624113475177 0.3829787234042553 0.3421985815602837 0.32978723404255317 0.34113475177304964 0.3009118541033435 0.33156028368794327 0.2773556231003039 0.31560283687943264 0.2857142857142857 0.30886524822695033 0.2917933130699088
8 0.4918439716312057 0.25835866261398177 0.4900709219858156 0.30927051671732525 0.48723404255319147 0.3594224924012158 0.48404255319148937 0.418693009118541 0.4900709219858156 0.4506079027355623 0.5028368794326241 0.4506079027355623 0.5117021276595745 0.44224924012158057 0.5117021276595745 0.38677811550151975 0.5067375886524823 0.32978723404255317 0.5056737588652482 0.2986322188449848 0.5117021276595745 0.2454407294832827
9 0.5294326241134751 0.26671732522796354 0.5294326241134751 0.29407294832826747 0.5283687943262412 0.3472644376899696 0.524468085106383 0.37462006079027355 0.5216312056737589 0.40577507598784196 0.5195035460992907 0.44832826747720367 0.5273049645390071 0.45896656534954405 0.5443262411347518 0.45896656534954405 0.5482269503546099 0.446048632218845 0.5471631205673759 0.3890577507598784 0.5460992907801419 0.32598784194528874 0.55 0.2689969604863222
10 0.5627659574468085 0.2393617021276596 0.5549645390070922 0.29027355623100304 0.5549645390070922 0.31990881458966564 0.5521276595744681 0.378419452887538 0.5521276595744681 0.44832826747720367 0.5638297872340425 0.4756838905775076 0.5677304964539007 0.45440729483282677 0.5677304964539007 0.4126139817629179 0.5716312056737589 0.3594224924012158 0.5776595744680851 0.28799392097264437 0.5776595744680851 0.2439209726443769 0.5787234042553191 0.20972644376899696
11 0.5854609929078014 0.22644376899696048 0.5776595744680851 0.26443768996960487 0.5758865248226951 0.32142857142857145 0.5726950354609929 0.378419452887538 0.5709219858156028 0.418693009118541 0.5776595744680851 0.45288753799392095 0.5936170212765958 0.46504559270516715 0.5953900709219858 0.44376899696048633 0.5964539007092199 0.3829787234042553 0.5964539007092199 0.33890577507598785 0.599290780141844 0.2712765957446808 0.600354609929078 0.23480243161094225
13 0.6269503546099291 0.26063829787234044 0.625886524822695 0.29407294832826747 0.6219858156028368 0.3533434650455927 0.6209219858156029 0.4126139817629179 0.6308510638297873 0.45440729483282677 0.6468085106382979 0.44224924012158057 0.648581560283688 0.38069908814589665 0.6446808510638298 0.29027355623100304 0.6397163120567376 0.22036474164133737
16 0.5226950354609929 0.6656534954407295 0.5226950354609929 0.6360182370820668 0.5177304964539007 0.581306990881459 0.5145390070921986 0.541033434650456 0.5145390070921986 0.5243161094224924 0.5166666666666667 0.4992401215805471 0.5322695035460993 0.4992401215805471 0.5361702127659574 0.5326747720364742 0.5361702127659574 0.5668693009118541 0.5372340425531915 0.621580547112462 0.5404255319148936 0.6740121580547113 0.5343971631205674 0.6975683890577508 0.5234042553191489 0.689209726443769
17 0.5670212765957446 0.6869300911854104 0.5620567375886525 0.6109422492401215 0.5539007092198581 0.5493920972644377 0.5521276595744681 0.4992401215805471 0.5460992907801419 0.47796352583586627 0.5361702127659574 0.49240121580547114 0.5354609929078015 0.5372340425531915 0.5460992907801419 0.5942249240121581 0.55 0.6337386018237082 0.55 0.6679331306990881 0.5570921985815603 0.6952887537993921
18 0.5787234042553191 0.4886018237082067 0.5638297872340425 0.4946808510638298 0.5581560283687943 0.5113981762917933 0.5620567375886525 0.5387537993920972 0.5716312056737589 0.5767477203647416 0.5765957446808511 0.6147416413373861 0.5815602836879432 0.6572948328267477 0.5847517730496454 0.6998480243161094 0.599290780141844 0.6702127659574468 0.5904255319148937 0.6063829787234043 0.5826241134751773 0.5668693009118541 0.5797872340425532 0.526595744680851
19 0.5854609929078014 0.48404255319148937 0.5815602836879432 0.5030395136778115 0.5886524822695035 0.5478723404255319 0.5975177304964538 0.581306990881459 0.6053191489361702 0.621580547112462 0.6152482269503546 0.6930091185410334 0.6209219858156029 0.6595744680851063 0.6202127659574468 0.6025835866261399 0.6152482269503546 0.5539513677811551 0.6102836879432624 0.5007598784194529 0.6042553191489362 0.47796352583586627 0.5953900709219858 0.47188449848024316
20 0.6230496453900709 0.4817629179331307 0.6170212765957447 0.4946808510638298 0.6202127659574468 0.5516717325227963 0.6290780141843971 0.6132218844984803 0.6368794326241135 0.6717325227963525 0.6418439716312057 0.6869300911854104 0.6468085106382979 0.6109422492401215 0.6425531914893617 0.541033434650456 0.6386524822695036 0.49240121580547114
24 0.5095744680851064 0.6846504559270516 0.5095744680851064 0.6003039513677811 0.5095744680851064 0.5387537993920972 0.5067375886524823 0.48024316109422494 0.498936170212766 0.47796352583586627 0.4950354609929078 0.5007598784194529 0.4950354609929078 0.5243161094224924 0.4968085106382979 0.5729483282674772 0.498936170212766 0.6193009118541033 0.498936170212766 0.6633738601823708
25 0.4918439716312057 0.689209726443769 0.4929078014184397 0.6512158054711246 0.4950354609929078 0.6025835866261399 0.4978723404255319 0.5372340425531915 0.4939716312056738 0.49240121580547114 0.48120567375886525 0.4908814589665654 0.4734042553191489 0.5007598784194529 0.4773049645390071 0.5303951367781155 0.47907801418439716 0.5706686930091185 0.48226950354609927 0.6003039513677811 0.48014184397163123 0.6466565349544073 0.47836879432624113 0.6907294832826748
26 0.4563829787234043 0.7059270516717325 0.4652482269503546 0.6618541033434651 0.4695035460992908 0.6063829787234043 0.4734042553191489 0.5683890577507599 0.47624113475177304 0.526595744680851 0.47624113475177304 0.4817629179331307 0.4684397163120567 0.4817629179331307 0.45354609929078016 0.5007598784194529 0.4475177304964539 0.5098784194528876 0.4475177304964539 0.5577507598784195 0.44680851063829785 0.6048632218844985 0.4397163120567376 0.6512158054711246 0.4368794326241135 0.7013677811550152 0.44078014184397163 0.7651975683890577 0.4475177304964539 0.7332826747720365
27 0.4269503546099291 0.7667173252279635 0.4297872340425532 0.7226443768996961 0.4308510638297872 0.6907294832826748 0.4347517730496454 0.6466565349544073 0.4397163120567376 0.6086626139817629 0.44361702127659575 0.5752279635258358 0.4475177304964539 0.5197568389057751 0.4475177304964539 0.4969604863221885 0.4379432624113475 0.49240121580547114 0.425177304964539 0.5053191489361702 0.42411347517730497 0.5478723404255319 0.42411347517730497 0.5729483282674772 0.42411347517730497 0.5942249240121581 0.42092198581560286 0.6360182370820668 0.41702127659574467 0.6785714285714286 0.4152482269503546 0.7226443768996961
28 0.4102836879432624 0.7272036474164134 0.41418439716312055 0.6785714285714286 0.41631205673758864 0.6382978723404256 0.41914893617021276 0.5919452887537994 0.4219858156028369 0.5303951367781155 0.41914893617021276 0.4946808510638298 0.399290780141844 0.513677811550152 0.3943262411347518 0.5387537993920972 0.3943262411347518 0.5683890577507599 0.3943262411347518 0.6048632218844985 0.3943262411347518 0.6443768996960486 0.3943262411347518 0.6762917933130699 0.3875886524822695 0.7188449848024316 0.38652482269503546 0.7606382978723404 0.3975177304964539 0.7477203647416414