0 0.4678184281842818 0.3791793313069909 0.4678184281842818 0.4316109422492401 0.4678184281842818 0.48556231003039513 0.4640921409214092 0.5531914893617021 0.46104336043360433 0.581306990881459 0.46510840108401086 0.6033434650455927 0.4834010840108401 0.6162613981762918 0.49220867208672087 0.6033434650455927 0.49220867208672087 0.5638297872340425 0.49017615176151763 0.5182370820668692 0.48814363143631434 0.4878419452887538 0.489159891598916 0.41641337386018235 0.48441734417344173 0.36854103343465044
1 0.4474932249322493 0.3708206686930091 0.44850948509485095 0.40577507598784196 0.44850948509485095 0.4513677811550152 0.44850948509485095 0.48404255319148937 0.4464769647696477 0.5273556231003039 0.44579945799457993 0.5577507598784195 0.44579945799457993 0.5904255319148937 0.45426829268292684 0.6094224924012158 0.4583333333333333 0.581306990881459 0.462059620596206 0.5227963525835866 0.462059620596206 0.4688449848024316 0.46104336043360433 0.40577507598784196 0.46307588075880757 0.3662613981762918
2 0.42920054200542007 0.3662613981762918 0.42920054200542007 0.40805471124620063 0.42920054200542007 0.44224924012158057 0.4281842818428184 0.4703647416413374 0.4271680216802168 0.5098784194528876 0.4261517615176152 0.5661094224924013 0.4339430894308943 0.601063829787234 0.4505420054200542 0.5706686930091185 0.4515582655826558 0.5182370820668692 0.4464769647696477 0.4490881458966565 0.4464769647696477 0.38145896656534956
3 0.4166666666666667 0.3776595744680851 0.4166666666666667 0.42325227963525835 0.4166666666666667 0.4490881458966565 0.4166666666666667 0.48556231003039513 0.41565040650406504 0.5334346504559271 0.4146341463414634 0.5600303951367781 0.4339430894308943 0.5615501519756839 0.43902439024390244 0.5273556231003039 0.43902439024390244 0.46200607902735563 0.4369918699186992 0.4095744680851064 0.43597560975609756 0.3708206686930091
4 0.4010840108401084 0.3404255319148936 0.4000677506775068 0.3776595744680851 0.4000677506775068 0.41185410334346506 0.39735772357723576 0.4551671732522796 0.3932926829268293 0.5159574468085106 0.39634146341463417 0.5509118541033434 0.40684281842818426 0.5683890577507599 0.41565040650406504 0.5577507598784195 0.4203929539295393 0.48404255319148937 0.4203929539295393 0.43844984802431614 0.41937669376693765 0.39285714285714285 0.4203929539295393 0.34498480243161095
5 0.37025745257452575 0.33814589665653494 0.37025745257452575 0.36854103343465044 0.3712737127371274 0.41413373860182373 0.3661924119241192 0.4490881458966565 0.3624661246612466 0.479483282674772 0.35941734417344173 0.5144376899696048 0.35941734417344173 0.540273556231003 0.37601626016260165 0.5486322188449848 0.3926151761517615 0.5448328267477204 0.3953252032520325 0.5121580547112462 0.39634146341463417 0.4551671732522796 0.39634146341463417 0.3943768996960486 0.3983739837398374 0.32750759878419455 0.37703252032520324 0.3123100303951368
6 0.3421409214092141 0.2948328267477204 0.3421409214092141 0.32750759878419455 0.34010840108401086 0.36854103343465044 0.3353658536585366 0.4012158054711246 0.32757452574525747 0.43844984802431614 0.31978319783197834 0.4688449848024316 0.3187669376693767 0.5030395136778115 0.3313008130081301 0.5159574468085106 0.3448509485094851 0.5182370820668692 0.3567073170731707 0.5053191489361702 0.36144986449864497 0.4726443768996961 0.36144986449864497 0.4316109422492401 0.3655149051490515 0.36246200607902734 0.3692411924119241 0.30167173252279633
8 0.49017615176151763 0.3776595744680851 0.49017615176151763 0.41413373860182373 0.49017615176151763 0.4490881458966565 0.489159891598916 0.5053191489361702 0.489159891598916 0.5577507598784195 0.4949186991869919 0.5987841945288754 0.5084688346883469 0.6056231003039514 0.5193089430894309 0.5858662613981763 0.5203252032520326 0.5531914893617021 0.5193089430894309 0.5144376899696048 0.5193089430894309 0.4992401215805471 0.5125338753387534 0.4490881458966565 0.5105013550135501 0.40577507598784196 0.5105013550135501 0.3731003039513678
9 0.5152439024390244 0.3662613981762918 0.5152439024390244 0.39285714285714285 0.5152439024390244 0.43617021276595747 0.5152439024390244 0.47720364741641336 0.5172764227642277 0.5425531914893617 0.5210027100271003 0.5881458966565349 0.5318428184281843 0.601063829787234 0.5423441734417345 0.5881458966565349 0.5443766937669376 0.5554711246200608 0.5423441734417345 0.5182370820668692 0.5396341463414634 0.48556231003039513 0.5345528455284553 0.44680851063829785 0.532859078590786 0.3966565349544073 0.532859078590786 0.36854103343465044
10 0.540650406504065 0.3639817629179331 0.5413279132791328 0.4012158054711246 0.540650406504065 0.43617021276595747 0.5386178861788617 0.4642857142857143 0.5355691056910569 0.4992401215805471 0.5365853658536586 0.5486322188449848 0.5413279132791328 0.5615501519756839 0.5481029810298103 0.5927051671732523 0.5616531165311653 0.5790273556231003 0.5609756097560976 0.5182370820668692 0.556910569105691 0.4749240121580547 0.5558943089430894 0.4209726443768997 0.5558943089430894 0.3708206686930091 0.5521680216802168 0.35106382978723405
11 0.5589430894308943 0.3487841945288754 0.5589430894308943 0.3905775075987842 0.5558943089430894 0.44224924012158057 0.5558943089430894 0.4817629179331307 0.5558943089430894 0.5273556231003039 0.5599593495934959 0.5486322188449848 0.5704607046070461 0.5683890577507599 0.5819783197831978 0.5706686930091185 0.587059620596206 0.5448328267477204 0.5840108401084011 0.5030395136778115 0.5782520325203252 0.4703647416413374 0.5762195121951219 0.41641337386018235 0.5752032520325203 0.3472644376899696
13 0.5829945799457995 0.3601823708206687 0.589769647696477 0.3943768996960486 0.5907859078590786 0.41413373860182373 0.5938346883468835 0.45364741641337386 0.5965447154471545 0.4817629179331307 0.5985772357723578 0.5098784194528876 0.5985772357723578 0.5425531914893617 0.6158536585365854 0.5531914893617021 0.6287262872628726 0.5531914893617021 0.6371951219512195 0.5379939209726444 0.6344850948509485 0.5053191489361702 0.627710027100271 0.4749240121580547 0.6209349593495935 0.4513677811550152 0.614159891598916 0.40577507598784196 0.6090785907859079 0.3639817629179331
14 0.6209349593495935 0.36854103343465044 0.6324525745257452 0.41641337386018235 0.6334688346883469 0.45364741641337386 0.6361788617886179 0.49012158054711247 0.6422764227642277 0.5273556231003039 0.6507452574525745 0.5425531914893617 0.6663279132791328 0.5296352583586627 0.6731029810298103 0.5007598784194529 0.6693766937669376 0.48404255319148937 0.6615853658536586 0.4551671732522796 0.657520325203252 0.43617021276595747 0.6537940379403794 0.40577507598784196 0.6490514905149052 0.3639817629179331 0.6449864498644986 0.3404255319148936 0.6219512195121951 0.33814589665653494
15 0.6470189701897019 0.3168693009118541 0.6470189701897019 0.3533434650455927 0.6470189701897019 0.3860182370820669 0.6517615176151762 0.418693009118541 0.6585365853658537 0.4399696048632219 0.6663279132791328 0.44680851063829785 0.681910569105691 0.4513677811550152 0.6897018970189702 0.43844984802431614 0.690379403794038 0.41413373860182373 0.6886856368563685 0.3882978723404255 0.6808943089430894 0.33814589665653494 0.674119241192412 0.2993920972644377
16 0.5203252032520326 0.7743161094224924 0.5203252032520326 0.7484802431610942 0.5193089430894309 0.7135258358662614 0.5172764227642277 0.6838905775075987 0.5172764227642277 0.6466565349544073 0.5172764227642277 0.6291793313069909 0.5271002710027101 0.6162613981762918 0.5396341463414634 0.6231003039513677 0.5376016260162602 0.6595744680851063 0.5365853658536586 0.6793313069908815 0.5345528455284553 0.709726443768997 0.5318428184281843 0.7553191489361702 0.5318428184281843 0.8047112462006079 0.5193089430894309 0.8047112462006079
17 0.5501355013550135 0.7963525835866262 0.5355691056910569 0.6816109422492401 0.5345528455284553 0.64209726443769 0.5413279132791328 0.6185410334346505 0.5511517615176151 0.6185410334346505 0.5548780487804879 0.6382978723404256 0.5548780487804879 0.6702127659574468 0.5548780487804879 0.7006079027355623 0.5579268292682927 0.7507598784194529 0.5609756097560976 0.7940729483282675
18 0.5860433604336044 0.8009118541033434 0.5840108401084011 0.7879939209726444 0.5724932249322493 0.7553191489361702 0.5657181571815718 0.7287234042553191 0.5599593495934959 0.6876899696048632 0.556910569105691 0.668693009118541 0.556910569105691 0.6443768996960486 0.5589430894308943 0.6185410334346505 0.5694444444444444 0.6033434650455927 0.5782520325203252 0.6117021276595744 0.5840108401084011 0.6382978723404256 0.5840108401084011 0.6641337386018237 0.5840108401084011 0.6968085106382979 0.5880758807588076 0.7310030395136778 0.5907859078590786 0.7613981762917933
19 0.6246612466124661 0.7963525835866262 0.6121273712737128 0.776595744680851 0.600609756097561 0.743920972644377 0.5938346883468835 0.7226443768996961 0.589769647696477 0.6968085106382979 0.5860433604336044 0.6702127659574468 0.5840108401084011 0.6534954407294833 0.5813008130081301 0.6231003039513677 0.5860433604336044 0.6033434650455927 0.5918021680216802 0.601063829787234 0.6023035230352304 0.6033434650455927 0.6043360433604336 0.64209726443769 0.6073848238482384 0.668693009118541 0.6121273712737128 0.7006079027355623 0.6209349593495935 0.7484802431610942
21 0.6527777777777778 0.7591185410334347 0.641260162601626 0.7530395136778115 0.6287262872628726 0.7310030395136778 0.6209349593495935 0.709726443768997 0.6158536585365854 0.6922492401215805 0.6100948509485095 0.6641337386018237 0.6043360433604336 0.6443768996960486 0.6023035230352304 0.6208206686930091 0.6023035230352304 0.60790273556231 0.6063685636856369 0.5942249240121581 0.6209349593495935 0.5927051671732523 0.6324525745257452 0.5927051671732523 0.6392276422764228 0.5927051671732523 0.6507452574525745 0.6337386018237082 0.657520325203252 0.6572948328267477 0.6663279132791328 0.6854103343465046 0.674119241192412 0.7203647416413373 0.6778455284552846 0.743920972644377 0.6663279132791328 0.7727963525835866
22 0.7100271002710027 0.7180851063829787 0.6913956639566395 0.7120060790273556 0.6761517615176151 0.6899696048632219 0.6683604336043361 0.6747720364741642 0.6595528455284553 0.6534954407294833 0.6548102981029811 0.6398176291793313 0.6490514905149052 0.6208206686930091 0.6460027100271003 0.5987841945288754 0.6480352303523035 0.5775075987841946 0.6626016260162602 0.5486322188449848 0.6710704607046071 0.5448328267477204 0.6829268292682927 0.5463525835866262 0.6924119241192412 0.5683890577507599 0.7022357723577236 0.6056231003039514 0.7117208672086721 0.6360182370820668 0.7225609756097561 0.6702127659574468 0.7293360433604336 0.7074468085106383
23 0.7523712737127372 0.6793313069908815 0.7544037940379403 0.6512158054711246 0.7544037940379403 0.6291793313069909 0.7455962059620597 0.6033434650455927 0.741869918699187 0.5835866261398176 0.7371273712737128 0.5531914893617021 0.7273035230352304 0.5311550151975684 0.7215447154471545 0.5379939209726444 0.714769647696477 0.5486322188449848 0.7012195121951219 0.5554711246200608 0.698170731707317 0.5752279635258358 0.7022357723577236 0.5987841945288754 0.7110433604336044 0.6246200607902735 0.7245934959349594 0.6534954407294833 0.7313685636856369 0.668693009118541
24 0.5172764227642277 0.7963525835866262 0.5172764227642277 0.7659574468085106 0.5172764227642277 0.7203647416413373 0.5172764227642277 0.6854103343465046 0.5152439024390244 0.6466565349544073 0.5142276422764228 0.6246200607902735 0.502710027100271 0.6208206686930091 0.4969512195121951 0.6360182370820668 0.49898373983739835 0.6512158054711246 0.5016937669376694 0.6854103343465046 0.5037262872628726 0.7249240121580547 0.5037262872628726 0.776595744680851 0.502710027100271 0.8031914893617021
25 0.4959349593495935 0.7963525835866262 0.4969512195121951 0.7401215805471124 0.4969512195121951 0.6968085106382979 0.4969512195121951 0.64209726443769 0.48644986449864497 0.6382978723404256 0.4823848238482385 0.6595744680851063 0.48441734417344173 0.6838905775075987 0.4854336043360434 0.7180851063829787 0.48644986449864497 0.7613981762917933
26 0.48136856368563685 0.8138297872340425 0.48136856368563685 0.7963525835866262 0.48136856368563685 0.770516717325228 0.48136856368563685 0.7310030395136778 0.48136856368563685 0.6854103343465046 0.48136856368563685 0.6572948328267477 0.48136856368563685 0.64209726443769 0.4698509485094851 0.6162613981762918 0.462059620596206 0.6268996960486323 0.46307588075880757 0.668693009118541 0.46680216802168023 0.7203647416413373 0.46883468834688347 0.763677811550152 0.46883468834688347 0.8183890577507599
27 0.4600271002710027 0.831306990881459 0.45934959349593496 0.8183890577507599 0.45934959349593496 0.7917933130699089 0.462059620596206 0.7575987841945289 0.46612466124661245 0.7006079027355623 0.46612466124661245 0.6702127659574468 0.46104336043360433 0.6337386018237082 0.45257452574525747 0.6185410334346505 0.4464769647696477 0.6291793313069909 0.44579945799457993 0.6512158054711246 0.44579945799457993 0.6702127659574468 0.44579945799457993 0.6968085106382979 0.44579945799457993 0.7310030395136778 0.44579945799457993 0.7659574468085106 0.44478319783197834 0.7963525835866262 0.44478319783197834 0.8267477203647416
28 0.4244579945799458 0.8115501519756839 0.4329268292682927 0.7788753799392097 0.43970189701897017 0.7484802431610942 0.44478319783197834 0.7006079027355623 0.44579945799457993 0.6618541033434651 0.44579945799457993 0.64209726443769 0.4329268292682927 0.6231003039513677 0.4234417344173442 0.6360182370820668 0.4203929539295393 0.6770516717325228 0.4203929539295393 0.7120060790273556 0.41937669376693765 0.7401215805471124 0.4136178861788618 0.7788753799392097 0.40887533875338755 0.8092705167173252
29 0.3953252032520325 0.7986322188449848 0.40210027100271 0.776595744680851 0.4109078590785908 0.7287234042553191 0.41937669376693765 0.6664133738601824 0.4254742547425474 0.6382978723404256 0.41937669376693765 0.60790273556231 0.40989159891598914 0.60790273556231 0.39939024390243905 0.6231003039513677 0.39735772357723576 0.6572948328267477 0.39634146341463417 0.7135258358662614 0.3926151761517615 0.7462006079027356 0.385840108401084 0.7879939209726444
29 0.34315718157181574 0.7727963525835866 0.35365853658536583 0.763677811550152 0.3682249322493225 0.7484802431610942 0.3790650406504065 0.7332826747720365 0.3838075880758808 0.709726443768997 0.3895663956639566 0.6876899696048632 0.4000677506775068 0.6466565349544073 0.40684281842818426 0.6268996960486323 0.38855013550135503 0.5881458966565349 0.3807588075880759 0.5881458966565349 0.372289972899729 0.5835866261398176 0.3661924119241192 0.5790273556231003 0.3604336043360434 0.60790273556231 0.3567073170731707 0.6337386018237082 0.3489159891598916 0.668693009118541 0.33739837398373984 0.7249240121580547 0.3323170731707317 0.7401215805471124
30 0.32859078590785906 0.540273556231003 0.3228319783197832 0.5600303951367781 0.3160569105691057 0.5904255319148937 0.31097560975609756 0.6117021276595744 0.3035230352303523 0.6398176291793313 0.29742547425474253 0.668693009118541 0.3004742547425474 0.6983282674772037 0.3130081300813008 0.7135258358662614 0.3296070460704607 0.6922492401215805 0.33739837398373984 0.6702127659574468 0.34315718157181574 0.6398176291793313 0.35365853658536583 0.6056231003039514 0.358739837398374 0.5881458966565349 0.3499322493224932 0.5661094224924013