0 0.5275453277545328 0.5219414893617021 0.5275453277545328 0.5638297872340425 0.5139470013947002 0.5731382978723404 0.5055788005578801 0.5731382978723404 0.496513249651325 0.5638297872340425 0.496513249651325 0.5438829787234043 0.496513249651325 0.5166223404255319 0.49860529986053 0.5086436170212766 0.5 0.4587765957446808 0.500697350069735 0.4208776595744681 0.500697350069735 0.3916223404255319 0.500697350069735 0.3703457446808511 0.50697350069735 0.35438829787234044 0.5153417015341701 0.3523936170212766 0.5216178521617852 0.36569148936170215 0.5244072524407253 0.394281914893617 0.5275453277545328 0.4541223404255319 0.5285913528591353 0.5106382978723404
1 0.4769874476987448 0.5066489361702128 0.47419804741980476 0.5272606382978723 0.47419804741980476 0.550531914893617 0.47733612273361226 0.5625 0.4884937238493724 0.5658244680851063 0.49581589958158995 0.5625 0.50278940027894 0.550531914893617 0.50278940027894 0.5365691489361702 0.502092050209205 0.5186170212765957 0.5 0.48603723404255317 0.49860529986053 0.44680851063829785 0.49860529986053 0.42353723404255317 0.49860529986053 0.4015957446808511 0.497907949790795 0.38430851063829785 0.49476987447698745 0.35904255319148937 0.49232914923291493 0.3410904255319149 0.4815202231520223 0.34308510638297873 0.4780334728033473 0.35904255319148937 0.47629009762900976 0.4714095744680851 0.47629009762900976 0.49601063829787234
2 0.4435146443514644 0.519281914893617 0.4476987447698745 0.5418882978723404 0.45641562064156205 0.5585106382978723 0.47629009762900976 0.5458776595744681 0.4794281729428173 0.5106382978723404 0.47524407252440726 0.4800531914893617 0.47384937238493724 0.4128989361702128 0.47384937238493724 0.38231382978723405 0.4710599721059972 0.3570478723404255 0.46617852161785217 0.3058510638297872 0.4525801952580195 0.30186170212765956 0.4445606694560669 0.32779255319148937 0.451534170153417 0.4321808510638298 0.45188284518828453 0.47606382978723405
3 0.42503486750348674 0.4973404255319149 0.41701534170153415 0.5166223404255319 0.42294281729428174 0.5398936170212766 0.43688981868898186 0.5478723404255319 0.45467224546722457 0.5232712765957447 0.45432357043235705 0.4640957446808511 0.4456066945606695 0.3896276595744681 0.4410739191073919 0.35438829787234044 0.42677824267782427 0.3490691489361702
4 0.39748953974895396 0.48603723404255317 0.39435146443514646 0.5212765957446809 0.3971408647140865 0.5465425531914894 0.4086471408647141 0.5525265957446809 0.4177126917712692 0.5458776595744681 0.42608089260808923 0.5319148936170213 0.4299163179916318 0.5066489361702128 0.4215481171548117 0.38763297872340424 0.41841004184100417 0.35638297872340424 0.41283124128312415 0.33643617021276595 0.4013249651324965 0.3384308510638298 0.39644351464435146 0.36569148936170215 0.4013249651324965 0.3962765957446808 0.4013249651324965 0.4275265957446808
5 0.3573919107391911 0.48138297872340424 0.3521617852161785 0.519281914893617 0.3573919107391911 0.535904255319149 0.3702928870292887 0.5485372340425532 0.3866806136680614 0.5418882978723404 0.4013249651324965 0.5285904255319149 0.39748953974895396 0.4820478723404255 0.39435146443514646 0.44813829787234044 0.39400278940027894 0.4175531914893617 0.39400278940027894 0.3916223404255319 0.39400278940027894 0.36569148936170215 0.39191073919107394 0.3371010638297872 0.3797071129707113 0.32180851063829785 0.36262203626220363 0.3404255319148936 0.3622733612273361 0.4009308510638298
6 0.3113668061366806 0.4660904255319149 0.3089260808926081 0.4940159574468085 0.31520223152022314 0.5172872340425532 0.3288005578800558 0.5305851063829787 0.34309623430962344 0.5345744680851063 0.3552998605299861 0.5113031914893617 0.3573919107391911 0.4421542553191489 0.3573919107391911 0.3996010638297872 0.3542538354253835 0.3484042553191489 0.3406555090655509 0.3324468085106383 0.3172942817294282 0.35305851063829785 0.3183403068340307 0.41356382978723405
8 0.5275453277545328 0.519281914893617 0.5275453277545328 0.5651595744680851 0.541492329149233 0.5738031914893617 0.5529986052998606 0.5738031914893617 0.5571827057182706 0.5465425531914894 0.5571827057182706 0.5086436170212766 0.556136680613668 0.4208776595744681 0.553347280334728 0.36569148936170215 0.549163179916318 0.3464095744680851 0.5380055788005579 0.3470744680851064 0.5292887029288703 0.4753989361702128
9 0.5571827057182706 0.5106382978723404 0.5571827057182706 0.5598404255319149 0.5652022315202232 0.5678191489361702 0.5794979079497908 0.5651595744680851 0.5819386331938633 0.5339095744680851 0.5788005578800558 0.4920212765957447 0.5798465829846583 0.4029255319148936 0.5788005578800558 0.3696808510638298 0.5746164574616457 0.34441489361702127 0.5697350069735007 0.3351063829787234 0.560320781032078 0.34242021276595747 0.5550906555090656 0.39029255319148937
10 0.5805439330543933 0.5066489361702128 0.5805439330543933 0.526595744680851 0.5850767085076709 0.5585106382978723 0.5937935843793585 0.567154255319149 0.6052998605299861 0.5585106382978723 0.6094839609483961 0.5345744680851063 0.6084379358437936 0.4920212765957447 0.6073919107391911 0.3896276595744681 0.6052998605299861 0.3490691489361702 0.6014644351464435 0.31981382978723405 0.5882147838214784 0.32513297872340424 0.5878661087866108 0.3783244680851064
11 0.6014644351464435 0.5172872340425532 0.6077405857740585 0.5498670212765957 0.6206415620641562 0.5605053191489362 0.6311018131101813 0.5618351063829787 0.6405160390516039 0.5525265957446809 0.6405160390516039 0.5272606382978723 0.6328451882845189 0.4461436170212766 0.6286610878661087 0.3962765957446808 0.6276150627615062 0.3723404255319149 0.6206415620641562 0.35638297872340424 0.6073919107391911 0.36768617021276595 0.6094839609483961 0.488031914893617
12 0.6359832635983264 0.4953457446808511 0.6300557880055788 0.5186170212765957 0.6370292887029289 0.5525265957446809 0.6513249651324965 0.5625 0.6638772663877266 0.557845744680851 0.6698047419804742 0.5405585106382979 0.6666666666666666 0.4933510638297872 0.6624825662482566 0.43683510638297873 0.6628312412831241 0.39893617021276595 0.6628312412831241 0.3776595744680851 0.6607391910739191 0.3484042553191489 0.654463040446304 0.34441489361702127 0.6394700139470014 0.3696808510638298 0.6370292887029289 0.41555851063829785 0.6359832635983264 0.4660904255319149
13 0.6659693165969317 0.5013297872340425 0.6624825662482566 0.5252659574468085 0.6687587168758717 0.5485372340425532 0.6830543933054394 0.5585106382978723 0.701534170153417 0.5558510638297872 0.7112970711297071 0.5365691489361702 0.7088563458856346 0.507313829787234 0.703626220362622 0.47805851063829785 0.7025801952580195 0.4341755319148936 0.698744769874477 0.4009308510638298 0.6928172942817294 0.36569148936170215 0.6875871687587168 0.3523936170212766 0.6841004184100419 0.34308510638297873 0.6743375174337517 0.3351063829787234 0.6659693165969317 0.34441489361702127
14 0.7050209205020921 0.488031914893617 0.7102510460251046 0.5232712765957447 0.7210599721059973 0.5339095744680851 0.7322175732217573 0.5226063829787234 0.7437238493723849 0.5252659574468085 0.752092050209205 0.5026595744680851 0.750697350069735 0.45478723404255317 0.7398884239888424 0.41888297872340424 0.7287308228730823 0.38231382978723405 0.7210599721059973 0.33111702127659576 0.7123430962343096 0.32779255319148937 0.7067642956764296 0.33111702127659576 0.698744769874477 0.3390957446808511
30 0.2974198047419805 0.5378989361702128 0.28556485355648537 0.5771276595744681 0.2813807531380753 0.6043882978723404 0.26673640167364016 0.6735372340425532 0.25871687587168757 0.7121010638297872 0.2754532775453278 0.7393617021276596 0.3068340306834031 0.7061170212765957 0.32426778242677823 0.663563829787234 0.33542538354253837 0.6210106382978723 0.346931659693166 0.5970744680851063 0.3472803347280335 0.557845744680851 0.3312412831241283 0.5598404255319149 0.32217573221757323 0.5438829787234043 0.31520223152022314 0.5485372340425532 0.30613668061366806 0.5339095744680851
29 0.344839609483961 0.5651595744680851 0.3378661087866109 0.5857712765957447 0.3389121338912134 0.6123670212765957 0.3284518828451883 0.6695478723404256 0.3193863319386332 0.7087765957446809 0.3193863319386332 0.7360372340425532 0.3298465829846583 0.7539893617021277 0.35390516039051606 0.7393617021276596 0.3692468619246862 0.7041223404255319 0.3797071129707113 0.6555851063829787 0.3866806136680614 0.6316489361702128 0.3922594142259414 0.6083776595744681 0.39400278940027894 0.5831117021276596 0.3922594142259414 0.567154255319149 0.3807531380753138 0.5678191489361702 0.36854951185495116 0.5518617021276596 0.35390516039051606 0.5605053191489362
28 0.3901673640167364 0.5777925531914894 0.38702928870292885 0.6023936170212766 0.38284518828451886 0.6416223404255319 0.37691771269177127 0.6914893617021277 0.36436541143654116 0.7413563829787234 0.36157601115760113 0.7559840425531915 0.36750348675034866 0.7772606382978723 0.3811018131101813 0.7772606382978723 0.39435146443514646 0.7533244680851063 0.4062064156206416 0.6934840425531915 0.41248256624825663 0.6575797872340425 0.4198047419804742 0.6303191489361702 0.4246861924686193 0.6090425531914894 0.4246861924686193 0.5857712765957447 0.4205020920502092 0.5711436170212766 0.41248256624825663 0.5738031914893617 0.4082984658298466 0.5658244680851063
27 0.4208507670850767 0.5751329787234043 0.41457461645746163 0.5990691489361702 0.41457461645746163 0.6356382978723404 0.4062064156206416 0.7267287234042553 0.400278940027894 0.7533244680851063 0.40202231520223153 0.7845744680851063 0.41701534170153415 0.7752659574468085 0.4271269177126918 0.7353723404255319 0.4341004184100418 0.6954787234042553 0.4382845188284519 0.6622340425531915 0.44421199442119946 0.6343085106382979 0.4476987447698745 0.6103723404255319 0.44630404463040446 0.5831117021276596 0.4313110181311018 0.5811170212765957
26 0.449442119944212 0.5871010638297872 0.4435146443514644 0.6223404255319149 0.4361924686192469 0.6934840425531915 0.4330543933054393 0.7460106382978723 0.4320083682008368 0.7772606382978723 0.44525801952580196 0.800531914893617 0.4525801952580195 0.7792553191489362 0.4605997210599721 0.71875 0.46827057182705717 0.6582446808510638 0.47175732217573224 0.6163563829787234 0.4710599721059972 0.5930851063829787
25 0.4700139470013947 0.5831117021276596 0.46931659693165967 0.6190159574468085 0.4640864714086471 0.682845744680851 0.4605997210599721 0.7340425531914894 0.45571827057182707 0.7732712765957447 0.45885634588563456 0.7892287234042553 0.4700139470013947 0.7925531914893617 0.4804741980474198 0.7420212765957447 0.4895397489539749 0.6363031914893617 0.49546722454672243 0.59375
24 0.49442119944211993 0.601063829787234 0.4905857740585774 0.6382978723404256 0.48535564853556484 0.6988031914893617 0.48570432357043236 0.726063829787234 0.4895397489539749 0.7533244680851063 0.4975592747559275 0.7613031914893617 0.5080195258019525 0.7513297872340425 0.5055788005578801 0.7107712765957447 0.504881450488145 0.6855053191489362 0.5101115760111576 0.6223404255319149 0.5101115760111576 0.6003989361702128
22 0.6781729428172942 0.5797872340425532 0.6764295676429568 0.6090425531914894 0.691771269177127 0.6382978723404256 0.7123430962343096 0.6868351063829787 0.7214086471408647 0.7087765957446809 0.7374476987447699 0.7287234042553191 0.7559274755927475 0.7227393617021277 0.7615062761506276 0.6868351063829787 0.7580195258019525 0.6542553191489362 0.750697350069735 0.613031914893617 0.7416317991631799 0.598404255319149 0.7287308228730823 0.5625 0.7140864714086471 0.550531914893617 0.697350069735007 0.5618351063829787 0.6914225941422594 0.5811170212765957
21 0.6352859135285913 0.581781914893617 0.6321478382147838 0.5950797872340425 0.6338912133891214 0.625 0.6391213389121339 0.6502659574468085 0.648186889818689 0.682845744680851 0.6534170153417015 0.714095744680851 0.6607391910739191 0.738031914893617 0.6698047419804742 0.7553191489361702 0.6792189679218968 0.7712765957446809 0.6872384937238494 0.7825797872340425 0.6990934449093444 0.7898936170212766 0.7095536959553695 0.78125 0.7112970711297071 0.7466755319148937 0.7053695955369595 0.7180851063829787 0.6959553695955369 0.6728723404255319 0.6893305439330544 0.632313829787234 0.6872384937238494 0.6003989361702128 0.6771269177126917 0.5784574468085106 0.6624825662482566 0.567154255319149 0.6499302649930265 0.5751329787234043
20 0.6028591352859135 0.5904255319148937 0.599721059972106 0.6030585106382979 0.601115760111576 0.625 0.606694560669456 0.6436170212765957 0.6101813110181311 0.6941489361702128 0.6150627615062761 0.7300531914893617 0.6230822873082287 0.7586436170212766 0.6335425383542538 0.7799202127659575 0.6415620641562064 0.793218085106383 0.654463040446304 0.776595744680851 0.648884239888424 0.7287234042553191 0.6398186889818689 0.6934840425531915 0.6363319386331938 0.6662234042553191 0.6373779637377964 0.6329787234042553 0.6345885634588564 0.601063829787234 0.6279637377963738 0.5811170212765957 0.6199442119944212 0.589095744680851 0.6119246861924686 0.5824468085106383
19 0.5826359832635983 0.6037234042553191 0.5781032078103208 0.6023936170212766 0.5732217573221757 0.6143617021276596 0.5732217573221757 0.6389627659574468 0.5770571827057183 0.6655585106382979 0.5777545327754533 0.7147606382978723 0.5819386331938633 0.754654255319149 0.5857740585774058 0.773936170212766 0.5885634588563459 0.7985372340425532 0.6032078103207811 0.8138297872340425 0.6112273361227336 0.793218085106383 0.6094839609483961 0.7486702127659575 0.6049511854951185 0.7101063829787234 0.6063458856345886 0.6668882978723404 0.6070432357043236 0.6376329787234043 0.601813110181311 0.6077127659574468 0.5937935843793585 0.598404255319149
18 0.550557880055788 0.6063829787234043 0.5568340306834031 0.5924202127659575 0.5658995815899581 0.5930851063829787 0.5728730822873083 0.5964095744680851 0.5756624825662483 0.6156914893617021 0.5770571827057183 0.6409574468085106 0.5774058577405857 0.6722074468085106 0.5760111576011158 0.714095744680851 0.5732217573221757 0.7367021276595744 0.5690376569037657 0.7593085106382979 0.5652022315202232 0.776595744680851 0.555439330543933 0.7905585106382979 0.5467224546722455 0.7785904255319149 0.5421896792189679 0.7440159574468085 0.5467224546722455 0.6795212765957447 0.547768479776848 0.6196808510638298
17 0.5289400278940027 0.5964095744680851 0.5268479776847977 0.6117021276595744 0.5264993026499303 0.6648936170212766 0.5223152022315202 0.7021276595744681 0.5212691771269177 0.7446808510638298 0.5202231520223152 0.7719414893617021 0.5251046025104602 0.7819148936170213 0.5373082287308228 0.7752659574468085 0.5400976290097629 0.745345744680851 0.5467224546722455 0.6868351063829787 0.548465829846583 0.651595744680851 0.549860529986053 0.6196808510638298 0.5519525801952581 0.5930851063829787 0.5432357043235704 0.5930851063829787
16 0.5097629009762901 0.601063829787234 0.5073221757322176 0.6482712765957447 0.5045327754532776 0.680186170212766 0.50278940027894 0.723404255319149 0.502092050209205 0.7400265957446809 0.5097629009762901 0.7480053191489362 0.5177824267782427 0.7347074468085106 0.5216178521617852 0.6988031914893617 0.5247559274755927 0.6728723404255319 0.5285913528591353 0.6409574468085106 0.5313807531380753 0.6190159574468085 0.5317294281729428 0.6050531914893617 0.5167364016736402 0.6023936170212766