0 0.4710193204530313 0.6314589665653495 0.4966688874083944 0.6268996960486323 0.49733510992671554 0.5569908814589666 0.488674217188541 0.4034954407294833 0.48001332445036643 0.40577507598784196 0.46902065289806794 0.5661094224924013 0.46635576282478347 0.587386018237082
1 0.44403730846102596 0.601063829787234 0.45103264490339773 0.6200607902735562 0.46135909393737506 0.6231003039513677 0.47401732178547634 0.5965045592705167 0.4713524317121919 0.5547112462006079 0.475016655562958 0.4726443768996961 0.4700199866755496 0.446048632218845 0.46235842771485675 0.4506079027355623 0.4530313124583611 0.49012158054711247 0.44836775483011326 0.5364741641337386
2 0.4170552964690207 0.5851063829787234 0.4230512991339107 0.5904255319148937 0.4323784143904064 0.6185410334346505 0.44503664223850764 0.5934650455927052 0.45103264490339773 0.581306990881459 0.45403064623584277 0.5448328267477204 0.4536975349766822 0.5151975683890577 0.45569620253164556 0.4012158054711246 0.4413724183877415 0.4012158054711246 0.4287141905396402 0.47720364741641336
3 0.4000666222518321 0.5767477203647416 0.4123917388407728 0.6003039513677811 0.41938707528314456 0.5881458966565349 0.4280479680213191 0.6003039513677811 0.4337108594270486 0.6003039513677811 0.4407061958694204 0.574468085106383 0.4407061958694204 0.4156534954407295 0.43137908061292474 0.4012158054711246 0.4170552964690207 0.4148936170212766 0.4183877415056629 0.43465045592705165
4 0.3807461692205197 0.5866261398176292 0.38974017321785476 0.5843465045592705 0.39640239840106595 0.5927051671732523 0.40173217854763493 0.5881458966565349 0.4110592938041306 0.5995440729483282 0.42371752165223187 0.5782674772036475 0.4280479680213191 0.5288753799392097 0.42371752165223187 0.4992401215805471 0.4287141905396402 0.4209726443768997 0.4233844103930713 0.4072948328267477 0.41272485009993337 0.4095744680851064 0.40173217854763493 0.4521276595744681 0.3864090606262492 0.49164133738601823 0.3770819453697535 0.5319148936170213 0.37741505662891406 0.5630699088145896
5 0.3457694870086609 0.5539513677811551 0.35609593604263823 0.5539513677811551 0.3680879413724184 0.5668693009118541 0.379746835443038 0.5577507598784195 0.388074616922052 0.53419452887538 0.39073950699533644 0.5 0.39073950699533644 0.4612462006079027 0.39740173217854763 0.39209726443769 0.39473684210526316 0.3518237082066869 0.3807461692205197 0.364741641337386 0.37808127914723516 0.41109422492401215 0.3647568287808128 0.43844984802431614 0.351765489673551 0.4726443768996961 0.34243837441705527 0.5129179331306991
6 0.32978014656895405 0.36930091185410335 0.3457694870086609 0.33282674772036475 0.34876748834110594 0.31458966565349544 0.3814123917388408 0.324468085106383 0.38307794803464357 0.378419452887538 0.379746835443038 0.418693009118541 0.36642238507661556 0.4399696048632219 0.3504330446369087 0.44452887537993924 0.3374417055296469 0.44224924012158057 0.33011325782811457 0.40577507598784196
8 0.4990006662225183 0.628419452887538 0.5139906728847435 0.6261398176291794 0.527981345769487 0.6117021276595744 0.5216522318454364 0.5129179331306991 0.5103264490339774 0.40197568389057753 0.502998001332445 0.4004559270516717 0.4953364423717522 0.5585106382978723
9 0.5269820119920053 0.6162613981762918 0.5459693537641572 0.6101823708206687 0.5512991339107262 0.5759878419452887 0.5319786808794137 0.4278115501519757 0.5223184543637575 0.4270516717325228 0.5233177881412392 0.5919452887537994
10 0.5449700199866756 0.5843465045592705 0.5602931379080613 0.6177811550151976 0.5629580279813458 0.6094224924012158 0.5739506995336442 0.5775075987841946 0.5569620253164557 0.43617021276595747 0.5443037974683544 0.3913373860182371 0.5316455696202531 0.3974164133738602
11 0.5646235842771485 0.5949848024316109 0.5769487008660893 0.5843465045592705 0.5852764823451032 0.5927051671732523 0.5912724850099933 0.5683890577507599 0.586275816122585 0.5129179331306991 0.5682878081279147 0.40577507598784196 0.5526315789473685 0.40577507598784196 0.5556295802798135 0.5417933130699089 0.558294470353098 0.5820668693009119
12 0.5879413724183877 0.5843465045592705 0.6105929380413058 0.5714285714285714 0.6189207195203198 0.5417933130699089 0.6115922718187875 0.4878419452887538 0.6002664890073285 0.40577507598784196 0.5789473684210527 0.4126139817629179 0.5779480346435709 0.46200607902735563 0.5719520319786808 0.5288753799392097 0.5776149233844103 0.5645896656534954
13 0.6209193870752832 0.5554711246200608 0.6482345103264491 0.5326747720364742 0.6522318454363758 0.5007598784194529 0.6455696202531646 0.4688449848024316 0.6115922718187875 0.371580547112462 0.5939373750832778 0.4065349544072948 0.6099267155229847 0.4582066869300912 0.6069287141905396 0.5 0.6099267155229847 0.5326747720364742
14 0.6442371752165224 0.4217325227963526 0.6538974017321786 0.3898176291793313 0.6658894070619586 0.3768996960486322 0.6658894070619586 0.3290273556231003 0.6465689540306462 0.3009118541033435 0.608927381745503 0.30319148936170215 0.5996002664890073 0.3548632218844985 0.6229180546302465 0.4088145896656535
16 0.4996668887408394 0.6436170212765957 0.5213191205862758 0.6382978723404256 0.5216522318454364 0.8168693009118541 0.5093271152564957 0.8168693009118541
17 0.5186542305129913 0.6405775075987842 0.5439706862091939 0.6329787234042553 0.5419720186542305 0.7249240121580547 0.5376415722851432 0.8145896656534954 0.5263157894736842 0.8168693009118541 0.5216522318454364 0.7545592705167173 0.5229846768820786 0.6990881458966566
18 0.5376415722851432 0.6382978723404256 0.5506329113924051 0.6208206686930091 0.5652898067954697 0.6458966565349544 0.5632911392405063 0.8214285714285714 0.5453031312458361 0.8229483282674772 0.5403064623584277 0.6838905775075987
19 0.5473017988007994 0.628419452887538 0.5609593604263824 0.6231003039513677 0.5729513657561626 0.601063829787234 0.5889407061958695 0.6443768996960486 0.5926049300466356 0.8183890577507599 0.5762824783477681 0.8168693009118541 0.5599600266489008 0.6876899696048632 0.5502998001332445 0.6610942249240122
20 0.5729513657561626 0.5965045592705167 0.59526982011992 0.5980243161094225 0.6112591605596269 0.5775075987841946 0.6229180546302465 0.5965045592705167 0.6299133910726182 0.6664133738601824 0.6472351765489673 0.729483282674772 0.6215856095936043 0.7735562310030395 0.5996002664890073 0.7348024316109423 0.5842771485676216 0.662613981762918 0.5716189207195204 0.6246200607902735
21 0.606595602931379 0.5790273556231003 0.6109260493004663 0.5577507598784195 0.620253164556962 0.5531914893617021 0.6289140572951366 0.5547112462006079 0.6372418387741505 0.541033434650456 0.6552298467688208 0.541033434650456 0.6632245169886742 0.5706686930091185 0.6638907395069953 0.6147416413373861 0.6855429713524317 0.7272036474164134 0.6582278481012658 0.756838905775076 0.6309127248501 0.6945288753799392 0.6229180546302465 0.6413373860182371
22 0.6645569620253164 0.6177811550151976 0.6708860759493671 0.5752279635258358 0.6832111925383078 0.5577507598784195 0.6875416389073951 0.5250759878419453 0.712524983344437 0.5433130699088146 0.7321785476349101 0.6360182370820668 0.709526982011992 0.6952887537993921 0.689873417721519 0.6702127659574468 0.6722185209860093 0.6557750759878419
24 0.48134576948700863 0.6413373860182371 0.5013324450366422 0.6390577507598785 0.4996668887408394 0.8221884498480243 0.4876748834110593 0.8221884498480243
25 0.4633577614923384 0.6443768996960486 0.4670219853431046 0.6344984802431611 0.4826782145236509 0.6527355623100304 0.48634243837441704 0.824468085106383 0.47401732178547634 0.8305471124620061 0.4660226515656229 0.7454407294832827
26 0.44270486342438375 0.6390577507598785 0.45169886742171883 0.621580547112462 0.4660226515656229 0.648936170212766 0.46835443037974683 0.7340425531914894 0.4670219853431046 0.8351063829787234 0.4460359760159893 0.8358662613981763 0.4397068620919387 0.7013677811550152
27 0.4173884077281812 0.6276595744680851 0.43171219187208526 0.6177811550151976 0.4423717521652232 0.6329787234042553 0.4417055296469021 0.7051671732522796 0.44103930712858097 0.8237082066869301 0.41805463024650236 0.8191489361702128
28 0.388074616922052 0.5987841945288754 0.4010659560293138 0.6101823708206687 0.41538974017321784 0.6101823708206687 0.4230512991339107 0.6185410334346505 0.43171219187208526 0.6147416413373861 0.4423717521652232 0.6398176291793313 0.43104596935376416 0.6740121580547113 0.41805463024650236 0.6952887537993921 0.3967355096602265 0.7667173252279635 0.37108594270486345 0.7933130699088146 0.3457694870086609 0.7553191489361702 0.3520986009327115 0.7112462006079028 0.3804130579613591 0.6329787234042553
29 0.3357761492338441 0.587386018237082 0.34243837441705527 0.5645896656534954 0.3614257161892072 0.5531914893617021 0.37108594270486345 0.5661094224924013 0.38307794803464357 0.5661094224924013 0.39740173217854763 0.5835866261398176 0.3924050632911392 0.6185410334346505 0.38740839440373087 0.6572948328267477 0.3817455029980013 0.6869300911854104 0.3524317121918721 0.776595744680851 0.3271152564956695 0.7537993920972644 0.33710859427048634 0.6398176291793313
30 0.3027981345769487 0.5425531914893617 0.32145236508994 0.5577507598784195 0.3221185876082612 0.5759878419452887 0.33144570286475683 0.5919452887537994 0.3327781479013991 0.6428571428571429 0.32378414390406396 0.668693009118541 0.31079280479680216 0.6740121580547113 0.28780812791472354 0.6998480243161094 0.25349766822118586 0.601823708206687 0.27115256495669554 0.5851063829787234 0.27781479013990673 0.5509118541033434 0.28847435043304465 0.5425531914893617