16 0.5020505809979494 0.5645896656534954 0.5205058099794941 0.5630699088145896 0.5249487354750513 0.6405775075987842 0.5314422419685577 0.7887537993920972 0.5146958304853042 0.7887537993920972 0.5054682159945317 0.6610942249240122
17 0.5222146274777854 0.5585106382978723 0.538961038961039 0.5547112462006079 0.5423786739576213 0.587386018237082 0.5488721804511278 0.8069908814589666 0.5379357484620643 0.8069908814589666 0.5266575529733425 0.6610942249240122
18 0.5406698564593302 0.5486322188449848 0.5618591934381408 0.5440729483282675 0.5673274094326726 0.5851063829787234 0.5721120984278879 0.8054711246200608 0.5526315789473685 0.8069908814589666 0.5416951469583049 0.5957446808510638
19 0.5666438824333562 0.5585106382978723 0.5840738209159262 0.5440729483282675 0.5868079289131921 0.5524316109422492 0.5915926179084073 0.6367781155015197 0.5933014354066986 0.7849544072948328 0.5765550239234449 0.7826747720364742 0.569377990430622 0.6595744680851063
20 0.5857826384142174 0.53419452887538 0.6090225563909775 0.5281155015197568 0.6155160628844839 0.60790273556231 0.6274777853725222 0.7864741641337386 0.6079972658920028 0.7925531914893617 0.5915926179084073 0.6550151975683891
23 0.6616541353383458 0.4946808510638298 0.6811346548188654 0.43541033434650456 0.6903622693096377 0.43541033434650456 0.7467532467532467 0.5174772036474165 0.7511961722488039 0.5668693009118541 0.732740943267259 0.6390577507598785 0.6913875598086124 0.5896656534954408 0.6736158578263841 0.5440729483282675
24 0.4815447710184552 0.5706686930091185 0.5010252904989747 0.5645896656534954 0.5047846889952153 0.5775075987841946 0.512987012987013 0.8054711246200608 0.4924812030075188 0.8009118541033434 0.49179767600820234 0.7066869300911854 0.48632946001367056 0.6261398176291794
25 0.46206425153793573 0.5645896656534954 0.48325358851674644 0.5645896656534954 0.49077238550922764 0.6595744680851063 0.4890635680109364 0.8031914893617021 0.47060833902939164 0.7925531914893617 0.47060833902939164 0.7006079027355623 0.47060833902939164 0.6367781155015197
26 0.4463431305536569 0.560790273556231 0.46411483253588515 0.560790273556231 0.47129186602870815 0.6451367781155015 0.46958304853041694 0.7948328267477204 0.44907723855092274 0.791033434650456 0.4473684210526316 0.7127659574468085 0.4463431305536569 0.6512158054711246
27 0.42617908407382094 0.5691489361702128 0.4429254955570745 0.5691489361702128 0.4456596035543404 0.5896656534954408 0.4473684210526316 0.6223404255319149 0.44907723855092274 0.797112462006079 0.43267259056732743 0.7887537993920972 0.4316473000683527 0.708966565349544 0.42515379357484623 0.6816109422492401 0.42515379357484623 0.648936170212766
28 0.40498974709501023 0.560790273556231 0.4224196855775803 0.560790273556231 0.42617908407382094 0.5729483282674772 0.4289131920710868 0.5957446808510638 0.4278879015721121 0.7948328267477204 0.410457963089542 0.7948328267477204 0.40567327409432674 0.75 0.40567327409432674 0.6899696048632219 0.40498974709501023 0.6367781155015197 0.40123034859876966 0.5995440729483282
30 0.33014354066985646 0.47416413373860183 0.3438140806561859 0.47416413373860183 0.35406698564593303 0.4870820668693009 0.3595352016404648 0.5053191489361702 0.3687628161312372 0.5379939209726444 0.3588516746411483 0.5630699088145896 0.34210526315789475 0.5995440729483282 0.2781954887218045 0.6656534954407295 0.2781954887218045 0.6367781155015197 0.25803144224196856 0.6405775075987842 0.2532467532467532 0.5835866261398176 0.25700615174299385 0.5379939209726444 0.2932330827067669 0.5091185410334347 0.3198906356801094 0.5030395136778115
8 0.5054682159945317 0.3221884498480243 0.5222146274777854 0.3161094224924012 0.525974025974026 0.3860182370820669 0.5249487354750513 0.5585106382978723 0.5146958304853042 0.5706686930091185 0.5037593984962406 0.5645896656534954 0.5 0.5379939209726444
9 0.525974025974026 0.30623100303951367 0.538961038961039 0.30623100303951367 0.5461380724538619 0.5547112462006079 0.5266575529733425 0.5569908814589666 0.525974025974026 0.4908814589665654
10 0.5461380724538619 0.30015197568389057 0.5639097744360902 0.30015197568389057 0.5683526999316473 0.4726443768996961 0.5673274094326726 0.5501519756838906 0.5498974709501026 0.5501519756838906 0.5454545454545454 0.5281155015197568 0.5454545454545454 0.4787234042553192
11 0.5601503759398496 0.30015197568389057 0.5830485304169515 0.30015197568389057 0.5888585099111415 0.46656534954407297 0.5868079289131921 0.5174772036474165 0.5748462064251538 0.5197568389057751 0.5628844839371155 0.5174772036474165 0.5601503759398496 0.4825227963525836 0.5601503759398496 0.45592705167173253
12 0.5830485304169515 0.2857142857142857 0.6127819548872181 0.28343465045592703 0.6182501708817498 0.3943768996960486 0.6237183868762816 0.44756838905775076 0.6237183868762816 0.4848024316109423 0.6172248803827751 0.5030395136778115 0.5933014354066986 0.5197568389057751 0.5878332194121668 0.4969604863221885 0.5868079289131921 0.44376899696048633
13 0.6138072453861928 0.28343465045592703 0.6377306903622693 0.2712765957446808 0.6514012303485988 0.4209726443768997 0.6606288448393711 0.46808510638297873 0.6514012303485988 0.4908814589665654 0.6302118933697881 0.4969604863221885 0.6220095693779905 0.4825227963525836 0.6220095693779905 0.4399696048632219 0.6172248803827751 0.3738601823708207
14 0.6404647983595352 0.2591185410334346 0.6773752563226247 0.23860182370820668 0.684894053315106 0.3981762917933131 0.684894053315106 0.42325227963525835 0.6643882433356118 0.44376899696048633 0.6514012303485988 0.4331306990881459 0.6449077238550923 0.39209726443769
0 0.46958304853041694 0.31458966565349544 0.4890635680109364 0.3161094224924012 0.5 0.5364741641337386 0.5 0.5585106382978723 0.4750512645249487 0.5630699088145896 0.47231715652768286 0.513677811550152
1 0.45215311004784686 0.31458966565349544 0.4678742310321258 0.31458966565349544 0.47334244702665756 0.5524316109422492 0.4678742310321258 0.560790273556231 0.45215311004784686 0.560790273556231 0.4548872180451128 0.5220364741641338
2 0.4289131920710868 0.3123100303951368 0.45112781954887216 0.3123100303951368 0.45557074504442924 0.5319148936170213 0.44907723855092274 0.5706686930091185 0.436431989063568 0.5645896656534954 0.4354066985645933 0.53419452887538 0.4299384825700615 0.4642857142857143
3 0.40225563909774437 0.303951367781155 0.4299384825700615 0.30851063829787234 0.43267259056732743 0.53419452887538 0.42515379357484623 0.5630699088145896 0.41216678058783324 0.5501519756838906 0.39473684210526316 0.5486322188449848 0.40225563909774437 0.5075987841945289
4 0.3687628161312372 0.2917933130699088 0.4029391660970608 0.29407294832826747 0.40669856459330145 0.513677811550152 0.39576213260423787 0.540273556231003 0.3762816131237184 0.540273556231003 0.3605604921394395 0.5091185410334347 0.3622693096377307 0.46200607902735563 0.3653451811346548 0.3776595744680851