0 0.49139676113360325 0.5573770491803278 0.49696356275303644 0.5952868852459017 0.4949392712550607 0.6075819672131147 0.4848178137651822 0.6147540983606558 0.47368421052631576 0.6188524590163934 0.4701417004048583 0.6065573770491803 0.4691295546558704 0.5850409836065574 0.4706477732793522 0.5563524590163934 0.472165991902834 0.4487704918032787 0.472165991902834 0.430327868852459 0.47368421052631576 0.4149590163934426 0.48026315789473684 0.41700819672131145 0.48582995951417 0.4354508196721312 0.4888663967611336 0.46209016393442626 0.4888663967611336 0.4969262295081967
1 0.4549595141700405 0.5450819672131147 0.4509109311740891 0.5625 0.4524291497975709 0.5901639344262295 0.4574898785425101 0.6096311475409836 0.4691295546558704 0.6055327868852459 0.472165991902834 0.5686475409836066 0.4706477732793522 0.4672131147540984 0.4706477732793522 0.44364754098360654 0.4701417004048583 0.42110655737704916 0.4665991902834008 0.4067622950819672 0.45951417004048584 0.41188524590163933
2 0.43724696356275305 0.5502049180327869 0.4357287449392713 0.5727459016393442 0.4397773279352227 0.5932377049180327 0.44483805668016196 0.6086065573770492 0.4493927125506073 0.6055327868852459 0.4524291497975709 0.5860655737704918 0.4549595141700405 0.5788934426229508 0.4564777327935223 0.5522540983606558 0.45546558704453444 0.5245901639344263 0.4564777327935223 0.4334016393442623 0.45546558704453444 0.4149590163934426 0.45394736842105265 0.3862704918032787 0.4509109311740891 0.375 0.44483805668016196 0.3729508196721312 0.43775303643724695 0.3862704918032787 0.4407894736842105 0.4262295081967213
3 0.4175101214574899 0.5338114754098361 0.4175101214574899 0.5635245901639344 0.4225708502024291 0.5850409836065574 0.42813765182186236 0.5901639344262295 0.4342105263157895 0.5747950819672131 0.44281376518218624 0.5706967213114754 0.44686234817813764 0.5348360655737705 0.44483805668016196 0.5092213114754098 0.4407894736842105 0.4805327868852459 0.4392712550607287 0.42213114754098363 0.43775303643724695 0.39139344262295084 0.4352226720647773 0.36168032786885246 0.4240890688259109 0.35655737704918034 0.42054655870445345 0.3770491803278688
4 0.4023279352226721 0.5235655737704918 0.4008097165991903 0.5543032786885246 0.4033400809716599 0.5809426229508197 0.4073886639676113 0.5891393442622951 0.416497975708502 0.5778688524590164 0.4230769230769231 0.5829918032786885 0.42813765182186236 0.5645491803278688 0.42864372469635625 0.5245901639344263 0.4215587044534413 0.4600409836065574 0.42054655870445345 0.4395491803278688 0.4175101214574899 0.4108606557377049 0.4109311740890688 0.39959016393442626 0.4043522267206478 0.41290983606557374 0.4033400809716599 0.4364754098360656 0.4033400809716599 0.4723360655737705
5 0.3785425101214575 0.4969262295081967 0.375 0.5307377049180327 0.3770242914979757 0.5491803278688525 0.3856275303643725 0.5594262295081968 0.3942307692307692 0.5604508196721312 0.409919028340081 0.5512295081967213 0.4149797570850202 0.5276639344262295 0.41548582995951416 0.5010245901639344 0.4124493927125506 0.4641393442622951 0.409919028340081 0.4077868852459016 0.40789473684210525 0.39036885245901637 0.40030364372469635 0.38524590163934425 0.3942307692307692 0.3975409836065574 0.3917004048582996 0.42110655737704916 0.38917004048583 0.4385245901639344
6 0.3491902834008097 0.46311475409836067 0.34463562753036436 0.48258196721311475 0.3436234817813765 0.5 0.3507085020242915 0.5174180327868853 0.36690283400809715 0.5348360655737705 0.375 0.5297131147540983 0.38360323886639675 0.5112704918032787 0.3876518218623482 0.48565573770491804 0.39271255060728744 0.41700819672131145 0.3937246963562753 0.39241803278688525 0.3952429149797571 0.367827868852459 0.395748987854251 0.3463114754098361 0.3917004048582996 0.31864754098360654 0.3841093117408907 0.3073770491803279 0.3684210526315789 0.3165983606557377 0.36082995951417 0.35963114754098363
8 0.4924089068825911 0.5594262295081968 0.48785425101214575 0.5942622950819673 0.48785425101214575 0.6127049180327869 0.5035425101214575 0.6147540983606558 0.5106275303643725 0.6065573770491803 0.5106275303643725 0.5717213114754098 0.5121457489878543 0.48565573770491804 0.5121457489878543 0.4651639344262295 0.5121457489878543 0.4395491803278688 0.5106275303643725 0.4180327868852459 0.5035425101214575 0.41598360655737704 0.4964574898785425 0.42520491803278687 0.4949392712550607 0.4672131147540984
9 0.5111336032388664 0.548155737704918 0.5121457489878543 0.5850409836065574 0.5156882591093117 0.5983606557377049 0.5268218623481782 0.5932377049180327 0.5318825910931174 0.5665983606557377 0.5293522267206477 0.5266393442622951 0.5268218623481782 0.4713114754098361 0.5268218623481782 0.44364754098360654 0.5217611336032388 0.4180327868852459 0.513663967611336 0.4149590163934426 0.5111336032388664 0.4323770491803279
11 0.5445344129554656 0.41290983606557374 0.5389676113360324 0.4805327868852459 0.5389676113360324 0.5092213114754098 0.5430161943319838 0.5604508196721312 0.5470647773279352 0.5788934426229508 0.5531376518218624 0.5850409836065574 0.5632591093117408 0.5788934426229508 0.5662955465587044 0.5573770491803278 0.5617408906882592 0.5307377049180327 0.5602226720647774 0.5040983606557377 0.5602226720647774 0.4764344262295082 0.5632591093117408 0.45081967213114754 0.5632591093117408 0.42110655737704916 0.562246963562753 0.39549180327868855 0.555668016194332 0.38524590163934425 0.5470647773279352 0.38831967213114754
12 0.5728744939271255 0.4948770491803279 0.5814777327935222 0.5338114754098361 0.583502024291498 0.548155737704918 0.5789473684210527 0.5645491803278688 0.5728744939271255 0.5686475409836066 0.5637651821862348 0.555327868852459 0.5536437246963563 0.5 0.548582995951417 0.4692622950819672 0.5455465587044535 0.4426229508196721 0.542004048582996 0.4108606557377049 0.5455465587044535 0.40061475409836067 0.5536437246963563 0.4016393442622951 0.562246963562753 0.42213114754098363
13 0.569838056680162 0.4764344262295082 0.5718623481781376 0.49385245901639346 0.5789473684210527 0.5276639344262295 0.583502024291498 0.5389344262295082 0.5915991902834008 0.5440573770491803 0.6052631578947368 0.5389344262295082 0.6093117408906883 0.5256147540983607 0.6077935222672065 0.4959016393442623 0.6062753036437247 0.46209016393442626 0.604757085020243 0.4354508196721312 0.6062753036437247 0.41598360655737704 0.6072874493927125 0.39036885245901637 0.6067813765182186 0.3719262295081967 0.6032388663967612 0.35450819672131145 0.590080971659919 0.3422131147540984 0.5774291497975709 0.3422131147540984 0.569331983805668 0.35450819672131145 0.5657894736842105 0.38114754098360654 0.5678137651821862 0.4108606557377049
14 0.6052631578947368 0.46209016393442626 0.6088056680161943 0.4989754098360656 0.6118421052631579 0.5184426229508197 0.6224696356275303 0.5194672131147541 0.631578947368421 0.5133196721311475 0.6361336032388664 0.5030737704918032 0.6366396761133604 0.4805327868852459 0.6290485829959515 0.42213114754098363 0.625 0.39241803278688525 0.625 0.3739754098360656 0.6260121457489879 0.33401639344262296 0.6229757085020243 0.319672131147541 0.6123481781376519 0.32172131147540983 0.6057692307692307 0.34938524590163933 0.6052631578947368 0.42418032786885246
15 0.6285425101214575 0.4600409836065574 0.6280364372469636 0.47950819672131145 0.6300607287449392 0.5061475409836066 0.638663967611336 0.5174180327868853 0.6472672064777328 0.5133196721311475 0.6609311740890689 0.5 0.6644736842105263 0.48668032786885246 0.6609311740890689 0.4600409836065574 0.6553643724696356 0.4364754098360656 0.6503036437246964 0.41290983606557374 0.6487854251012146 0.38729508196721313 0.646255060728745 0.33709016393442626 0.6432186234817814 0.305327868852459 0.638663967611336 0.2807377049180328 0.6310728744939271 0.2735655737704918 0.6244939271255061 0.27459016393442626 0.6219635627530364 0.3073770491803279
16 0.5 0.6311475409836066 0.5005060728744939 0.6588114754098361 0.5040485829959515 0.6854508196721312 0.5075910931174089 0.7387295081967213 0.5080971659919028 0.757172131147541 0.5131578947368421 0.764344262295082 0.5177125506072875 0.7530737704918032 0.5182186234817814 0.7336065573770492 0.5172064777327935 0.6895491803278688 0.5161943319838057 0.6506147540983607 0.5151821862348178 0.6342213114754098 0.5141700404858299 0.6280737704918032
17 0.513663967611336 0.625 0.5177125506072875 0.6557377049180327 0.5187246963562753 0.6875 0.5187246963562753 0.7151639344262295 0.5197368421052632 0.764344262295082 0.5237854251012146 0.7827868852459017 0.52834008097166 0.7817622950819673 0.5328947368421053 0.7581967213114754 0.5313765182186235 0.6926229508196722 0.5313765182186235 0.6424180327868853 0.52834008097166 0.617827868852459 0.5227732793522267 0.6147540983606558
18 0.5318825910931174 0.6096311475409836 0.5288461538461539 0.6301229508196722 0.5323886639676113 0.6536885245901639 0.5339068825910931 0.6905737704918032 0.5364372469635628 0.75 0.5374493927125507 0.7920081967213115 0.5425101214574899 0.8073770491803278 0.5490890688259109 0.805327868852459 0.5541497975708503 0.7838114754098361 0.5541497975708503 0.764344262295082 0.5531376518218624 0.7182377049180327 0.5495951417004049 0.6536885245901639 0.5536437246963563 0.6383196721311475 0.5536437246963563 0.625 0.5480769230769231 0.6116803278688525 0.5445344129554656 0.6014344262295082
19 0.5460526315789473 0.6127049180327869 0.5440283400809717 0.6239754098360656 0.5475708502024291 0.6383196721311475 0.5521255060728745 0.6516393442622951 0.555161943319838 0.6813524590163934 0.5607287449392713 0.7254098360655737 0.5678137651821862 0.7612704918032787 0.5713562753036437 0.7766393442622951 0.576417004048583 0.7797131147540983 0.5819838056680162 0.7663934426229508 0.5799595141700404 0.7366803278688525 0.5688259109311741 0.6403688524590164 0.5708502024291497 0.6219262295081968 0.5678137651821862 0.6024590163934426 0.5617408906882592 0.5993852459016393 0.555668016194332 0.5932377049180327 0.5506072874493927 0.6014344262295082 0.5495951417004049 0.6086065573770492
20 0.562753036437247 0.5901639344262295 0.5597165991902834 0.6168032786885246 0.5642712550607287 0.6260245901639344 0.5703441295546559 0.6413934426229508 0.5769230769230769 0.6793032786885246 0.5799595141700404 0.6987704918032787 0.5850202429149798 0.7213114754098361 0.5956477732793523 0.7663934426229508 0.6032388663967612 0.7735655737704918 0.6123481781376519 0.7704918032786885 0.6143724696356275 0.7561475409836066 0.6082995951417004 0.7336065573770492 0.6017206477732794 0.701844262295082 0.597165991902834 0.680327868852459 0.5921052631578947 0.6157786885245902 0.5860323886639676 0.5840163934426229 0.5748987854251012 0.5881147540983607 0.5713562753036437 0.5850409836065574
21 0.5799595141700404 0.5706967213114754 0.5784412955465587 0.5850409836065574 0.583502024291498 0.6096311475409836 0.5875506072874493 0.6342213114754098 0.5961538461538461 0.6721311475409836 0.6012145748987854 0.6936475409836066 0.6108299595141701 0.7192622950819673 0.6204453441295547 0.7366803278688525 0.6280364372469636 0.7489754098360656 0.6396761133603239 0.7530737704918032 0.6508097165991903 0.7264344262295082 0.6492914979757085 0.6915983606557377 0.6229757085020243 0.5963114754098361 0.6209514170040485 0.5850409836065574 0.6189271255060729 0.5655737704918032 0.6138663967611336 0.5471311475409836 0.6057692307692307 0.548155737704918 0.59665991902834 0.5450819672131147 0.590080971659919 0.5645491803278688
22 0.6128542510121457 0.5409836065573771 0.6133603238866396 0.569672131147541 0.6169028340080972 0.5860655737704918 0.6224696356275303 0.5911885245901639 0.6411943319838057 0.6536885245901639 0.6492914979757085 0.673155737704918 0.6604251012145749 0.6936475409836066 0.6740890688259109 0.7008196721311475 0.6857287449392713 0.6895491803278688 0.6867408906882592 0.6659836065573771 0.6826923076923077 0.6444672131147541 0.6771255060728745 0.6260245901639344 0.6675101214574899 0.6034836065573771 0.6604251012145749 0.5819672131147541 0.6548582995951417 0.5420081967213115 0.6487854251012146 0.5215163934426229 0.6417004048582996 0.5174180327868853 0.6371457489878543 0.5174180327868853 0.6265182186234818 0.5225409836065574 0.6234817813765182 0.5317622950819673
24 0.4868421052631579 0.6362704918032787 0.4868421052631579 0.6670081967213115 0.4888663967611336 0.6956967213114754 0.4924089068825911 0.7284836065573771 0.49696356275303644 0.7776639344262295 0.5045546558704453 0.7786885245901639 0.5060728744939271 0.7551229508196722 0.5040485829959515 0.7151639344262295 0.5015182186234818 0.6680327868852459 0.5030364372469636 0.6506147540983607 0.5030364372469636 0.632172131147541
25 0.4782388663967611 0.6311475409836066 0.4676113360323887 0.6331967213114754 0.46558704453441296 0.6557377049180327 0.46963562753036436 0.6844262295081968 0.47520242914979755 0.7120901639344263 0.4782388663967611 0.7448770491803278 0.48026315789473684 0.7704918032786885 0.48380566801619435 0.7930327868852459 0.4868421052631579 0.8032786885245902 0.4939271255060729 0.7838114754098361 0.4934210526315789 0.7561475409836066 0.49038461538461536 0.7100409836065574 0.48785425101214575 0.6721311475409836 0.4873481781376518 0.6485655737704918 0.48633603238866396 0.632172131147541
26 0.4569838056680162 0.6209016393442623 0.4519230769230769 0.6372950819672131 0.4498987854251012 0.6618852459016393 0.451417004048583 0.701844262295082 0.451417004048583 0.7735655737704918 0.4524291497975709 0.7930327868852459 0.45546558704453444 0.8135245901639344 0.46305668016194335 0.819672131147541 0.4686234817813765 0.8073770491803278 0.47115384615384615 0.7633196721311475 0.4716599190283401 0.6854508196721312 0.4731781376518219 0.6618852459016393 0.4741902834008097 0.6403688524590164 0.4701417004048583 0.6168032786885246 0.46558704453441296 0.6116803278688525
27 0.43775303643724695 0.6086065573770492 0.4311740890688259 0.6239754098360656 0.43016194331983804 0.6495901639344263 0.4311740890688259 0.6752049180327869 0.4347165991902834 0.7049180327868853 0.4326923076923077 0.7315573770491803 0.42864372469635625 0.7838114754098361 0.4342105263157895 0.8002049180327869 0.4433198380566802 0.798155737704918 0.44686234817813764 0.7756147540983607 0.4498987854251012 0.7397540983606558 0.4524291497975709 0.6854508196721312 0.4559716599190283 0.6526639344262295 0.4590080971659919 0.6342213114754098 0.4559716599190283 0.6260245901639344 0.4498987854251012 0.6116803278688525 0.44686234817813764 0.6075819672131147
30 0.3684210526315789 0.5747950819672131 0.35931174089068824 0.5963114754098361 0.35374493927125505 0.610655737704918 0.34210526315789475 0.6260245901639344 0.3228744939271255 0.6547131147540983 0.3107287449392713 0.6752049180327869 0.3081983805668016 0.6997950819672131 0.3168016194331984 0.7264344262295082 0.33451417004048584 0.7274590163934426 0.35526315789473684 0.7141393442622951 0.3856275303643725 0.6680327868852459 0.395748987854251 0.6526639344262295 0.4089068825910931 0.6229508196721312 0.40941295546558704 0.6004098360655737 0.40030364372469635 0.5942622950819673 0.39625506072874495 0.5747950819672131 0.38866396761133604 0.5686475409836066 0.3815789473684211 0.5635245901639344
31 0.3426113360323887 0.5266393442622951 0.32945344129554655 0.5594262295081968 0.31224696356275305 0.5840163934426229 0.298582995951417 0.6024590163934426 0.28846153846153844 0.6127049180327869 0.2839068825910931 0.632172131147541 0.284919028340081 0.6588114754098361 0.29706477732793524 0.6629098360655737 0.3274291497975709 0.6465163934426229 0.340080971659919 0.6331967213114754 0.3618421052631579 0.6045081967213115 0.3729757085020243 0.5922131147540983 0.37955465587044535 0.5727459016393442 0.3775303643724696 0.5614754098360656 0.36690283400809715 0.5502049180327869 0.36285425101214575 0.5317622950819673 0.35728744939271256 0.5276639344262295 0.34868421052631576 0.5163934426229508