0 0.4939550949913644 0.5015197568389058 0.49430051813471504 0.5463525835866262 0.47461139896373056 0.5615501519756839 0.4587219343696028 0.5623100303951368 0.4525043177892919 0.5387537993920972 0.4535405872193437 0.506079027355623 0.45734024179620036 0.47188449848024316 0.45768566493955093 0.4247720364741641 0.4618307426597582 0.35790273556231 0.46563039723661487 0.32674772036474165 0.4697754749568221 0.3130699088145897 0.48186528497409326 0.31762917933130697 0.4877374784110535 0.36322188449848025
1 0.4293609671848014 0.5083586626139818 0.43005181347150256 0.5417933130699089 0.43316062176165804 0.5600303951367781 0.4493955094991364 0.5623100303951368 0.4618307426597582 0.5440729483282675 0.4618307426597582 0.4992401215805471 0.4587219343696028 0.45440729483282677 0.4597582037996546 0.40805471124620063 0.4614853195164076 0.36930091185410335 0.4604490500863558 0.2689969604863222 0.4545768566493955 0.25379939209726443 0.4431778929188256 0.24924012158054712 0.4328151986183074 0.28419452887537994
2 0.39654576856649393 0.5106382978723404 0.39378238341968913 0.5433130699088146 0.4027633851468048 0.5752279635258358 0.42003454231433507 0.5775075987841946 0.4310880829015544 0.5433130699088146 0.4303972366148532 0.46808510638297873 0.4303972366148532 0.39361702127659576 0.4293609671848014 0.3487841945288754 0.42694300518134715 0.30851063829787234 0.41865284974093264 0.27811550151975684 0.401727115716753 0.2872340425531915
3 0.37132987910189985 0.5288753799392097 0.3692573402417962 0.5600303951367781 0.38238341968911915 0.5904255319148937 0.401727115716753 0.5957446808510638 0.41174438687392056 0.5721884498480243 0.41278065630397237 0.5303951367781155 0.39896373056994816 0.46656534954407297 0.398272884283247 0.4194528875379939 0.39516407599309156 0.3974164133738602 0.3799654576856649 0.39893617021276595 0.3747841105354059 0.44832826747720367
4 0.34853195164075995 0.513677811550152 0.3457685664939551 0.5569908814589666 0.3550949913644214 0.5904255319148937 0.3716753022452504 0.5980243161094225 0.3837651122625216 0.5752279635258358 0.38134715025906735 0.5281155015197568 0.3754749568221071 0.4582066869300912 0.3754749568221071 0.41793313069908816 0.3699481865284974 0.3913373860182371 0.357167530224525 0.39285714285714285 0.34922279792746114 0.47112462006079026
5 0.3157167530224525 0.5448328267477204 0.3150259067357513 0.5965045592705167 0.3309153713298791 0.6048632218844985 0.34922279792746114 0.601823708206687 0.3599309153713299 0.5752279635258358 0.3540587219343696 0.5227963525835866 0.34853195164075995 0.4908814589665654 0.3464594127806563 0.43844984802431614 0.3398963730569948 0.3905775075987842 0.324006908462867 0.3738601823708207 0.307426597582038 0.3768996960486322 0.3001727115716753 0.4133738601823708 0.3015544041450777 0.4521276595744681 0.31329879101899827 0.5113981762917933
6 0.2815198618307427 0.5463525835866262 0.277720207253886 0.5782674772036475 0.28324697754749567 0.5965045592705167 0.3063903281519862 0.6109422492401215 0.3188255613126079 0.6041033434650456 0.31848013816925735 0.5691489361702128 0.3157167530224525 0.5037993920972644 0.3084628670120898 0.4688449848024316 0.3008635578583765 0.40577507598784196 0.290846286701209 0.39285714285714285 0.28117443868739206 0.4278115501519757 0.2815198618307427 0.5015197568389058
7 0.24835924006908464 0.5288753799392097 0.24283246977547496 0.547112462006079 0.24559585492227978 0.567629179331307 0.26424870466321243 0.5965045592705167 0.2756476683937824 0.5919452887537994 0.28221070811744386 0.5577507598784195 0.28221070811744386 0.5075987841945289 0.2815198618307427 0.4734042553191489 0.28117443868739206 0.41109422492401215 0.27461139896373055 0.3738601823708207 0.2597582037996546 0.3639817629179331 0.2514680483592401 0.4027355623100304 0.2531951640759931 0.46656534954407297
8 0.492573402417962 0.5007598784194529 0.49430051813471504 0.5493920972644377 0.5098445595854922 0.5577507598784195 0.5278065630397236 0.5547112462006079 0.531951640759931 0.513677811550152 0.5305699481865285 0.44376899696048633 0.5274611398963731 0.39361702127659576 0.5278065630397236 0.32750759878419455 0.5226252158894646 0.2750759878419453 0.5098445595854922 0.2803951367781155 0.4981001727115717 0.34194528875379937 0.4949913644214162 0.4673252279635258
9 0.5316062176165803 0.5106382978723404 0.5278065630397236 0.5379939209726444 0.5329879101899827 0.5623100303951368 0.5506044905008636 0.5653495440729484 0.5595854922279793 0.5547112462006079 0.5616580310880829 0.5075987841945289 0.5609671848013817 0.4270516717325228 0.5606217616580311 0.3594224924012158 0.5599309153713299 0.31990881458966564 0.5509499136442142 0.28951367781155013 0.5360967184801382 0.30775075987841943
10 0.5609671848013817 0.5030395136778115 0.5585492227979275 0.5516717325227963 0.565112262521589 0.5668693009118541 0.5789291882556131 0.5775075987841946 0.5875647668393782 0.5691489361702128 0.5934369602763385 0.5372340425531915 0.5920552677029361 0.5037993920972644 0.5934369602763385 0.4566869300911854 0.5941278065630398 0.41033434650455924 0.5951640759930915 0.378419452887538 0.5951640759930915 0.35638297872340424 0.5951640759930915 0.3100303951367781 0.583419689119171 0.30319148936170215 0.5696027633851468 0.32142857142857145
15 0.712607944732297 0.5395136778115501 0.7112262521588947 0.5843465045592705 0.7167530224525043 0.6071428571428571 0.7347150259067358 0.6063829787234043 0.7457685664939551 0.5889057750759878 0.7492227979274612 0.5691489361702128 0.7488773747841105 0.5250759878419453 0.7478411053540587 0.49848024316109424 0.7502590673575129 0.46656534954407297 0.7533678756476684 0.44376899696048633 0.7512953367875648 0.40501519756838905 0.7333333333333333 0.4012158054711246 0.7215889464594127 0.45896656534954405
14 0.67426597582038 0.5311550151975684 0.670811744386874 0.5752279635258358 0.677720207253886 0.5866261398176292 0.696027633851468 0.6033434650455927 0.7122625215889464 0.5858662613981763 0.7115716753022453 0.5349544072948328 0.7105354058721934 0.4673252279635258 0.7088082901554404 0.4338905775075988 0.705699481865285 0.3860182370820669 0.696027633851468 0.3731003039513678 0.6815198618307426 0.42325227963525835
13 0.6404145077720207 0.43237082066869303 0.6359240069084628 0.4787234042553192 0.6362694300518135 0.49164133738601823 0.6321243523316062 0.520516717325228 0.6252158894645942 0.5493920972644377 0.6262521588946459 0.5759878419452887 0.6290155440414508 0.5835866261398176 0.6455958549222798 0.5889057750759878 0.6607944732297064 0.5919452887537994 0.6701208981001727 0.5858662613981763 0.6732297063903282 0.5630699088145896 0.6739205526770293 0.5030395136778115 0.670811744386874 0.45440729483282677 0.670811744386874 0.4126139817629179 0.6649395509499136 0.3860182370820669 0.655958549222798 0.3776595744680851 0.6421416234887738 0.39361702127659576
12 0.5972366148531951 0.5243161094224924 0.5968911917098445 0.5547112462006079 0.6034542314335061 0.5797872340425532 0.6162348877374784 0.5858662613981763 0.6245250431778929 0.5805471124620061 0.627979274611399 0.5661094224924013 0.627979274611399 0.5319148936170213 0.6335060449050086 0.4703647416413374 0.6376511226252158 0.41413373860182373 0.6383419689119171 0.3822188449848024 0.6321243523316062 0.3662613981762918 0.6227979274611399 0.3662613981762918 0.6127806563039724 0.3890577507598784 0.6096718480138169 0.4627659574468085 0.6058721934369603 0.49544072948328266
11 0.581692573402418 0.5121580547112462 0.5782383419689119 0.5364741641337386 0.5841105354058722 0.5729483282674772 0.5993091537132987 0.5752279635258358 0.6096718480138169 0.5531914893617021 0.6107081174438688 0.45364741641337386 0.6117443868739205 0.39969604863221886 0.6145077720207254 0.3791793313069909 0.6075993091537133 0.3655015197568389 0.5993091537132987 0.3700607902735562 0.5868739205526771 0.4027355623100304
31 0.26459412780656305 0.6063829787234043 0.257685664939551 0.6276595744680851 0.2535405872193437 0.6778115501519757 0.2473229706390328 0.7180851063829787 0.24386873920552676 0.7606382978723404 0.2559585492227979 0.790273556231003 0.2721934369602763 0.7811550151975684 0.2970639032815199 0.6990881458966566 0.3043177892918826 0.6724924012158054 0.31122625215889466 0.6458966565349544 0.3053540587219344 0.6124620060790273 0.2804835924006909 0.5957446808510638 0.2711571675302245 0.5965045592705167
30 0.31088082901554404 0.6063829787234043 0.3043177892918826 0.6162613981762918 0.30259067357512953 0.6390577507598785 0.3005181347150259 0.7150455927051672 0.2994818652849741 0.7667173252279635 0.2987910189982729 0.8161094224924013 0.31191709844559584 0.8381458966565349 0.33609671848013817 0.7264437689969605 0.3471502590673575 0.668693009118541 0.3547495682210708 0.6367781155015197 0.3499136442141623 0.6048632218844985 0.3343696027633851 0.6048632218844985 0.32158894645941277 0.6025835866261399
29 0.34438687392055267 0.6033434650455927 0.3416234887737478 0.6276595744680851 0.338860103626943 0.6717325227963525 0.33506044905008636 0.7249240121580547 0.3291882556131261 0.7682370820668692 0.3298791018998273 0.8047112462006079 0.351986183074266 0.8183890577507599 0.3727115716753022 0.7796352583586627 0.3854922279792746 0.7059270516717325 0.39067357512953366 0.662613981762918 0.398272884283247 0.6299392097264438 0.3975820379965458 0.5957446808510638 0.3892918825561313 0.5904255319148937 0.3765112262521589 0.5911854103343465 0.35958549222797925 0.5911854103343465
28 0.38687392055267705 0.5911854103343465 0.3810017271157167 0.6063829787234043 0.3775474956822107 0.6428571428571429 0.3789291882556131 0.7021276595744681 0.37927461139896373 0.7492401215805471 0.37823834196891193 0.7803951367781155 0.38687392055267705 0.797112462006079 0.3975820379965458 0.7697568389057751 0.40207253886010363 0.7325227963525835 0.41139896373056994 0.6496960486322189 0.41658031088082903 0.6200607902735562 0.41243523316062175 0.5919452887537994 0.4013816925734024 0.5942249240121581 0.3927461139896373 0.5896656534954408
27 0.4065630397236615 0.5942249240121581 0.4027633851468048 0.621580547112462 0.4027633851468048 0.6717325227963525 0.4055267702936097 0.7165653495440729 0.40518134715025905 0.7606382978723404 0.40967184801381695 0.791033434650456 0.4169257340241796 0.8001519756838906 0.42625215889464596 0.7834346504559271 0.431433506044905 0.6968085106382979 0.4324697754749568 0.6550151975683891 0.43626943005181346 0.628419452887538 0.4293609671848014 0.6048632218844985 0.42521588946459415 0.601063829787234 0.41968911917098445 0.5828267477203647
26 0.4328151986183074 0.5805471124620061 0.4283246977547496 0.5934650455927052 0.4283246977547496 0.6200607902735562 0.42797927461139895 0.7211246200607903 0.42797927461139895 0.7530395136778115 0.43212435233160623 0.790273556231003 0.44145077720207254 0.8062310030395137 0.4469775474956822 0.7887537993920972 0.45181347150259066 0.7188449848024316 0.45595854922279794 0.6443768996960486 0.45699481865284974 0.5835866261398176 0.44283246977547497 0.5699088145896657
25 0.46459412780656306 0.5737082066869301 0.45595854922279794 0.5843465045592705 0.4556131260794473 0.6496960486322189 0.45492227979274613 0.7218844984802432 0.4566493955094991 0.7826747720364742 0.46597582037996543 0.791033434650456 0.4708117443868739 0.7553191489361702 0.4753022452504318 0.6664133738601824 0.48048359240069083 0.6314589665653495 0.48186528497409326 0.5957446808510638 0.47668393782383417 0.5782674772036475
24 0.4842832469775475 0.5843465045592705 0.475993091537133 0.5957446808510638 0.47322970639032813 0.6443768996960486 0.47461139896373056 0.7059270516717325 0.47426597582038 0.7416413373860182 0.4721934369602763 0.776595744680851 0.4780656303972366 0.7834346504559271 0.48497409326424873 0.7743161094224924 0.4894645941278066 0.7203647416413373 0.49222797927461137 0.6671732522796353 0.49844559585492226 0.6360182370820668 0.5005181347150259 0.601823708206687 0.49568221070811747 0.5866261398176292
16 0.4936096718480138 0.574468085106383 0.4863557858376511 0.5797872340425532 0.48877374784110533 0.6139817629179332 0.4949913644214162 0.6656534954407295 0.49671848013816927 0.7127659574468085 0.5005181347150259 0.7720364741641338 0.5101899827288429 0.7955927051671733 0.5170984455958549 0.7750759878419453 0.5150259067357513 0.6899696048632219 0.5132987910189982 0.621580547112462 0.5139896373056995 0.5835866261398176 0.5122625215889465 0.5706686930091185
17 0.5115716753022452 0.5699088145896657 0.510880829015544 0.6033434650455927 0.5119170984455959 0.6329787234042553 0.515371329879102 0.6557750759878419 0.5157167530224525 0.6998480243161094 0.5181347150259067 0.7332826747720365 0.5191709844559586 0.7606382978723404 0.5233160621761658 0.7879939209726444 0.5316062176165803 0.791033434650456 0.5374784110535406 0.7644376899696048 0.533678756476684 0.6610942249240122 0.5343696027633852 0.6352583586626139 0.5350604490500863 0.6117021276595744 0.5333333333333333 0.5737082066869301 0.5260794473229706 0.5645896656534954
18 0.5329879101899827 0.5790273556231003 0.5329879101899827 0.6101823708206687 0.5357512953367876 0.6998480243161094 0.5392055267702937 0.7332826747720365 0.5409326424870466 0.7735562310030395 0.5433506044905009 0.7978723404255319 0.5578583765112263 0.8145896656534954 0.5626943005181347 0.7773556231003039 0.5602763385146805 0.6816109422492401 0.5578583765112263 0.6375379939209727 0.5616580310880829 0.6063829787234043 0.5609671848013817 0.5828267477203647 0.5550949913644214 0.5653495440729484 0.5457685664939551 0.5623100303951368
19 0.5637305699481865 0.6048632218844985 0.5582037996545769 0.6200607902735562 0.5568221070811744 0.6504559270516718 0.5613126079447323 0.7165653495440729 0.5654576856649396 0.7583586626139818 0.5696027633851468 0.8009118541033434 0.5761658031088083 0.8085106382978723 0.5844559585492228 0.7887537993920972 0.585146804835924 0.6968085106382979 0.5879101899827288 0.6436170212765957 0.5875647668393782 0.6033434650455927 0.5806563039723661 0.5805471124620061 0.5692573402417962 0.5835866261398176
20 0.572020725388601 0.5995440729483282 0.5740932642487047 0.6329787234042553 0.5810017271157167 0.6914893617021277 0.5879101899827288 0.7302431610942249 0.5927461139896373 0.7697568389057751 0.6 0.7948328267477204 0.6086355785837652 0.7933130699088146 0.6120898100172711 0.7659574468085106 0.6089810017271157 0.6861702127659575 0.6093264248704663 0.6443768996960486 0.6079447322970639 0.6086626139817629 0.6048359240069084 0.5843465045592705 0.5972366148531951 0.5790273556231003 0.5841105354058722 0.5843465045592705 0.5761658031088083 0.5820668693009119
21 0.5955094991364421 0.5896656534954408 0.5934369602763385 0.6124620060790273 0.596545768566494 0.6451367781155015 0.6034542314335061 0.668693009118541 0.6079447322970639 0.7036474164133738 0.6107081174438688 0.7340425531914894 0.6138169257340241 0.7651975683890577 0.6234887737478411 0.7993920972644377 0.6376511226252158 0.8047112462006079 0.6531951640759931 0.7849544072948328 0.6538860103626943 0.7218844984802432 0.6493955094991365 0.6588145896656535 0.649740932642487 0.6306990881458967 0.6500863557858376 0.6041033434650456 0.6438687392055268 0.5881458966565349 0.629706390328152 0.5828267477203647 0.6145077720207254 0.5835866261398176 0.6075993091537133 0.5843465045592705 0.5989637305699482 0.5828267477203647
22 0.6476683937823834 0.5957446808510638 0.6417962003454232 0.6094224924012158 0.6414507772020726 0.6291793313069909 0.6476683937823834 0.6603343465045592 0.6576856649395509 0.7241641337386018 0.6639032815198618 0.7651975683890577 0.6697754749568221 0.8077507598784195 0.6797927461139897 0.8206686930091185 0.690846286701209 0.8100303951367781 0.6925734024179621 0.7613981762917933 0.6925734024179621 0.6861702127659575 0.6949913644214162 0.6428571428571429 0.6953367875647668 0.60790273556231 0.6901554404145078 0.5965045592705167 0.6808290155440414 0.5889057750759878 0.6739205526770293 0.5919452887537994 0.6677029360967185 0.5896656534954408 0.6594127806563039 0.5927051671732523 0.6531951640759931 0.5919452887537994