0 0.5061391541609823 0.2978723404255319 0.5027285129604365 0.4764437689969605 0.49829467939972716 0.5653495440729484 0.4662346521145975 0.5585106382978723 0.4638472032742155 0.5334346504559271 0.4713506139154161 0.3913373860182371 0.4733969986357435 0.303951367781155
1 0.47203274215552526 0.2993920972644377 0.46998635743519784 0.4490881458966565 0.46487039563437926 0.5448328267477204 0.461118690313779 0.5661094224924013 0.4427012278308322 0.5562310030395137 0.43860845839017737 0.526595744680851 0.4392905866302865 0.46656534954407297 0.4488403819918145 0.3761398176291793 0.4618008185538881 0.2917933130699088
2 0.44201909959072305 0.2933130699088146 0.44542974079126874 0.42249240121580545 0.4484993178717599 0.5037993920972644 0.4437244201909959 0.5281155015197568 0.4355388813096862 0.5425531914893617 0.43178717598908595 0.5630699088145896 0.4256480218281037 0.5653495440729484 0.4178035470668486 0.5577507598784195 0.4082537517053206 0.5174772036474165 0.4092769440654843 0.44452887537993924 0.4154160982264666 0.33282674772036475 0.4178035470668486 0.2917933130699088
3 0.4106412005457026 0.28495440729483285 0.41882673942701226 0.3974164133738602 0.422237380627558 0.49164133738601823 0.42121418826739426 0.5349544072948328 0.4154160982264666 0.5478723404255319 0.40620736698499316 0.5524316109422492 0.3966575716234652 0.5569908814589666 0.39017735334242837 0.547112462006079 0.3843792633015007 0.520516717325228 0.38813096862210095 0.46656534954407297 0.39017735334242837 0.385258358662614 0.39631650750341063 0.2933130699088146
4 0.3898362892223738 0.2887537993920973 0.39495225102319237 0.42629179331306993 0.3946111869031378 0.4696048632218845 0.3993860845839018 0.49012158054711247 0.39972714870395637 0.5053191489361702 0.3990450204638472 0.5182370820668692 0.3956343792633015 0.5303951367781155 0.39256480218281037 0.5357142857142857 0.38778990450204637 0.541033434650456 0.3830150068212824 0.5433130699088146 0.37994542974079126 0.5433130699088146 0.3659618008185539 0.5448328267477204 0.35948158253751705 0.5349544072948328 0.3553888130968622 0.5189969604863222 0.3567530695770805 0.5030395136778115 0.3587994542974079 0.48328267477203646 0.3605047748976808 0.46808510638297873 0.36186903137789905 0.3837386018237082 0.36493860845839016 0.3047112462006079
5 0.3274215552523875 0.3191489361702128 0.31821282401091405 0.4430091185410334 0.3120736698499318 0.5030395136778115 0.3199181446111869 0.520516717325228 0.33185538881309684 0.5243161094224924 0.34208731241473395 0.5303951367781155 0.35266030013642563 0.5319148936170213 0.35607094133697137 0.5151975683890577 0.3615279672578445 0.4635258358662614 0.36186903137789905 0.3913373860182371 0.3587994542974079 0.31990881458966564
6 0.2820600272851296 0.32142857142857145 0.27489768076398363 0.4004559270516717 0.2673942701227831 0.4430091185410334 0.2660300136425648 0.48328267477203646 0.27967257844474763 0.5015197568389058 0.29740791268758526 0.5113981762917933 0.3062755798090041 0.5091185410334347 0.3144611186903138 0.49848024316109424 0.3154843110504775 0.48556231003039513 0.3195770804911323 0.44452887537993924 0.3223055934515689 0.3130699088145897 0.284106412005457 0.30623100303951367
7 0.25375170532060026 0.30015197568389057 0.23533424283765347 0.4004559270516717 0.21862210095497953 0.4513677811550152 0.23192360163710776 0.47416413373860183 0.2397680763983629 0.4756838905775076 0.2486357435197817 0.48632218844984804 0.25648021828103684 0.4939209726443769 0.2656889495225102 0.4878419452887538 0.2660300136425648 0.4764437689969605 0.26637107776261937 0.45592705167173253 0.26773533424283763 0.4430091185410334 0.2810368349249659 0.32066869300911854
8 0.5289904502046384 0.30547112462006076 0.512619372442019 0.39969604863221886 0.5010231923601637 0.493161094224924 0.4972714870395634 0.5630699088145896 0.5105729877216917 0.5653495440729484 0.5248976807639836 0.5630699088145896 0.5327421555252387 0.5554711246200608 0.5347885402455662 0.5303951367781155 0.538881309686221 0.4566869300911854 0.550818553888131 0.2933130699088146 0.5306957708049114 0.2933130699088146
9 0.555593451568895 0.31155015197568386 0.5457025920873124 0.38753799392097266 0.536493860845839 0.47416413373860183 0.5324010914051842 0.5478723404255319 0.5395634379263301 0.5615501519756839 0.5463847203274216 0.5653495440729484 0.553206002728513 0.5600303951367781 0.5583219645293315 0.5509118541033434 0.5600272851296043 0.5258358662613982 0.5620736698499318 0.48328267477203646 0.568212824010914 0.3229483282674772
10 0.5839017735334243 0.28799392097264437 0.5719645293315143 0.38753799392097266 0.5620736698499318 0.4726443768996961 0.5593451568894953 0.5303951367781155 0.5634379263301501 0.5562310030395137 0.5712824010914052 0.5683890577507599 0.5798090040927695 0.5714285714285714 0.5893587994542974 0.5440729483282675 0.592087312414734 0.520516717325228 0.5934515688949522 0.446048632218845 0.5982264665757162 0.3434650455927052 0.6050477489768077 0.2925531914893617 0.5931105047748977 0.2864741641337386
11 0.6077762619372442 0.28343465045592703 0.5924283765347885 0.42933130699088146 0.5856070941336972 0.49848024316109424 0.5842428376534788 0.5372340425531915 0.5883356070941337 0.5493920972644377 0.5982264665757162 0.5569908814589666 0.6036834924965894 0.5645896656534954 0.6098226466575716 0.5623100303951368 0.6152796725784447 0.5509118541033434 0.619031377899045 0.5379939209726444 0.6152796725784447 0.5083586626139818 0.6152796725784447 0.46504559270516715 0.6193724420190996 0.37537993920972645 0.6248294679399727 0.29103343465045595
12 0.6255115961800819 0.2925531914893617 0.6145975443383356 0.4612462006079027 0.6101637107776262 0.5022796352583586 0.6101637107776262 0.5296352583586627 0.6125511596180082 0.540273556231003 0.6176671214188267 0.5486322188449848 0.6255115961800819 0.5539513677811551 0.6340381991814461 0.5569908814589666 0.6394952251023193 0.5516717325227963 0.6480218281036835 0.5425531914893617 0.6456343792633015 0.5296352583586627 0.6412005457025921 0.520516717325228 0.6418826739427013 0.5091185410334347 0.6425648021828103 0.4939209726443769 0.6412005457025921 0.39209726443769 0.6439290586630286 0.30243161094224924
13 0.6507503410641201 0.30167173252279633 0.645293315143247 0.4308510638297872 0.6432469304229195 0.5022796352583586 0.6422237380627558 0.5212765957446809 0.6483628922237381 0.5334346504559271 0.6551841746248295 0.541033434650456 0.667462482946794 0.541033434650456 0.6797407912687585 0.5357142857142857 0.6875852660300137 0.5250759878419453 0.6886084583901774 0.5159574468085106 0.689631650750341 0.493161094224924 0.6879263301500682 0.46048632218844987 0.6892905866302865 0.3799392097264438 0.6950886766712142 0.3373860182370821 0.6759890859481582 0.32978723404255317 0.6640518417462483 0.32598784194528874
14 0.7145293315143247 0.30547112462006076 0.6988403819918144 0.3343465045592705 0.6906548431105047 0.3700607902735562 0.689631650750341 0.41109422492401215 0.6886084583901774 0.4490881458966565 0.6879263301500682 0.48556231003039513 0.6882673942701227 0.506079027355623 0.692019099590723 0.5220364741641338 0.7019099590723056 0.5258358662613982 0.7141882673942701 0.5220364741641338 0.725443383356071 0.5129179331306991 0.7298772169167803 0.4946808510638298 0.7298772169167803 0.48024316109422494 0.727830832196453 0.4627659574468085 0.7285129604365621 0.4065349544072948 0.7329467939972715 0.36246200607902734 0.7363574351978172 0.3290273556231003 0.7244201909959073 0.310790273556231
15 0.73806275579809 0.31762917933130697 0.7336289222373806 0.3731003039513678 0.7285129604365621 0.4088145896656535 0.7309004092769441 0.44072948328267475 0.7288540245566166 0.45972644376899696 0.7285129604365621 0.46808510638297873 0.7285129604365621 0.4756838905775076 0.7298772169167803 0.4908814589665654 0.7309004092769441 0.5030395136778115 0.7401091405184175 0.4946808510638298 0.7459072305593452 0.4939209726443769 0.7479536152796725 0.49848024316109424 0.7534106412005457 0.4969604863221885 0.76193724420191 0.4642857142857143 0.762619372442019 0.41185410334346506 0.7615961800818554 0.3351063829787234
17 0.5109140518417462 0.5790273556231003 0.5102319236016372 0.7074468085106383 0.5163710777626194 0.7849544072948328 0.5201227830832197 0.8480243161094225 0.5453615279672579 0.8442249240121581 0.5358117326057299 0.6975683890577508 0.5368349249658936 0.6223404255319149 0.5368349249658936 0.5775075987841946
18 0.5426330150068213 0.567629179331307 0.5358117326057299 0.5972644376899696 0.5361527967257844 0.6633738601823708 0.5354706684856753 0.6960486322188449 0.5402455661664393 0.7667173252279635 0.5395634379263301 0.8632218844984803 0.5576398362892224 0.8617021276595744 0.5719645293315143 0.7211246200607903 0.5688949522510232 0.6360182370820668 0.5644611186903138 0.5949848024316109 0.5617326057298773 0.567629179331307 0.5545702592087313 0.5638297872340425 0.5463847203274216 0.5653495440729484
19 0.5845839017735335 0.5706686930091185 0.5784447476125512 0.5691489361702128 0.5733287858117326 0.5759878419452887 0.5712824010914052 0.581306990881459 0.5678717598908595 0.5904255319148937 0.5654843110504775 0.6033434650455927 0.5688949522510232 0.6261398176291794 0.5702592087312415 0.682370820668693 0.5746930422919508 0.7530395136778115 0.5709413369713506 0.810790273556231 0.5903819918144612 0.8161094224924013 0.6006139154160982 0.7537993920972644 0.5961800818553888 0.6512158054711246 0.5937926330150068 0.6170212765957447 0.5954979536152797 0.6025835866261399 0.5937926330150068 0.581306990881459
20 0.5972032742155525 0.5668693009118541 0.5907230559345157 0.5858662613981763 0.5890177353342428 0.601063829787234 0.592087312414734 0.6177811550151976 0.5961800818553888 0.6322188449848024 0.6036834924965894 0.7424012158054711 0.6135743519781719 0.8275075987841946 0.6163028649386084 0.8442249240121581 0.6412005457025921 0.8282674772036475 0.6278990450204639 0.6831306990881459 0.623806275579809 0.6109422492401215 0.6221009549795361 0.5752279635258358 0.6156207366984994 0.567629179331307 0.6098226466575716 0.5653495440729484 0.6030013642564802 0.5653495440729484
16 0.4870395634379263 0.5752279635258358 0.4877216916780355 0.6854103343465046 0.4921555252387449 0.8465045592705167 0.5153478854024557 0.8404255319148937 0.5102319236016372 0.6428571428571429 0.5102319236016372 0.5782674772036475
21 0.6306275579809004 0.5562310030395137 0.621418826739427 0.5638297872340425 0.6207366984993179 0.5767477203647416 0.6231241473396999 0.587386018237082 0.6231241473396999 0.5957446808510638 0.6251705320600273 0.6109422492401215 0.6367667121418826 0.7241641337386018 0.6691678035470668 0.7864741641337386 0.701568894952251 0.7507598784194529 0.6797407912687585 0.6466565349544073 0.6712141882673943 0.5919452887537994 0.6712141882673943 0.5706686930091185 0.6681446111869032 0.5562310030395137 0.6613233287858117 0.5486322188449848 0.654843110504775 0.547112462006079 0.6483628922237381 0.547112462006079 0.6408594815825375 0.5524316109422492
22 0.6828103683492497 0.5364741641337386 0.6708731241473397 0.5425531914893617 0.6684856753069577 0.5509118541033434 0.667462482946794 0.5623100303951368 0.667462482946794 0.5699088145896657 0.669849931787176 0.5820668693009119 0.6742837653478854 0.5965045592705167 0.677012278308322 0.6170212765957447 0.682469304229195 0.6565349544072948 0.6879263301500682 0.6884498480243161 0.708731241473397 0.7613981762917933 0.7329467939972715 0.7408814589665653 0.7442019099590723 0.7226443768996961 0.7489768076398363 0.7051671732522796 0.735675306957708 0.6337386018237082 0.718281036834925 0.5699088145896657 0.7152114597544338 0.5478723404255319 0.7114597544338336 0.526595744680851 0.706343792633015 0.5212765957446809 0.7008867667121419 0.5258358662613982 0.6957708049113234 0.5281155015197568
23 0.7268076398362893 0.5053191489361702 0.7196452933151433 0.5159574468085106 0.7148703956343793 0.5273556231003039 0.7152114597544338 0.541033434650456 0.7172578444747613 0.5638297872340425 0.7227148703956344 0.5851063829787234 0.742837653478854 0.648936170212766 0.7629604365620737 0.6960486322188449 0.7796725784447476 0.6671732522796353 0.786493860845839 0.6155015197568389 0.7653478854024557 0.5562310030395137 0.752387448840382 0.5007598784194529 0.7445429740791268 0.49240121580547114 0.740450204638472 0.4946808510638298 0.735675306957708 0.5030395136778115 0.7336289222373806 0.506838905775076
24 0.4870395634379263 0.5752279635258358 0.4921555252387449 0.837386018237082 0.4686221009549795 0.8358662613981763 0.46521145975443384 0.6147416413373861 0.4645293315143247 0.574468085106383
25 0.4638472032742155 0.5699088145896657 0.46521145975443384 0.6139817629179332 0.4679399727148704 0.8449848024316109 0.4461118690313779 0.8427051671732523 0.44236016371077763 0.6390577507598785 0.44099590723055937 0.6063829787234043 0.43963165075034105 0.5721884498480243
26 0.43417462482946795 0.560790273556231 0.4406548431105048 0.587386018237082 0.4416780354706685 0.6291793313069909 0.4433833560709413 0.7355623100303952 0.44747612551159616 0.8768996960486323 0.40620736698499316 0.8693009118541033 0.40791268758526605 0.6975683890577508 0.41336971350613916 0.6238601823708206 0.41575716234652116 0.601063829787234 0.41916780354706684 0.5775075987841946 0.42394270122783084 0.5653495440729484 0.4273533424283765 0.5638297872340425 0.4311050477489768 0.5615501519756839
27 0.3935879945429741 0.5623100303951368 0.3884720327421555 0.5714285714285714 0.38710777626193726 0.5949848024316109 0.38335607094133695 0.6595744680851063 0.3819918144611187 0.7811550151975684 0.4027967257844475 0.8009118541033434 0.4075716234652115 0.6816109422492401 0.41132332878581174 0.6276595744680851 0.41575716234652116 0.6063829787234043 0.417462482946794 0.5919452887537994 0.415075034106412 0.5714285714285714 0.41268758526603 0.5592705167173252 0.40620736698499316 0.5524316109422492 0.39768076398362895 0.5554711246200608
28 0.3663028649386085 0.5509118541033434 0.35948158253751705 0.5600303951367781 0.35504774897680763 0.5851063829787234 0.3519781718963165 0.6139817629179332 0.33628922237380626 0.7697568389057751 0.3615279672578445 0.7857142857142857 0.38574351978171895 0.6063829787234043 0.3891541609822647 0.6003039513677811 0.3918826739427012 0.5896656534954408 0.3922237380627558 0.5737082066869301 0.39154160982264663 0.5623100303951368 0.3864256480218281 0.5516717325227963 0.3816507503410641 0.5463525835866262 0.37755798090040926 0.5440729483282675 0.3707366984993179 0.5455927051671733
29 0.3321964529331514 0.5273556231003039 0.32298772169167805 0.5288753799392097 0.3165075034106412 0.5334346504559271 0.31343792633015005 0.5364741641337386 0.3117326057298772 0.5478723404255319 0.3120736698499318 0.567629179331307 0.31377899045020463 0.5820668693009119 0.31377899045020463 0.5949848024316109 0.2858117326057299 0.729483282674772 0.3352660300136426 0.7758358662613982 0.35470668485675305 0.5949848024316109 0.3611869031377899 0.5600303951367781 0.36186903137789905 0.5463525835866262 0.3587994542974079 0.5395136778115501 0.35231923601637105 0.5326747720364742 0.3475443383356071 0.5319148936170213 0.3400409276944065 0.5303951367781155
30 0.2813778990450205 0.506079027355623 0.2776261937244202 0.5037993920972644 0.2731923601637108 0.5129179331306991 0.26978171896316505 0.520516717325228 0.2670532060027285 0.53419452887538 0.2656889495225102 0.5524316109422492 0.2598908594815825 0.5889057750759878 0.22442019099590724 0.6975683890577508 0.2783083219645293 0.7462006079027356 0.31343792633015005 0.5828267477203647 0.31855388813096863 0.5623100303951368 0.32060027285129605 0.5349544072948328 0.31855388813096863 0.5235562310030395 0.31105047748976805 0.5159574468085106 0.30252387448840384 0.5167173252279635 0.2909276944065484 0.5091185410334347
31 0.22783083219645292 0.479483282674772 0.22066848567530695 0.5030395136778115 0.18417462482946795 0.6261398176291794 0.22510231923601637 0.6907294832826748 0.2650068212824011 0.5547112462006079 0.27216916780354705 0.540273556231003 0.27489768076398363 0.5296352583586627 0.27489768076398363 0.5167173252279635 0.27353342428376537 0.5075987841945289 0.26978171896316505 0.49848024316109424 0.2646657571623465 0.4946808510638298 0.2592087312414734 0.49544072948328266 0.2568212824010914 0.49620060790273557 0.252387448840382 0.4939209726443769 0.2431787175989086 0.48404255319148937 0.23942701227830832 0.4749240121580547 0.23499317871759892 0.4734042553191489