0 0.49750178443968596 0.28419452887537994 0.49464668094218417 0.5281155015197568 0.45895788722341185 0.5167173252279635 0.4603854389721627 0.45440729483282677 0.46538187009279086 0.29103343465045595
1 0.4675231977159172 0.2887537993920973 0.46181299072091364 0.47112462006079026 0.4593147751605996 0.5197568389057751 0.43504639543183443 0.513677811550152 0.4329050678087081 0.47416413373860183 0.4329050678087081 0.43465045592705165 0.4439685938615275 0.2887537993920973
2 0.41220556745182013 0.2689969604863222 0.42969307637401855 0.43237082066869303 0.4364739471805853 0.4726443768996961 0.43147751605995716 0.5022796352583586 0.41684511063526053 0.513677811550152 0.40935046395431834 0.5083586626139818 0.400785153461813 0.4939209726443769 0.39828693790149894 0.4764437689969605 0.39828693790149894 0.4452887537993921 0.3850820842255532 0.2735562310030395
3 0.38401142041399 0.26671732522796354 0.3961456102783726 0.44072948328267475 0.40364025695931477 0.4703647416413374 0.4054246966452534 0.5 0.39828693790149894 0.5144376899696048 0.3854389721627409 0.5243161094224924 0.3740185581727338 0.5189969604863222 0.36581013561741615 0.5015197568389058 0.3665239114917916 0.4696048632218845 0.36117059243397576 0.27887537993920974
4 0.3483226266952177 0.28343465045592703 0.3654532476802284 0.48556231003039513 0.36509635974304067 0.5113981762917933 0.3622412562455389 0.5243161094224924 0.35046395431834404 0.5281155015197568 0.3451106352605282 0.5273556231003039 0.34011420413990007 0.5189969604863222 0.33832976445396146 0.49012158054711247 0.3333333333333333 0.2887537993920973
5 0.3076374018558173 0.30243161094224924 0.33083511777301927 0.44832826747720367 0.3372591006423983 0.4946808510638298 0.3304782298358315 0.5197568389057751 0.30549607423269093 0.5167173252279635 0.2897930049964311 0.5037993920972644 0.28872234118486795 0.46580547112462006 0.28872234118486795 0.40425531914893614 0.28551034975017847 0.30547112462006076
6 0.28408279800142755 0.30547112462006076 0.29014989293361887 0.46580547112462006 0.28408279800142755 0.5037993920972644 0.26374018558172735 0.5022796352583586 0.2412562455389008 0.47416413373860183 0.24054246966452533 0.4278115501519757 0.255174875089222 0.364741641337386 0.26873661670235544 0.30243161094224924
8 0.5082084225553176 0.3221884498480243 0.49571734475374735 0.4787234042553192 0.493576017130621 0.5281155015197568 0.5321199143468951 0.5227963525835866 0.5353319057815846 0.49848024316109424 0.5314061384725196 0.4734042553191489 0.5310492505353319 0.4513677811550152 0.5321199143468951 0.3168693009118541
9 0.5331905781584583 0.31382978723404253 0.5328336902212705 0.47416413373860183 0.5321199143468951 0.5022796352583586 0.5346181299072091 0.5144376899696048 0.5456816559600286 0.5243161094224924 0.5563882940756603 0.5197568389057751 0.5620985010706638 0.506838905775076 0.5635260528194147 0.49164133738601823 0.5628122769450392 0.46580547112462006 0.5571020699500356 0.30775075987841943
10 0.6006423982869379 0.26443768996960487 0.5688793718772306 0.41109422492401215 0.561741613133476 0.47112462006079026 0.5603140613847252 0.49544072948328266 0.5649536045681656 0.5129179331306991 0.5742326909350464 0.5212765957446809 0.5802997858672377 0.5220364741641338 0.5910064239828694 0.5167173252279635 0.5985010706638115 0.5022796352583586 0.599214846538187 0.4787234042553192 0.5995717344753747 0.4490881458966565 0.6281227694503926 0.2689969604863222 0.6049250535331906 0.25227963525835867
11 0.6384725196288366 0.2629179331306991 0.607066381156317 0.41033434650455924 0.5970735189150607 0.4452887537993921 0.5924339757316203 0.4627659574468085 0.5895788722341185 0.4734042553191489 0.5892219842969307 0.4969604863221885 0.5917201998572448 0.5167173252279635 0.5995717344753747 0.5281155015197568 0.6077801570306923 0.53419452887538 0.6181299072091363 0.5357142857142857 0.6284796573875803 0.5220364741641338 0.6313347608850821 0.506838905775076 0.6316916488222698 0.4726443768996961 0.6309778729478943 0.44680851063829785 0.635260528194147 0.41793313069908816 0.6552462526766595 0.270516717325228
12 0.6570306923625981 0.27279635258358664 0.6309778729478943 0.4490881458966565 0.6256245538900785 0.49848024316109424 0.6263383297644539 0.5227963525835866 0.6309778729478943 0.53419452887538 0.6402569593147751 0.5455927051671733 0.6520342612419701 0.5387537993920972 0.658458244111349 0.5273556231003039 0.6595289079229122 0.5 0.6591720199857245 0.4703647416413374 0.6588151320485368 0.39969604863221886 0.6691648822269807 0.2857142857142857
13 0.6780870806566738 0.30167173252279633 0.6670235546038544 0.3518237082066869 0.660956459671663 0.39285714285714285 0.6570306923625981 0.41641337386018235 0.6556031406138473 0.4506079027355623 0.6556031406138473 0.4726443768996961 0.6552462526766595 0.49012158054711247 0.6556031406138473 0.5 0.6552462526766595 0.5075987841945289 0.6552462526766595 0.5144376899696048 0.6552462526766595 0.5235562310030395 0.658458244111349 0.5357142857142857 0.6605995717344754 0.5493920972644377 0.6695217701641685 0.5547112462006079 0.6809421841541756 0.5547112462006079 0.693433261955746 0.5463525835866262 0.6998572448251249 0.5227963525835866 0.6998572448251249 0.43844984802431614 0.7073518915060671 0.364741641337386 0.7041399000713776 0.33814589665653494 0.6987865810135617 0.30775075987841943
14 0.7091363311920057 0.3009118541033435 0.7052105638829408 0.3913373860182371 0.6980728051391863 0.49240121580547114 0.6995003568879372 0.5334346504559271 0.7273376159885796 0.5250759878419453 0.7355460385438972 0.526595744680851 0.7458957887223412 0.5144376899696048 0.7494646680942184 0.4886018237082067 0.742326909350464 0.44224924012158057 0.7351891506067095 0.2796352583586626 0.7091363311920057 0.2811550151975684
16 0.4953604568165596 0.5440729483282675 0.4982155603140614 0.7332826747720365 0.525695931477516 0.7249240121580547 0.5217701641684511 0.5395136778115501
17 0.520699500356888 0.5349544072948328 0.525695931477516 0.7598784194528876 0.5246252676659529 0.7727963525835866 0.5496074232690935 0.7697568389057751 0.5496074232690935 0.5357142857142857
18 0.5653104925053534 0.5349544072948328 0.5535331905781584 0.5706686930091185 0.5531763026409707 0.5987841945288754 0.5524625267665952 0.8062310030395137 0.5799428979300499 0.7993920972644377 0.5910064239828694 0.547112462006079 0.5813704496788008 0.5281155015197568
19 0.6006423982869379 0.5516717325227963 0.5924339757316203 0.5547112462006079 0.5906495360456817 0.581306990881459 0.5917201998572448 0.601063829787234 0.5852962169878658 0.791033434650456 0.6099214846538187 0.7857142857142857 0.624910778015703 0.5949848024316109 0.6266952177016417 0.5699088145896657
20 0.6359743040685225 0.5706686930091185 0.624910778015703 0.5714285714285714 0.6263383297644539 0.581306990881459 0.6184867951463241 0.7788753799392097 0.6491791577444682 0.7712765957446809 0.6538187009279086 0.6253799392097265 0.6581013561741613 0.5927051671732523
21 0.6738044254104212 0.5767477203647416 0.660956459671663 0.5927051671732523 0.6556031406138473 0.6147416413373861 0.6634546752319772 0.6413373860182371 0.7005710206995004 0.7629179331306991 0.755174875089222 0.7165653495440729 0.7073518915060671 0.5851063829787234 0.6995003568879372 0.560790273556231
24 0.49607423269093504 0.5440729483282675 0.4982155603140614 0.7454407294832827 0.4785867237687366 0.7424012158054711 0.4735902926481085 0.540273556231003
25 0.4735902926481085 0.5395136778115501 0.4800142755174875 0.7606382978723404 0.46074232690935046 0.7598784194528876 0.4518201284796574 0.5934650455927052 0.4489650249821556 0.5737082066869301 0.45003568879371875 0.5440729483282675
26 0.44967880085653106 0.5379939209726444 0.4475374732334047 0.5759878419452887 0.4532476802284083 0.7066869300911854 0.44147037830121344 0.8214285714285714 0.4114917915774447 0.8077507598784195 0.4207708779443255 0.587386018237082 0.4211277658815132 0.5433130699088146 0.4282655246252677 0.5364741641337386
27 0.4164882226980728 0.5501519756838906 0.4225553176302641 0.5706686930091185 0.413633119200571 0.7849544072948328 0.3932905067808708 0.7826747720364742 0.3886509635974304 0.6094224924012158 0.38365453247680226 0.5820668693009119 0.3857958600999286 0.5645896656534954 0.38900785153461814 0.5524316109422492
28 0.3857958600999286 0.5600303951367781 0.3868665239114918 0.5919452887537994 0.3829407566024268 0.7575987841945289 0.3533190578158458 0.7583586626139818 0.3547466095645967 0.5987841945288754 0.3518915060670949 0.5706686930091185 0.3683083511777302 0.5577507598784195
30 0.2569593147751606 0.513677811550152 0.21948608137044967 0.6937689969604863 0.25731620271234834 0.7112462006079028 0.29800142755174874 0.6063829787234043 0.30549607423269093 0.581306990881459 0.30728051391862954 0.5547112462006079 0.30157030692362596 0.5319148936170213 0.2908636688079943 0.526595744680851 0.2780157030692363 0.5212765957446809 0.26374018558172735 0.513677811550152
29 0.32583868665239113 0.5501519756838906 0.30620985010706636 0.5493920972644377 0.3047822983583155 0.5752279635258358 0.3004996431120628 0.5949848024316109 0.2723054960742327 0.7355623100303952 0.32298358315488934 0.7613981762917933 0.3443968593861527 0.64209726443769 0.3533190578158458 0.6033434650455927 0.3529621698786581 0.5729483282674772 0.3443968593861527 0.5592705167173252 0.33226266952177014 0.5501519756838906
22 0.715203426124197 0.5433130699088146 0.7027123483226267 0.5699088145896657 0.7080656673804425 0.5911854103343465 0.7648108493932905 0.7416413373860182 0.801570306923626 0.6709726443768997 0.7658815132048536 0.5645896656534954 0.7501784439685939 0.526595744680851 0.7405424696645253 0.513677811550152 0.7205567451820128 0.5357142857142857