0 0.49615384615384617 0.49240121580547114 0.49895104895104897 0.5501519756838906 0.48286713286713284 0.5623100303951368 0.46223776223776225 0.5554711246200608 0.4618881118881119 0.5151975683890577 0.4653846153846154 0.47416413373860183 0.4653846153846154 0.418693009118541 0.4660839160839161 0.378419452887538 0.4660839160839161 0.3472644376899696 0.4706293706293706 0.3229483282674772 0.47762237762237764 0.324468085106383 0.48951048951048953 0.425531914893617
1 0.44545454545454544 0.5007598784194529 0.4405594405594406 0.5258358662613982 0.4405594405594406 0.5463525835866262 0.46013986013986014 0.5531914893617021 0.46748251748251746 0.541033434650456 0.46398601398601397 0.4726443768996961 0.46293706293706294 0.43465045592705165 0.46293706293706294 0.4004559270516717 0.4632867132867133 0.3670212765957447 0.46293706293706294 0.33814589665653494 0.4555944055944056 0.3183890577507599 0.44685314685314687 0.32674772036474165
2 0.4206293706293706 0.4908814589665654 0.4199300699300699 0.526595744680851 0.43006993006993005 0.5554711246200608 0.4370629370629371 0.5524316109422492 0.44265734265734263 0.5189969604863222 0.44545454545454544 0.48328267477203646 0.44125874125874126 0.3472644376899696 0.44020979020979023 0.3290273556231003 0.4332167832167832 0.30623100303951367 0.42377622377622376 0.31534954407294835
3 0.4024475524475524 0.49012158054711247 0.3996503496503496 0.5243161094224924 0.4020979020979021 0.5455927051671733 0.4115384615384615 0.5554711246200608 0.42482517482517484 0.5463525835866262 0.42937062937062936 0.5220364741641338 0.429020979020979 0.49240121580547114 0.4251748251748252 0.45592705167173253 0.42377622377622376 0.4072948328267477 0.42272727272727273 0.38069908814589665 0.4188811188811189 0.32750759878419455 0.4087412587412587 0.331306990881459
4 0.3797202797202797 0.48404255319148937 0.37272727272727274 0.5197568389057751 0.3797202797202797 0.5554711246200608 0.39335664335664333 0.5600303951367781 0.40664335664335666 0.5478723404255319 0.4104895104895105 0.5083586626139818 0.4062937062937063 0.4726443768996961 0.4062937062937063 0.4278115501519757 0.4062937062937063 0.3913373860182371 0.40034965034965037 0.3130699088145897 0.3972027972027972 0.303951367781155 0.3867132867132867 0.303951367781155 0.38461538461538464 0.3556231003039514
5 0.3458041958041958 0.4764437689969605 0.3409090909090909 0.5235562310030395 0.3506993006993007 0.5387537993920972 0.3765734265734266 0.5509118541033434 0.386013986013986 0.5212765957446809 0.3867132867132867 0.47188449848024316 0.3832167832167832 0.4027355623100304 0.3821678321678322 0.371580547112462 0.3811188811188811 0.3229483282674772 0.3765734265734266 0.3009118541033435 0.35804195804195804 0.2978723404255319 0.3458041958041958 0.31155015197568386 0.34685314685314683 0.34194528875379937 0.3472027972027972 0.40577507598784196
6 0.30874125874125874 0.446048632218845 0.30174825174825176 0.4673252279635258 0.2993006993006993 0.4969604863221885 0.3118881118881119 0.5144376899696048 0.3293706293706294 0.5364741641337386 0.34265734265734266 0.526595744680851 0.34895104895104895 0.5083586626139818 0.34825174825174826 0.46808510638297873 0.3472027972027972 0.425531914893617 0.3479020979020979 0.3981762917933131 0.3479020979020979 0.3655015197568389 0.343006993006993 0.32066869300911854 0.33426573426573425 0.29559270516717323 0.3181818181818182 0.2917933130699088 0.3111888111888112 0.30927051671732525 0.3066433566433566 0.3601823708206687
7 0.2762237762237762 0.44072948328267475 0.2674825174825175 0.46504559270516715 0.270979020979021 0.49012158054711247 0.2811188811188811 0.4946808510638298 0.2891608391608392 0.5258358662613982 0.3048951048951049 0.5167173252279635 0.3132867132867133 0.479483282674772 0.3111888111888112 0.439209726443769 0.30874125874125874 0.3677811550151976 0.30874125874125874 0.3472644376899696 0.3076923076923077 0.3130699088145897 0.3013986013986014 0.2986322188449848 0.2881118881118881 0.303951367781155 0.2853146853146853 0.3768996960486322
8 0.49405594405594405 0.49620060790273557 0.49195804195804194 0.5455927051671733 0.5024475524475525 0.5615501519756839 0.5216783216783217 0.5645896656534954 0.5311188811188812 0.5569908814589666 0.536013986013986 0.5440729483282675 0.5318181818181819 0.506079027355623 0.5269230769230769 0.45896656534954405 0.5237762237762238 0.418693009118541 0.51993006993007 0.3829787234042553 0.5164335664335664 0.33890577507598785 0.5125874125874126 0.31990881458966564 0.4982517482517482 0.31990881458966564 0.4972027972027972 0.3738601823708207 0.49615384615384617 0.4430091185410334
9 0.5227272727272727 0.49240121580547114 0.5216783216783217 0.541033434650456 0.5353146853146853 0.5638297872340425 0.5482517482517483 0.5592705167173252 0.5538461538461539 0.5372340425531915 0.5538461538461539 0.4992401215805471 0.5576923076923077 0.44832826747720367 0.5576923076923077 0.41793313069908816 0.558041958041958 0.3822188449848024 0.5566433566433566 0.3518237082066869 0.5475524475524476 0.33358662613981765 0.5363636363636364 0.35638297872340424 0.5311188811188812 0.41413373860182373
10 0.5524475524475524 0.4992401215805471 0.5524475524475524 0.5326747720364742 0.556993006993007 0.5592705167173252 0.5699300699300699 0.5683890577507599 0.5755244755244755 0.5623100303951368 0.5835664335664336 0.5417933130699089 0.5856643356643356 0.5030395136778115 0.5874125874125874 0.44376899696048633 0.5874125874125874 0.3958966565349544 0.5853146853146853 0.3609422492401216 0.577972027972028 0.32750759878419455 0.5650349650349651 0.331306990881459 0.556993006993007 0.3670212765957447
11 0.5744755244755245 0.48632218844984804 0.5713286713286714 0.5053191489361702 0.5713286713286714 0.5364741641337386 0.5835664335664336 0.5554711246200608 0.6 0.5592705167173252 0.6104895104895105 0.5395136778115501 0.6104895104895105 0.5151975683890577 0.6104895104895105 0.47188449848024316 0.6094405594405594 0.4148936170212766 0.6094405594405594 0.3913373860182371 0.605944055944056 0.35790273556231 0.6020979020979021 0.32978723404255317 0.5979020979020979 0.31382978723404253 0.5863636363636363 0.31762917933130697
12 0.6017482517482518 0.47188449848024316 0.5954545454545455 0.5083586626139818 0.598951048951049 0.5417933130699089 0.6132867132867132 0.5509118541033434 0.627972027972028 0.5569908814589666 0.6398601398601399 0.5387537993920972 0.6391608391608392 0.5075987841945289 0.6360139860139861 0.4635258358662614 0.634965034965035 0.425531914893617 0.6325174825174825 0.3890577507598784 0.6325174825174825 0.3495440729483283 0.6265734265734266 0.3221884498480243 0.6090909090909091 0.32674772036474165
13 0.6297202797202798 0.4696048632218845 0.6293706293706294 0.5053191489361702 0.6314685314685314 0.5288753799392097 0.637062937062937 0.541033434650456 0.6513986013986014 0.5463525835866262 0.6730769230769231 0.5440729483282675 0.679020979020979 0.5326747720364742 0.6811188811188811 0.506079027355623 0.6772727272727272 0.48404255319148937 0.676923076923077 0.4612462006079027 0.6793706293706294 0.4338905775075988 0.6842657342657342 0.3898176291793313 0.6870629370629371 0.3586626139817629 0.6842657342657342 0.3290273556231003 0.6678321678321678 0.31534954407294835 0.6524475524475525 0.3161094224924012 0.6468531468531469 0.35106382978723405 0.6388111888111888 0.42249240121580545
15 0.708041958041958 0.4635258358662614 0.7076923076923077 0.4886018237082067 0.7122377622377623 0.5144376899696048 0.7255244755244755 0.526595744680851 0.7416083916083916 0.5167173252279635 0.7562937062937063 0.49620060790273557 0.7510489510489511 0.45440729483282677 0.7451048951048951 0.4278115501519757 0.7353146853146854 0.3799392097264438 0.7342657342657343 0.3556231003039514 0.7307692307692307 0.3221884498480243 0.7272727272727273 0.3009118541033435 0.7188811188811188 0.29407294832826747 0.7076923076923077 0.30927051671732525 0.7003496503496504 0.3252279635258359 0.6958041958041958 0.3533434650455927
16 0.49685314685314685 0.6003039513677811 0.4982517482517482 0.6291793313069909 0.49895104895104897 0.7310030395136778 0.4993006993006993 0.7606382978723404 0.5 0.7811550151975684 0.5003496503496504 0.7978723404255319 0.5041958041958042 0.8054711246200608 0.5111888111888112 0.8031914893617021 0.5125874125874126 0.7735562310030395 0.5174825174825175 0.6671732522796353 0.5195804195804196 0.6314589665653495 0.5227272727272727 0.5995440729483282 0.5209790209790209 0.5866261398176292 0.509090909090909 0.5904255319148937
17 0.5153846153846153 0.5957446808510638 0.5157342657342657 0.6268996960486323 0.5174825174825175 0.648936170212766 0.5185314685314686 0.6884498480243161 0.5195804195804196 0.7203647416413373 0.5227272727272727 0.7674772036474165 0.5269230769230769 0.7948328267477204 0.536013986013986 0.8161094224924013 0.541958041958042 0.8069908814589666 0.543006993006993 0.7788753799392097 0.5412587412587413 0.64209726443769 0.5423076923076923 0.6147416413373861 0.544055944055944 0.5904255319148937 0.534965034965035 0.5866261398176292 0.5227272727272727 0.5866261398176292
18 0.5451048951048951 0.5835866261398176 0.5412587412587413 0.6193009118541033 0.5412587412587413 0.6512158054711246 0.5454545454545454 0.702887537993921 0.5482517482517483 0.736322188449848 0.5517482517482517 0.7697568389057751 0.5545454545454546 0.7940729483282675 0.563986013986014 0.8001519756838906 0.5734265734265734 0.7803951367781155 0.5734265734265734 0.7492401215805471 0.5713286713286714 0.6641337386018237 0.5702797202797203 0.6193009118541033 0.5699300699300699 0.5957446808510638 0.5646853146853147 0.5843465045592705
19 0.5671328671328671 0.6041033434650456 0.5681818181818182 0.6314589665653495 0.570979020979021 0.6572948328267477 0.5762237762237762 0.7317629179331308 0.5814685314685315 0.7720364741641338 0.5895104895104896 0.7849544072948328 0.5975524475524475 0.7583586626139818 0.5947552447552448 0.71580547112462 0.5947552447552448 0.675531914893617 0.5968531468531468 0.6360182370820668 0.5996503496503497 0.5972644376899696 0.5954545454545455 0.581306990881459 0.5853146853146853 0.574468085106383 0.579020979020979 0.581306990881459
20 0.5905594405594405 0.5835866261398176 0.5895104895104896 0.6003039513677811 0.5926573426573427 0.6261398176291794 0.5968531468531468 0.648176291793313 0.6031468531468531 0.6838905775075987 0.6073426573426574 0.7165653495440729 0.6122377622377623 0.7477203647416414 0.615034965034965 0.7720364741641338 0.6181818181818182 0.8069908814589666 0.6248251748251749 0.8282674772036475 0.6335664335664336 0.8183890577507599 0.6339160839160839 0.7811550151975684 0.6346153846153846 0.7310030395136778 0.6335664335664336 0.6580547112462006 0.6318181818181818 0.6306990881458967 0.6314685314685314 0.5904255319148937 0.6216783216783217 0.5729483282674772 0.6104895104895105 0.5699088145896657 0.605944055944056 0.5889057750759878
21 0.6195804195804195 0.5668693009118541 0.6181818181818182 0.5866261398176292 0.6258741258741258 0.6177811550151976 0.6314685314685314 0.6360182370820668 0.6367132867132868 0.6732522796352584 0.6388111888111888 0.7044072948328267 0.6391608391608392 0.7332826747720365 0.644055944055944 0.7644376899696048 0.6534965034965035 0.7895136778115501 0.6664335664335664 0.8054711246200608 0.6800699300699301 0.7917933130699089 0.6937062937062937 0.7674772036474165 0.6905594405594405 0.7203647416413373 0.6853146853146853 0.6778115501519757 0.6727272727272727 0.6337386018237082 0.6716783216783216 0.6193009118541033 0.6751748251748252 0.5866261398176292 0.6751748251748252 0.5638297872340425 0.6664335664335664 0.5501519756838906 0.6597902097902097 0.5554711246200608 0.65 0.5600303951367781 0.6346153846153846 0.5600303951367781 0.6244755244755245 0.5600303951367781
22 0.6664335664335664 0.5531914893617021 0.6646853146853147 0.5775075987841946 0.66993006993007 0.6048632218844985 0.6758741258741259 0.6147416413373861 0.6828671328671329 0.6428571428571429 0.6895104895104895 0.6740121580547113 0.6958041958041958 0.7074468085106383 0.7013986013986014 0.7287234042553191 0.706993006993007 0.7469604863221885 0.715034965034965 0.7606382978723404 0.7262237762237762 0.7621580547112462 0.740909090909091 0.756838905775076 0.7440559440559441 0.7446808510638298 0.7437062937062937 0.709726443768997 0.7416083916083916 0.6884498480243161 0.7377622377622378 0.6671732522796353 0.7314685314685314 0.6428571428571429 0.720979020979021 0.6063829787234043 0.7188811188811188 0.5904255319148937 0.7171328671328672 0.5752279635258358 0.7132867132867133 0.5463525835866262 0.6965034965034965 0.5372340425531915 0.6912587412587412 0.5463525835866262 0.679020979020979 0.5501519756838906 0.6741258741258741 0.5547112462006079
23 0.715034965034965 0.5417933130699089 0.7160839160839161 0.5645896656534954 0.7188811188811188 0.5911854103343465 0.7241258741258741 0.601823708206687 0.7293706293706294 0.6268996960486323 0.7342657342657343 0.6550151975683891 0.7388111888111888 0.675531914893617 0.743006993006993 0.6975683890577508 0.7527972027972027 0.7142857142857143 0.7622377622377622 0.7180851063829787 0.7678321678321678 0.7142857142857143 0.7776223776223776 0.6975683890577508 0.7786713286713287 0.682370820668693 0.7765734265734265 0.6504559270516718 0.7702797202797202 0.6306990881458967 0.7646853146853146 0.601823708206687 0.7646853146853146 0.5835866261398176 0.7664335664335664 0.5501519756838906 0.7611888111888112 0.5326747720364742 0.7510489510489511 0.5235562310030395 0.7447552447552448 0.526595744680851 0.7353146853146854 0.5303951367781155 0.7234265734265735 0.5288753799392097
24 0.4972027972027972 0.5995440729483282 0.49895104895104897 0.6306990881458967 0.49895104895104897 0.6572948328267477 0.49895104895104897 0.689209726443769 0.4993006993006993 0.7332826747720365 0.4993006993006993 0.7621580547112462 0.49685314685314685 0.7826747720364742 0.4916083916083916 0.7917933130699089 0.48566433566433564 0.7849544072948328 0.4797202797202797 0.6671732522796353 0.4783216783216783 0.6314589665653495 0.47657342657342655 0.6147416413373861 0.47867132867132867 0.5934650455927052 0.48286713286713284 0.5911854103343465
25 0.45384615384615384 0.5904255319148937 0.45594405594405596 0.6048632218844985 0.4590909090909091 0.6360182370820668 0.4664335664335664 0.7598784194528876 0.4681818181818182 0.7872340425531915 0.4772727272727273 0.8077507598784195 0.48286713286713284 0.7925531914893617 0.4846153846153846 0.7545592705167173 0.4807692307692308 0.6937689969604863 0.47937062937062935 0.6458966565349544 0.4772727272727273 0.6109422492401215 0.47762237762237764 0.5911854103343465 0.47027972027972026 0.5881458966565349
26 0.4381118881118881 0.5934650455927052 0.4381118881118881 0.6170212765957447 0.43636363636363634 0.6527355623100304 0.44020979020979023 0.7621580547112462 0.4444055944055944 0.7834346504559271 0.45104895104895104 0.790273556231003 0.45874125874125876 0.7667173252279635 0.4590909090909091 0.7477203647416414 0.4597902097902098 0.7006079027355623 0.4590909090909091 0.6382978723404256 0.45594405594405596 0.5972644376899696 0.4527972027972028 0.5858662613981763
27 0.4216783216783217 0.5797872340425532 0.4188811188811189 0.5889057750759878 0.41363636363636364 0.5995440729483282 0.4125874125874126 0.6352583586626139 0.41188811188811186 0.689209726443769 0.41188811188811186 0.7689969604863222 0.4125874125874126 0.7872340425531915 0.42272727272727273 0.7872340425531915 0.4258741258741259 0.7598784194528876 0.4342657342657343 0.6740121580547113 0.4395104895104895 0.6306990881458967 0.4381118881118881 0.6086626139817629 0.4346153846153846 0.5889057750759878
28 0.3944055944055944 0.5790273556231003 0.38566433566433567 0.5889057750759878 0.3867132867132867 0.6193009118541033 0.3881118881118881 0.6808510638297872 0.3832167832167832 0.7537993920972644 0.3821678321678322 0.7857142857142857 0.39125874125874127 0.8001519756838906 0.3965034965034965 0.7811550151975684 0.4020979020979021 0.7446808510638298 0.4104895104895105 0.6861702127659575 0.413986013986014 0.648176291793313 0.42202797202797204 0.6200607902735562 0.42202797202797204 0.5927051671732523 0.41363636363636364 0.5858662613981763
29 0.3646853146853147 0.5600303951367781 0.3611888111888112 0.5790273556231003 0.36258741258741256 0.6086626139817629 0.3583916083916084 0.621580547112462 0.34265734265734266 0.6732522796352584 0.33356643356643356 0.7165653495440729 0.32972027972027973 0.7469604863221885 0.33426573426573425 0.776595744680851 0.3506993006993007 0.7917933130699089 0.3713286713286713 0.756838905775076 0.37797202797202795 0.729483282674772 0.3867132867132867 0.6983282674772037 0.39545454545454545 0.6557750759878419 0.3972027972027972 0.6306990881458967 0.39125874125874127 0.6170212765957447 0.386013986013986 0.6109422492401215 0.3811188811188811 0.6086626139817629 0.37447552447552446 0.6063829787234043 0.3723776223776224 0.5957446808510638 0.3723776223776224 0.5767477203647416
30 0.3181818181818182 0.5478723404255319 0.313986013986014 0.5600303951367781 0.3129370629370629 0.5835866261398176 0.30979020979020977 0.6041033434650456 0.30244755244755245 0.6238601823708206 0.29755244755244753 0.6382978723404256 0.29335664335664335 0.6595744680851063 0.2891608391608392 0.6808510638297872 0.2839160839160839 0.7021276595744681 0.2818181818181818 0.7203647416413373 0.2839160839160839 0.7408814589665653 0.29125874125874124 0.7545592705167173 0.3055944055944056 0.75 0.3167832167832168 0.7310030395136778 0.32447552447552447 0.71580547112462 0.3346153846153846 0.6937689969604863 0.3416083916083916 0.6709726443768997 0.34475524475524477 0.6534954407294833 0.3479020979020979 0.6405775075987842 0.35734265734265735 0.6246200607902735 0.36818181818181817 0.6063829787234043 0.3685314685314685 0.5767477203647416 0.3646853146853147 0.5668693009118541 0.3604895104895105 0.5661094224924013 0.356993006993007 0.5547112462006079 0.35104895104895106 0.5524316109422492 0.343006993006993 0.5531914893617021 0.33776223776223774 0.5387537993920972 0.33426573426573425 0.5349544072948328
31 0.2664335664335664 0.5303951367781155 0.26328671328671327 0.541033434650456 0.2597902097902098 0.5623100303951368 0.26048951048951047 0.581306990881459 0.26048951048951047 0.5980243161094225 0.25664335664335663 0.6147416413373861 0.2534965034965035 0.6306990881458967 0.2513986013986014 0.6512158054711246 0.25 0.6694528875379939 0.25 0.6808510638297872 0.25 0.7051671732522796 0.2534965034965035 0.7241641337386018 0.2636363636363636 0.7264437689969605 0.272027972027972 0.7264437689969605 0.2772727272727273 0.7180851063829787 0.28216783216783214 0.7066869300911854 0.2881118881118881 0.6914893617021277 0.29125874125874124 0.6778115501519757 0.29545454545454547 0.6572948328267477 0.2993006993006993 0.6382978723404256 0.3027972027972028 0.6223404255319149 0.3066433566433566 0.6101823708206687 0.31083916083916086 0.5972644376899696 0.3146853146853147 0.574468085106383 0.3146853146853147 0.5577507598784195 0.30979020979020977 0.5395136778115501 0.30034965034965033 0.53419452887538 0.2937062937062937 0.5303951367781155 0.2853146853146853 0.5220364741641338 0.27587412587412585 0.5174772036474165
14 0.6751748251748252 0.47720364741641336 0.6737762237762238 0.4969604863221885 0.6793706293706294 0.5212765957446809 0.6895104895104895 0.5281155015197568 0.7055944055944056 0.526595744680851 0.720979020979021 0.5144376899696048 0.7202797202797203 0.48632218844984804 0.7143356643356643 0.46048632218844987 0.7129370629370629 0.4452887537993921 0.7034965034965035 0.41413373860182373 0.7003496503496504 0.3943768996960486 0.6979020979020979 0.3738601823708207 0.6968531468531468 0.3556231003039514 0.6937062937062937 0.33586626139817627 0.6891608391608391 0.3290273556231003 0.679020979020979 0.33206686930091184 0.6751748251748252 0.3472644376899696 0.6741258741258741 0.364741641337386 0.6772727272727272 0.40501519756838905