0 0.4464724464724465 0.5022796352583586 0.4591084591084591 0.5159574468085106 0.47946647946647947 0.5113981762917933 0.48402948402948404 0.5045592705167173 0.4871884871884872 0.45364741641337386 0.4784134784134784 0.23024316109422494 0.45524745524745525 0.23404255319148937 0.4489294489294489 0.3655015197568389 0.44963144963144963 0.40501519756838905 0.4457704457704458 0.4452887537993921 0.4433134433134433 0.48024316109422494
1 0.42681642681642684 0.4939209726443769 0.444015444015444 0.49240121580547114 0.4482274482274482 0.46504559270516715 0.44963144963144963 0.4247720364741641 0.4548964548964549 0.36246200607902734 0.45279045279045277 0.21580547112462006 0.431028431028431 0.22416413373860183 0.4247104247104247 0.2591185410334346 0.42295542295542293 0.3518237082066869 0.42155142155142156 0.38069908814589665 0.42084942084942084 0.41109422492401215 0.4201474201474201 0.47188449848024316
8 0.4871884871884872 0.5106382978723404 0.5173745173745173 0.5144376899696048 0.5222885222885223 0.5113981762917933 0.5243945243945244 0.46504559270516715 0.5247455247455247 0.40425531914893614 0.5261495261495261 0.22872340425531915 0.5050895050895051 0.24620060790273557 0.49666549666549664 0.28799392097264437 0.4931554931554932 0.3913373860182371 0.49245349245349246 0.43009118541033436 0.4878904878904879 0.4574468085106383 0.4854334854334854 0.49544072948328266
9 0.5236925236925237 0.5022796352583586 0.5314145314145314 0.5091185410334347 0.5458055458055459 0.5113981762917933 0.5517725517725518 0.4870820668693009 0.5528255528255528 0.4506079027355623 0.5503685503685504 0.23100303951367782 0.53001053001053 0.2439209726443769 0.5286065286065286 0.31382978723404253 0.5282555282555282 0.3586626139817629 0.5268515268515268 0.41109422492401215 0.5243945243945244 0.46200607902735563
10 0.547911547911548 0.48404255319148937 0.5556335556335557 0.5030395136778115 0.5735345735345735 0.5129179331306991 0.5823095823095823 0.4908814589665654 0.5823095823095823 0.44680851063829785 0.5773955773955773 0.18541033434650456 0.5637065637065637 0.19376899696048633 0.5535275535275536 0.24924012158054712 0.547911547911548 0.34422492401215804 0.5524745524745525 0.3844984802431611 0.5535275535275536 0.42325227963525835 0.5486135486135486 0.46200607902735563
13 0.6117936117936118 0.46200607902735563 0.6124956124956125 0.4369300911854103 0.6188136188136188 0.41109422492401215 0.6244296244296245 0.38145896656534956 0.6296946296946297 0.3366261398176292 0.6416286416286416 0.21200607902735563 0.6704106704106704 0.21200607902735563 0.696033696033696 0.23100303951367782 0.689013689013689 0.2796352583586626 0.6767286767286768 0.3252279635258359 0.6658476658476659 0.37462006079027355 0.6647946647946648 0.3890577507598784 0.6647946647946648 0.44832826747720367 0.6616356616356617 0.4756838905775076 0.6532116532116532 0.49620060790273557 0.6398736398736399 0.49240121580547114 0.6237276237276237 0.48404255319148937
14 0.6640926640926641 0.43465045592705165 0.6665496665496665 0.40501519756838905 0.6735696735696736 0.3655015197568389 0.6805896805896806 0.2986322188449848 0.6862056862056862 0.2439209726443769 0.727974727974728 0.2712765957446808 0.7216567216567217 0.32142857142857145 0.713934713934714 0.3655015197568389 0.7093717093717093 0.3898176291793313 0.7086697086697087 0.41641337386018235 0.7041067041067041 0.45896656534954405 0.6946296946296946 0.4703647416413374 0.6781326781326781 0.47416413373860183 0.669006669006669 0.46580547112462006
16 0.5177255177255178 0.5516717325227963 0.5222885222885223 0.5478723404255319 0.5331695331695332 0.5478723404255319 0.5394875394875395 0.5805471124620061 0.5331695331695332 0.6329787234042553 0.5268515268515268 0.6861702127659575 0.5128115128115128 0.7712765957446809 0.5135135135135135 0.743920972644377 0.5128115128115128 0.7036474164133738 0.5128115128115128 0.6496960486322189
17 0.5377325377325377 0.5311550151975684 0.5440505440505441 0.5379939209726444 0.5573885573885574 0.5448328267477204 0.5594945594945595 0.587386018237082 0.5549315549315549 0.6390577507598785 0.551070551070551 0.7355623100303952 0.5401895401895402 0.7948328267477204 0.5324675324675324 0.7454407294832827 0.5317655317655318 0.6800911854103343 0.5338715338715339 0.6276595744680851 0.5345735345735346 0.5683890577507599
18 0.5587925587925588 0.5889057750759878 0.5535275535275536 0.5615501519756839 0.5528255528255528 0.5349544072948328 0.5542295542295542 0.526595744680851 0.568971568971569 0.5144376899696048 0.5844155844155844 0.5227963525835866 0.5879255879255879 0.5516717325227963 0.5854685854685855 0.5942249240121581 0.5837135837135837 0.6458966565349544 0.5861705861705861 0.7150455927051672 0.5854685854685855 0.7697568389057751 0.5816075816075816 0.7978723404255319 0.5707265707265707 0.8062310030395137 0.5612495612495613 0.7712765957446809 0.5633555633555634 0.7370820668693009 0.5626535626535627 0.6968085106382979 0.5598455598455598 0.6170212765957447
20 0.616005616005616 0.6360182370820668 0.6089856089856089 0.6025835866261399 0.6072306072306072 0.5767477203647416 0.6072306072306072 0.5653495440729484 0.6181116181116181 0.5547112462006079 0.6307476307476307 0.5531914893617021 0.6339066339066339 0.5805471124620061 0.636012636012636 0.6329787234042553 0.6423306423306423 0.6717325227963525 0.6507546507546508 0.7218844984802432 0.6511056511056511 0.7408814589665653 0.6307476307476307 0.7408814589665653 0.6195156195156195 0.6800911854103343
22 0.7125307125307125 0.6405775075987842 0.7069147069147069 0.6322188449848024 0.6928746928746928 0.6025835866261399 0.6837486837486837 0.5904255319148937 0.6756756756756757 0.5714285714285714 0.6697086697086697 0.5448328267477204 0.6704106704106704 0.5326747720364742 0.6742716742716742 0.5182370820668692 0.6851526851526851 0.5091185410334347 0.6914706914706915 0.5030395136778115 0.6998946998946999 0.4908814589665654 0.7055107055107055 0.4825227963525836 0.7188487188487188 0.5007598784194529 0.7297297297297297 0.5296352583586627 0.7521937521937522 0.5721884498480243 0.7567567567567568 0.5820668693009119 0.7585117585117586 0.6086626139817629 0.7578097578097578 0.6306990881458967 0.7360477360477361 0.662613981762918
24 0.49175149175149174 0.5683890577507599 0.5036855036855037 0.5638297872340425 0.5177255177255178 0.5638297872340425 0.515970515970516 0.6003039513677811 0.5114075114075114 0.6610942249240122 0.5114075114075114 0.7241641337386018 0.5036855036855037 0.7811550151975684 0.49245349245349246 0.7537993920972644 0.49245349245349246 0.6937689969604863 0.49245349245349246 0.6360182370820668 0.49245349245349246 0.5942249240121581
25 0.4706914706914707 0.5653495440729484 0.4878904878904879 0.5668693009118541 0.49491049491049494 0.5737082066869301 0.4956124956124956 0.6208206686930091 0.49245349245349246 0.6952887537993921 0.48473148473148475 0.7796352583586627 0.47595647595647594 0.7811550151975684 0.4706914706914707 0.7340425531914894 0.4706914706914707 0.6778115501519757 0.4706914706914707 0.6177811550151976
26 0.43804843804843807 0.6139817629179332 0.4348894348894349 0.5957446808510638 0.43804843804843807 0.5721884498480243 0.4464724464724465 0.5562310030395137 0.45103545103545106 0.5478723404255319 0.46998946998947 0.5531914893617021 0.477009477009477 0.5600303951367781 0.47385047385047385 0.5957446808510638 0.46893646893646895 0.6542553191489362 0.4643734643734644 0.7082066869300911 0.4513864513864514 0.8237082066869301 0.4278694278694279 0.8145896656534954 0.4303264303264303 0.7477203647416414 0.4348894348894349 0.6846504559270516 0.43804843804843807 0.6428571428571429
27 0.3959283959283959 0.7272036474164134 0.3997893997893998 0.7036474164133738 0.41277641277641275 0.6238601823708206 0.4247104247104247 0.5714285714285714 0.42681642681642684 0.5478723404255319 0.4278694278694279 0.526595744680851 0.43875043875043873 0.5668693009118541 0.4426114426114426 0.5904255319148937 0.4362934362934363 0.6253799392097265 0.4233064233064233 0.6800911854103343 0.41628641628641627 0.7256838905775076 0.40821340821340824 0.7477203647416414 0.39733239733239734 0.7659574468085106
28 0.3724113724113724 0.7317629179331308 0.3724113724113724 0.6930091185410334 0.37943137943137945 0.6390577507598785 0.3857493857493858 0.5851063829787234 0.3917163917163917 0.5326747720364742 0.3959283959283959 0.5022796352583586 0.40821340821340824 0.49544072948328266 0.42295542295542293 0.5091185410334347 0.431028431028431 0.5212765957446809 0.4222534222534223 0.5721884498480243 0.40505440505440504 0.6428571428571429 0.39733239733239734 0.6869300911854104 0.38785538785538787 0.7272036474164134 0.37416637416637416 0.7644376899696048
29 0.32186732186732187 0.7272036474164134 0.3334503334503334 0.6679331306990881 0.34222534222534223 0.6071428571428571 0.35275535275535275 0.5448328267477204 0.3538083538083538 0.49620060790273557 0.3566163566163566 0.4787234042553192 0.37943137943137945 0.47720364741641336 0.40996840996840994 0.5022796352583586 0.4145314145314145 0.506079027355623 0.4089154089154089 0.5379939209726444 0.3941733941733942 0.5851063829787234 0.3903123903123903 0.6170212765957447 0.36714636714636717 0.756079027355623 0.35064935064935066 0.7697568389057751 0.3281853281853282 0.7492401215805471
30 0.28185328185328185 0.7120060790273556 0.2836082836082836 0.6595744680851063 0.2888732888732889 0.6086626139817629 0.2937872937872938 0.5683890577507599 0.3046683046683047 0.5197568389057751 0.3130923130923131 0.4825227963525836 0.31625131625131625 0.4521276595744681 0.3359073359073359 0.46048632218844987 0.363987363987364 0.4703647416413374 0.36784836784836783 0.4870820668693009 0.36293436293436293 0.5197568389057751 0.3481923481923482 0.5835866261398176 0.33274833274833276 0.6831306990881459 0.31554931554931553 0.7218844984802432 0.2829062829062829 0.7287234042553191
31 0.24464724464724466 0.6527355623100304 0.25307125307125306 0.5683890577507599 0.2548262548262548 0.5212765957446809 0.265005265005265 0.48024316109422494 0.27167427167427166 0.44680851063829785 0.2755352755352755 0.4369300911854103 0.3067743067743068 0.44148936170212766 0.31695331695331697 0.44148936170212766 0.31695331695331697 0.47720364741641336 0.3067743067743068 0.5326747720364742 0.29975429975429974 0.5752279635258358 0.2944892944892945 0.601823708206687 0.2765882765882766 0.6405775075987842 0.25868725868725867 0.6527355623100304