0 0.5132496513249651 0.5871010638297872 0.5055788005578801 0.6043882978723404 0.4881450488145049 0.5964095744680851 0.4839609483960948 0.5917553191489362 0.4815202231520223 0.5352393617021277 0.4839609483960948 0.4109042553191489 0.4870990237099024 0.3976063829787234 0.49721059972105996 0.3949468085106383 0.5055788005578801 0.43617021276595747 0.5108089260808926 0.5332446808510638
1 0.4571129707112971 0.5924202127659575 0.46338912133891214 0.6063829787234043 0.47629009762900976 0.5990691489361702 0.4769874476987448 0.5372340425531915 0.4808228730822873 0.40625 0.4619944211994421 0.4015957446808511 0.45885634588563456 0.4428191489361702 0.45536959553695955 0.4966755319148936 0.45467224546722457 0.5305851063829787 0.45536959553695955 0.5691489361702128
2 0.4299163179916318 0.59375 0.4410739191073919 0.6090425531914894 0.453626220362622 0.6023936170212766 0.45885634588563456 0.5398936170212766 0.45327754532775455 0.36236702127659576 0.42782426778242677 0.36103723404255317 0.4299163179916318 0.4660904255319149 0.42782426778242677 0.5299202127659575
4 0.35495118549511856 0.6223404255319149 0.3678521617852162 0.6283244680851063 0.3776150627615063 0.6110372340425532 0.39644351464435146 0.5917553191489362 0.39504881450488144 0.5591755319148937 0.3842398884239888 0.5465425531914894 0.3668061366806137 0.4089095744680851 0.3389121338912134 0.41688829787234044 0.3406555090655509 0.4920212765957447 0.3493723849372385 0.5518617021276596 0.34902370990237097 0.5897606382978723
5 0.30509065550906556 0.620345744680851 0.3113668061366806 0.6389627659574468 0.3263598326359833 0.6276595744680851 0.3437935843793584 0.636968085106383 0.3507670850767085 0.6070478723404256 0.33263598326359833 0.40226063829787234 0.297768479776848 0.4142287234042553 0.3002092050209205 0.5212765957446809 0.30160390516039054 0.5605053191489362 0.29567642956764295 0.5857712765957447 0.29811715481171547 0.6156914893617021
8 0.5149930264993027 0.5944148936170213 0.5223152022315202 0.6070478723404256 0.5373082287308228 0.5950797872340425 0.5421896792189679 0.5950797872340425 0.5425383542538355 0.5372340425531915 0.5425383542538355 0.39561170212765956 0.5181311018131102 0.39228723404255317 0.5170850767085077 0.48736702127659576 0.5156903765690377 0.5425531914893617 0.5108089260808926 0.5724734042553191
9 0.548465829846583 0.6070478723404256 0.5658995815899581 0.6110372340425532 0.5721757322175732 0.5877659574468085 0.5760111576011158 0.3803191489361702 0.5481171548117155 0.38231382978723405 0.5460251046025104 0.4833776595744681 0.5460251046025104 0.5418882978723404 0.5474198047419805 0.5877659574468085
10 0.5732217573221757 0.5944148936170213 0.5819386331938633 0.6063829787234043 0.5920502092050209 0.6017287234042553 0.599721059972106 0.5844414893617021 0.5979776847977685 0.5405585106382979 0.5930962343096234 0.3716755319148936 0.5732217573221757 0.3716755319148936 0.5693863319386332 0.46675531914893614 0.5718270571827058 0.5026595744680851 0.5711297071129707 0.5445478723404256 0.5693863319386332 0.5738031914893617
13 0.649581589958159 0.5924202127659575 0.6687587168758717 0.6083776595744681 0.6753835425383543 0.598404255319149 0.6893305439330544 0.605718085106383 0.699442119944212 0.589095744680851 0.6942119944211994 0.535904255319149 0.6928172942817294 0.40625 0.6513249651324965 0.40691489361702127 0.653068340306834 0.480718085106383 0.655160390516039 0.5299202127659575 0.6492329149232915 0.5571808510638298
16 0.5174337517433751 0.648936170212766 0.5380055788005579 0.648936170212766 0.5387029288702929 0.7007978723404256 0.5362622036262203 0.8125 0.5111576011157601 0.8131648936170213 0.5188284518828452 0.7466755319148937 0.5149930264993027 0.6941489361702128
17 0.5404463040446305 0.6462765957446809 0.5509065550906556 0.6396276595744681 0.5624128312412832 0.6469414893617021 0.5631101813110181 0.8231382978723404 0.5380055788005579 0.8224734042553191 0.5407949790794979 0.7632978723404256 0.5418410041841004 0.7007978723404256
18 0.5679916317991632 0.6376329787234043 0.5791492329149233 0.6356382978723404 0.5871687587168759 0.6402925531914894 0.5910041841004184 0.6582446808510638 0.5892608089260809 0.8397606382978723 0.5631101813110181 0.831781914893617 0.5641562064156206 0.7672872340425532 0.5648535564853556 0.7134308510638298 0.5631101813110181 0.6855053191489362 0.5624128312412832 0.6462765957446809
19 0.6007670850767085 0.6316489361702128 0.5847280334728033 0.6542553191489362 0.5941422594142259 0.6901595744680851 0.5965829846582985 0.8297872340425532 0.6220362622036262 0.8311170212765957 0.6202928870292888 0.6815159574468085 0.6195955369595537 0.6356382978723404
20 0.6209902370990237 0.632313829787234 0.6279637377963738 0.6316489361702128 0.6440027894002789 0.625 0.6520223152022315 0.6389627659574468 0.6642259414225942 0.8291223404255319 0.6342398884239888 0.8297872340425532 0.6269177126917713 0.7340425531914894 0.6188981868898187 0.6675531914893617
21 0.653068340306834 0.6329787234042553 0.706415620641562 0.6256648936170213 0.7248953974895398 0.8085106382978723 0.6753835425383543 0.8351063829787234 0.6642259414225942 0.71875 0.6600418410041841 0.6888297872340425 0.6520223152022315 0.648936170212766
24 0.49337517433751743 0.6436170212765957 0.5149930264993027 0.648936170212766 0.5097629009762901 0.8125 0.4898884239888424 0.8011968085106383 0.49337517433751743 0.7054521276595744
25 0.46722454672245467 0.6402925531914894 0.4870990237099024 0.6436170212765957 0.4902370990237099 0.6775265957446809 0.4825662482566248 0.819813829787234 0.4696652719665272 0.8158244680851063 0.4696652719665272 0.7280585106382979 0.46478382147838215 0.680186170212766
26 0.4410739191073919 0.6402925531914894 0.451534170153417 0.6343085106382979 0.46269177126917715 0.6343085106382979 0.46513249651324967 0.6582446808510638 0.4675732217573222 0.8291223404255319 0.4445606694560669 0.831781914893617 0.44490934449093444 0.7613031914893617 0.4396792189679219 0.6914893617021277 0.4386331938633194 0.6728723404255319 0.4421199442119944 0.6589095744680851
27 0.4205020920502092 0.6316489361702128 0.41143654114365413 0.636968085106383 0.4096931659693166 0.668218085106383 0.4117852161785216 0.7054521276595744 0.40550906555090654 0.8151595744680851 0.43235704323570434 0.8224734042553191 0.43584379358437936 0.7061170212765957 0.44037656903765693 0.6628989361702128 0.44142259414225943 0.6496010638297872 0.4299163179916318 0.6389627659574468