0 0.45768688293370946 0.32142857142857145 0.45768688293370946 0.3700607902735562 0.45768688293370946 0.3890577507598784 0.45768688293370946 0.4316109422492401 0.45768688293370946 0.4566869300911854 0.45768688293370946 0.48024316109422494 0.45768688293370946 0.49240121580547114 0.47531734837799716 0.4992401215805471 0.48730606488011285 0.4992401215805471 0.48730606488011285 0.4734042553191489 0.4862482369534556 0.4338905775075988 0.4823695345557123 0.3829787234042553 0.47919605077574046 0.32598784194528874 0.47849083215796895 0.30243161094224924
1 0.43124118476727785 0.3009118541033435 0.42736248236953456 0.32370820668693007 0.4263046544428773 0.35790273556231 0.4294781382228491 0.3974164133738602 0.4322990126939351 0.4247720364741641 0.4333568406205924 0.45896656534954405 0.4333568406205924 0.48632218844984804 0.4421720733427362 0.5113981762917933 0.45486600846262343 0.4908814589665654 0.4559238363892807 0.4756838905775076 0.45486600846262343 0.4399696048632219 0.44992947813822287 0.3958966565349544 0.44992947813822287 0.3639817629179331 0.45098730606488013 0.32978723404255317 0.45098730606488013 0.29407294832826747
2 0.39492242595204513 0.2917933130699088 0.3942172073342736 0.310790273556231 0.40091678420310295 0.3723404255319149 0.4030324400564175 0.385258358662614 0.4030324400564175 0.4209726443768997 0.403737658674189 0.44376899696048633 0.4058533145275035 0.4817629179331307 0.4097320169252468 0.5053191489361702 0.42066290550070523 0.5113981762917933 0.4294781382228491 0.48404255319148937 0.4301833568406206 0.446048632218845 0.4263046544428773 0.3768996960486322 0.4255994358251058 0.33890577507598785 0.4263046544428773 0.28191489361702127 0.4107898448519041 0.2773556231003039
8 0.48519040902679833 0.29027355623100304 0.4823695345557123 0.3639817629179331 0.4823695345557123 0.42325227963525835 0.4862482369534556 0.46504559270516715 0.4890691114245416 0.47796352583586627 0.5007052186177715 0.4946808510638298 0.5126939351198871 0.49240121580547114 0.5137517630465445 0.4627659574468085 0.5095204513399154 0.4338905775075988 0.5077574047954866 0.3913373860182371 0.5077574047954866 0.3366261398176292 0.5077574047954866 0.28343465045592703
9 0.5183356840620592 0.28191489361702127 0.5165726375176305 0.33890577507598785 0.5155148095909732 0.3829787234042553 0.5155148095909732 0.4338905775075988 0.5165726375176305 0.4908814589665654 0.5401974612129761 0.48024316109422494 0.5352609308885754 0.4126139817629179 0.5352609308885754 0.3829787234042553 0.5352609308885754 0.3487841945288754 0.5352609308885754 0.2986322188449848
10 0.5468970380818053 0.2773556231003039 0.5490126939351199 0.31990881458966564 0.5430183356840621 0.3487841945288754 0.5401974612129761 0.3974164133738602 0.5401974612129761 0.4247720364741641 0.5430183356840621 0.45288753799392095 0.5490126939351199 0.4817629179331307 0.5655853314527504 0.46504559270516715 0.5655853314527504 0.4338905775075988 0.5655853314527504 0.385258358662614 0.5673483779971791 0.3366261398176292 0.5694640338504936 0.2917933130699088 0.5655853314527504 0.25835866261398177
11 0.5684062059238364 0.26671732522796354 0.5673483779971791 0.30243161094224924 0.5666431593794076 0.3427051671732523 0.5666431593794076 0.3829787234042553 0.5655853314527504 0.4209726443768997 0.5655853314527504 0.45896656534954405 0.573342736248237 0.4817629179331307 0.5860366713681241 0.4817629179331307 0.594851904090268 0.47188449848024316 0.597672778561354 0.4338905775075988 0.5959097320169252 0.39361702127659576 0.5937940761636107 0.3533434650455927 0.5930888575458392 0.30243161094224924 0.5937940761636107 0.2796352583586626
16 0.5066995768688294 0.709726443768997 0.502820874471086 0.6618541033434651 0.4968265162200282 0.6147416413373861 0.49188998589562766 0.5790273556231003 0.4890691114245416 0.5493920972644377 0.4862482369534556 0.5243161094224924 0.49506346967559944 0.5159574468085106 0.5056417489421721 0.5113981762917933 0.5088152327221439 0.526595744680851 0.5105782792665726 0.5668693009118541 0.5105782792665726 0.5896656534954408 0.5116361071932299 0.6132218844984803 0.514456981664316 0.6572948328267477 0.5165726375176305 0.6907294832826748 0.5176304654442877 0.7059270516717325
17 0.5342031029619182 0.709726443768997 0.5342031029619182 0.6656534954407295 0.5342031029619182 0.6132218844984803 0.5342031029619182 0.5683890577507599 0.5320874471086037 0.5326747720364742 0.5303244005641748 0.513677811550152 0.5155148095909732 0.5030395136778115 0.5017630465444288 0.5349544072948328 0.5017630465444288 0.5600303951367781 0.5056417489421721 0.6063829787234043 0.5105782792665726 0.6382978723404256 0.514456981664316 0.6762917933130699 0.521509167842031 0.7226443768996961
18 0.573342736248237 0.7188449848024316 0.5673483779971791 0.6998480243161094 0.5666431593794076 0.6633738601823708 0.5666431593794076 0.6193009118541033 0.5655853314527504 0.587386018237082 0.5624118476727785 0.5623100303951368 0.561706629055007 0.5372340425531915 0.5578279266572638 0.5182370820668692 0.5490126939351199 0.5113981762917933 0.5370239774330042 0.5182370820668692 0.535966149506347 0.541033434650456 0.5409026798307476 0.5767477203647416 0.5440761636107193 0.621580547112462 0.5440761636107193 0.6572948328267477 0.5479548660084627 0.6975683890577508 0.5518335684062059 0.7249240121580547 0.5606488011283498 0.7287234042553191
19 0.5909732016925247 0.709726443768997 0.5870944992947814 0.6762917933130699 0.5888575458392101 0.5957446808510638 0.5888575458392101 0.5790273556231003 0.5881523272214386 0.5493920972644377 0.5772214386459803 0.5182370820668692 0.561706629055007 0.5220364741641338 0.5595909732016925 0.5372340425531915 0.5634696755994358 0.5752279635258358 0.5666431593794076 0.6003039513677811 0.5684062059238364 0.6360182370820668 0.5684062059238364 0.6702127659574468 0.5705218617771509 0.7059270516717325 0.573342736248237 0.7203647416413373
20 0.6174188998589563 0.709726443768997 0.616361071932299 0.682370820668693 0.616361071932299 0.6360182370820668 0.6153032440056417 0.6086626139817629 0.6145980253878702 0.5858662613981763 0.6124823695345557 0.5539513677811551 0.6057827926657263 0.5288753799392097 0.5899153737658674 0.5197568389057751 0.5821579689703809 0.526595744680851 0.5832157968970381 0.5668693009118541 0.5909732016925247 0.6063829787234043 0.5930888575458392 0.648936170212766 0.594851904090268 0.6907294832826748 0.6036671368124118 0.7249240121580547
22 0.7320169252468265 0.6930091185410334 0.729901269393512 0.6656534954407295 0.7242595204513399 0.6253799392097265 0.7182651622002821 0.6025835866261399 0.7154442877291961 0.5668693009118541 0.7115655853314528 0.5243161094224924 0.7027503526093088 0.5053191489361702 0.6851198871650211 0.5053191489361702 0.6731311706629055 0.5098784194528876 0.6636107193229901 0.5303951367781155 0.6604372355430184 0.5577507598784195 0.6692524682651622 0.6086626139817629 0.6741889985895627 0.6466565349544073 0.6770098730606487 0.7059270516717325 0.6879407616361072 0.7226443768996961 0.7083921015514809 0.7165653495440729
24 0.48519040902679833 0.7310030395136778 0.4823695345557123 0.6762917933130699 0.47919605077574046 0.6253799392097265 0.47849083215796895 0.5896656534954408 0.47919605077574046 0.5562310030395137 0.47919605077574046 0.541033434650456 0.46861777150916784 0.5288753799392097 0.4587447108603667 0.5387537993920972 0.4665021156558533 0.587386018237082 0.4703808180535966 0.621580547112462 0.4703808180535966 0.6572948328267477 0.47249647390691113 0.6952887537993921
25 0.46473906911142454 0.7226443768996961 0.46473906911142454 0.6998480243161094 0.46262341325811 0.6702127659574468 0.46156558533145275 0.6238601823708206 0.46156558533145275 0.5957446808510638 0.46156558533145275 0.5683890577507599 0.46156558533145275 0.5455927051671733 0.45768688293370946 0.5303951367781155 0.443935119887165 0.5197568389057751 0.43829337094499293 0.5288753799392097 0.4421720733427362 0.5623100303951368 0.4460507757404795 0.5896656534954408 0.4460507757404795 0.6253799392097265 0.4460507757404795 0.6633738601823708 0.4460507757404795 0.7120060790273556 0.44992947813822287 0.7355623100303952
26 0.43829337094499293 0.7226443768996961 0.43829337094499293 0.682370820668693 0.4400564174894217 0.6405775075987842 0.4421720733427362 0.5957446808510638 0.4421720733427362 0.5623100303951368 0.43899858956276444 0.5349544072948328 0.42066290550070523 0.513677811550152 0.41678420310296194 0.526595744680851 0.4125528913963329 0.5516717325227963 0.4125528913963329 0.5752279635258358 0.4146685472496474 0.6025835866261399 0.41960507757404797 0.6322188449848024 0.42136812411847674 0.6740121580547113 0.42136812411847674 0.6975683890577508 0.42136812411847674 0.7355623100303952
27 0.40479548660084624 0.7606382978723404 0.40867418899858954 0.7287234042553191 0.4118476727785614 0.6808510638297872 0.4125528913963329 0.6443768996960486 0.4125528913963329 0.6003039513677811 0.4125528913963329 0.5729483282674772 0.4107898448519041 0.5577507598784195 0.40091678420310295 0.5493920972644377 0.38928067700987307 0.5455927051671733 0.38716502115655854 0.5790273556231003 0.3921015514809591 0.6193009118541033 0.3942172073342736 0.6550151975683891 0.3942172073342736 0.6907294832826748 0.3921015514809591 0.7188449848024316 0.39033850493653033 0.7583586626139818
28 0.37729196050775743 0.7462006079027356 0.382228490832158 0.6975683890577508 0.3861071932299013 0.6633738601823708 0.3921015514809591 0.6299392097264438 0.3959802538787024 0.6025835866261399 0.3980959097320169 0.5683890577507599 0.3980959097320169 0.5516717325227963 0.38928067700987307 0.5349544072948328 0.36283497884344146 0.5159574468085106 0.3638928067700987 0.5706686930091185 0.36283497884344146 0.6063829787234043 0.36283497884344146 0.6512158054711246 0.3617771509167842 0.6762917933130699 0.35966149506346967 0.7082066869300911 0.3578984485190409 0.7249240121580547
30 0.3067700987306065 0.7249240121580547 0.31276445698166433 0.6952887537993921 0.3166431593794076 0.6717325227963525 0.3215796897038082 0.6405775075987842 0.3244005641748942 0.6238601823708206 0.3314527503526093 0.6048632218844985 0.3374471086036671 0.581306990881459 0.34308885754583923 0.5372340425531915 0.3236953455571227 0.526595744680851 0.3177009873060649 0.526595744680851 0.3078279266572638 0.5182370820668692 0.3011283497884344 0.5197568389057751 0.29513399153737657 0.5577507598784195 0.290197461212976 0.587386018237082 0.2834978843441467 0.6170212765957447 0.27080394922425954 0.6512158054711246 0.27080394922425954 0.6656534954407295 0.2912552891396333 0.7036474164133738