8 0.5098706603131382 0.3282674772036474 0.5347174948944861 0.3351063829787234 0.533356024506467 0.5075987841945289 0.5367597004765147 0.5357142857142857 0.5347174948944861 0.5835866261398176 0.5309734513274337 0.5881458966565349 0.5119128658951668 0.5858662613981763 0.5081688223281143 0.5623100303951368 0.5068073519400953 0.5547112462006079 0.5068073519400953 0.5387537993920972 0.5078284547311096 0.5121580547112462
9 0.5364193328795098 0.3252279635258359 0.5650102110279102 0.3229483282674772 0.5626276378488768 0.4939209726443769 0.5670524166099388 0.5296352583586627 0.5643294758339006 0.5668693009118541 0.5636487406398911 0.5737082066869301 0.5432266848196051 0.5737082066869301 0.5401633764465623 0.5448328267477204 0.5415248468345814 0.5053191489361702 0.5347174948944861 0.33814589665653494
10 0.5667120490129339 0.3161094224924012 0.5844111640571817 0.3161094224924012 0.5946221919673247 0.5501519756838906 0.5895166780122533 0.5699088145896657 0.5850918992511913 0.581306990881459 0.5752212389380531 0.5782674772036475 0.5677331518039482 0.5623100303951368 0.5629680054458815 0.5319148936170213 0.5633083730428863 0.493161094224924
11 0.585432266848196 0.31382978723404253 0.6051735874744725 0.3161094224924012 0.6201497617426821 0.493161094224924 0.6191286589516678 0.5516717325227963 0.6126616746085772 0.5668693009118541 0.6021102791014296 0.5448328267477204 0.5932607215793056 0.5531914893617021 0.5895166780122533 0.5547112462006079 0.5850918992511913 0.5045592705167173 0.5901974132062627 0.4749240121580547
12 0.6102791014295439 0.30851063829787234 0.634785568413887 0.30851063829787234 0.6415929203539823 0.4946808510638298 0.6456773315180395 0.5326747720364742 0.6385296119809394 0.5516717325227963 0.6324029952348537 0.5531914893617021 0.6221919673247107 0.5440729483282675 0.6191286589516678 0.541033434650456 0.6133424098025868 0.506079027355623 0.6157249829816202 0.4506079027355623 0.6160653505786249 0.3799392097264438 0.6160653505786249 0.34574468085106386
13 0.6375085091899251 0.303951367781155 0.6555479918311776 0.3047112462006079 0.6637168141592921 0.3974164133738602 0.6756296800544588 0.45592705167173253 0.6824370319945541 0.4992401215805471 0.6807351940095303 0.5250759878419453 0.6776718856364874 0.5319148936170213 0.6701837985023825 0.5319148936170213 0.6664397549353301 0.5288753799392097 0.6633764465622872 0.5372340425531915 0.6501021102791015 0.540273556231003 0.6429543907420013 0.5311550151975684 0.6395507147719537 0.506838905775076 0.6368277739959156 0.4870820668693009 0.6351259360108917 0.35030395136778114 0.6344452008168823 0.31382978723404253
14 0.6695030633083731 0.30927051671732525 0.6902654867256637 0.30015197568389057 0.6865214431586113 0.3366261398176292 0.6936691626957113 0.3677811550151976 0.7045609257998638 0.38069908814589665 0.7072838665759019 0.3958966565349544 0.7103471749489448 0.42933130699088146 0.717494894486045 0.4734042553191489 0.717494894486045 0.49240121580547114 0.7089857045609258 0.5015197568389058 0.7049012933968686 0.4946808510638298 0.6963921034717495 0.5151975683890577 0.6889040163376446 0.5091185410334347 0.681075561606535 0.48936170212765956 0.6756296800544588 0.4582066869300912 0.6759700476514636 0.4369300911854103 0.6746085772634445 0.36930091185410335 0.6708645336963921 0.33206686930091184
15 0.7049012933968686 0.26367781155015196 0.6831177671885637 0.3123100303951368 0.6858407079646017 0.33814589665653494 0.6916269571136828 0.35638297872340424 0.6967324710687542 0.36930091185410335 0.7086453369639211 0.385258358662614 0.7137508509189925 0.3905775075987842 0.7185159972770592 0.38677811550151975 0.7283866575901974 0.3731003039513678 0.731790333560245 0.3525835866261398 0.7365554799183118 0.3518237082066869 0.7389380530973452 0.35106382978723405 0.7389380530973452 0.33282674772036475 0.7256637168141593 0.3009118541033435 0.7103471749489448 0.25987841945288753
0 0.4765146358066712 0.34194528875379937 0.49761742682096666 0.33890577507598785 0.49693669162695714 0.45592705167173253 0.5020422055820286 0.5227963525835866 0.5023825731790333 0.5805471124620061 0.5017018379850239 0.5889057750759878 0.4795779441797141 0.5820668693009119 0.47311095983662355 0.5661094224924013 0.47413206262763785 0.5144376899696048 0.4758339006126617 0.5022796352583586 0.4754935330156569 0.49240121580547114
1 0.45268890401633766 0.32978723404255317 0.47379169503063306 0.33206686930091184 0.4714091218515997 0.3890577507598784 0.4676650782845473 0.49012158054711247 0.4703880190605854 0.5250759878419453 0.4690265486725664 0.567629179331307 0.4547311095983662 0.5661094224924013 0.4475833900612662 0.5653495440729484 0.4452008168822328 0.5554711246200608 0.4452008168822328 0.5326747720364742 0.4475833900612662 0.4946808510638298 0.4486044928522805 0.4688449848024316
2 0.4230769230769231 0.32142857142857145 0.44486044928522805 0.32142857142857145 0.44588155207624236 0.3951367781155015 0.4472430224642614 0.4696048632218845 0.4424778761061947 0.5509118541033434 0.4309053778080327 0.5699088145896657 0.4186521443158611 0.5592705167173252 0.4179714091218516 0.5463525835866262 0.41456773315180395 0.5250759878419453 0.42103471749489446 0.4764437689969605
3 0.4016337644656229 0.3161094224924012 0.4237576582709326 0.31762917933130697 0.4230769230769231 0.4848024316109423 0.4230769230769231 0.5129179331306991 0.4162695711368278 0.5425531914893617 0.4111640571817563 0.5486322188449848 0.40639891082368956 0.541033434650456 0.3975493533015657 0.5554711246200608 0.39176310415248466 0.5455927051671733 0.39006126616746084 0.5212765957446809 0.39788972089857044 0.4490881458966565
4 0.3713410483321988 0.5364741641337386 0.3669162695711368 0.526595744680851 0.3815520762423417 0.31762917933130697 0.4029952348536419 0.31762917933130697 0.39788972089857044 0.4810030395136778 0.3944860449285228 0.526595744680851 0.39210347174948945 0.5395136778115501 0.38427501701837985 0.5433130699088146 0.3791695030633084 0.5433130699088146
5 0.3505786249149081 0.3100303951367781 0.37644656228727025 0.32066869300911854 0.37576582709326073 0.46580547112462006 0.37542545949625594 0.5083586626139818 0.37168141592920356 0.5235562310030395 0.3658951667801225 0.53419452887538 0.35364193328795096 0.5364741641337386 0.3488767869298843 0.5349544072948328 0.34751531654186524 0.526595744680851 0.3444520081688223 0.5326747720364742 0.3410483321987747 0.5326747720364742 0.337644656228727 0.5296352583586627 0.3342409802586794 0.5159574468085106 0.33321987746766507 0.5007598784194529 0.33253914227365555 0.48404255319148937 0.3352620830496937 0.4703647416413374 0.33934649421375085 0.45896656534954405 0.33934649421375085 0.4506079027355623 0.33968686181075564 0.4369300911854103 0.34138869979577946 0.4194528875379939
6 0.32675289312457456 0.29407294832826747 0.34649421375085093 0.3009118541033435 0.3424098025867937 0.425531914893617 0.33151803948264125 0.5045592705167173 0.3233492171545269 0.5113981762917933 0.31756296800544587 0.5045592705167173 0.3127978216473792 0.48404255319148937 0.3076923076923077 0.4870820668693009 0.2998638529611981 0.48632218844984804 0.2998638529611981 0.46048632218844987 0.3066712049012934 0.4316109422492401 0.31211708645336966 0.41185410334346506 0.3141592920353982 0.3882978723404255 0.3192648059904697 0.3700607902735562 0.32368958475153164 0.3465045592705167 0.326072157930565 0.324468085106383 0.32675289312457456 0.31155015197568386
7 0.30905377808032675 0.24620060790273557 0.320285908781484 0.2689969604863222 0.32471068754254595 0.2857142857142857 0.32675289312457456 0.303951367781155 0.32675289312457456 0.32750759878419455 0.3219877467665078 0.3541033434650456 0.3182437031994554 0.3738601823708207 0.3117767188563649 0.3829787234042553 0.3073519400953029 0.3898176291793313 0.3039482641252553 0.3898176291793313 0.3005445881552076 0.3882978723404255 0.29237576582709324 0.3799392097264438 0.28658951667801225 0.36246200607902734 0.27944179714091216 0.36930091185410335 0.27773995915588834 0.3518237082066869 0.275357385976855 0.3282674772036474 0.28080326752893126 0.2872340425531915 0.29339686861810754 0.25379939209726443 0.3039482641252553 0.25151975683890576 0.3063308373042886 0.2454407294832827
16 0.5064669843430906 0.6147416413373861 0.5251872021783526 0.6155015197568389 0.5279101429543908 0.6512158054711246 0.5292716133424098 0.7803951367781155 0.5142954390742002 0.7811550151975684 0.510211027910143 0.6899696048632219 0.5064669843430906 0.648176291793313 0.505786249149081 0.621580547112462
17 0.5330156569094622 0.6170212765957447 0.5561606535057863 0.6132218844984803 0.5585432266848196 0.6306990881458967 0.5554799183117767 0.6671732522796353 0.5490129339686862 0.7857142857142857 0.5323349217154527 0.7857142857142857 0.5319945541184479 0.729483282674772 0.533356024506467 0.6671732522796353 0.5326752893124574 0.6375379939209727
18 0.5687542545949625 0.5965045592705167 0.5612661674608578 0.6231003039513677 0.5588835942818243 0.6466565349544073 0.5588835942818243 0.6709726443768997 0.5639891082368959 0.817629179331307 0.5735194009530292 0.8183890577507599 0.5861130020422056 0.756838905775076 0.5891763104152484 0.6831306990881459 0.588495575221239 0.6512158054711246 0.5844111640571817 0.60790273556231 0.578284547311096 0.6041033434650456
19 0.6021102791014296 0.5858662613981763 0.5929203539823009 0.60790273556231 0.5915588835942818 0.6170212765957447 0.5939414567733152 0.6360182370820668 0.597004765146358 0.6542553191489362 0.5980258679373723 0.6724924012158054 0.5987066031313819 0.702887537993921 0.5987066031313819 0.8366261398176292 0.6153846153846154 0.8427051671732523 0.6184479237576582 0.7104863221884499 0.6177671885636488 0.64209726443769 0.6177671885636488 0.6071428571428571 0.6119809394145678 0.5896656534954408
20 0.6269571136827774 0.5729483282674772 0.6208304969366917 0.5858662613981763 0.6221919673247107 0.6086626139817629 0.6262763784887678 0.6398176291793313 0.639210347174949 0.8161094224924013 0.6531654186521443 0.8320668693009119 0.6640571817562968 0.8358662613981763 0.6667801225323349 0.8069908814589666 0.6640571817562968 0.7727963525835866 0.6603131381892444 0.6816109422492401 0.6514635806671205 0.6375379939209727 0.6507828454731109 0.6101823708206687 0.6507828454731109 0.5965045592705167 0.6466984343090538 0.5843465045592705 0.6460176991150443 0.5759878419452887 0.636147038801906 0.5767477203647416 0.6324029952348537 0.5737082066869301
21 0.6501021102791015 0.5661094224924013 0.6729067392784207 0.5577507598784195 0.6892443839346494 0.5539513677811551 0.6933287950987066 0.5531914893617021 0.6977535738597685 0.5851063829787234 0.7014976174268209 0.6299392097264438 0.7334921715452689 0.7598784194528876 0.6923076923076923 0.8085106382978723 0.675289312457454 0.7272036474164134 0.6609938733832539 0.6436170212765957 0.6555479918311776 0.6117021276595744 0.6504424778761062 0.5896656534954408 0.646358066712049 0.5737082066869301
22 0.7079646017699115 0.5227963525835866 0.713070115724983 0.506079027355623 0.7164737916950307 0.5022796352583586 0.7185159972770592 0.5015197568389058 0.723281143635126 0.5022796352583586 0.7273655547991831 0.5053191489361702 0.7324710687542546 0.5174772036474165 0.7389380530973452 0.5334346504559271 0.7423417290673928 0.5433130699088146 0.7460857726344452 0.5645896656534954 0.7896528250510552 0.6831306990881459 0.7437031994554119 0.75 0.7249829816201497 0.6542553191489362 0.7062627637848877 0.5965045592705167 0.6974132062627638 0.5790273556231003 0.6933287950987066 0.5653495440729484 0.6885636487406399 0.5486322188449848 0.689925119128659 0.5387537993920972 0.6943498978897209 0.5288753799392097 0.6980939414567733 0.526595744680851 0.7018379850238258 0.526595744680851 0.7055820285908782 0.5258358662613982
24 0.48264125255275697 0.6162613981762918 0.5006807351940096 0.6139817629179332 0.5006807351940096 0.8016717325227963 0.4778761061946903 0.7940729483282675 0.48025867937372363 0.6641337386018237
25 0.4499659632402995 0.60790273556231 0.47447243022464264 0.6132218844984803 0.47515316541865216 0.682370820668693 0.47991831177671884 0.7811550151975684 0.4622191967324711 0.7879939209726444 0.4554118447923758 0.7066869300911854 0.45166780122532335 0.6580547112462006 0.45064669843430905 0.6246200607902735 0.4499659632402995 0.6155015197568389
26 0.4240980258679374 0.5866261398176292 0.42103471749489446 0.6025835866261399 0.4200136147038802 0.6147416413373861 0.4200136147038802 0.6299392097264438 0.41933287950987064 0.64209726443769 0.4183117767188564 0.6610942249240122 0.42171545268890404 0.8092705167173252 0.45983662355343774 0.8092705167173252 0.45166780122532335 0.6648936170212766 0.4455411844792376 0.6314589665653495 0.44486044928522805 0.6086626139817629 0.44315861130020423 0.5987841945288754 0.4397549353301566 0.5957446808510638 0.42988427501701837 0.5896656534954408
27 0.4084411164057182 0.5805471124620061 0.41286589516678013 0.5934650455927052 0.4169503063308373 0.5987841945288754 0.42035398230088494 0.6071428571428571 0.42137508509189925 0.6329787234042553 0.4172906739278421 0.6458966565349544 0.4169503063308373 0.6603343465045592 0.41354663036078965 0.8047112462006079 0.3893805309734513 0.8039513677811551 0.39210347174948945 0.6458966565349544 0.39244383934649424 0.6117021276595744 0.3961878829135466 0.5904255319148937 0.39823008849557523 0.5851063829787234
28 0.37440435670524164 0.5683890577507599 0.3880190605854323 0.5729483282674772 0.39176310415248466 0.5797872340425532 0.39312457454050376 0.5896656534954408 0.39312457454050376 0.5987841945288754 0.3907420013614704 0.6185410334346505 0.36759700476514634 0.8214285714285714 0.32947583390061264 0.7978723404255319 0.3590878148400272 0.6261398176291794 0.35976855003403674 0.6056231003039514 0.3635125936010892 0.5737082066869301 0.36861810755616065 0.5653495440729484
29 0.3356024506466984 0.5364741641337386 0.32505105513955074 0.5448328267477204 0.31892443839346496 0.5699088145896657 0.31892443839346496 0.5866261398176292 0.2770592239618788 0.7454407294832827 0.29611980939414567 0.790273556231003 0.3339006126616746 0.7613981762917933 0.3498978897208986 0.6367781155015197 0.35330156569094623 0.6253799392097265 0.359428182437032 0.6139817629179332 0.35976855003403674 0.60790273556231 0.36283185840707965 0.5927051671732523 0.3679373723621511 0.5797872340425532 0.37031994554118447 0.5653495440729484 0.37031994554118447 0.5547112462006079 0.3645336963921035 0.5600303951367781 0.35364193328795096 0.5600303951367781 0.3488767869298843 0.5623100303951368 0.34513274336283184 0.5539513677811551
30 0.3008849557522124 0.49848024316109424 0.3053097345132743 0.5258358662613982 0.31756296800544587 0.5258358662613982 0.32368958475153164 0.5349544072948328 0.32368958475153164 0.5509118541033434 0.31994554118447927 0.5721884498480243 0.31484002722940774 0.5790273556231003 0.30701157249829814 0.5987841945288754 0.2607215793056501 0.7469604863221885 0.21919673247106874 0.6717325227963525 0.25936010891763106 0.5683890577507599 0.275357385976855 0.5311550151975684 0.2831858407079646 0.5007598784194529 0.2893124574540504 0.49544072948328266 0.29475833900612664 0.4946808510638298 0.29748127978216476 0.49544072948328266