0 0.467201166180758 0.53419452887538 0.49817784256559766 0.5250759878419453 0.4784985422740525 0.23252279635258358 0.4573615160349854 0.24088145896656535 0.46683673469387754 0.40577507598784196 0.461734693877551 0.49240121580547114
1 0.43768221574344024 0.5 0.45408163265306123 0.5250759878419453 0.4642857142857143 0.5174772036474165 0.467201166180758 0.3351063829787234 0.46355685131195334 0.2135258358662614 0.43768221574344024 0.23404255319148937 0.4446064139941691 0.39285714285714285
2 0.4103498542274053 0.2560790273556231 0.42018950437317787 0.49620060790273557 0.4354956268221574 0.5326747720364742 0.4486151603498542 0.47112462006079026 0.4271137026239067 0.21808510638297873 0.41253644314868804 0.2378419452887538
3 0.37572886297376096 0.2629179331306991 0.39249271137026237 0.46504559270516715 0.4012390670553936 0.5220364741641338 0.4165451895043732 0.5197568389057751 0.4314868804664723 0.479483282674772 0.42018950437317787 0.3890577507598784 0.39941690962099125 0.23404255319148937
4 0.353134110787172 0.26595744680851063 0.36916909620991256 0.44376899696048633 0.37317784256559766 0.5197568389057751 0.38739067055393583 0.5250759878419453 0.40524781341107874 0.5015197568389058 0.40889212827988336 0.43844984802431614 0.375 0.24696048632218845
5 0.3053935860058309 0.3191489361702128 0.3334548104956268 0.4452887537993921 0.33163265306122447 0.5083586626139818 0.3454810495626822 0.5235562310030395 0.3655247813411079 0.5144376899696048 0.37755102040816324 0.49620060790273557 0.36916909620991256 0.3951367781155015 0.336734693877551 0.27203647416413373
6 0.2849854227405248 0.30775075987841943 0.2889941690962099 0.46048632218844987 0.2889941690962099 0.5 0.29518950437317787 0.5129179331306991 0.3108600583090379 0.5250759878419453 0.3261661807580175 0.5273556231003039 0.3392857142857143 0.4688449848024316 0.3032069970845481 0.2993920972644377
7 0.2569241982507289 0.3183890577507599 0.2620262390670554 0.38069908814589665 0.25072886297376096 0.44224924012158057 0.24817784256559766 0.48556231003039513 0.25801749271137026 0.5 0.27441690962099125 0.5121580547112462 0.2977405247813411 0.5083586626139818 0.30284256559766765 0.4490881458966565 0.2795189504373178 0.28495440729483285
8 0.49927113702623904 0.25151975683890576 0.4956268221574344 0.4217325227963526 0.4868804664723032 0.5037993920972644 0.4989067055393586 0.5319148936170213 0.5189504373177842 0.5303951367781155 0.5276967930029155 0.5197568389057751 0.5258746355685131 0.4034954407294833 0.5112973760932945 0.23708206686930092
9 0.5189504373177842 0.24848024316109424 0.5207725947521866 0.37462006079027355 0.5266034985422741 0.5106382978723404 0.5400874635568513 0.5250759878419453 0.5583090379008746 0.506838905775076 0.548469387755102 0.40197568389057753 0.5440962099125365 0.23556231003039513
10 0.5608600583090378 0.23708206686930092 0.549198250728863 0.4278115501519757 0.548469387755102 0.48024316109422494 0.5652332361516035 0.5182370820668692 0.576530612244898 0.5 0.5805393586005831 0.4034954407294833 0.5860058309037901 0.22872340425531915
11 0.576530612244898 0.22644376899696048 0.5692419825072886 0.3548632218844985 0.5692419825072886 0.41793313069908816 0.5692419825072886 0.46504559270516715 0.5736151603498543 0.48328267477203646 0.5841836734693877 0.4817629179331307 0.5900145772594753 0.48936170212765956 0.6067784256559767 0.48024316109422494 0.6060495626822158 0.36930091185410335 0.6049562682215743 0.2196048632218845
12 0.6038629737609329 0.2393617021276596 0.5918367346938775 0.46048632218844987 0.5936588921282799 0.49620060790273557 0.5994897959183674 0.5 0.6067784256559767 0.49240121580547114 0.6231778425655977 0.5037993920972644 0.6275510204081632 0.4566869300911854 0.6268221574344023 0.34802431610942247 0.6231778425655977 0.22112462006079028
13 0.6311953352769679 0.24088145896656535 0.6275510204081632 0.3951367781155015 0.6206268221574344 0.4703647416413374 0.6333819241982507 0.4939209726443769 0.6621720116618076 0.48936170212765956 0.6676384839650146 0.4817629179331307 0.6665451895043731 0.37537993920972645 0.6690962099125365 0.25
14 0.6767492711370262 0.26595744680851063 0.6665451895043731 0.3913373860182371 0.6629008746355685 0.45592705167173253 0.6716472303206997 0.48936170212765956 0.6873177842565598 0.49240121580547114 0.7004373177842566 0.4703647416413374 0.7048104956268222 0.4399696048632219 0.7037172011661808 0.371580547112462 0.7029883381924198 0.26595744680851063
15 0.7131924198250729 0.24316109422492402 0.6978862973760933 0.3677811550151976 0.6993440233236151 0.44224924012158057 0.7055393586005831 0.4749240121580547 0.7274052478134111 0.4490881458966565 0.733600583090379 0.44376899696048633 0.7394314868804664 0.4278115501519757 0.7350583090379009 0.3655015197568389 0.7306851311953353 0.2553191489361702
16 0.4879737609329446 0.5509118541033434 0.5138483965014577 0.5524316109422492 0.5127551020408163 0.8039513677811551 0.4963556851311953 0.7948328267477204
17 0.5094752186588921 0.5554711246200608 0.5240524781341108 0.5562310030395137 0.5389941690962099 0.574468085106383 0.532798833819242 0.7879939209726444 0.5102040816326531 0.7781155015197568
18 0.5338921282798834 0.6694528875379939 0.532798833819242 0.574468085106383 0.5502915451895044 0.5630699088145896 0.564868804664723 0.5881458966565349 0.5634110787172012 0.6405775075987842 0.5659620991253644 0.8746200607902735 0.547740524781341 0.8761398176291794
19 0.5623177842565598 0.6846504559270516 0.5608600583090378 0.6246200607902735 0.577259475218659 0.5759878419452887 0.5918367346938775 0.6086626139817629 0.5911078717201166 0.6679331306990881 0.5900145772594753 0.8632218844984803 0.5717930029154519 0.8617021276595744
20 0.5973032069970845 0.6930091185410334 0.5849125364431487 0.6208206686930091 0.5973032069970845 0.5790273556231003 0.6144314868804664 0.6101823708206687 0.6169825072886297 0.6610942249240122 0.625728862973761 0.8343465045592705 0.6107871720116618 0.8419452887537994
21 0.6239067055393586 0.6770516717325228 0.6107871720116618 0.6139817629179332 0.6118804664723032 0.5737082066869301 0.6308309037900874 0.574468085106383 0.6490524781341108 0.5645896656534954 0.6614431486880467 0.5797872340425532 0.6654518950437318 0.6428571428571429 0.6949708454810496 0.7743161094224924 0.6709183673469388 0.8145896656534954 0.6472303206997084 0.7781155015197568 0.624271137026239 0.7264437689969605
22 0.6709183673469388 0.6610942249240122 0.6588921282798834 0.5866261398176292 0.6665451895043731 0.5600303951367781 0.6803935860058309 0.5592705167173252 0.6935131195335277 0.5463525835866262 0.7088192419825073 0.5577507598784195 0.717930029154519 0.6025835866261399 0.744533527696793 0.736322188449848 0.7299562682215743 0.7727963525835866 0.6916909620991254 0.7279635258358662
23 0.7244897959183674 0.6550151975683891 0.7124635568513119 0.6177811550151976 0.7175655976676385 0.5645896656534954 0.7263119533527697 0.5554711246200608 0.75 0.5486322188449848 0.76567055393586 0.5828267477203647 0.7725947521865889 0.7044072948328267 0.7653061224489796 0.7226443768996961 0.7361516034985423 0.6930091185410334
24 0.46610787172011664 0.5554711246200608 0.4923469387755102 0.5509118541033434 0.4912536443148688 0.7986322188449848 0.47922740524781343 0.7986322188449848
25 0.45153061224489793 0.6603343465045592 0.4420553935860058 0.5668693009118541 0.45590379008746357 0.5433130699088146 0.46610787172011664 0.5509118541033434 0.4704810495626822 0.6124620060790273 0.4704810495626822 0.7963525835866262 0.45991253644314867 0.810790273556231
26 0.43330903790087466 0.7515197568389058 0.4260204081632653 0.6504559270516718 0.4260204081632653 0.5683890577507599 0.4347667638483965 0.541033434650456 0.4511661807580175 0.5775075987841946 0.45590379008746357 0.6352583586626139 0.45371720116618075 0.8366261398176292 0.4358600583090379 0.8541033434650456
27 0.4045189504373178 0.8123100303951368 0.4070699708454811 0.6732522796352584 0.39832361516034986 0.6223404255319149 0.40196793002915454 0.5797872340425532 0.41472303206997085 0.5668693009118541 0.4314868804664723 0.5843465045592705 0.43330903790087466 0.6375379939209727 0.4263848396501458 0.8358662613981763
28 0.35604956268221577 0.8396656534954408 0.36260932944606417 0.6983282674772037 0.36698250728862974 0.6466565349544073 0.3680758017492711 0.6025835866261399 0.3786443148688047 0.5790273556231003 0.39322157434402333 0.5828267477203647 0.40524781341107874 0.5980243161094225 0.4034256559766764 0.6428571428571429 0.37572886297376096 0.8328267477203647
29 0.29008746355685133 0.7819148936170213 0.3145043731778426 0.6504559270516718 0.33163265306122447 0.5630699088145896 0.3618804664723032 0.5790273556231003 0.37755102040816324 0.5919452887537994 0.37682215743440234 0.6193009118541033 0.3647959183673469 0.675531914893617 0.33090379008746357 0.831306990881459
30 0.24307580174927113 0.7477203647416414 0.26567055393586003 0.628419452887538 0.2762390670553936 0.5995440729483282 0.2787900874635568 0.5699088145896657 0.29518950437317787 0.5554711246200608 0.3079446064139942 0.5554711246200608 0.3236151603498542 0.5706686930091185 0.33163265306122447 0.5866261398176292 0.3239795918367347 0.6504559270516718 0.31341107871720114 0.6930091185410334 0.2751457725947522 0.7963525835866262
31 0.19788629737609328 0.6899696048632219 0.20918367346938777 0.6337386018237082 0.21683673469387754 0.6025835866261399 0.22412536443148687 0.5615501519756839 0.2467201166180758 0.5592705167173252 0.2598396501457726 0.5706686930091185 0.2725947521865889 0.5904255319148937 0.26384839650145775 0.6572948328267477 0.2230320699708455 0.7553191489361702