0 0.48797736916548795 0.310790273556231 0.4791371994342291 0.3404255319148936 0.4734794908062235 0.37462006079027355 0.4734794908062235 0.39969604863221886 0.4724186704384724 0.44832826747720367 0.47029702970297027 0.48024316109422494 0.4801980198019802 0.5075987841945289 0.49504950495049505 0.5098784194528876 0.5028288543140028 0.4969604863221885 0.5 0.4734042553191489 0.49893917963224893 0.4338905775075988 0.49893917963224893 0.3890577507598784 0.5017680339462518 0.3472644376899696 0.5038896746817539 0.30927051671732525 0.5038896746817539 0.2773556231003039 0.49504950495049505 0.2712765957446808
1 0.46534653465346537 0.310790273556231 0.4596888260254597 0.3487841945288754 0.4586280056577086 0.38069908814589665 0.4557991513437058 0.40577507598784196 0.45084865629420084 0.4338905775075988 0.4487270155586987 0.45896656534954405 0.4476661951909477 0.4817629179331307 0.45473833097595473 0.4969604863221885 0.46534653465346537 0.5075987841945289 0.4695898161244696 0.4756838905775076 0.4695898161244696 0.4506079027355623 0.46746817538896746 0.41641337386018235 0.46746817538896746 0.3913373860182371 0.47135785007072134 0.3700607902735562 0.47736916548797736 0.3472644376899696 0.48302687411598305 0.31762917933130697 0.4823196605374823 0.3009118541033435
2 0.4430693069306931 0.31534954407294835 0.43882602545968885 0.3404255319148936 0.43705799151343705 0.3723404255319149 0.4349363507779349 0.40577507598784196 0.43422913719943423 0.4316109422492401 0.431046676096181 0.4627659574468085 0.431046676096181 0.49240121580547114 0.44377652050919375 0.4969604863221885 0.4526166902404526 0.4817629179331307 0.4557991513437058 0.446048632218845 0.45367751060820366 0.39969604863221886 0.4557991513437058 0.3768996960486322 0.4625176803394625 0.3366261398176292 0.46463932107496464 0.310790273556231
3 0.4222065063649222 0.31534954407294835 0.4222065063649222 0.3366261398176292 0.42043847241867044 0.3594224924012158 0.4183168316831683 0.378419452887538 0.41654879773691655 0.39361702127659576 0.4183168316831683 0.4612462006079027 0.41654879773691655 0.5030395136778115 0.43316831683168316 0.4992401215805471 0.44094766619519093 0.4886018237082067 0.43988684582743987 0.4612462006079027 0.43988684582743987 0.42933130699088146 0.43988684582743987 0.3913373860182371 0.4381188118811881 0.3427051671732523 0.4381188118811881 0.32370820668693007 0.43705799151343705 0.3009118541033435
4 0.39568599717114566 0.29407294832826747 0.39674681753889673 0.3130699088145897 0.3939179632248939 0.3487841945288754 0.3879066478076379 0.37462006079027355 0.3868458274398868 0.41033434650455924 0.384016973125884 0.4376899696048632 0.3811881188118812 0.47188449848024316 0.38896746817538896 0.4908814589665654 0.3988684582743989 0.49240121580547114 0.4077086280056577 0.4908814589665654 0.41725601131541723 0.4886018237082067 0.41336633663366334 0.446048632218845 0.40947666195190946 0.40197568389057753 0.4154879773691655 0.3700607902735562 0.4222065063649222 0.32370820668693007 0.42326732673267325 0.2986322188449848 0.41725601131541723 0.2857142857142857
5 0.37234794908062235 0.27279635258358664 0.3702263083451202 0.30927051671732525 0.3673974540311174 0.32370820668693007 0.3635077793493635 0.3594224924012158 0.3546676096181047 0.3890577507598784 0.3437057991513437 0.41033434650455924 0.3408769448373409 0.4338905775075988 0.3408769448373409 0.45288753799392095 0.34865629420084865 0.4673252279635258 0.3613861386138614 0.4696048632218845 0.37906647807637905 0.48024316109422494 0.3857850070721358 0.4566869300911854 0.3850777934936351 0.41033434650455924 0.3879066478076379 0.3677811550151976 0.39957567185289955 0.31762917933130697 0.40664780763790664 0.28343465045592703 0.39002828854314003 0.26671732522796354
6 0.3497171145685997 0.2773556231003039 0.3475954738330976 0.29027355623100304 0.3338048090523338 0.31990881458966564 0.32107496463932106 0.3556231003039514 0.30834512022630833 0.3768996960486322 0.3055162659123055 0.40425531914893614 0.30728429985855726 0.42933130699088146 0.32390381895332393 0.4376899696048632 0.3415841584158416 0.43541033434650456 0.35254596888260253 0.40577507598784196 0.3564356435643564 0.3639817629179331 0.36633663366336633 0.32978723404255317 0.3712871287128713 0.29407294832826747
8 0.5 0.28343465045592703 0.5017680339462518 0.30243161094224924 0.49893917963224893 0.3472644376899696 0.49787835926449786 0.39969604863221886 0.4968175388967468 0.47188449848024316 0.5 0.4992401215805471 0.5095473833097596 0.513677811550152 0.5254596888260255 0.5053191489361702 0.5293493635077794 0.48404255319148937 0.5293493635077794 0.4376899696048632 0.5265205091937766 0.37462006079027355 0.5233380480905233 0.3343465045592705 0.5233380480905233 0.28191489361702127 0.5116690240452617 0.2773556231003039
9 0.5332390381895332 0.29635258358662614 0.5254596888260255 0.3130699088145897 0.5215700141442716 0.3533434650455927 0.5233380480905233 0.40425531914893614 0.5272277227722773 0.4506079027355623 0.5314710042432814 0.4886018237082067 0.5381895332390382 0.4946808510638298 0.5491513437057991 0.4946808510638298 0.5548090523338048 0.4756838905775076 0.5558698727015559 0.45896656534954405 0.5558698727015559 0.418693009118541 0.5491513437057991 0.39361702127659576 0.545968882602546 0.3662613981762918 0.545968882602546 0.33206686930091184
10 0.5537482319660537 0.28343465045592703 0.5498585572842999 0.2986322188449848 0.5491513437057991 0.3404255319148936 0.5491513437057991 0.3723404255319149 0.551980198019802 0.41033434650455924 0.557991513437058 0.44224924012158057 0.5608203677510608 0.46504559270516715 0.5685997171145686 0.48404255319148937 0.5785007072135785 0.48632218844984804 0.5823903818953324 0.46504559270516715 0.5823903818953324 0.4376899696048632 0.5823903818953324 0.40577507598784196 0.5802687411598303 0.3768996960486322 0.5763790664780764 0.3472644376899696 0.5756718528995757 0.30243161094224924 0.5675388967468176 0.2796352583586626
11 0.5795615275813296 0.2560790273556231 0.5774398868458275 0.28191489361702127 0.5774398868458275 0.3009118541033435 0.5707213578500707 0.34498480243161095 0.5707213578500707 0.38069908814589665 0.5707213578500707 0.4126139817629179 0.5714285714285714 0.44224924012158057 0.5774398868458275 0.4696048632218845 0.5933521923620934 0.47188449848024316 0.6060820367751061 0.47188449848024316 0.6117397454031117 0.4566869300911854 0.6067892503536068 0.4209726443768997 0.6050212164073551 0.3890577507598784 0.6028995756718529 0.3472644376899696 0.6021923620933521 0.2917933130699088 0.5933521923620934 0.25835866261398177
12 0.6060820367751061 0.27279635258358664 0.6067892503536068 0.2917933130699088 0.6050212164073551 0.3556231003039514 0.6039603960396039 0.3890577507598784 0.6050212164073551 0.4338905775075988 0.60997171145686 0.4566869300911854 0.6227015558698727 0.4612462006079027 0.6304809052333805 0.45896656534954405 0.6364922206506365 0.44224924012158057 0.6354314002828855 0.4148936170212766 0.6294200848656294 0.3768996960486322 0.6265912305516266 0.33206686930091184 0.6255304101838756 0.3009118541033435 0.6216407355021216 0.26671732522796354 0.614922206506365 0.25227963525835867 0.6078500707213579 0.25227963525835867
13 0.6287128712871287 0.26671732522796354 0.6216407355021216 0.30243161094224924 0.6237623762376238 0.3472644376899696 0.6304809052333805 0.3913373860182371 0.6375530410183875 0.4376899696048632 0.6421499292786421 0.4612462006079027 0.652050919377652 0.4673252279635258 0.6619519094766619 0.4566869300911854 0.6746817538896747 0.44376899696048633 0.6768033946251768 0.4148936170212766 0.6647807637906648 0.37462006079027355 0.657001414427157 0.3427051671732523 0.6481612446958982 0.3069908814589666
14 0.6442715700141443 0.26671732522796354 0.6502828854314003 0.29027355623100304 0.655940594059406 0.31762917933130697 0.6669024045261669 0.35790273556231 0.6686704384724187 0.3723404255319149 0.6775106082036775 0.39969604863221886 0.6905940594059405 0.4148936170212766 0.7012022630834512 0.4148936170212766 0.7050919377652051 0.3974164133738602 0.7082743988684582 0.378419452887538 0.7160537482319661 0.3639817629179331 0.7111032531824611 0.3366261398176292 0.6994342291371994 0.310790273556231 0.6845827439886846 0.29407294832826747 0.6686704384724187 0.26671732522796354 0.6541725601131542 0.2439209726443769 0.6403818953323904 0.23708206686930092
15 0.6686704384724187 0.22872340425531915 0.667963224893918 0.25227963525835867 0.6746817538896747 0.28191489361702127 0.6923620933521923 0.30927051671732525 0.71004243281471 0.31990881458966564 0.7188826025459689 0.3069908814589666 0.7210042432814711 0.29027355623100304 0.7277227722772277 0.2773556231003039 0.7188826025459689 0.2393617021276596 0.7072135785007072 0.22036474164133737 0.6983734087694484 0.20592705167173253 0.6768033946251768 0.18009118541033434 0.6686704384724187 0.182370820668693 0.6640735502121641 0.20592705167173253
16 0.5205091937765205 0.6930091185410334 0.5205091937765205 0.6633738601823708 0.5144978783592645 0.621580547112462 0.5127298444130127 0.587386018237082 0.5127298444130127 0.5326747720364742 0.5215700141442716 0.5349544072948328 0.5332390381895332 0.5372340425531915 0.5304101838755304 0.5729483282674772 0.5314710042432814 0.6405775075987842 0.536067892503536 0.7013677811550152
17 0.541018387553041 0.6907294832826748 0.5381895332390382 0.6702127659574468 0.5342998585572843 0.621580547112462 0.5342998585572843 0.5752279635258358 0.5353606789250354 0.5433130699088146 0.5442008486562943 0.5303951367781155 0.551980198019802 0.541033434650456 0.5558698727015559 0.5539513677811551 0.5537482319660537 0.581306990881459 0.5537482319660537 0.6063829787234043 0.5537482319660537 0.6527355623100304 0.556930693069307 0.7310030395136778 0.5470297029702971 0.7272036474164134
18 0.5724893917963225 0.7188449848024316 0.5685997171145686 0.6846504559270516 0.5586987270155587 0.6322188449848024 0.5597595473833098 0.5729483282674772 0.5636492220650636 0.5433130699088146 0.5735502121640735 0.5387537993920972 0.5852192362093352 0.5562310030395137 0.5912305516265912 0.5942249240121581 0.5912305516265912 0.6443768996960486 0.594059405940594 0.6907294832826748 0.5873408769448374 0.7332826747720365
19 0.611032531824611 0.7120060790273556 0.6050212164073551 0.6998480243161094 0.5912305516265912 0.6550151975683891 0.5823903818953324 0.6109422492401215 0.5834512022630834 0.5562310030395137 0.5873408769448374 0.5220364741641338 0.5961810466760962 0.5220364741641338 0.6138613861386139 0.5493920972644377 0.6166902404526167 0.5790273556231003 0.6188118811881188 0.621580547112462 0.6227015558698727 0.6679331306990881 0.6216407355021216 0.6975683890577508
20 0.6453323903818954 0.6907294832826748 0.6375530410183875 0.648936170212766 0.6326025459688827 0.6170212765957447 0.6198727015558698 0.5645896656534954 0.60997171145686 0.5220364741641338 0.6188118811881188 0.5053191489361702 0.6375530410183875 0.5075987841945289 0.6453323903818954 0.5098784194528876 0.655940594059406 0.5220364741641338 0.6580622347949081 0.5645896656534954 0.6580622347949081 0.6238601823708206 0.6640735502121641 0.6702127659574468 0.6598302687411598 0.7036474164133738
21 0.6895332390381895 0.6656534954407295 0.6806930693069307 0.6428571428571429 0.6658415841584159 0.5957446808510638 0.655940594059406 0.5433130699088146 0.6492220650636492 0.5030395136778115 0.6640735502121641 0.48404255319148937 0.6835219236209336 0.48404255319148937 0.7001414427157001 0.4908814589665654 0.7082743988684582 0.5288753799392097 0.7178217821782178 0.5790273556231003 0.7266619519094767 0.6109422492401215 0.7277227722772277 0.648936170212766
22 0.7337340876944838 0.6276595744680851 0.7238330975954739 0.6132218844984803 0.7128712871287128 0.5600303951367781 0.7082743988684582 0.5326747720364742 0.7033239038189534 0.5007598784194529 0.7012022630834512 0.48404255319148937 0.7072135785007072 0.4627659574468085 0.7171145685997171 0.45440729483282677 0.7305516265912305 0.45896656534954405 0.7443422913719944 0.4627659574468085 0.7524752475247525 0.4946808510638298 0.7492927864214993 0.541033434650456 0.7514144271570015 0.5729483282674772 0.7542432814710043 0.6147416413373861
24 0.5116690240452617 0.7416413373860182 0.5028288543140028 0.6618541033434651 0.5017680339462518 0.6299392097264438 0.4929278642149929 0.5858662613981763 0.4872701555869873 0.5516717325227963 0.4929278642149929 0.5372340425531915 0.5056577086280056 0.5493920972644377 0.5088401697312589 0.5767477203647416 0.5116690240452617 0.6170212765957447 0.5176803394625177 0.6679331306990881 0.5205091937765205 0.6998480243161094
25 0.49787835926449786 0.7416413373860182 0.493988684582744 0.7226443768996961 0.4823196605374823 0.6679331306990881 0.4752475247524752 0.6337386018237082 0.4695898161244696 0.5957446808510638 0.46463932107496464 0.5623100303951368 0.46534653465346537 0.5455927051671733 0.4801980198019802 0.5387537993920972 0.489038189533239 0.5577507598784195 0.49115983026874116 0.6132218844984803 0.49787835926449786 0.6618541033434651 0.5088401697312589 0.7142857142857143 0.5077793493635078 0.7378419452887538
26 0.4763083451202263 0.7393617021276596 0.4724186704384724 0.7082066869300911 0.4724186704384724 0.6702127659574468 0.47029702970297027 0.6299392097264438 0.4664073550212164 0.5980243161094225 0.46463932107496464 0.5835866261398176 0.45756718528995755 0.5478723404255319 0.4519094766619519 0.5478723404255319 0.44094766619519093 0.5668693009118541 0.4448373408769448 0.6428571428571429 0.4487270155586987 0.7082066869300911 0.4586280056577086 0.7355623100303952
27 0.43988684582743987 0.7310030395136778 0.435997171145686 0.6679331306990881 0.43988684582743987 0.6063829787234043 0.44377652050919375 0.5706686930091185 0.4430693069306931 0.5349544072948328 0.42609618104667607 0.5220364741641338 0.42114568599717117 0.5493920972644377 0.42043847241867044 0.5683890577507599 0.42043847241867044 0.6132218844984803 0.4222065063649222 0.6740121580547113 0.42609618104667607 0.7165653495440729
28 0.39285714285714285 0.7188449848024316 0.40275813295615276 0.6952887537993921 0.41053748231966053 0.6466565349544073 0.41725601131541723 0.5980243161094225 0.41937765205091937 0.5668693009118541 0.41937765205091937 0.541033434650456 0.41336633663366334 0.5326747720364742 0.4006364922206506 0.526595744680851 0.3939179632248939 0.5372340425531915 0.39002828854314003 0.5623100303951368 0.3879066478076379 0.5980243161094225 0.3868458274398868 0.6443768996960486 0.38189533239038187 0.6808510638297872 0.3801272984441301 0.7082066869300911 0.38295615275813294 0.7272036474164134
29 0.3437057991513437 0.6869300911854104 0.35254596888260253 0.6550151975683891 0.3603253182461103 0.6147416413373861 0.36916548797736914 0.5942249240121581 0.38295615275813294 0.5645896656534954 0.39002828854314003 0.5372340425531915 0.384016973125884 0.5159574468085106 0.3603253182461103 0.5075987841945289 0.34582743988684583 0.4886018237082067 0.33769448373408767 0.513677811550152 0.33274398868458277 0.5516717325227963 0.33203677510608204 0.5957446808510638 0.32390381895332393 0.6299392097264438 0.32107496463932106 0.6656534954407295 0.32213578500707213 0.6907294832826748
30 0.30622347949080625 0.6405775075987842 0.3132956152758133 0.6238601823708206 0.32001414427157 0.5942249240121581 0.32885431400282883 0.5539513677811551 0.3359264497878359 0.5197568389057751 0.3408769448373409 0.48404255319148937 0.3299151343705799 0.47188449848024316 0.32107496463932106 0.46504559270516715 0.30445544554455445 0.4566869300911854 0.29066478076379065 0.4566869300911854 0.2857142857142857 0.5159574468085106 0.2857142857142857 0.5303951367781155 0.2828854314002829 0.5668693009118541 0.27793493635077793 0.5942249240121581 0.27687411598302686 0.6147416413373861 0.2917256011315417 0.6405775075987842
31 0.2652050919377652 0.6063829787234043 0.2751060820367751 0.581306990881459 0.28394625176803395 0.5683890577507599 0.28854314002828857 0.5493920972644377 0.28394625176803395 0.5220364741641338 0.278995756718529 0.4992401215805471 0.2719236209335219 0.4817629179331307 0.2613154172560113 0.4566869300911854 0.2542432814710042 0.4696048632218845 0.24257425742574257 0.49240121580547114 0.2309052333804809 0.513677811550152 0.2309052333804809 0.5288753799392097 0.22878359264497877 0.5729483282674772 0.22984441301272984 0.5980243161094225 0.2514144271570014 0.6048632218844985