7 0.26567265333785156 0.4376899696048632 0.25686208065062693 0.4734042553191489 0.2622839715350729 0.49772036474164133 0.27685530328702135 0.5053191489361702 0.2914266350389698 0.5197568389057751 0.30091494408675024 0.5113981762917933 0.3087089122331413 0.49772036474164133 0.3124364622161979 0.42933130699088146 0.31277533039647576 0.38069908814589665 0.3117587258556422 0.3472644376899696 0.3100643849542528 0.31458966565349544 0.3073534395120298 0.28799392097264437 0.298881735005083 0.28191489361702127 0.2890545577770247 0.2857142857142857 0.2832937987123009 0.3168693009118541 0.27312775330396477 0.3943768996960486
6 0.2968485259234158 0.45896656534954405 0.2934598441206371 0.4756838905775076 0.2941375804811928 0.520516717325228 0.30227041680786176 0.5281155015197568 0.31887495764147744 0.5463525835866262 0.3354794984750932 0.5326747720364742 0.3409013893595391 0.5075987841945289 0.34191799390037275 0.4734042553191489 0.341240257539817 0.43844984802431614 0.3364961030159268 0.32674772036474165 0.33107421213148086 0.3168693009118541 0.3161640121992545 0.31534954407294835 0.29989833954591666 0.3373860182370821 0.2982039986445273 0.35638297872340424 0.2978651304642494 0.3708206686930091 0.3005760759064724 0.4338905775075988
5 0.33276855303287023 0.47720364741641336 0.3297187394103694 0.5425531914893617 0.3425957302609285 0.5638297872340425 0.3568281938325991 0.5592705167173252 0.3764825482887157 0.5577507598784195 0.3849542527956625 0.5227963525835866 0.3856319891562182 0.5022796352583586 0.3791934937309387 0.46656534954407297 0.3764825482887157 0.43617021276595747 0.3737716028464927 0.3761398176291793 0.3693663165028804 0.3411854103343465 0.3629278210776008 0.3229483282674772 0.35038969840731954 0.32370820668693007 0.34462893934259575 0.3662613981762918
4 0.36834971196204674 0.4726443768996961 0.36462216197899017 0.5197568389057751 0.3713995255845476 0.5448328267477204 0.38427651643510674 0.5509118541033434 0.4066418163334463 0.5425531914893617 0.4066418163334463 0.5015197568389058 0.39986445272788884 0.3966565349544073 0.39579803456455437 0.34574468085106386 0.39139274822094205 0.3183890577507599 0.38868180277871905 0.3009118541033435 0.3747882073873263 0.3009118541033435 0.3713995255845476 0.3541033434650456
3 0.3896984073195527 0.4521276595744681 0.3907150118603863 0.4756838905775076 0.4015587936292782 0.5121580547112462 0.40969162995594716 0.5364741641337386 0.4246018298881735 0.513677811550152 0.42629617078956283 0.48556231003039513 0.4222297526262284 0.4399696048632219 0.4242629617078956 0.3974164133738602 0.4246018298881735 0.3723404255319149 0.4208742799051169 0.34194528875379937 0.41545238902067094 0.3047112462006079 0.4103693663165029 0.2948328267477204 0.4012199254490003 0.30243161094224924 0.39783124364622163 0.3829787234042553
2 0.4086750254151135 0.46656534954407297 0.4086750254151135 0.5144376899696048 0.41782446628261605 0.5425531914893617 0.4307014571331752 0.5387537993920972 0.4378176889190105 0.5 0.43612334801762115 0.43541033434650456 0.4398508980006777 0.4012158054711246 0.441884107082345 0.3594224924012158 0.44052863436123346 0.3123100303951368 0.43815655709928836 0.30243161094224924 0.43002372077261947 0.2948328267477204 0.423246357167062 0.3047112462006079 0.4208742799051169 0.3472644376899696
1 0.43375127075567604 0.4726443768996961 0.4307014571331752 0.513677811550152 0.43815655709928836 0.5372340425531915 0.44933920704845814 0.5372340425531915 0.45611657065401556 0.5303951367781155 0.4574720433751271 0.48328267477203646 0.4598441206370722 0.446048632218845 0.46255506607929514 0.4034954407294833 0.46255506607929514 0.378419452887538 0.45916638427651646 0.33586626139817627 0.4574720433751271 0.3252279635258359 0.4483226025076245 0.3290273556231003 0.44052863436123346 0.3768996960486322
0 0.45679430701457135 0.48328267477203646 0.45611657065401556 0.5227963525835866 0.45781091155540493 0.5349544072948328 0.46526601152151814 0.5379939209726444 0.47610979329041003 0.5379939209726444 0.48085394781430024 0.53419452887538 0.4859369705184683 0.5258358662613982 0.4859369705184683 0.4817629179331307 0.4839037614368011 0.4566869300911854 0.481531684174856 0.3905775075987842 0.4801762114537445 0.34194528875379937 0.4774652660115215 0.3191489361702128 0.4703490342256862 0.3069908814589666 0.46255506607929514 0.3100303951367781 0.4598441206370722 0.3305471124620061
8 0.48525923415791256 0.4848024316109423 0.4849203659776347 0.5258358662613982 0.48525923415791256 0.5349544072948328 0.4977973568281938 0.5395136778115501 0.5069467976956964 0.5395136778115501 0.5147407658420874 0.5303951367781155 0.5164351067434768 0.5113981762917933 0.515757370382921 0.4551671732522796 0.5144018976618095 0.4148936170212766 0.5127075567604202 0.3518237082066869 0.5123686885801423 0.3351063829787234 0.5089800067773637 0.3130699088145897 0.5011860386309726 0.30851063829787234 0.49508641138597087 0.3183890577507599 0.49203659776347003 0.35106382978723405
15 0.669264656048797 0.45972644376899696 0.6702812605896307 0.4939209726443769 0.6804473059979668 0.526595744680851 0.6875635377838021 0.5258358662613982 0.7034903422568621 0.5144376899696048 0.7119620467638089 0.5053191489361702 0.7102677058624195 0.4566869300911854 0.7048458149779736 0.4133738601823708 0.6994239240935276 0.3738601823708207 0.6923076923076923 0.32370820668693007 0.6855303287021348 0.31990881458966564 0.6757031514740766 0.3343465045592705 0.6726533378515758 0.3700607902735562 0.6729922060318536 0.42629179331306993
14 0.645543883429346 0.4886018237082067 0.645543883429346 0.5303951367781155 0.6513046424940698 0.5577507598784195 0.6597763470010166 0.5600303951367781 0.6699423924093527 0.5592705167173252 0.6838359878007455 0.5372340425531915 0.6838359878007455 0.5022796352583586 0.6787529650965775 0.44756838905775076 0.6807861741782446 0.4209726443768997 0.6807861741782446 0.40425531914893614 0.6757031514740766 0.3677811550151976 0.6611318197221281 0.35714285714285715 0.650965774313792 0.3974164133738602
13 0.605557438156557 0.5015197568389058 0.5991189427312775 0.5212765957446809 0.5997966790918333 0.5493920972644377 0.6113181972212809 0.5752279635258358 0.6255506607929515 0.5661094224924013 0.6330057607590647 0.5737082066869301 0.6418163334462894 0.5661094224924013 0.6462216197899018 0.540273556231003 0.6441884107082345 0.49544072948328266 0.6482548288715689 0.42021276595744683 0.6482548288715689 0.3890577507598784 0.6452050152490681 0.3708206686930091 0.6404608607251779 0.35638297872340424 0.6319891562182312 0.3525835866261398 0.6194510335479498 0.371580547112462 0.613690274483226 0.41185410334346506 0.6103015926804473 0.4521276595744681
12 0.6089461199593358 0.39285714285714285 0.605896306336835 0.42021276595744683 0.6062351745171128 0.4521276595744681 0.6079295154185022 0.48328267477203646 0.6099627245001694 0.4969604863221885 0.6103015926804473 0.5220364741641338 0.6079295154185022 0.5357142857142857 0.595391392748221 0.5448328267477204 0.5811589291765503 0.540273556231003 0.5747204337512708 0.520516717325228 0.5750593019315486 0.49620060790273557 0.579464588275161 0.4688449848024316 0.5848864791596069 0.4399696048632219 0.5869196882412742 0.4095744680851064 0.595391392748221 0.35638297872340424 0.5981023381904439 0.3434650455927052 0.6075906472382243 0.3305471124620061 0.616401219925449 0.324468085106383 0.6204676380887835 0.3427051671732523 0.6174178244662826 0.3738601823708207
9 0.518468315825144 0.47720364741641336 0.5191460521856998 0.5258358662613982 0.5245679430701458 0.5387537993920972 0.5388004066418164 0.5364741641337386 0.5398170111826499 0.48936170212765956 0.5377838021009828 0.3617021276595745 0.537106065740427 0.34422492401215804 0.5350728566587597 0.32598784194528874 0.5320230430362589 0.32066869300911854 0.5262622839715351 0.31762917933130697 0.5191460521856998 0.34422492401215804
11 0.5530328702134869 0.4673252279635258 0.5499830565909861 0.4946808510638298 0.5509996611318198 0.5227963525835866 0.5581158929176551 0.5364741641337386 0.5699762792273806 0.5364741641337386 0.5808200609962725 0.5220364741641338 0.5862419518807184 0.5022796352583586 0.5862419518807184 0.46808510638297873 0.5831921382582176 0.45592705167173253 0.5801423246357167 0.4338905775075988 0.5750593019315486 0.3958966565349544 0.574042697390715 0.3548632218844985 0.5733649610301592 0.3373860182370821 0.5682819383259912 0.32370820668693007 0.5601491019993222 0.3183890577507599 0.5540494747543205 0.331306990881459 0.5513385293120976 0.3655015197568389
23 0.6675703151474076 0.5630699088145896 0.6689257878685192 0.5881458966565349 0.6757031514740766 0.6170212765957447 0.6838359878007455 0.6261398176291794 0.6977295831921383 0.6656534954407295 0.7062012876990851 0.6907294832826748 0.7241613012538123 0.702887537993921 0.735343951202982 0.6884498480243161 0.7350050830227042 0.648176291793313 0.730260928498814 0.6208206686930091 0.7251779057946459 0.5866261398176292 0.7241613012538123 0.560790273556231 0.7217892239918672 0.5448328267477204 0.7146729922060319 0.5197568389057751 0.7058624195188072 0.5189969604863222 0.7007793968146391 0.5235562310030395 0.690613351406303 0.5326747720364742
22 0.6448661470687902 0.5896656534954408 0.6309725516773975 0.5843465045592705 0.6225008471704507 0.5843465045592705 0.6201287699085056 0.5896656534954408 0.619112165367672 0.60790273556231 0.6225008471704507 0.6246200607902735 0.6333446289393426 0.6466565349544073 0.6384276516435107 0.6702127659574468 0.6448661470687902 0.6930091185410334 0.6546933242968486 0.7165653495440729 0.6668925787868519 0.729483282674772 0.6814639105388004 0.736322188449848 0.6960352422907489 0.7264437689969605 0.6977295831921383 0.6884498480243161 0.6912910877668587 0.6572948328267477 0.6794307014571331 0.6170212765957447 0.6763808878346323 0.6041033434650456 0.6757031514740766 0.5835866261398176 0.6709589969501863 0.5645896656534954 0.6618095560826839 0.5600303951367781 0.6489325652321247 0.5661094224924013
20 0.5764147746526601 0.5623100303951368 0.5713317519484921 0.5820668693009119 0.5743815655709928 0.6048632218844985 0.5798034564554388 0.6231003039513677 0.582175533717384 0.6527355623100304 0.5869196882412742 0.7424012158054711 0.5909861064046086 0.7613981762917933 0.5947136563876652 0.7689969604863222 0.6021687563537784 0.7689969604863222 0.6065740426973907 0.7492401215805471 0.6065740426973907 0.7112462006079028 0.6062351745171128 0.6268996960486323 0.6099627245001694 0.60790273556231 0.6116570654015588 0.5889057750759878 0.6099627245001694 0.5714285714285714 0.6042019654354456 0.5592705167173252 0.5933581836665537 0.5509118541033434 0.5852253473398847 0.5547112462006079 0.5814977973568282 0.5623100303951368
19 0.5570992883768214 0.560790273556231 0.5486275838698746 0.5775075987841946 0.5499830565909861 0.5995440729483282 0.5533717383937649 0.6170212765957447 0.5550660792951542 0.6466565349544073 0.5581158929176551 0.6968085106382979 0.5621823110809895 0.7393617021276596 0.5648932565232124 0.7606382978723404 0.5743815655709928 0.7682370820668692 0.5811589291765503 0.7332826747720365 0.5811589291765503 0.6588145896656535 0.5818366655371061 0.6299392097264438 0.5845476109793291 0.6056231003039514 0.5852253473398847 0.5828267477203647 0.5848864791596069 0.5706686930091185 0.5791257200948831 0.5630699088145896 0.5720094883090477 0.560790273556231 0.5645543883429346 0.5547112462006079
18 0.5327007793968146 0.5615501519756839 0.5286343612334802 0.5934650455927052 0.5282954930532023 0.6299392097264438 0.5282954930532023 0.6876899696048632 0.5306675703151474 0.7454407294832827 0.5333785157573704 0.7803951367781155 0.5432056929854286 0.7925531914893617 0.550321924771264 0.7849544072948328 0.5523551338529312 0.7674772036474165 0.5520162656726534 0.7310030395136778 0.555404947475432 0.6930091185410334 0.5567604201965436 0.6474164133738601 0.5574381565570993 0.6063829787234043 0.5574381565570993 0.5653495440729484 0.5479498475093189 0.5554711246200608 0.5401558793629279 0.5509118541033434
17 0.5076245340562521 0.5554711246200608 0.5069467976956964 0.5957446808510638 0.5072856658759742 0.621580547112462 0.5083022704168079 0.7218844984802432 0.5133852931209759 0.7522796352583586 0.52389020670959 0.756838905775076 0.5282954930532023 0.7340425531914894 0.5266011521518129 0.6580547112462006 0.529312097594036 0.5866261398176292 0.5316841748559811 0.5661094224924013 0.5303287021348695 0.5569908814589666
16 0.48763131141985766 0.5600303951367781 0.4845814977973568 0.5843465045592705 0.48797017960013556 0.6428571428571429 0.49034225686208066 0.6861702127659575 0.49034225686208066 0.7127659574468085 0.49406980684513724 0.7310030395136778 0.5018637749915283 0.7393617021276596 0.5049135886140291 0.7310030395136778 0.5076245340562521 0.6922492401215805 0.5072856658759742 0.5919452887537994 0.5066079295154186 0.5569908814589666 0.4977973568281938 0.5569908814589666
24 0.4642494069806845 0.5592705167173252 0.46492714334124025 0.5851063829787234 0.46492714334124025 0.6200607902735562 0.4679769569637411 0.6534954407294833 0.46967129786513045 0.6861702127659575 0.4713656387665198 0.7135258358662614 0.4754320569298543 0.7416413373860182 0.4849203659776347 0.743920972644377 0.49034225686208066 0.7135258358662614 0.4866147068790241 0.6231003039513677 0.4859369705184683 0.5797872340425532 0.4869535750593019 0.5592705167173252
25 0.4425618434429007 0.5569908814589666 0.4415452389020671 0.5668693009118541 0.441884107082345 0.5904255319148937 0.4439173161640122 0.6139817629179332 0.4483226025076245 0.6762917933130699 0.45374449339207046 0.736322188449848 0.4608607251779058 0.7515197568389058 0.4679769569637411 0.7515197568389058 0.46967129786513045 0.7241641337386018 0.46967129786513045 0.6854103343465046 0.4666214842426296 0.6375379939209727 0.4659437478820739 0.60790273556231 0.465604879701796 0.5661094224924013 0.46492714334124025 0.5569908814589666
26 0.42053541172483905 0.5706686930091185 0.41680786174178247 0.5851063829787234 0.41545238902067094 0.6109422492401215 0.4171467299220603 0.6580547112462006 0.4215520162656727 0.6983282674772037 0.42527956624872926 0.7317629179331308 0.4347678752965097 0.7773556231003039 0.44798373432734667 0.7720364741641338 0.4527278888512369 0.7553191489361702 0.45171128431040325 0.7120060790273556 0.44798373432734667 0.6360182370820668 0.4439173161640122 0.5896656534954408 0.43815655709928836 0.567629179331307 0.4242629617078956 0.5623100303951368
27 0.4032531345306676 0.5706686930091185 0.3981701118264995 0.5851063829787234 0.3947814300237208 0.6124620060790273 0.3947814300237208 0.6360182370820668 0.40020332090816674 0.6717325227963525 0.4005421890884446 0.7150455927051672 0.3981701118264995 0.756079027355623 0.39850898000677737 0.7750759878419453 0.4076584208742799 0.7978723404255319 0.41782446628261605 0.7613981762917933 0.4242629617078956 0.6390577507598785 0.4279905116909522 0.6193009118541033 0.4279905116909522 0.5980243161094225 0.42527956624872926 0.5706686930091185 0.41816333446289394 0.5653495440729484 0.41104710267705863 0.5569908814589666
28 0.38054896645205016 0.560790273556231 0.3713995255845476 0.5729483282674772 0.36970518468315827 0.5934650455927052 0.3690274483226025 0.6200607902735562 0.3690274483226025 0.6588145896656535 0.3690274483226025 0.7142857142857143 0.36868858014232464 0.7416413373860182 0.3720772619451034 0.7682370820668692 0.38427651643510674 0.7750759878419453 0.3930870891223314 0.7507598784194529 0.399525584547611 0.6983282674772037 0.4035920027109454 0.6428571428571429 0.41308031175872584 0.60790273556231 0.4151135208403931 0.5775075987841946 0.40969162995594716 0.5600303951367781 0.4029142663503897 0.5653495440729484 0.39376482548288716 0.5501519756838906
30 0.30362588952897324 0.560790273556231 0.2982039986445273 0.5942249240121581 0.2982039986445273 0.6101823708206687 0.29007116231785834 0.6458966565349544 0.27922738054896645 0.6876899696048632 0.27312775330396477 0.7127659574468085 0.2694002033209082 0.7386018237082067 0.26804473059979667 0.7575987841945289 0.288376821416469 0.7583586626139818 0.30328702134869534 0.7477203647416414 0.31955269400203323 0.7256838905775076 0.3364961030159268 0.6785714285714286 0.34462893934259575 0.6504559270516718 0.35750593019315485 0.6048632218844985 0.357167062012877 0.5737082066869301 0.3497119620467638 0.5661094224924013 0.3402236529989834 0.5683890577507599 0.33344628939342597 0.5501519756838906 0.3232802439850898 0.5509118541033434 0.3181972212809217 0.5455927051671733
31 0.2626228397153507 0.5174772036474165 0.25482887156895967 0.5296352583586627 0.25008471704506946 0.5493920972644377 0.25008471704506946 0.5835866261398176 0.24500169434090138 0.6193009118541033 0.23856319891562183 0.6496960486322189 0.2304303625889529 0.682370820668693 0.23348017621145375 0.7036474164133738 0.24635716706201288 0.7165653495440729 0.2599118942731278 0.7082066869300911 0.27041680786174177 0.6884498480243161 0.29481531684174855 0.6390577507598785 0.29922060318536087 0.6056231003039514 0.3117587258556422 0.5737082066869301 0.31277533039647576 0.541033434650456 0.3053202304303626 0.5250759878419453 0.2968485259234158 0.5220364741641338 0.2937987123009149 0.5243161094224924 0.2890545577770247 0.5091185410334347 0.28193832599118945 0.5197568389057751 0.26973907150118603 0.5106382978723404 0.26567265333785156 0.5121580547112462