0 0.4691316146540027 0.6155015197568389 0.48202170963364993 0.6185410334346505 0.4932157394843962 0.6147416413373861 0.49219810040705564 0.567629179331307 0.4898236092265943 0.5478723404255319 0.4891451831750339 0.5091185410334347 0.4854138398914518 0.3837386018237082 0.473202170963365 0.3844984802431611 0.47421981004070557 0.48404255319148937 0.473202170963365 0.5417933130699089 0.4681139755766621 0.5752279635258358 0.46777476255088196 0.5995440729483282
1 0.453527815468114 0.5904255319148937 0.45386702849389415 0.601063829787234 0.458955223880597 0.6041033434650456 0.46404341926729986 0.60790273556231 0.4694708276797829 0.6025835866261399 0.4694708276797829 0.5569908814589666 0.4694708276797829 0.5007598784194529 0.4725237449118046 0.44756838905775076 0.4728629579375848 0.3791793313069909 0.4626865671641791 0.3844984802431611 0.4616689280868385 0.45896656534954405 0.4569199457259159 0.513677811550152 0.4528493894165536 0.5387537993920972 0.45081411126187243 0.5577507598784195 0.45217096336499324 0.5759878419452887 0.45420624151967437 0.581306990881459
2 0.43487109905020355 0.560790273556231 0.43826322930800543 0.5858662613981763 0.4470827679782904 0.5942249240121581 0.453527815468114 0.5759878419452887 0.45827679782903663 0.5516717325227963 0.4562415196743555 0.4878419452887538 0.45827679782903663 0.44148936170212766 0.4616689280868385 0.371580547112462 0.45081411126187243 0.3723404255319149 0.44572591587516963 0.4490881458966565 0.44029850746268656 0.49848024316109424 0.439280868385346 0.5235562310030395 0.43724559023066484 0.5440729483282675
3 0.425033921302578 0.5554711246200608 0.43012211668928085 0.574468085106383 0.4369063772048847 0.5721884498480243 0.44131614654002715 0.560790273556231 0.44640434192673 0.5615501519756839 0.4494572591587517 0.560790273556231 0.45047489823609227 0.5197568389057751 0.4450474898236092 0.4870820668693009 0.44402985074626866 0.44224924012158057 0.4460651289009498 0.3639817629179331 0.43080054274084123 0.3670212765957447 0.4270691994572592 0.44148936170212766 0.425033921302578 0.479483282674772 0.42672998643147897 0.5091185410334347 0.42401628222523746 0.5220364741641338 0.42401628222523746 0.5364741641337386
4 0.41350067842605154 0.5524316109422492 0.4189280868385346 0.5645896656534954 0.42299864314789687 0.5645896656534954 0.4318181818181818 0.547112462006079 0.4389416553595658 0.5455927051671733 0.44131614654002715 0.5357142857142857 0.4389416553595658 0.5098784194528876 0.4362279511533243 0.4825227963525836 0.43080054274084123 0.42325227963525835 0.43080054274084123 0.34498480243161095 0.4216417910447761 0.3472644376899696 0.4151967435549525 0.43237082066869303 0.4094301221166893 0.4787234042553192 0.4077340569877883 0.506079027355623 0.4087516960651289 0.520516717325228 0.41044776119402987 0.5235562310030395 0.4114654002713704 0.5440729483282675
5 0.39450474898236093 0.5357142857142857 0.4016282225237449 0.5478723404255319 0.41010854816824965 0.547112462006079 0.4189280868385346 0.5326747720364742 0.42367706919945725 0.520516717325228 0.4260515603799186 0.4939209726443769 0.42198100407055633 0.45592705167173253 0.42299864314789687 0.3586626139817629 0.41757123473541385 0.324468085106383 0.4050203527815468 0.32674772036474165 0.4050203527815468 0.38069908814589665 0.3995929443690638 0.41793313069908816 0.3924694708276798 0.45592705167173253 0.3880597014925373 0.47720364741641336 0.3941655359565807 0.493161094224924 0.39721845318860244 0.5015197568389058
6 0.35278154681139756 0.4908814589665654 0.35651289009497966 0.4992401215805471 0.3619402985074627 0.4969604863221885 0.3656716417910448 0.5091185410334347 0.3721166892808684 0.5182370820668692 0.3812754409769335 0.5083586626139818 0.38670284938941657 0.5030395136778115 0.3880597014925373 0.5083586626139818 0.3917910447761194 0.5045592705167173 0.39654002713704206 0.4582066869300912 0.3860244233378562 0.32370820668693007 0.36363636363636365 0.32978723404255317 0.3622795115332429 0.42325227963525835 0.35922659430122117 0.43844984802431614 0.3541383989145183 0.44756838905775076 0.35176390773405697 0.4756838905775076
8 0.49423337856173677 0.6132218844984803 0.5061058344640434 0.6177811550151976 0.5189959294436907 0.60790273556231 0.5159430122116689 0.5569908814589666 0.5122116689280869 0.526595744680851 0.5067842605156038 0.3776595744680851 0.4972862957937585 0.38145896656534956 0.49525101763907736 0.5075987841945289 0.49491180461329715 0.5379939209726444 0.492876526458616 0.5805471124620061 0.4932157394843962 0.6071428571428571
9 0.5220488466757124 0.6071428571428571 0.5349389416553596 0.5980243161094225 0.5369742198100407 0.581306990881459 0.5325644504748982 0.5524316109422492 0.5295115332428765 0.5197568389057751 0.5200135685210312 0.38145896656534956 0.5091587516960652 0.3882978723404255 0.5098371777476255 0.45288753799392095 0.5132293080054274 0.4992401215805471 0.5159430122116689 0.5258358662613982 0.5156037991858887 0.5448328267477204 0.51797829036635 0.5767477203647416 0.5189959294436907 0.5995440729483282
10 0.5383310719131614 0.5767477203647416 0.5444369063772049 0.5896656534954408 0.5508819538670285 0.5889057750759878 0.5539348710990502 0.5790273556231003 0.5590230664857531 0.5547112462006079 0.5569877883310719 0.5364741641337386 0.5495251017639078 0.4992401215805471 0.5403663500678426 0.3731003039513678 0.5291723202170964 0.3791793313069909 0.5312075983717774 0.45364741641337386 0.533921302578019 0.5121580547112462 0.5332428765264586 0.5448328267477204 0.5335820895522388 0.5600303951367781 0.5349389416553596 0.5706686930091185
11 0.5440976933514247 0.5258358662613982 0.5461329715061058 0.5524316109422492 0.5485074626865671 0.5585106382978723 0.5529172320217096 0.5562310030395137 0.5546132971506106 0.5509118541033434 0.5566485753052918 0.5577507598784195 0.5617367706919946 0.5699088145896657 0.5675033921302578 0.5706686930091185 0.5736092265943012 0.5577507598784195 0.5742876526458616 0.541033434650456 0.5739484396200815 0.5182370820668692 0.5691994572591588 0.4642857142857143 0.5654681139755766 0.3525835866261398 0.5491858887381276 0.3594224924012158 0.5488466757123474 0.4331306990881459 0.5491858887381276 0.4825227963525836 0.5485074626865671 0.4992401215805471 0.5451153324287653 0.506838905775076
12 0.5613975576662144 0.506838905775076 0.5637720488466758 0.541033434650456 0.5688602442333786 0.5440729483282675 0.5736092265943012 0.5395136778115501 0.576662143826323 0.5547112462006079 0.5817503392130258 0.5600303951367781 0.5905698778833107 0.5509118541033434 0.592944369063772 0.5319148936170213 0.591248303934871 0.5022796352583586 0.587516960651289 0.4787234042553192 0.5868385345997287 0.44376899696048633 0.5848032564450475 0.41185410334346506 0.574966078697422 0.34498480243161095 0.566146540027137 0.35106382978723405 0.5702170963364993 0.4095744680851064 0.5708955223880597 0.44452887537993924 0.5671641791044776 0.4726443768996961 0.5634328358208955 0.5015197568389058
13 0.5834464043419267 0.49772036474164133 0.587516960651289 0.5326747720364742 0.591248303934871 0.5372340425531915 0.5956580732700135 0.5440729483282675 0.6048168249660787 0.5440729483282675 0.6082089552238806 0.5288753799392097 0.6122795115332429 0.5334346504559271 0.6177069199457259 0.5303951367781155 0.621438263229308 0.5197568389057751 0.6210990502035278 0.4969604863221885 0.6194029850746269 0.4908814589665654 0.6173677069199457 0.4749240121580547 0.6129579375848032 0.4627659574468085 0.608887381275441 0.44832826747720367 0.6037991858887382 0.42857142857142855 0.600067842605156 0.3860182370820669 0.5868385345997287 0.30775075987841943 0.5770013568521031 0.3161094224924012 0.5814111261872456 0.3860182370820669 0.5854816824966079 0.4012158054711246 0.5851424694708277 0.418693009118541 0.5854816824966079 0.44452887537993924 0.5861601085481682 0.47796352583586627
14 0.621438263229308 0.5007598784194529 0.6295793758480326 0.513677811550152 0.6367028493894166 0.5053191489361702 0.6383989145183175 0.49240121580547114 0.6417910447761194 0.4946808510638298 0.6489145183175034 0.49544072948328266 0.6509497964721845 0.4870820668693009 0.6516282225237449 0.4673252279635258 0.6478968792401628 0.446048632218845 0.6434871099050203 0.43237082066869303 0.6397557666214383 0.4133738601823708 0.6299185888738128 0.29559270516717323 0.608887381275441 0.30015197568389057 0.6082089552238806 0.34802431610942247 0.6065128900949797 0.3829787234042553 0.6085481682496607 0.40501519756838905 0.6126187245590231 0.425531914893617 0.6132971506105834 0.4369300911854103 0.6129579375848032 0.46504559270516715 0.6156716417910447 0.4764437689969605 0.6183853459972863 0.4908814589665654
16 0.501696065128901 0.6466565349544073 0.519674355495251 0.6443768996960486 0.5203527815468114 0.702887537993921 0.5298507462686567 0.8259878419452887 0.5183175033921302 0.8366261398176292
17 0.5200135685210312 0.6413373860182371 0.5298507462686567 0.6352583586626139 0.5366350067842606 0.6360182370820668 0.5393487109905021 0.6413373860182371 0.5390094979647219 0.6770516717325228 0.5386702849389416 0.7188449848024316 0.5525780189959294 0.824468085106383 0.5417232021709634 0.831306990881459 0.5281546811397557 0.7416413373860182 0.5240841248303935 0.6968085106382979 0.5200135685210312 0.6565349544072948
18 0.5376526458616011 0.6458966565349544 0.5437584803256446 0.6261398176291794 0.5491858887381276 0.6177811550151976 0.5522388059701493 0.6162613981762918 0.5573270013568521 0.6268996960486323 0.5600407055630936 0.648936170212766 0.560719131614654 0.668693009118541 0.5613975576662144 0.6914893617021277 0.5763229308005428 0.8237082066869301 0.5654681139755766 0.8328267477203647 0.5417232021709634 0.6816109422492401 0.5390094979647219 0.6580547112462006
19 0.5559701492537313 0.6344984802431611 0.5566485753052918 0.6193009118541033 0.5613975576662144 0.6117021276595744 0.566146540027137 0.6071428571428571 0.5705563093622795 0.6048632218844985 0.574966078697422 0.60790273556231 0.5797150610583447 0.6147416413373861 0.5814111261872456 0.6253799392097265 0.582089552238806 0.6534954407294833 0.583785617367707 0.6770516717325228 0.5871777476255088 0.7226443768996961 0.6004070556309362 0.8290273556231003 0.5885345997286295 0.8381458966565349 0.562415196743555 0.6610942249240122 0.555291723202171 0.6428571428571429
20 0.5739484396200815 0.6117021276595744 0.5797150610583447 0.5957446808510638 0.5868385345997287 0.5896656534954408 0.5936227951153324 0.5881458966565349 0.5959972862957937 0.5987841945288754 0.5983717774762551 0.6170212765957447 0.6004070556309362 0.6367781155015197 0.6329715061058344 0.8062310030395137 0.6217774762550882 0.8168693009118541 0.5956580732700135 0.7021276595744681 0.585820895522388 0.6534954407294833 0.5770013568521031 0.6329787234042553
21 0.5902306648575305 0.5889057750759878 0.5909090909090909 0.5752279635258358 0.5976933514246947 0.5721884498480243 0.6044776119402985 0.5699088145896657 0.6122795115332429 0.5569908814589666 0.6177069199457259 0.5569908814589666 0.6248303934871099 0.5547112462006079 0.6292401628222524 0.5630699088145896 0.6305970149253731 0.5820668693009119 0.6333107191316146 0.6200607902735562 0.6370420624151968 0.6344984802431611 0.6763907734056988 0.7249240121580547 0.6556987788331072 0.7697568389057751 0.6258480325644504 0.7188449848024316 0.6149932157394844 0.6945288753799392 0.60719131614654 0.6618541033434651 0.6044776119402985 0.6398176291793313 0.5959972862957937 0.6193009118541033 0.5905698778833107 0.601823708206687
22 0.6231343283582089 0.5547112462006079 0.6238127544097694 0.5433130699088146 0.6289009497964722 0.53419452887538 0.641112618724559 0.5379939209726444 0.6407734056987788 0.5235562310030395 0.6445047489823609 0.5174772036474165 0.6523066485753053 0.5151975683890577 0.6594301221166893 0.5235562310030395 0.6621438263229308 0.5372340425531915 0.6665535956580733 0.5493920972644377 0.6706241519674355 0.5737082066869301 0.7225237449118046 0.6565349544072948 0.7137042062415196 0.6876899696048632 0.664179104477612 0.6603343465045592 0.6512890094979648 0.6344984802431611 0.6434871099050203 0.6117021276595744 0.6343283582089553 0.5957446808510638 0.6268656716417911 0.5843465045592705 0.6231343283582089 0.5653495440729484
24 0.4843962008141113 0.6428571428571429 0.5023744911804613 0.6466565349544073 0.5027137042062415 0.6846504559270516 0.5013568521031208 0.6983282674772037 0.5044097693351425 0.8328267477203647 0.49389416553595655 0.8320668693009119 0.4837177747625509 0.6504559270516718
25 0.4654002713704206 0.6405775075987842 0.4837177747625509 0.6443768996960486 0.48575305291723203 0.7051671732522796 0.4918588873812754 0.8503039513677811 0.4772727272727273 0.8533434650455927 0.4654002713704206 0.6603343465045592 0.46472184531886024 0.648936170212766
26 0.451831750339213 0.6367781155015197 0.45658073270013566 0.6253799392097265 0.458955223880597 0.6291793313069909 0.460651289009498 0.6329787234042553 0.46200814111261873 0.6375379939209727 0.46472184531886024 0.6504559270516718 0.46743554952510175 0.6603343465045592 0.4691316146540027 0.668693009118541 0.47048846675712347 0.6846504559270516 0.4691316146540027 0.708966565349544 0.4643826322930801 0.8480243161094225 0.4528493894165536 0.8449848024316109 0.45115332428765265 0.6876899696048632 0.45115332428765265 0.6580547112462006
27 0.4389416553595658 0.6185410334346505 0.44097693351424694 0.6124620060790273 0.44674355495251017 0.6155015197568389 0.44843962008141114 0.6261398176291794 0.45488466757123475 0.6367781155015197 0.45658073270013566 0.6534954407294833 0.45420624151967437 0.6778115501519757 0.4433514246947083 0.8411854103343465 0.43046132971506107 0.8419452887537994 0.4352103120759837 0.6778115501519757 0.4335142469470828 0.6474164133738601 0.4352103120759837 0.6299392097264438
28 0.42469470827679784 0.6048632218844985 0.43012211668928085 0.601823708206687 0.4355495251017639 0.6063829787234043 0.439280868385346 0.6132218844984803 0.44369063772048845 0.6117021276595744 0.44776119402985076 0.6200607902735562 0.44674355495251017 0.6375379939209727 0.4406377204884668 0.6542553191489362 0.4324966078697422 0.702887537993921 0.41350067842605154 0.8396656534954408 0.3989145183175034 0.8237082066869301 0.4185888738127544 0.6512158054711246 0.41824966078697423 0.6322188449848024 0.42096336499321574 0.6109422492401215
29 0.39348710990502034 0.5683890577507599 0.4026458616010855 0.5721884498480243 0.4087516960651289 0.5653495440729484 0.41655359565807326 0.567629179331307 0.4226594301221167 0.5805471124620061 0.42774762550881956 0.5851063829787234 0.4335142469470828 0.5927051671732523 0.4331750339213026 0.6117021276595744 0.4287652645861601 0.6306990881458967 0.4226594301221167 0.6451367781155015 0.40671641791044777 0.723404255319149 0.3687245590230665 0.7826747720364742 0.3409090909090909 0.723404255319149 0.3649932157394844 0.6846504559270516 0.37550881953867027 0.6519756838905775 0.38331071913161463 0.6329787234042553 0.3853459972862958 0.6063829787234043 0.385685210312076 0.5927051671732523 0.39111261872455905 0.5699088145896657
30 0.36329715061058343 0.5273556231003039 0.3687245590230665 0.53419452887538 0.373134328358209 0.5273556231003039 0.37924016282225237 0.5296352583586627 0.3853459972862958 0.5334346504559271 0.385685210312076 0.5501519756838906 0.39111261872455905 0.5478723404255319 0.3958616010854817 0.5516717325227963 0.40298507462686567 0.5547112462006079 0.4043419267299864 0.5661094224924013 0.4012890094979647 0.5805471124620061 0.3948439620081411 0.5980243161094225 0.3877204884667571 0.6094224924012158 0.38093622795115334 0.6170212765957447 0.3710990502035278 0.6329787234042553 0.364314789687924 0.6550151975683891 0.330393487109905 0.7173252279635258 0.3110583446404342 0.6785714285714286 0.3337856173677069 0.6208206686930091 0.34294436906377207 0.601063829787234 0.3493894165535957 0.5759878419452887 0.3504070556309362 0.5554711246200608 0.3548168249660787 0.5372340425531915