0 0.4777385159010601 0.5296352583586627 0.4773851590106007 0.5600303951367781 0.4890459363957597 0.5699088145896657 0.5053003533568905 0.5623100303951368 0.5042402826855124 0.5326747720364742 0.5014134275618375 0.4673252279635258 0.4978798586572438 0.3738601823708207 0.4939929328621908 0.3434650455927052 0.4784452296819788 0.34498480243161095 0.47597173144876326 0.3974164133738602
1 0.4565371024734982 0.506838905775076 0.45618374558303887 0.5425531914893617 0.4600706713780919 0.5653495440729484 0.4706713780918728 0.5714285714285714 0.47703180212014135 0.5539513677811551 0.47703180212014135 0.506838905775076 0.4777385159010601 0.4566869300911854 0.47809187279151943 0.4088145896656535 0.4787985865724382 0.3860182370820669 0.476678445229682 0.371580547112462 0.4713780918727915 0.3708206686930091 0.46431095406360423 0.3905775075987842 0.45724381625441696 0.46200607902735563
2 0.4363957597173145 0.513677811550152 0.4353356890459364 0.5486322188449848 0.446643109540636 0.5714285714285714 0.4508833922261484 0.5699088145896657 0.45724381625441696 0.5303951367781155 0.4600706713780919 0.4848024316109423 0.46325088339222614 0.4012158054711246 0.46325088339222614 0.371580547112462 0.46325088339222614 0.3533434650455927 0.46219081272084805 0.33890577507598785 0.45936395759717313 0.33206686930091184 0.44982332155477034 0.33206686930091184 0.44346289752650175 0.3617021276595745 0.44275618374558307 0.3791793313069909 0.4413427561837456 0.44756838905775076
4 0.39540636042402827 0.49544072948328266 0.39151943462897526 0.5303951367781155 0.4 0.5486322188449848 0.4091872791519435 0.5463525835866262 0.42014134275618376 0.5045592705167173 0.42473498233215545 0.45440729483282677 0.4219081272084806 0.35106382978723405 0.42014134275618376 0.3168693009118541 0.415547703180212 0.30243161094224924 0.40742049469964664 0.30015197568389057 0.39646643109540636 0.31458966565349544 0.39646643109540636 0.3662613981762918 0.3996466431095406 0.40197568389057753
3 0.41872791519434627 0.5007598784194529 0.4169611307420495 0.5417933130699089 0.4176678445229682 0.5554711246200608 0.4318021201413428 0.5623100303951368 0.44240282685512367 0.5357142857142857 0.4469964664310954 0.5022796352583586 0.4501766784452297 0.46200607902735563 0.44558303886925793 0.3837386018237082 0.44487632508833924 0.34422492401215804 0.44381625441696115 0.3191489361702128 0.4353356890459364 0.3047112462006079 0.42402826855123676 0.30547112462006076 0.41908127208480567 0.3594224924012158 0.423321554770318 0.42933130699088146
5 0.3674911660777385 0.47720364741641336 0.36113074204947 0.5113981762917933 0.36113074204947 0.5349544072948328 0.37314487632508836 0.547112462006079 0.39045936395759717 0.5463525835866262 0.39752650176678445 0.5250759878419453 0.4028268551236749 0.48024316109422494 0.40388692579505303 0.41109422492401215 0.39752650176678445 0.3525835866261398 0.39363957597173144 0.32142857142857145 0.3869257950530035 0.3100303951367781 0.3759717314487632 0.32978723404255317 0.37279151943462896 0.3761398176291793
6 0.32791519434628974 0.44680851063829785 0.3236749116607774 0.4703647416413374 0.3261484098939929 0.5075987841945289 0.3420494699646643 0.5167173252279635 0.3501766784452297 0.5212765957446809 0.36643109540636043 0.5045592705167173 0.36784452296819786 0.4635258358662614 0.36996466431095404 0.4156534954407295 0.37208480565371027 0.38753799392097266 0.37279151943462896 0.3662613981762918 0.37173144876325087 0.3366261398176292 0.36148409893992933 0.32598784194528874 0.34946996466431096 0.3282674772036474 0.34275618374558303 0.34574468085106386 0.33957597173144877 0.378419452887538 0.3374558303886926 0.42249240121580545
8 0.5028268551236749 0.5250759878419453 0.504946996466431 0.5592705167173252 0.519434628975265 0.5699088145896657 0.5247349823321554 0.5630699088145896 0.5265017667844523 0.5311550151975684 0.5236749116607774 0.43617021276595747 0.523321554770318 0.3829787234042553 0.5215547703180212 0.3525835866261398 0.5130742049469965 0.3518237082066869 0.5067137809187279 0.3662613981762918 0.5053003533568905 0.39893617021276595 0.504946996466431 0.44832826747720367 0.5035335689045937 0.4908814589665654
14 0.6250883392226149 0.4688449848024316 0.6282685512367491 0.5083586626139818 0.6328621908127209 0.5258358662613982 0.6491166077738516 0.53419452887538 0.6593639575971731 0.5296352583586627 0.6678445229681979 0.520516717325228 0.669964664310954 0.48936170212765956 0.666077738515901 0.46656534954407297 0.6593639575971731 0.44376899696048633 0.6565371024734983 0.4148936170212766 0.6530035335689046 0.38145896656534956 0.6512367491166078 0.3617021276595745 0.649469964664311 0.3343465045592705 0.6455830388692579 0.3183890577507599 0.6399293286219081 0.3123100303951368 0.6268551236749117 0.31382978723404253 0.619434628975265 0.3305471124620061 0.6187279151943463 0.3738601823708207 0.6201413427561837 0.40805471124620063 0.6201413427561837 0.4338905775075988
13 0.5939929328621908 0.47720364741641336 0.5975265017667845 0.5189969604863222 0.6014134275618375 0.5455927051671733 0.6123674911660777 0.5539513677811551 0.627208480565371 0.5501519756838906 0.6356890459363957 0.53419452887538 0.6296819787985866 0.49240121580547114 0.6250883392226149 0.45440729483282677 0.6212014134275619 0.41109422492401215 0.6212014134275619 0.3776595744680851 0.6208480565371025 0.3487841945288754 0.6173144876325088 0.33282674772036475 0.6113074204946997 0.3252279635258359 0.6021201413427562 0.331306990881459 0.5946996466431096 0.3738601823708207 0.592226148409894 0.4194528875379939
10 0.5236749116607774 0.520516717325228 0.5243816254416961 0.5547112462006079 0.5300353356890459 0.5699088145896657 0.5409893992932863 0.5630699088145896 0.5424028268551236 0.5364741641337386 0.5399293286219081 0.4817629179331307 0.5402826855123675 0.4278115501519757 0.5402826855123675 0.3981762917933131 0.5402826855123675 0.3799392097264438 0.5402826855123675 0.35106382978723405 0.5381625441696113 0.3373860182370821 0.5293286219081272 0.324468085106383 0.523321554770318 0.3373860182370821 0.5212014134275619 0.39209726443769
31 0.2756183745583039 0.4908814589665654 0.26607773851590105 0.5357142857142857 0.25653710247349826 0.5843465045592705 0.24028268551236748 0.6268996960486323 0.24028268551236748 0.6656534954407295 0.254416961130742 0.6808510638297872 0.268904593639576 0.682370820668693 0.2812720848056537 0.6679331306990881 0.3137809187279152 0.5820668693009119 0.33180212014134275 0.5319148936170213 0.32685512367491165 0.5113981762917933 0.31413427561837454 0.5022796352583586 0.30565371024734983 0.48936170212765956 0.29823321554770316 0.49012158054711247 0.2904593639575972 0.4726443768996961
30 0.3265017667844523 0.5372340425531915 0.3176678445229682 0.567629179331307 0.3127208480565371 0.5927051671732523 0.29964664310954064 0.6261398176291794 0.28869257950530036 0.6512158054711246 0.27491166077738516 0.6907294832826748 0.27243816254416964 0.7135258358662614 0.28480565371024735 0.743920972644377 0.307773851590106 0.7355623100303952 0.31696113074204946 0.7249240121580547 0.3303886925795053 0.6952887537993921 0.35159010600706714 0.64209726443769 0.36431095406360425 0.6025835866261399 0.37173144876325087 0.5752279635258358 0.3657243816254417 0.5585106382978723 0.3547703180212014 0.5516717325227963 0.3459363957597173 0.5364741641337386
28 0.40353356890459363 0.5820668693009119 0.3996466431095406 0.6200607902735562 0.396113074204947 0.6702127659574468 0.3950530035335689 0.6960486322188449 0.3869257950530035 0.7598784194528876 0.388339222614841 0.7895136778115501 0.4007067137809187 0.7948328267477204 0.4215547703180212 0.7104863221884499 0.4303886925795053 0.6398176291793313 0.43568904593639574 0.6048632218844985 0.43109540636042404 0.5835866261398176 0.4127208480565371 0.5843465045592705
27 0.43462897526501765 0.5980243161094225 0.42862190812720846 0.6185410334346505 0.4243816254416961 0.648936170212766 0.4215547703180212 0.6990881458966566 0.4169611307420495 0.7446808510638298 0.4159010600706714 0.7735562310030395 0.42367491166077736 0.7955927051671733 0.4381625441696113 0.7583586626139818 0.44558303886925793 0.6930091185410334 0.4526501766784452 0.6367781155015197 0.4565371024734982 0.5995440729483282 0.44593639575971733 0.5858662613981763
26 0.4526501766784452 0.5911854103343465 0.44840989399293285 0.6291793313069909 0.44734982332155476 0.6633738601823708 0.44558303886925793 0.6983282674772037 0.44452296819787984 0.7332826747720365 0.4420494699646643 0.7591185410334347 0.4392226148409894 0.7879939209726444 0.43957597173144874 0.8016717325227963 0.4480565371024735 0.8237082066869301 0.4551236749116608 0.8153495440729484 0.45971731448763253 0.7788753799392097 0.4636042402826855 0.743920972644377 0.46996466431095407 0.702887537993921 0.4713780918727915 0.6618541033434651 0.4685512367491166 0.6223404255319149 0.4667844522968198 0.601823708206687 0.46325088339222614 0.5843465045592705
25 0.46819787985865724 0.5805471124620061 0.4636042402826855 0.5911854103343465 0.4667844522968198 0.6208206686930091 0.4696113074204947 0.6542553191489362 0.4685512367491166 0.6930091185410334 0.4667844522968198 0.75 0.47102473498233216 0.7864741641337386 0.47703180212014135 0.7978723404255319 0.48586572438162545 0.7545592705167173 0.4865724381625442 0.71580547112462 0.48551236749116605 0.6306990881458967 0.48798586572438163 0.5843465045592705 0.4823321554770318 0.5775075987841946
24 0.4876325088339223 0.5851063829787234 0.48551236749116605 0.6276595744680851 0.4865724381625442 0.6618541033434651 0.4872791519434629 0.7006079027355623 0.4876325088339223 0.743920972644377 0.4876325088339223 0.7644376899696048 0.49187279151943464 0.78419452887538 0.49646643109540634 0.7895136778115501 0.5010600706713781 0.7530395136778115 0.5035335689045937 0.6656534954407295 0.5035335689045937 0.621580547112462 0.5035335689045937 0.5957446808510638 0.5021201413427562 0.5835866261398176 0.4901060070671378 0.5820668693009119
16 0.5042402826855124 0.5805471124620061 0.5028268551236749 0.5987841945288754 0.5017667844522968 0.7165653495440729 0.5017667844522968 0.7477203647416414 0.504946996466431 0.7773556231003039 0.5109540636042402 0.7879939209726444 0.5183745583038869 0.7583586626139818 0.5197879858657244 0.7066869300911854 0.5176678445229682 0.6588145896656535 0.519434628975265 0.6352583586626139 0.5219081272084806 0.5980243161094225 0.5208480565371024 0.5896656534954408
17 0.5243816254416961 0.5957446808510638 0.5162544169611307 0.60790273556231 0.5166077738515901 0.6382978723404256 0.5187279151943462 0.6648936170212766 0.5212014134275619 0.7553191489361702 0.5226148409893993 0.790273556231003 0.5296819787985866 0.8039513677811551 0.5363957597173145 0.7583586626139818 0.5363957597173145 0.6694528875379939 0.5360424028268551 0.6405775075987842 0.5363957597173145 0.5980243161094225 0.5363957597173145 0.5896656534954408
18 0.537809187279152 0.5949848024316109 0.5356890459363958 0.6276595744680851 0.5363957597173145 0.6983282674772037 0.5360424028268551 0.7575987841945289 0.5402826855123675 0.8259878419452887 0.5568904593639576 0.8343465045592705 0.5590106007067138 0.7727963525835866 0.5590106007067138 0.709726443768997 0.5590106007067138 0.6352583586626139 0.5590106007067138 0.601063829787234 0.5487632508833922 0.5904255319148937
19 0.5530035335689046 0.6063829787234043 0.550530035335689 0.6314589665653495 0.5554770318021202 0.6641337386018237 0.5607773851590107 0.7264437689969605 0.5607773851590107 0.7537993920972644 0.5628975265017668 0.7948328267477204 0.5703180212014134 0.8115501519756839 0.5816254416961131 0.8009118541033434 0.5830388692579506 0.7545592705167173 0.5823321554770318 0.7059270516717325 0.5826855123674912 0.6656534954407295 0.5833922261484099 0.6375379939209727 0.5833922261484099 0.6094224924012158 0.5752650176678445 0.5889057750759878 0.5607773851590107 0.6048632218844985
20 0.5657243816254417 0.6041033434650456 0.565017667844523 0.6268996960486323 0.5724381625441696 0.6504559270516718 0.5780918727915194 0.6770516717325228 0.5844522968197879 0.723404255319149 0.5851590106007067 0.75 0.588339222614841 0.7834346504559271 0.5918727915194346 0.8024316109422492 0.6045936395759718 0.8092705167173252 0.6095406360424028 0.8009118541033434 0.6060070671378092 0.743161094224924 0.6053003533568905 0.6846504559270516 0.602826855123675 0.648176291793313 0.596113074204947 0.5911854103343465 0.5826855123674912 0.5904255319148937 0.5703180212014134 0.5987841945288754
21 0.5932862190812721 0.5835866261398176 0.5879858657243816 0.6025835866261399 0.5879858657243816 0.6276595744680851 0.596113074204947 0.6565349544072948 0.6024734982332155 0.6740121580547113 0.6074204946996467 0.7112462006079028 0.6173144876325088 0.7553191489361702 0.6307420494699647 0.7933130699088146 0.6462897526501766 0.7978723404255319 0.6579505300353357 0.7925531914893617 0.6653710247349823 0.7454407294832827 0.6593639575971731 0.723404255319149 0.6438162544169611 0.6428571428571429 0.6402826855123674 0.6132218844984803 0.6360424028268551 0.5775075987841946 0.6201413427561837 0.5721884498480243 0.6031802120141343 0.5790273556231003
22 0.6335689045936396 0.5638297872340425 0.6293286219081272 0.5699088145896657 0.6282685512367491 0.5881458966565349 0.6353356890459364 0.6200607902735562 0.6441696113074205 0.6344984802431611 0.6537102473498233 0.6648936170212766 0.665017667844523 0.7074468085106383 0.6809187279151944 0.7446808510638298 0.6975265017667844 0.7591185410334347 0.7141342756183745 0.7522796352583586 0.7176678445229682 0.7104863221884499 0.6936395759717314 0.6337386018237082 0.6876325088339222 0.6071428571428571 0.680565371024735 0.5668693009118541 0.668904593639576 0.540273556231003 0.653356890459364 0.5417933130699089 0.6491166077738516 0.5615501519756839
23 0.6713780918727915 0.540273556231003 0.6717314487632509 0.5159574468085106 0.6826855123674912 0.5075987841945289 0.6876325088339222 0.5129179331306991 0.6932862190812721 0.49772036474164133 0.7007067137809188 0.49544072948328266 0.7088339222614841 0.493161094224924 0.7137809187279152 0.4825227963525836 0.7197879858657243 0.4886018237082067 0.7286219081272085 0.5167173252279635 0.7296819787985865 0.5562310030395137 0.7318021201413427 0.5896656534954408 0.7409893992932862 0.6139817629179332 0.7494699646643109 0.6291793313069909 0.7551236749116608 0.6443768996960486 0.7565371024734983 0.662613981762918 0.7519434628975264 0.6831306990881459 0.7378091872791519 0.6869300911854104 0.7243816254416962 0.6770516717325228 0.7169611307420495 0.6694528875379939 0.7053003533568905 0.6542553191489362 0.6954063604240283 0.6193009118541033 0.6904593639575972 0.5995440729483282 0.6837455830388692 0.5790273556231003 0.6784452296819788 0.5653495440729484
10 0.541696113074205 0.4870820668693009 0.5431095406360424 0.520516717325228 0.5434628975265018 0.5585106382978723 0.5547703180212014 0.5706686930091185 0.5643109540636042 0.5585106382978723 0.5614840989399293 0.4703647416413374 0.5597173144876325 0.3981762917933131 0.5579505300353357 0.34802431610942247 0.554416961130742 0.32142857142857145 0.5438162544169611 0.324468085106383 0.541696113074205 0.35790273556231
11 0.5639575971731449 0.4946808510638298 0.5646643109540636 0.5273556231003039 0.5646643109540636 0.5433130699088146 0.5706713780918727 0.5645896656534954 0.5802120141342756 0.560790273556231 0.5809187279151944 0.5303951367781155 0.5809187279151944 0.4810030395136778 0.5795053003533569 0.3981762917933131 0.5816254416961131 0.3655015197568389 0.5826855123674912 0.3465045592705167 0.5833922261484099 0.32066869300911854 0.5763250883392226 0.31155015197568386 0.5653710247349824 0.3191489361702128 0.5604240282685512 0.35030395136778114
12 0.5798586572438162 0.4946808510638298 0.5805653710247349 0.5395136778115501 0.5826855123674912 0.5531914893617021 0.5915194346289753 0.5630699088145896 0.6 0.5486322188449848 0.5968197879858658 0.46808510638297873 0.5954063604240283 0.41033434650455924 0.5992932862190813 0.3708206686930091 0.5985865724381625 0.3487841945288754 0.5932862190812721 0.3373860182370821 0.5826855123674912 0.3548632218844985 0.5795053003533569 0.378419452887538