0 0.48345323741007196 0.4065349544072948 0.481294964028777 0.4521276595744681 0.4805755395683453 0.4969604863221885 0.497841726618705 0.5235562310030395 0.5136690647482014 0.5174772036474165 0.5115107913669065 0.4787234042553192 0.5143884892086331 0.4376899696048632 0.5154676258992805 0.3738601823708207 0.5107913669064749 0.3305471124620061 0.4960431654676259 0.3183890577507599 0.48741007194244607 0.35106382978723405
1 0.46690647482014386 0.3183890577507599 0.4589928057553957 0.35790273556231 0.45827338129496403 0.4209726443768997 0.4503597122302158 0.4825227963525836 0.46007194244604316 0.5235562310030395 0.4748201438848921 0.5053191489361702 0.4784172661870504 0.446048632218845 0.481294964028777 0.3761398176291793 0.48345323741007196 0.3305471124620061 0.4784172661870504 0.3183890577507599
2 0.45323741007194246 0.3229483282674772 0.44064748201438847 0.3161094224924012 0.429136690647482 0.3305471124620061 0.42805755395683454 0.3655015197568389 0.42589928057553955 0.4316109422492401 0.42985611510791366 0.4886018237082067 0.441726618705036 0.5075987841945289 0.45719424460431657 0.46808510638297873 0.45827338129496403 0.4088145896656535 0.45719424460431657 0.35790273556231
3 0.4115107913669065 0.30243161094224924 0.410431654676259 0.324468085106383 0.4093525179856115 0.3594224924012158 0.40575539568345326 0.3882978723404255 0.40179856115107915 0.4270516717325228 0.40071942446043163 0.4787234042553192 0.4133093525179856 0.49544072948328266 0.4309352517985611 0.4825227963525836 0.439568345323741 0.45592705167173253 0.4356115107913669 0.4270516717325228 0.4309352517985611 0.3822188449848024 0.429136690647482 0.3290273556231003 0.42985611510791366 0.2917933130699088
4 0.38633093525179857 0.28343465045592703 0.3841726618705036 0.30015197568389057 0.381294964028777 0.35790273556231 0.37949640287769787 0.4209726443768997 0.37553956834532376 0.4642857142857143 0.38633093525179857 0.5030395136778115 0.4064748201438849 0.4908814589665654 0.40863309352517985 0.44984802431610943 0.4064748201438849 0.39209726443769 0.4064748201438849 0.32674772036474165 0.4064748201438849 0.28799392097264437
5 0.3669064748201439 0.28343465045592703 0.3510791366906475 0.28343465045592703 0.3464028776978417 0.30015197568389057 0.34424460431654674 0.3495440729483283 0.33741007194244604 0.4004559270516717 0.3316546762589928 0.44756838905775076 0.3406474820143885 0.4764437689969605 0.36294964028776977 0.4848024316109423 0.3802158273381295 0.4703647416413374 0.3802158273381295 0.4316109422492401 0.3773381294964029 0.3738601823708207 0.3766187050359712 0.324468085106383
6 0.3327338129496403 0.2629179331306991 0.32194244604316546 0.2689969604863222 0.3172661870503597 0.2857142857142857 0.3122302158273381 0.33282674772036475 0.30935251798561153 0.35790273556231 0.3035971223021583 0.39209726443769 0.2996402877697842 0.4316109422492401 0.29856115107913667 0.45592705167173253 0.32194244604316546 0.4726443768996961 0.3424460431654676 0.4726443768996961 0.34136690647482015 0.42933130699088146 0.3406474820143885 0.35790273556231 0.34136690647482015 0.30623100303951367
8 0.5280575539568345 0.30243161094224924 0.5212230215827338 0.30623100303951367 0.5136690647482014 0.3290273556231003 0.5154676258992805 0.3700607902735562 0.516546762589928 0.42325227963525835 0.5143884892086331 0.46656534954407297 0.5194244604316547 0.5015197568389058 0.5359712230215827 0.5197568389057751 0.5525179856115108 0.5075987841945289 0.5532374100719425 0.4749240121580547 0.5503597122302158 0.44148936170212766 0.5503597122302158 0.3844984802431611 0.5388489208633094 0.3161094224924012
9 0.5553956834532374 0.3100303951367781 0.5525179856115108 0.3229483282674772 0.5496402877697841 0.39209726443769 0.5496402877697841 0.44756838905775076 0.5553956834532374 0.513677811550152 0.570863309352518 0.5053191489361702 0.5719424460431655 0.46200607902735563 0.573021582733813 0.4027355623100304 0.570863309352518 0.3495440729483283 0.5679856115107914 0.324468085106383
10 0.5845323741007195 0.324468085106383 0.5776978417266188 0.33890577507598785 0.5758992805755395 0.3700607902735562 0.5787769784172662 0.4148936170212766 0.5827338129496403 0.4908814589665654 0.5884892086330935 0.5075987841945289 0.6 0.4886018237082067 0.5971223021582733 0.44148936170212766 0.5953237410071942 0.3905775075987842 0.5960431654676259 0.3411854103343465
11 0.5989208633093526 0.3183890577507599 0.5931654676258993 0.3639817629179331 0.5924460431654677 0.4270516717325228 0.6010791366906475 0.4825227963525836 0.6136690647482015 0.4992401215805471 0.6223021582733813 0.4642857142857143 0.6215827338129496 0.41109422492401215 0.6244604316546762 0.33890577507598785 0.616546762589928 0.3100303951367781
12 0.6359712230215827 0.31458966565349544 0.6273381294964029 0.32674772036474165 0.6233812949640288 0.3799392097264438 0.6233812949640288 0.42933130699088146 0.6223021582733813 0.4810030395136778 0.6348920863309353 0.5098784194528876 0.64568345323741 0.4969604863221885 0.64568345323741 0.446048632218845 0.6514388489208633 0.3882978723404255 0.6496402877697842 0.33282674772036475
13 0.6651079136690647 0.31458966565349544 0.6564748201438849 0.32066869300911854 0.6507194244604316 0.3495440729483283 0.6467625899280576 0.4065349544072948 0.6399280575539569 0.4521276595744681 0.64568345323741 0.4992401215805471 0.676978417266187 0.5098784194528876 0.6906474820143885 0.49544072948328266 0.6874100719424461 0.46048632218844987 0.6827338129496403 0.4194528875379939 0.6827338129496403 0.3677811550151976
14 0.702158273381295 0.30623100303951367 0.689568345323741 0.30623100303951367 0.6816546762589928 0.324468085106383 0.6827338129496403 0.3966565349544073 0.685611510791367 0.45592705167173253 0.7089928057553957 0.4749240121580547 0.7266187050359713 0.46200607902735563 0.7294964028776978 0.4209726443768997 0.7205035971223022 0.3761398176291793 0.7205035971223022 0.32066869300911854
16 0.5143884892086331 0.6679331306990881 0.5086330935251798 0.6428571428571429 0.5028776978417266 0.5858662613981763 0.5068345323741007 0.5364741641337386 0.5212230215827338 0.5174772036474165 0.5233812949640287 0.5691489361702128 0.5223021582733813 0.6101823708206687
17 0.5399280575539568 0.7104863221884499 0.5320143884892087 0.6595744680851063 0.529136690647482 0.5858662613981763 0.5269784172661871 0.5319148936170213 0.5406474820143885 0.5258358662613982 0.5485611510791367 0.5547112462006079 0.5474820143884892 0.6041033434650456 0.5474820143884892 0.6633738601823708 0.5496402877697841 0.6983282674772037
18 0.5571942446043165 0.702887537993921 0.5582733812949641 0.6800911854103343 0.5496402877697841 0.5957446808510638 0.5485611510791367 0.5524316109422492 0.5571942446043165 0.5235562310030395 0.570863309352518 0.53419452887538 0.573021582733813 0.5957446808510638 0.5748201438848921 0.6534954407294833 0.5719424460431655 0.6960486322188449
19 0.5845323741007195 0.702887537993921 0.5834532374100719 0.6246200607902735 0.5816546762589928 0.587386018237082 0.5766187050359712 0.5547112462006079 0.5805755395683453 0.5174772036474165 0.5982014388489209 0.5258358662613982 0.6028776978417266 0.5691489361702128 0.5982014388489209 0.6223404255319149 0.6039568345323741 0.6945288753799392 0.6057553956834533 0.7355623100303952
20 0.6154676258992806 0.7044072948328267 0.6079136690647482 0.6512158054711246 0.6068345323741007 0.5835866261398176 0.602158273381295 0.5463525835866262 0.6118705035971223 0.5364741641337386 0.6244604316546762 0.581306990881459 0.6244604316546762 0.628419452887538 0.6312949640287769 0.6838905775075987 0.6388489208633094 0.7272036474164134 0.629136690647482 0.7454407294832827
22 0.6971223021582734 0.6534954407294833 0.6827338129496403 0.6162613981762918 0.6719424460431654 0.5775075987841946 0.6633093525179856 0.540273556231003 0.6633093525179856 0.513677811550152 0.6845323741007194 0.5053191489361702 0.7039568345323741 0.5053191489361702 0.7215827338129497 0.5319148936170213 0.7244604316546762 0.5835866261398176 0.7370503597122302 0.6329787234042553 0.7302158273381295 0.6618541033434651 0.706115107913669 0.6778115501519757
24 0.49712230215827335 0.6945288753799392 0.4949640287769784 0.6740121580547113 0.48812949640287767 0.60790273556231 0.48345323741007196 0.5509118541033434 0.4845323741007194 0.5235562310030395 0.49712230215827335 0.53419452887538 0.5017985611510791 0.587386018237082 0.5017985611510791 0.6405775075987842 0.5086330935251798 0.702887537993921 0.5028776978417266 0.723404255319149
25 0.4845323741007194 0.6838905775075987 0.48237410071942444 0.6041033434650456 0.4776978417266187 0.560790273556231 0.481294964028777 0.53419452887538 0.47158273381294963 0.5303951367781155 0.45827338129496403 0.5258358662613982 0.4589928057553957 0.560790273556231 0.47086330935251797 0.6124620060790273 0.4697841726618705 0.6550151975683891 0.4679856115107914 0.6922492401215805 0.4737410071942446 0.7211246200607903 0.4852517985611511 0.7165653495440729
26 0.4543165467625899 0.7150455927051672 0.4629496402877698 0.7006079027355623 0.4658273381294964 0.6740121580547113 0.4611510791366906 0.6223404255319149 0.46007194244604316 0.5858662613981763 0.4550359712230216 0.5547112462006079 0.4550359712230216 0.5258358662613982 0.4435251798561151 0.5197568389057751 0.44244604316546765 0.5509118541033434 0.441726618705036 0.5668693009118541 0.439568345323741 0.5995440729483282 0.4435251798561151 0.6344984802431611 0.44532374100719424 0.6633738601823708 0.4464028776978417 0.6983282674772037
27 0.4356115107913669 0.708966565349544 0.4356115107913669 0.682370820668693 0.4309352517985611 0.6223404255319149 0.4356115107913669 0.5463525835866262 0.43489208633093523 0.5197568389057751 0.4223021582733813 0.5174772036474165 0.4161870503597122 0.5303951367781155 0.4154676258992806 0.5630699088145896 0.4115107913669065 0.601823708206687 0.41258992805755396 0.6550151975683891 0.4143884892086331 0.6922492401215805 0.4251798561151079 0.7150455927051672
29 0.3830935251798561 0.682370820668693 0.381294964028777 0.628419452887538 0.38705035971223023 0.5790273556231003 0.3949640287769784 0.5425531914893617 0.39100719424460434 0.5220364741641338 0.37158273381294965 0.5220364741641338 0.35719424460431654 0.5174772036474165 0.3550359712230216 0.5425531914893617 0.3532374100719424 0.5790273556231003 0.34424460431654674 0.6246200607902735 0.3384892086330935 0.6656534954407295 0.35035971223021584 0.6922492401215805
30 0.2888489208633094 0.6268996960486323 0.2910071942446043 0.587386018237082 0.30071942446043165 0.53419452887538 0.3122302158273381 0.4870820668693009 0.3276978417266187 0.4764437689969605 0.34928057553956837 0.49544072948328266 0.35899280575539566 0.5174772036474165 0.35899280575539566 0.5547112462006079 0.3471223021582734 0.6139817629179332 0.3276978417266187 0.6884498480243161 0.30755395683453235 0.6633738601823708 0.29676258992805754 0.6451367781155015