0 0.47469635627530365 0.32889344262295084 0.48228744939271256 0.5635245901639344 0.4478744939271255 0.5573770491803278 0.4498987854251012 0.5225409836065574 0.4483805668016194 0.4610655737704918 0.4473684210526316 0.33299180327868855
1 0.44635627530364375 0.3319672131147541 0.45040485829959515 0.5061475409836066 0.44888663967611336 0.5635245901639344 0.4342105263157895 0.5604508196721312 0.4271255060728745 0.5471311475409836 0.42611336032388664 0.5348360655737705 0.4266194331983806 0.5133196721311475 0.4271255060728745 0.32991803278688525 0.4473684210526316 0.3237704918032787
2 0.4023279352226721 0.33094262295081966 0.4018218623481781 0.4682377049180328 0.39878542510121456 0.4948770491803279 0.3977732793522267 0.5112704918032787 0.3982793522267207 0.5266393442622951 0.4008097165991903 0.5409836065573771 0.40789473684210525 0.5491803278688525 0.41295546558704455 0.5512295081967213 0.4175101214574899 0.5471311475409836 0.4215587044534413 0.5389344262295082 0.4251012145748988 0.5256147540983607 0.4276315789473684 0.5051229508196722 0.4256072874493927 0.4672131147540984 0.4240890688259109 0.3145491803278688 0.402834008097166 0.31864754098360654
3 0.395748987854251 0.3360655737704918 0.4018218623481781 0.4641393442622951 0.402834008097166 0.4774590163934426 0.4048582995951417 0.48668032786885246 0.4048582995951417 0.4969262295081967 0.4043522267206478 0.5102459016393442 0.4023279352226721 0.5215163934426229 0.3952429149797571 0.5297131147540983 0.3901821862348178 0.5327868852459017 0.38309716599190285 0.5327868852459017 0.3805668016194332 0.5327868852459017 0.37803643724696356 0.5307377049180327 0.3775303643724696 0.5245901639344263 0.3775303643724696 0.5122950819672131 0.375 0.4969262295081967 0.3734817813765182 0.47438524590163933 0.3734817813765182 0.33401639344262296
4 0.3770242914979757 0.3319672131147541 0.3734817813765182 0.4723360655737705 0.375 0.49077868852459017 0.3770242914979757 0.5061475409836066 0.3775303643724696 0.5215163934426229 0.37601214574898784 0.5358606557377049 0.3694331983805668 0.5450819672131147 0.35931174089068824 0.5471311475409836 0.3527327935222672 0.5440573770491803 0.35020242914979755 0.5399590163934426 0.3491902834008097 0.5317622950819673 0.3491902834008097 0.5204918032786885 0.3481781376518219 0.5051229508196722 0.3441295546558704 0.4805327868852459 0.3507085020242915 0.3801229508196721 0.35374493927125505 0.3422131147540984
5 0.34058704453441296 0.35450819672131145 0.3451417004048583 0.49077868852459017 0.34868421052631576 0.5092213114754098 0.3481781376518219 0.5327868852459017 0.3436234817813765 0.5584016393442623 0.32894736842105265 0.5594262295081968 0.3152834008097166 0.5594262295081968 0.3107287449392713 0.5440573770491803 0.30718623481781376 0.5297131147540983 0.3097165991902834 0.5112704918032787 0.30465587044534415 0.367827868852459
6 0.27125506072874495 0.35450819672131145 0.27479757085020245 0.45389344262295084 0.2682186234817814 0.4989754098360656 0.2742914979757085 0.5245901639344263 0.2854251012145749 0.5389344262295082 0.29706477732793524 0.5440573770491803 0.3066801619433198 0.5317622950819673 0.3107287449392713 0.5081967213114754 0.3107287449392713 0.4764344262295082 0.3066801619433198 0.36168032786885246 0.28643724696356276 0.34938524590163933
8 0.4807692307692308 0.3463114754098361 0.48228744939271256 0.5655737704918032 0.5086032388663968 0.5625 0.5121457489878543 0.5409836065573771 0.5111336032388664 0.5153688524590164 0.5086032388663968 0.48463114754098363 0.5045546558704453 0.33094262295081966 0.48026315789473684 0.33094262295081966
9 0.5060728744939271 0.33094262295081966 0.5080971659919028 0.48668032786885246 0.5121457489878543 0.5133196721311475 0.513663967611336 0.5491803278688525 0.5232793522267206 0.5512295081967213 0.5298582995951417 0.5430327868852459 0.534919028340081 0.5307377049180327 0.5369433198380567 0.5184426229508197 0.5344129554655871 0.4948770491803279 0.5308704453441295 0.4569672131147541 0.5268218623481782 0.3770491803278688 0.5232793522267206 0.3165983606557377 0.5040485829959515 0.3176229508196721
10 0.5298582995951417 0.3104508196721312 0.5298582995951417 0.4405737704918033 0.527834008097166 0.48155737704918034 0.5298582995951417 0.5163934426229508 0.5369433198380567 0.5430327868852459 0.5470647773279352 0.5563524590163934 0.5541497975708503 0.5543032786885246 0.5587044534412956 0.5389344262295082 0.5617408906882592 0.5153688524590164 0.5587044534412956 0.4293032786885246 0.5571862348178138 0.30635245901639346
11 0.562246963562753 0.31864754098360654 0.5546558704453441 0.4334016393442623 0.5526315789473685 0.45799180327868855 0.548582995951417 0.47540983606557374 0.5480769230769231 0.4918032786885246 0.5506072874493927 0.5122950819672131 0.5571862348178138 0.5235655737704918 0.569838056680162 0.5420081967213115 0.5794534412955465 0.5409836065573771 0.5824898785425101 0.5379098360655737 0.5860323886639676 0.5174180327868853 0.5885627530364372 0.4887295081967213 0.5880566801619433 0.46311475409836067 0.5875506072874493 0.4344262295081967 0.5850202429149798 0.39549180327868855 0.583502024291498 0.3104508196721312 0.562753036437247 0.3084016393442623
12 0.5855263157894737 0.32172131147540983 0.5840080971659919 0.38729508196721313 0.5845141700404858 0.41290983606557374 0.5855263157894737 0.4334016393442623 0.5855263157894737 0.44672131147540983 0.5819838056680162 0.45799180327868855 0.5794534412955465 0.4702868852459016 0.5774291497975709 0.48258196721311475 0.5769230769230769 0.4959016393442623 0.5784412955465587 0.514344262295082 0.5814777327935222 0.5266393442622951 0.5870445344129555 0.5358606557377049 0.5915991902834008 0.5399590163934426 0.5991902834008097 0.5430327868852459 0.6032388663967612 0.5399590163934426 0.6103238866396761 0.5286885245901639 0.6123481781376519 0.4989754098360656 0.6118421052631579 0.45184426229508196 0.6088056680161943 0.40061475409836067 0.6108299595141701 0.3114754098360656 0.5870445344129555 0.3155737704918033
13 0.6093117408906883 0.32684426229508196 0.604757085020243 0.4149590163934426 0.603744939271255 0.4733606557377049 0.6072874493927125 0.5030737704918032 0.6158906882591093 0.5307377049180327 0.6290485829959515 0.5327868852459017 0.6432186234817814 0.5215163934426229 0.6467611336032388 0.5153688524590164 0.6492914979757085 0.47950819672131145 0.6447368421052632 0.4487704918032787 0.6401821862348178 0.3719262295081967 0.638663967611336 0.32274590163934425
14 0.6442307692307693 0.33094262295081966 0.6427125506072875 0.4364754098360656 0.638663967611336 0.4600409836065574 0.6381578947368421 0.47848360655737704 0.638663967611336 0.49077868852459017 0.6427125506072875 0.5051229508196722 0.6482793522267206 0.5133196721311475 0.6568825910931174 0.5184426229508197 0.6756072874493927 0.5051229508196722 0.6831983805668016 0.48770491803278687 0.6842105263157895 0.4713114754098361 0.6781376518218624 0.42418032786885246 0.6826923076923077 0.3237704918032787 0.6680161943319838 0.3165983606557377 0.652834008097166 0.32684426229508196
16 0.47368421052631576 0.5881147540983607 0.47469635627530365 0.6137295081967213 0.4726720647773279 0.6372950819672131 0.4706477732793522 0.8032786885245902 0.48431174089068824 0.8032786885245902 0.4908906882591093 0.6495901639344263 0.4939271255060729 0.5850409836065574 0.48633603238866396 0.5850409836065574
17 0.5005060728744939 0.5850409836065574 0.49190283400809715 0.6137295081967213 0.4883603238866397 0.8104508196721312 0.5005060728744939 0.8094262295081968 0.5080971659919028 0.7120901639344263 0.5111336032388664 0.6352459016393442 0.5126518218623481 0.6229508196721312 0.5131578947368421 0.6096311475409836 0.5131578947368421 0.5952868852459017 0.5116396761133604 0.5829918032786885 0.5050607287449392 0.5799180327868853
18 0.5172064777327935 0.5788934426229508 0.5116396761133604 0.5932377049180327 0.5091093117408907 0.6065573770491803 0.5096153846153846 0.6219262295081968 0.5116396761133604 0.6372950819672131 0.5040485829959515 0.8206967213114754 0.5258097165991903 0.8227459016393442 0.5354251012145749 0.6670081967213115 0.5379554655870445 0.6342213114754098 0.5389676113360324 0.6137295081967213 0.5389676113360324 0.5932377049180327 0.5364372469635628 0.5829918032786885 0.5298582995951417 0.5778688524590164 0.5232793522267206 0.5747950819672131
19 0.5399797570850202 0.576844262295082 0.5369433198380567 0.5942622950819673 0.5339068825910931 0.6045081967213115 0.5308704453441295 0.6096311475409836 0.5293522267206477 0.6157786885245902 0.5298582995951417 0.6290983606557377 0.5328947368421053 0.6485655737704918 0.542004048582996 0.8463114754098361 0.5683198380566802 0.8329918032786885 0.562753036437247 0.6649590163934426 0.562753036437247 0.6342213114754098 0.5642712550607287 0.6127049180327869 0.5597165991902834 0.5952868852459017 0.5546558704453441 0.5840163934426229 0.5480769230769231 0.576844262295082
20 0.5668016194331984 0.5799180327868853 0.562753036437247 0.5850409836065574 0.5597165991902834 0.5870901639344263 0.5561740890688259 0.5881147540983607 0.5521255060728745 0.5901639344262295 0.5501012145748988 0.6014344262295082 0.5602226720647774 0.6434426229508197 0.562246963562753 0.673155737704918 0.569331983805668 0.8217213114754098 0.5885627530364372 0.8186475409836066 0.5850202429149798 0.6475409836065574 0.5860323886639676 0.6219262295081968 0.5870445344129555 0.6086065573770492 0.5855263157894737 0.5993852459016393 0.5824898785425101 0.5901639344262295 0.5784412955465587 0.5799180327868853 0.5728744939271255 0.576844262295082
21 0.5905870445344129 0.5758196721311475 0.5875506072874493 0.5758196721311475 0.5840080971659919 0.5778688524590164 0.5799595141700404 0.5829918032786885 0.5789473684210527 0.5911885245901639 0.5804655870445344 0.6024590163934426 0.583502024291498 0.6127049180327869 0.5845141700404858 0.6352459016393442 0.6032388663967612 0.8227459016393442 0.6690283400809717 0.7756147540983607 0.6341093117408907 0.6495901639344263 0.6341093117408907 0.6045081967213115 0.631578947368421 0.5788934426229508 0.6219635627530364 0.5717213114754098 0.6128542510121457 0.5706967213114754 0.6032388663967612 0.5717213114754098 0.5956477732793523 0.5717213114754098
23 0.6690283400809717 0.5327868852459017 0.6634615384615384 0.5338114754098361 0.6543522267206477 0.5440573770491803 0.6497975708502024 0.5573770491803278 0.6482793522267206 0.5840163934426229 0.6578947368421053 0.6065573770491803 0.6912955465587044 0.6721311475409836 0.7403846153846154 0.6987704918032787 0.7474696356275303 0.6547131147540983 0.7272267206477733 0.5911885245901639 0.7171052631578947 0.5645491803278688 0.7074898785425101 0.5338114754098361 0.6998987854251012 0.5153688524590164 0.6897773279352226 0.5081967213114754 0.680161943319838 0.5266393442622951
24 0.4726720647773279 0.5870901639344263 0.47469635627530365 0.6209016393442623 0.4726720647773279 0.8299180327868853 0.46305668016194335 0.8340163934426229 0.45951417004048584 0.735655737704918 0.4574898785425101 0.6352459016393442 0.4574898785425101 0.5881147540983607
25 0.4549595141700405 0.5850409836065574 0.4478744939271255 0.5809426229508197 0.4418016194331984 0.5840163934426229 0.43623481781376516 0.5932377049180327 0.4352226720647773 0.6147540983606558 0.4407894736842105 0.6547131147540983 0.44888663967611336 0.8534836065573771 0.4640688259109312 0.8483606557377049 0.45951417004048584 0.7264344262295082 0.4574898785425101 0.6342213114754098 0.4574898785425101 0.5932377049180327
26 0.4342105263157895 0.5881147540983607 0.4367408906882591 0.6075819672131147 0.4367408906882591 0.6229508196721312 0.4407894736842105 0.6588114754098361 0.44635627530364375 0.9282786885245902 0.423582995951417 0.9323770491803278 0.41295546558704455 0.875 0.41194331983805665 0.7079918032786885 0.41143724696356276 0.6700819672131147 0.41548582995951416 0.625 0.4215587044534413 0.5952868852459017 0.42611336032388664 0.5840163934426229
27 0.41548582995951416 0.5952868852459017 0.42054655870445345 0.6157786885245902 0.4230769230769231 0.6260245901639344 0.423582995951417 0.6331967213114754 0.42206477732793524 0.6526639344262295 0.4089068825910931 0.7305327868852459 0.402834008097166 0.8247950819672131 0.3805668016194332 0.8125 0.3917004048582996 0.6782786885245902 0.395748987854251 0.6352459016393442 0.402834008097166 0.6055327868852459 0.4109311740890688 0.5911885245901639
28 0.3917004048582996 0.6014344262295082 0.3800607287449393 0.6014344262295082 0.3729757085020243 0.6034836065573771 0.3709514170040486 0.6116803278688525 0.3694331983805668 0.6168032786885246 0.36690283400809715 0.6290983606557377 0.3674089068825911 0.6465163934426229 0.3603238866396761 0.7725409836065574 0.3507085020242915 0.8206967213114754 0.36690283400809715 0.8299180327868853 0.38917004048583 0.7325819672131147 0.3917004048582996 0.6629098360655737 0.3967611336032389 0.6331967213114754 0.3977732793522267 0.610655737704918
29 0.35931174089068824 0.6014344262295082 0.340080971659919 0.5952868852459017 0.333502024291498 0.5963114754098361 0.3284412955465587 0.6024590163934426 0.326417004048583 0.6086065573770492 0.3248987854251012 0.6209016393442623 0.3248987854251012 0.6424180327868853 0.2975708502024291 0.7930327868852459 0.340080971659919 0.8165983606557377 0.36285425101214575 0.7090163934426229 0.3674089068825911 0.6516393442622951 0.37044534412955465 0.6362704918032787 0.37044534412955465 0.6219262295081968 0.3694331983805668 0.6075819672131147 0.36791497975708504 0.6004098360655737
30 0.3117408906882591 0.5860655737704918 0.3016194331983806 0.5809426229508197 0.2930161943319838 0.5778688524590164 0.28846153846153844 0.5788934426229508 0.2854251012145749 0.5840163934426229 0.28289473684210525 0.5973360655737705 0.2773279352226721 0.6219262295081968 0.25708502024291496 0.757172131147541 0.2874493927125506 0.7909836065573771 0.3208502024291498 0.6547131147540983 0.326417004048583 0.6311475409836066 0.3284412955465587 0.617827868852459 0.32793522267206476 0.6034836065573771 0.3243927125506073 0.5942622950819673 0.3183198380566802 0.5911885245901639
31 0.26619433198380565 0.5235655737704918 0.25455465587044535 0.5153688524590164 0.2479757085020243 0.5153688524590164 0.2408906882591093 0.5286885245901639 0.23582995951417005 0.5573770491803278 0.2165991902834008 0.6629098360655737 0.2388663967611336 0.6967213114754098 0.27631578947368424 0.6157786885245902 0.28289473684210525 0.5952868852459017 0.2874493927125506 0.5819672131147541 0.2894736842105263 0.5645491803278688 0.2859311740890688 0.5502049180327869 0.2818825910931174 0.5409836065573771 0.277834008097166 0.5317622950819673