0 0.4831932773109244 0.574468085106383 0.4943977591036415 0.581306990881459 0.5108543417366946 0.5797872340425532 0.5108543417366946 0.5440729483282675 0.5080532212885154 0.48328267477203646 0.5035014005602241 0.303951367781155 0.4877450980392157 0.30547112462006076 0.48599439775910364 0.46048632218844987 0.48704481792717086 0.5030395136778115 0.4831932773109244 0.5326747720364742 0.48284313725490197 0.5592705167173252
1 0.46603641456582634 0.5729483282674772 0.47724089635854344 0.5737082066869301 0.4831932773109244 0.5569908814589666 0.4831932773109244 0.5113981762917933 0.4831932773109244 0.4696048632218845 0.48284313725490197 0.4278115501519757 0.4789915966386555 0.3882978723404255 0.47689075630252103 0.34498480243161095 0.4681372549019608 0.35638297872340424 0.4684873949579832 0.42629179331306993 0.4684873949579832 0.45364741641337386 0.4684873949579832 0.479483282674772 0.46673669467787116 0.5053191489361702 0.4653361344537815 0.5387537993920972
2 0.44047619047619047 0.5022796352583586 0.4422268907563025 0.5387537993920972 0.4492296918767507 0.5600303951367781 0.4579831932773109 0.5569908814589666 0.4642857142857143 0.5319148936170213 0.4653361344537815 0.5022796352583586 0.46708683473389356 0.4734042553191489 0.4653361344537815 0.3723404255319149 0.46288515406162467 0.3290273556231003 0.46183473389355745 0.29103343465045595 0.45448179271708683 0.2933130699088146 0.44537815126050423 0.3799392097264438 0.44572829131652664 0.418693009118541 0.4418767507002801 0.4566869300911854
4 0.405812324929972 0.5144376899696048 0.4117647058823529 0.5296352583586627 0.42016806722689076 0.5197568389057751 0.42471988795518206 0.4810030395136778 0.42436974789915966 0.42933130699088146 0.42331932773109243 0.3655015197568389 0.42051820728291317 0.3191489361702128 0.4166666666666667 0.270516717325228 0.40301120448179273 0.2750759878419453 0.40301120448179273 0.3533434650455927 0.40406162464985995 0.3860182370820669 0.40406162464985995 0.4217325227963526 0.40441176470588236 0.4513677811550152 0.4026610644257703 0.47796352583586627 0.4026610644257703 0.49544072948328266
6 0.3284313725490196 0.4574468085106383 0.33438375350140054 0.49772036474164133 0.3543417366946779 0.5053191489361702 0.36204481792717086 0.46808510638297873 0.36659663865546216 0.4521276595744681 0.36589635854341734 0.418693009118541 0.36764705882352944 0.3844984802431611 0.36694677871148457 0.32370820668693007 0.35224089635854344 0.29635258358662614 0.3329831932773109 0.2993920972644377 0.32528011204481794 0.30243161094224924 0.3242296918767507 0.3487841945288754 0.33088235294117646 0.3890577507598784 0.3326330532212885 0.41641337386018235
8 0.5119047619047619 0.5797872340425532 0.5280112044817927 0.581306990881459 0.540266106442577 0.5790273556231003 0.5395658263305322 0.5220364741641338 0.5395658263305322 0.4703647416413374 0.5381652661064426 0.4156534954407295 0.5322128851540616 0.3655015197568389 0.52906162464986 0.3191489361702128 0.5182072829131653 0.3434650455927052 0.5182072829131653 0.4506079027355623 0.5168067226890757 0.5075987841945289 0.5133053221288515 0.5334346504559271
9 0.542016806722689 0.5790273556231003 0.5535714285714286 0.5851063829787234 0.5591736694677871 0.5729483282674772 0.5605742296918768 0.5281155015197568 0.561624649859944 0.4886018237082067 0.5577731092436975 0.32370820668693007 0.5430672268907563 0.32674772036474165 0.5444677871148459 0.43465045592705165 0.5427170868347339 0.49012158054711247 0.5427170868347339 0.5227963525835866 0.538515406162465 0.5600303951367781
10 0.5577731092436975 0.5577507598784195 0.5647759103641457 0.5759878419452887 0.5759803921568627 0.587386018237082 0.586484593837535 0.5714285714285714 0.5882352941176471 0.5357142857142857 0.5868347338935574 0.4696048632218845 0.5868347338935574 0.42401215805471126 0.582983193277311 0.3518237082066869 0.5791316526610645 0.2917933130699088 0.5658263305322129 0.30167173252279633 0.5665266106442577 0.3943768996960486 0.563375350140056 0.4756838905775076 0.561624649859944 0.5037993920972644
11 0.5840336134453782 0.5653495440729484 0.5990896358543417 0.5630699088145896 0.6029411764705882 0.540273556231003 0.6022408963585434 0.5113981762917933 0.6008403361344538 0.4817629179331307 0.5994397759103641 0.43009118541033436 0.5983893557422969 0.36930091185410335 0.5966386554621849 0.29711246200607905 0.5840336134453782 0.2993920972644377 0.5854341736694678 0.4072948328267477 0.5822829131652661 0.4574468085106383 0.5819327731092437 0.49772036474164133 0.5794817927170869 0.5197568389057751 0.5819327731092437 0.5463525835866262
13 0.6302521008403361 0.5493920972644377 0.6235994397759104 0.49848024316109424 0.6197478991596639 0.45896656534954405 0.623249299719888 0.4209726443768997 0.623249299719888 0.3541033434650456 0.6365546218487395 0.3487841945288754 0.65406162464986 0.3708206686930091 0.655812324929972 0.42401215805471126 0.6565126050420168 0.4574468085106383 0.6516106442577031 0.5022796352583586 0.6495098039215687 0.5509118541033434 0.6355042016806722 0.5569908814589666
14 0.65406162464986 0.49012158054711247 0.6519607843137255 0.43237082066869303 0.6523109243697479 0.3951367781155015 0.6593137254901961 0.3518237082066869 0.6628151260504201 0.3161094224924012 0.6985294117647058 0.32750759878419455 0.6957282913165266 0.3761398176291793 0.6859243697478992 0.44832826747720367 0.6904761904761905 0.479483282674772 0.694327731092437 0.5144376899696048 0.6932773109243697 0.5433130699088146 0.6841736694677871 0.5433130699088146 0.677170868347339 0.5539513677811551 0.6733193277310925 0.5554711246200608 0.6666666666666666 0.5524316109422492 0.6572128851540616 0.5349544072948328 0.6523109243697479 0.5129179331306991
16 0.5147058823529411 0.6041033434650456 0.5217086834733894 0.601063829787234 0.5322128851540616 0.6033434650455927 0.5318627450980392 0.6458966565349544 0.5297619047619048 0.6922492401215805 0.5269607843137255 0.7598784194528876 0.5283613445378151 0.8024316109422492 0.5164565826330533 0.8009118541033434 0.5182072829131653 0.7446808510638298 0.5154061624649859 0.6952887537993921 0.5154061624649859 0.6709726443768997 0.5154061624649859 0.648936170212766
17 0.530812324929972 0.6041033434650456 0.5441176470588235 0.6033434650455927 0.5514705882352942 0.6086626139817629 0.5542717086834734 0.6200607902735562 0.5504201680672269 0.6793313069908815 0.5458683473389355 0.7940729483282675 0.5416666666666666 0.8419452887537994 0.5315126050420168 0.831306990881459 0.5297619047619048 0.7667173252279635 0.5329131652661064 0.7127659574468085 0.5343137254901961 0.6717325227963525 0.5339635854341737 0.6405775075987842
18 0.5546218487394958 0.6679331306990881 0.561624649859944 0.6360182370820668 0.5644257703081232 0.6268996960486323 0.5682773109243697 0.6268996960486323 0.5717787114845938 0.6382978723404256 0.5735294117647058 0.6709726443768997 0.5759803921568627 0.7287234042553191 0.5703781512605042 0.8525835866261399 0.5546218487394958 0.8503039513677811 0.5542717086834734 0.7819148936170213 0.5570728291316527 0.7264437689969605 0.5542717086834734 0.6907294832826748
20 0.6043417366946778 0.7127659574468085 0.5997899159663865 0.6610942249240122 0.6057422969187675 0.6147416413373861 0.6144957983193278 0.6193009118541033 0.6197478991596639 0.6337386018237082 0.6204481792717087 0.6679331306990881 0.6218487394957983 0.709726443768997 0.6316526610644257 0.8305471124620061 0.6183473389355743 0.8343465045592705 0.6095938375350141 0.7613981762917933
22 0.6708683473389355 0.6732522796352584 0.6607142857142857 0.6405775075987842 0.6607142857142857 0.6109422492401215 0.6705182072829131 0.5949848024316109 0.6845238095238095 0.581306990881459 0.6904761904761905 0.5866261398176292 0.7016806722689075 0.6117021276595744 0.7065826330532213 0.6314589665653495 0.7457983193277311 0.7302431610942249 0.7219887955182073 0.7659574468085106 0.6992296918767507 0.75 0.6873249299719888 0.7302431610942249 0.677170868347339 0.6952887537993921
24 0.4954481792717087 0.6033434650455927 0.5066526610644257 0.6033434650455927 0.5164565826330533 0.60790273556231 0.5108543417366946 0.6580547112462006 0.5052521008403361 0.8130699088145896 0.49719887955182074 0.8115501519756839 0.4943977591036415 0.7370820668693009 0.4947478991596639 0.6983282674772037 0.4957983193277311 0.6656534954407295 0.4947478991596639 0.6466565349544073
25 0.47163865546218486 0.601063829787234 0.4880952380952381 0.6056231003039514 0.4954481792717087 0.6056231003039514 0.49404761904761907 0.6496960486322189 0.49054621848739494 0.709726443768997 0.4852941176470588 0.8495440729483282 0.4733893557422969 0.8419452887537994 0.4730392156862745 0.7446808510638298 0.47549019607843135 0.7006079027355623
26 0.45203081232493 0.5919452887537994 0.4653361344537815 0.5851063829787234 0.4740896358543417 0.6117021276595744 0.47163865546218486 0.6466565349544073 0.4681372549019608 0.6983282674772037 0.46603641456582634 0.7507598784194529 0.4541316526610644 0.8700607902735562 0.4341736694677871 0.85790273556231 0.4422268907563025 0.7575987841945289 0.44537815126050423 0.7074468085106383 0.4478291316526611 0.6610942249240122 0.4492296918767507 0.6170212765957447
27 0.42436974789915966 0.5919452887537994 0.4341736694677871 0.5797872340425532 0.43942577030812324 0.5843465045592705 0.4492296918767507 0.5987841945288754 0.45098039215686275 0.64209726443769 0.44537815126050423 0.6952887537993921 0.44047619047619047 0.7667173252279635 0.4317226890756303 0.8229483282674772 0.42471988795518206 0.8427051671732523 0.41281512605042014 0.8282674772036475 0.41316526610644255 0.7955927051671733 0.4219187675070028 0.75 0.42471988795518206 0.7203647416413373 0.42296918767507 0.6664133738601824 0.42331932773109243 0.6360182370820668 0.42331932773109243 0.6094224924012158
28 0.39950980392156865 0.5889057750759878 0.40301120448179273 0.5630699088145896 0.4166666666666667 0.5706686930091185 0.42962184873949577 0.5759878419452887 0.4320728291316527 0.5835866261398176 0.43032212885154064 0.6139817629179332 0.42787114845938373 0.6382978723404256 0.42471988795518206 0.6633738601823708 0.42051820728291317 0.6975683890577508 0.4166666666666667 0.7424012158054711 0.41211484593837533 0.7697568389057751 0.40021008403361347 0.8145896656534954 0.3942577030812325 0.8335866261398176 0.3855042016806723 0.8145896656534954 0.38095238095238093 0.791033434650456 0.3869047619047619 0.7644376899696048 0.39215686274509803 0.7416413373860182 0.39705882352941174 0.6793313069908815 0.39950980392156865 0.6610942249240122 0.39845938375350143 0.6314589665653495 0.39950980392156865 0.6117021276595744
30 0.3077731092436975 0.5554711246200608 0.3158263305322129 0.5220364741641338 0.3242296918767507 0.5167173252279635 0.3389355742296919 0.5243161094224924 0.3494397759103641 0.5357142857142857 0.3592436974789916 0.5463525835866262 0.36589635854341734 0.5509118541033434 0.36904761904761907 0.5729483282674772 0.3627450980392157 0.6041033434650456 0.3546918767507003 0.6268996960486323 0.35014005602240894 0.6413373860182371 0.34138655462184875 0.6694528875379939 0.33473389355742295 0.6930091185410334 0.3231792717086835 0.7173252279635258 0.30567226890756305 0.7446808510638298 0.2934173669467787 0.7659574468085106 0.2857142857142857 0.7340425531914894 0.27310924369747897 0.7112462006079028 0.27941176470588236 0.6876899696048632 0.28886554621848737 0.6633738601823708 0.29936974789915966 0.621580547112462 0.3067226890756303 0.5957446808510638 0.31057422969187676 0.5797872340425532