0 0.4677533664068037 0.628419452887538 0.4961020552799433 0.628419452887538 0.4961020552799433 0.567629179331307 0.4953933380581148 0.34194528875379937 0.4712969525159461 0.3465045592705167 0.47448618001417436 0.540273556231003 0.4712969525159461 0.5699088145896657 0.4677533664068037 0.6063829787234043
1 0.44932671863926293 0.6109422492401215 0.4663359319631467 0.6193009118541033 0.4727143869596031 0.5562310030395137 0.4801559177888023 0.3639817629179331 0.46243798724309 0.3662613981762918 0.44861800141743446 0.5433130699088146 0.44472005669737774 0.5889057750759878
2 0.42452161587526577 0.581306990881459 0.4326718639262934 0.6063829787234043 0.44790928419560594 0.6025835866261399 0.4542877391920624 0.5577507598784195 0.4649184975194897 0.3351063829787234 0.44153082919914954 0.3366261398176292 0.4294826364280652 0.479483282674772 0.42771084337349397 0.540273556231003
3 0.40184266477675407 0.5683890577507599 0.406094968107725 0.5904255319148937 0.42274982282069457 0.5889057750759878 0.42771084337349397 0.5767477203647416 0.4333805811481219 0.581306990881459 0.442239546420978 0.5387537993920972 0.43834160170092135 0.5037993920972644 0.4500354358610914 0.3282674772036474 0.4294826364280652 0.3282674772036474 0.4195605953224663 0.4642857142857143 0.40928419560595325 0.5159574468085106
4 0.3784549964564139 0.5524316109422492 0.385896527285613 0.5683890577507599 0.4011339475549256 0.5683890577507599 0.406094968107725 0.5630699088145896 0.4181431608788094 0.5509118541033434 0.4195605953224663 0.506079027355623 0.42912827781715096 0.32978723404255317 0.40928419560595325 0.3282674772036474 0.3880226789510985 0.4734042553191489 0.38341601700921335 0.5144376899696048 0.3802267895109851 0.5387537993920972
5 0.3440822111977321 0.5197568389057751 0.35613040396881646 0.5486322188449848 0.3827072997873848 0.5524316109422492 0.39475549255846915 0.5364741641337386 0.40042523033309707 0.4939209726443769 0.39865343727852587 0.43465045592705165 0.4057406094968108 0.3465045592705167 0.37278525868178597 0.3404255319148936 0.3614457831325301 0.43844984802431614 0.35046066619418853 0.48328267477203646
6 0.30616583982990786 0.4764437689969605 0.31715095676824945 0.4969604863221885 0.33026222537207656 0.5159574468085106 0.34727143869596033 0.5053191489361702 0.3589652728561304 0.4521276595744681 0.37030474840538624 0.3518237082066869 0.3664068036853296 0.3161094224924012 0.3479801559177888 0.30927051671732525 0.3373493975903614 0.3898176291793313 0.31715095676824945 0.4278115501519757 0.30616583982990786 0.45896656534954405
7 0.28667611622962436 0.3913373860182371 0.30297661233167966 0.41793313069908816 0.3203401842664777 0.42325227963525835 0.33841247342310415 0.4156534954407295 0.3454996456413891 0.37462006079027355 0.35364989369241673 0.31762917933130697 0.34975194897236 0.23100303951367782 0.32459248759744863 0.21428571428571427 0.31396172927002125 0.3069908814589666 0.3026222537207654 0.3229483282674772 0.2930545712260808 0.33814589665653494 0.28490432317505315 0.35714285714285715
8 0.4953933380581148 0.6261398176291794 0.5244507441530829 0.6231003039513677 0.5244507441530829 0.5623100303951368 0.5170092133238837 0.3465045592705167 0.498582565556343 0.3404255319148936 0.49929128277817153 0.4817629179331307 0.4961020552799433 0.5562310030395137
9 0.5283486888731396 0.6246200607902735 0.554925584691708 0.6063829787234043 0.5446491849751949 0.540273556231003 0.5372076541459957 0.3282674772036474 0.518781006378455 0.3343465045592705 0.5219702338766832 0.5987841945288754
10 0.5499645641389086 0.6132218844984803 0.5719347980155918 0.6124620060790273 0.5815024805102764 0.5866261398176292 0.5776045357902198 0.5129179331306991 0.5662650602409639 0.30851063829787234 0.5506732813607371 0.32750759878419455 0.5506732813607371 0.5144376899696048 0.5492558469170801 0.5524316109422492 0.5510276399716513 0.6003039513677811
11 0.5740609496810772 0.5919452887537994 0.5846917080085046 0.5904255319148937 0.5999291282778172 0.5957446808510638 0.6105598866052445 0.574468085106383 0.6038270729978739 0.5075987841945289 0.5967399007795889 0.30927051671732525 0.5719347980155918 0.33282674772036475 0.5744153082919915 0.5197568389057751 0.5687455705173635 0.5562310030395137
12 0.5960311835577604 0.5554711246200608 0.5999291282778172 0.5022796352583586 0.5928419560595323 0.30167173252279633 0.6151665485471297 0.29635258358662614 0.6226080793763289 0.45440729483282677 0.6296952515946137 0.5212765957446809 0.6360737065910702 0.5592705167173252 0.6282778171509568 0.5797872340425532 0.6087880935506733 0.5729483282674772
13 0.6304039688164422 0.5524316109422492 0.6176470588235294 0.49544072948328266 0.6194188518781006 0.4194528875379939 0.6187101346562721 0.34194528875379937 0.6428065201984409 0.3404255319148936 0.645995747696669 0.42249240121580545 0.6669029057406095 0.4886018237082067 0.6771793054571226 0.5334346504559271 0.6658398299078667 0.5486322188449848 0.6580439404677534 0.5524316109422492 0.6491849751948973 0.5577507598784195
14 0.6771793054571226 0.5250759878419453 0.6637136782423813 0.49240121580547114 0.6626506024096386 0.4452887537993921 0.6537916371367825 0.3229483282674772 0.6693834160170092 0.3069908814589666 0.6835577604535791 0.3161094224924012 0.689227498228207 0.38145896656534956 0.6885187810063784 0.41413373860182373 0.7069454287739192 0.4521276595744681 0.7136782423812899 0.5022796352583586 0.6998582565556343 0.5037993920972644 0.686392629340893 0.5281155015197568
15 0.6973777462792345 0.44148936170212766 0.6871013465627215 0.41641337386018235 0.6715095676824947 0.270516717325228 0.6959603118355776 0.26595744680851063 0.7062367115520907 0.35714285714285715 0.7168674698795181 0.3723404255319149 0.7296243798724309 0.38677811550151975 0.7391920623671155 0.41793313069908816 0.7303330970942594 0.42933130699088146 0.7257264351523742 0.44832826747720367 0.7175761871013465 0.45440729483282677 0.708008504606662 0.4574468085106383 0.702338766832034 0.45440729483282677
16 0.4911410347271439 0.6527355623100304 0.5124025513819985 0.6458966565349544 0.5113394755492559 0.689209726443769 0.5145287030474841 0.8282674772036475 0.5017717930545712 0.8221884498480243
17 0.5067328136073707 0.6474164133738601 0.5152374202693125 0.64209726443769 0.5347271438695961 0.6504559270516718 0.5329553508150248 0.7302431610942249 0.5379163713678242 0.8411854103343465 0.5170092133238837 0.8358662613981763
18 0.5301204819277109 0.6504559270516718 0.540396881644224 0.6382978723404256 0.556343019135365 0.64209726443769 0.5598866052445074 0.6854103343465046 0.5683912119064494 0.8723404255319149 0.5460666194188519 0.8617021276595744 0.5301204819277109 0.6732522796352584
19 0.5581148121899362 0.6595744680851063 0.5620127569099929 0.6337386018237082 0.5839829907866761 0.6337386018237082 0.5903614457831325 0.6679331306990881 0.5889440113394756 0.7142857142857143 0.5978029766123317 0.85790273556231 0.5822111977321048 0.8662613981762918 0.5644932671863926 0.7112462006079028
20 0.5861091424521616 0.6831306990881459 0.5708717221828491 0.6580547112462006 0.5701630049610206 0.6200607902735562 0.5846917080085046 0.6231003039513677 0.5974486180014175 0.6041033434650456 0.6055988660524451 0.6094224924012158 0.611268603827073 0.6451367781155015 0.6194188518781006 0.6922492401215805 0.6491849751948973 0.8199088145896657 0.631467044649185 0.8358662613981763 0.6080793763288448 0.756079027355623
21 0.6162296243798724 0.6648936170212766 0.6031183557760453 0.64209726443769 0.5928419560595323 0.5987841945288754 0.6073706591070163 0.5957446808510638 0.6176470588235294 0.5904255319148937 0.6435152374202693 0.5767477203647416 0.6523742026931254 0.6056231003039514 0.6594613749114103 0.648936170212766 0.7055279943302623 0.7477203647416414 0.6385542168674698 0.7978723404255319 0.6304039688164422 0.7317629179331308
22 0.6686746987951807 0.6451367781155015 0.6523742026931254 0.621580547112462 0.6435152374202693 0.5683890577507599 0.6594613749114103 0.5562310030395137 0.6764705882352942 0.5433130699088146 0.6846208362863218 0.540273556231003 0.6948972360028348 0.5455927051671733 0.7041105598866052 0.5919452887537994 0.702338766832034 0.60790273556231 0.7303330970942594 0.702887537993921 0.7150956768249468 0.7401215805471124 0.6966690290574061 0.7317629179331308 0.6757618710134656 0.6869300911854104
23 0.7069454287739192 0.5919452887537994 0.6927710843373494 0.5486322188449848 0.6984408221119773 0.5129179331306991 0.7129695251594613 0.506079027355623 0.7232459248759745 0.5037993920972644 0.738483345145287 0.5106382978723404 0.7459248759744862 0.5554711246200608 0.7487597448618002 0.601063829787234 0.7693125442948263 0.6975683890577508 0.7473423104181431 0.7112462006079028 0.722537207654146 0.6664133738601824
24 0.47448618001417436 0.6504559270516718 0.49468462083628634 0.6527355623100304 0.4953933380581148 0.8305471124620061 0.4801559177888023 0.8335866261398176
25 0.4599574769666903 0.6451367781155015 0.47661233167965983 0.6405775075987842 0.48228206945428775 0.6504559270516718 0.47909284195605956 0.6975683890577508 0.47448618001417436 0.8601823708206687 0.4574769666902906 0.8548632218844985 0.4620836286321758 0.7044072948328267 0.4588944011339476 0.662613981762918
26 0.4365698086463501 0.723404255319149 0.4390503189227498 0.6610942249240122 0.442239546420978 0.6458966565349544 0.45180722891566266 0.6337386018237082 0.4560595322466336 0.6512158054711246 0.46243798724309 0.6770516717325228 0.4592487597448618 0.7264437689969605 0.45251594613749113 0.8890577507598785 0.4333805811481219 0.8852583586626139
27 0.4131821403260099 0.7583586626139818 0.41708008504606664 0.6952887537993921 0.4163713678242381 0.6702127659574468 0.4270021261516655 0.6177811550151976 0.43550673281360736 0.6147416413373861 0.4443656980864635 0.6352583586626139 0.44861800141743446 0.6504559270516718 0.44294826364280654 0.6922492401215805 0.42593905031892276 0.8647416413373861 0.4099929128277817 0.8533434650455927
28 0.3855421686746988 0.7667173252279635 0.39475549255846915 0.6884498480243161 0.3972360028348689 0.6299392097264438 0.408929836995039 0.587386018237082 0.41708008504606664 0.60790273556231 0.42593905031892276 0.6268996960486323 0.4340892983699504 0.6200607902735562 0.4365698086463501 0.64209726443769 0.42523033309709424 0.6770516717325228 0.39865343727852587 0.8282674772036475 0.3848334514528703 0.8199088145896657
29 0.3196314670446492 0.723404255319149 0.35931963146704465 0.6405775075987842 0.3649893692416726 0.5729483282674772 0.37597448618001417 0.5645896656534954 0.38979447200566975 0.587386018237082 0.406094968107725 0.5934650455927052 0.40928419560595325 0.5942249240121581 0.4181431608788094 0.6056231003039514 0.41247342310418145 0.648936170212766 0.3972360028348689 0.6717325227963525 0.3784549964564139 0.7598784194528876 0.3486888731396173 0.8168693009118541
30 0.28171509567682496 0.6838905775075987 0.30758327427356486 0.6063829787234043 0.3175053153791637 0.587386018237082 0.32140326009922043 0.5440729483282675 0.33664068036853295 0.5250759878419453 0.3678242381289865 0.5630699088145896 0.38235294117647056 0.5851063829787234 0.36711552090715804 0.6124620060790273 0.3479801559177888 0.6352583586626139 0.29872430900070873 0.7522796352583586 0.27781715095676823 0.7180851063829787
31 0.23777462792345855 0.6405775075987842 0.2721474131821403 0.5782674772036475 0.2721474131821403 0.5129179331306991 0.2841956059532247 0.4870820668693009 0.3026222537207654 0.5022796352583586 0.3206945428773919 0.506079027355623 0.33203401842664776 0.5243161094224924 0.3203401842664777 0.5767477203647416 0.29872430900070873 0.6527355623100304 0.2625797306874557 0.6990881458966566