0 0.4888663967611336 0.382172131147541 0.4934210526315789 0.5174180327868853 0.4934210526315789 0.555327868852459 0.465080971659919 0.5645491803278688 0.46558704453441296 0.5491803278688525 0.4640688259109312 0.5368852459016393 0.4645748987854251 0.5204918032786885 0.4600202429149798 0.3770491803278688 0.4883603238866397 0.3729508196721312
1 0.4605263157894737 0.3780737704918033 0.4645748987854251 0.5163934426229508 0.46558704453441296 0.5368852459016393 0.46710526315789475 0.5625 0.4418016194331984 0.5573770491803278 0.4418016194331984 0.5430327868852459 0.44281376518218624 0.5235655737704918 0.43876518218623484 0.42520491803278687 0.4423076923076923 0.3719262295081967 0.45951417004048584 0.36885245901639346
2 0.4331983805668016 0.35860655737704916 0.4407894736842105 0.4764344262295082 0.44281376518218624 0.4989754098360656 0.4423076923076923 0.5112704918032787 0.4418016194331984 0.5235655737704918 0.44129554655870445 0.5338114754098361 0.4382591093117409 0.5491803278688525 0.430668016194332 0.5563524590163934 0.423582995951417 0.5584016393442623 0.4190283400809717 0.548155737704918 0.4149797570850202 0.5338114754098361 0.4149797570850202 0.5225409836065574 0.4180161943319838 0.5122950819672131 0.4200404858299595 0.5 0.4190283400809717 0.47950819672131145 0.41700404858299595 0.45389344262295084 0.4190283400809717 0.34938524590163933 0.4311740890688259 0.3422131147540984
3 0.4180161943319838 0.3432377049180328 0.4175101214574899 0.4610655737704918 0.4185222672064777 0.48463114754098363 0.41953441295546556 0.49385245901639346 0.41953441295546556 0.5010245901639344 0.4185222672064777 0.5122950819672131 0.416497975708502 0.5235655737704918 0.4139676113360324 0.5348360655737705 0.40789473684210525 0.5409836065573771 0.4008097165991903 0.5420081967213115 0.3932186234817814 0.5327868852459017 0.38917004048583 0.5266393442622951 0.38714574898785425 0.5153688524590164 0.38917004048583 0.4918032786885246 0.39119433198380565 0.45799180327868855 0.4033400809716599 0.3391393442622951 0.416497975708502 0.33401639344262296
4 0.4008097165991903 0.35348360655737704 0.3856275303643725 0.5256147540983607 0.3658906882591093 0.5184426229508197 0.36639676113360325 0.4948770491803279 0.3658906882591093 0.4651639344262295 0.3775303643724696 0.3555327868852459 0.38866396761133604 0.3206967213114754 0.40131578947368424 0.3206967213114754
5 0.3648785425101215 0.3165983606557377 0.3648785425101215 0.4395491803278688 0.36639676113360325 0.47438524590163933 0.3658906882591093 0.492827868852459 0.36133603238866396 0.5204918032786885 0.3375506072874494 0.5307377049180327 0.326417004048583 0.5245901639344263 0.3243927125506073 0.48770491803278687 0.3274291497975709 0.4661885245901639 0.3314777327935223 0.4067622950819672 0.3314777327935223 0.32684426229508196
6 0.333502024291498 0.32786885245901637 0.3319838056680162 0.41905737704918034 0.3269230769230769 0.46209016393442626 0.3243927125506073 0.4887295081967213 0.3081983805668016 0.5020491803278688 0.2980769230769231 0.4918032786885246 0.284919028340081 0.4774590163934426 0.2808704453441296 0.4600409836065574 0.2813765182186235 0.4395491803278688 0.2889676113360324 0.4180327868852459 0.29605263157894735 0.4139344262295082 0.3006072874493927 0.38934426229508196 0.30870445344129555 0.33709016393442626 0.3147773279352227 0.32274590163934425
7 0.28795546558704455 0.30225409836065575 0.2732793522267207 0.33094262295081966 0.2626518218623482 0.35655737704918034 0.2611336032388664 0.3770491803278688 0.26619433198380565 0.39959016393442626 0.2702429149797571 0.4149590163934426 0.27378542510121456 0.42418032786885246 0.2783400809716599 0.42520491803278687 0.2899797570850202 0.4149590163934426 0.29605263157894735 0.4149590163934426 0.30516194331983804 0.375 0.31781376518218624 0.3155737704918033 0.3026315789473684 0.30225409836065575
8 0.4898785425101215 0.38114754098360654 0.4924089068825911 0.5153688524590164 0.4939271255060729 0.5297131147540983 0.4939271255060729 0.5512295081967213 0.4959514170040486 0.5604508196721312 0.5030364372469636 0.5635245901639344 0.5091093117408907 0.5604508196721312 0.5151821862348178 0.5563524590163934 0.5172064777327935 0.5512295081967213 0.5187246963562753 0.5409836065573771 0.5182186234817814 0.5266393442622951 0.5177125506072875 0.5133196721311475 0.5172064777327935 0.4989754098360656 0.5156882591093117 0.4651639344262295 0.5146761133603239 0.35040983606557374 0.4908906882591093 0.35040983606557374
9 0.5227732793522267 0.3391393442622951 0.5172064777327935 0.5 0.5161943319838057 0.5081967213114754 0.5146761133603239 0.5174180327868853 0.5146761133603239 0.5245901639344263 0.5151821862348178 0.5327868852459017 0.5161943319838057 0.5450819672131147 0.5187246963562753 0.5522540983606558 0.5237854251012146 0.555327868852459 0.5293522267206477 0.5563524590163934 0.5359311740890689 0.5522540983606558 0.5364372469635628 0.5440573770491803 0.5369433198380567 0.5327868852459017 0.5364372469635628 0.5215163934426229 0.5339068825910931 0.507172131147541 0.5339068825910931 0.4969262295081967 0.534919028340081 0.48463114754098363 0.541497975708502 0.3432377049180328
10 0.5445344129554656 0.3422131147540984 0.5369433198380567 0.47848360655737704 0.5339068825910931 0.4918032786885246 0.5334008097165992 0.5 0.5339068825910931 0.5163934426229508 0.5364372469635628 0.5358606557377049 0.5404858299595142 0.548155737704918 0.5460526315789473 0.5502049180327869 0.5495951417004049 0.5471311475409836 0.5546558704453441 0.5420081967213115 0.5571862348178138 0.5348360655737705 0.5581983805668016 0.5235655737704918 0.5581983805668016 0.5112704918032787 0.5581983805668016 0.4969262295081967 0.5581983805668016 0.48258196721311475 0.5673076923076923 0.32684426229508196 0.5470647773279352 0.32274590163934425
12 0.5824898785425101 0.32581967213114754 0.5748987854251012 0.44979508196721313 0.5733805668016194 0.4702868852459016 0.5718623481781376 0.4774590163934426 0.5713562753036437 0.48668032786885246 0.5733805668016194 0.4948770491803279 0.5748987854251012 0.5020491803278688 0.5774291497975709 0.5102459016393442 0.5789473684210527 0.5194672131147541 0.5804655870445344 0.5266393442622951 0.5870445344129555 0.5307377049180327 0.5926113360323887 0.5317622950819673 0.5976720647773279 0.5276639344262295 0.6027327935222672 0.5174180327868853 0.604251012145749 0.5061475409836066 0.6032388663967612 0.4959016393442623 0.603744939271255 0.4774590163934426 0.603744939271255 0.45901639344262296 0.6032388663967612 0.4323770491803279 0.6007085020242915 0.3237704918032787
13 0.6098178137651822 0.3094262295081967 0.603744939271255 0.43135245901639346 0.5996963562753036 0.4395491803278688 0.5981781376518218 0.44364754098360654 0.59665991902834 0.45184426229508196 0.59665991902834 0.46209016393442626 0.597165991902834 0.4723360655737705 0.5986842105263158 0.48155737704918034 0.6002024291497976 0.4918032786885246 0.6027327935222672 0.5040983606557377 0.6057692307692307 0.514344262295082 0.6103238866396761 0.5215163934426229 0.618421052631579 0.5215163934426229 0.6275303643724697 0.5153688524590164 0.6336032388663968 0.5092213114754098 0.6371457489878543 0.5040983606557377 0.6396761133603239 0.48975409836065575 0.6381578947368421 0.4733606557377049 0.6376518218623481 0.45901639344262296 0.6336032388663968 0.4262295081967213 0.6336032388663968 0.32684426229508196 0.631578947368421 0.305327868852459
14 0.631578947368421 0.3104508196721312 0.6341093117408907 0.42213114754098363 0.6330971659919028 0.4395491803278688 0.6351214574898786 0.45184426229508196 0.6376518218623481 0.4733606557377049 0.6477732793522267 0.48975409836065575 0.6568825910931174 0.48770491803278687 0.6675101214574899 0.47848360655737704 0.6786437246963563 0.46311475409836067 0.6811740890688259 0.44672131147540983 0.6745951417004049 0.4262295081967213 0.666497975708502 0.4016393442622951 0.6584008097165992 0.36065573770491804 0.652834008097166 0.3084016393442623
15 0.6523279352226721 0.3073770491803279 0.6614372469635628 0.3801229508196721 0.667004048582996 0.4047131147540984 0.6740890688259109 0.42520491803278687 0.6781376518218624 0.4323770491803279 0.6857287449392713 0.4364754098360656 0.6918016194331984 0.430327868852459 0.6983805668016194 0.41598360655737704 0.701417004048583 0.4036885245901639 0.7054655870445344 0.3862704918032787 0.7054655870445344 0.3739754098360656 0.6968623481781376 0.36065573770491804 0.687753036437247 0.34938524590163933 0.6796558704453441 0.33094262295081966 0.6710526315789473 0.29918032786885246 0.6680161943319838 0.2889344262295082 0.6543522267206477 0.29098360655737704
16 0.4893724696356275 0.5819672131147541 0.49038461538461536 0.5983606557377049 0.49038461538461536 0.7213114754098361 0.5080971659919028 0.7182377049180327 0.5101214574898786 0.6577868852459017 0.5096153846153846 0.6055327868852459 0.5091093117408907 0.5747950819672131
17 0.5091093117408907 0.5758196721311475 0.5096153846153846 0.6086065573770492 0.5086032388663968 0.7540983606557377 0.5222672064777328 0.7561475409836066 0.5298582995951417 0.6270491803278688 0.5293522267206477 0.6116803278688525 0.5288461538461539 0.6024590163934426 0.5293522267206477 0.5891393442622951 0.5293522267206477 0.5819672131147541 0.52834008097166 0.5758196721311475 0.5247975708502024 0.5717213114754098 0.520242914979757 0.5717213114754098
18 0.5339068825910931 0.569672131147541 0.5298582995951417 0.5747950819672131 0.5288461538461539 0.5809426229508197 0.527834008097166 0.5911885245901639 0.5323886639676113 0.7797131147540983 0.555161943319838 0.7776639344262295 0.5546558704453441 0.6127049180327869 0.5531376518218624 0.6004098360655737 0.5506072874493927 0.5901639344262295 0.5495951417004049 0.5829918032786885 0.5511133603238867 0.5758196721311475 0.5521255060728745 0.5645491803278688 0.5460526315789473 0.5625 0.5404858299595142 0.5635245901639344
19 0.5587044534412956 0.5717213114754098 0.5495951417004049 0.5850409836065574 0.5541497975708503 0.6096311475409836 0.555161943319838 0.6372950819672131 0.5602226720647774 0.7622950819672131 0.5824898785425101 0.7592213114754098 0.5779352226720648 0.6045081967213115 0.5784412955465587 0.5922131147540983 0.5779352226720648 0.5788934426229508 0.576417004048583 0.5717213114754098 0.5718623481781376 0.5635245901639344 0.5617408906882592 0.5676229508196722
20 0.582995951417004 0.5512295081967213 0.5774291497975709 0.5512295081967213 0.5728744939271255 0.555327868852459 0.5703441295546559 0.5655737704918032 0.5713562753036437 0.5788934426229508 0.5754048582995951 0.5952868852459017 0.5814777327935222 0.610655737704918 0.5865384615384616 0.6793032786885246 0.6052631578947368 0.764344262295082 0.6356275303643725 0.7448770491803278 0.6148785425101214 0.6567622950819673 0.6108299595141701 0.5727459016393442 0.6057692307692307 0.5522540983606558 0.59665991902834 0.548155737704918
22 0.631578947368421 0.5245901639344263 0.6224696356275303 0.5348360655737705 0.6214574898785425 0.5512295081967213 0.6275303643724697 0.5717213114754098 0.6351214574898786 0.5891393442622951 0.6781376518218624 0.6844262295081968 0.7029352226720648 0.7038934426229508 0.7196356275303644 0.6557377049180327 0.7110323886639676 0.610655737704918 0.7024291497975709 0.5891393442622951 0.6892712550607287 0.5706967213114754 0.680161943319838 0.5502049180327869 0.673582995951417 0.5307377049180327 0.6715587044534413 0.5235655737704918 0.6675101214574899 0.5153688524590164 0.6639676113360324 0.5051229508196722 0.6589068825910931 0.4989754098360656 0.6518218623481782 0.4989754098360656 0.6442307692307693 0.5061475409836066 0.638663967611336 0.514344262295082 0.6341093117408907 0.5215163934426229
23 0.6771255060728745 0.4672131147540984 0.6685222672064778 0.4713114754098361 0.6634615384615384 0.47848360655737704 0.6604251012145749 0.492827868852459 0.6629554655870445 0.507172131147541 0.6685222672064778 0.5245901639344263 0.6761133603238867 0.5430327868852459 0.7201417004048583 0.6403688524590164 0.7424089068825911 0.5870901639344263 0.7206477732793523 0.5204918032786885 0.7130566801619433 0.4948770491803279 0.7074898785425101 0.4702868852459016 0.7029352226720648 0.45594262295081966 0.6968623481781376 0.4456967213114754 0.6912955465587044 0.44364754098360654 0.6862348178137652 0.45184426229508196 0.6837044534412956 0.46209016393442626
24 0.4888663967611336 0.5819672131147541 0.49038461538461536 0.5993852459016393 0.49139676113360325 0.7694672131147541 0.4741902834008097 0.7704918032786885 0.47115384615384615 0.6239754098360656 0.47115384615384615 0.5799180327868853
25 0.47115384615384615 0.5788934426229508 0.4726720647773279 0.6260245901639344 0.472165991902834 0.7725409836065574 0.4473684210526316 0.7704918032786885 0.45040485829959515 0.6116803278688525 0.4483805668016194 0.5799180327868853
26 0.44483805668016196 0.5737704918032787 0.45040485829959515 0.5829918032786885 0.45040485829959515 0.6147540983606558 0.4423076923076923 0.7920081967213115 0.4144736842105263 0.7858606557377049 0.4240890688259109 0.6116803278688525 0.4276315789473684 0.5932377049180327 0.4256072874493927 0.5809426229508197 0.4271255060728745 0.5737704918032787 0.4347165991902834 0.5727459016393442
27 0.4144736842105263 0.569672131147541 0.4271255060728745 0.5891393442622951 0.4276315789473684 0.5952868852459017 0.4230769230769231 0.6147540983606558 0.41143724696356276 0.7858606557377049 0.3856275303643725 0.7797131147540983 0.3982793522267207 0.6116803278688525 0.3982793522267207 0.5952868852459017 0.39878542510121456 0.5809426229508197 0.40131578947368424 0.5717213114754098 0.409919028340081 0.5665983606557377
28 0.3967611336032389 0.5604508196721312 0.39119433198380565 0.5573770491803278 0.3856275303643725 0.5522540983606558 0.38208502024291496 0.5522540983606558 0.3785425101214575 0.5573770491803278 0.375 0.5614754098360656 0.3729757085020243 0.5676229508196722 0.3714574898785425 0.576844262295082 0.3714574898785425 0.5922131147540983 0.33653846153846156 0.7489754098360656 0.35880566801619435 0.7704918032786885 0.3942307692307692 0.6188524590163934 0.3982793522267207 0.6065573770491803 0.4018218623481781 0.5993852459016393 0.4048582995951417 0.5901639344262295 0.4058704453441296 0.5799180327868853 0.4068825910931174 0.5635245901639344
29 0.3375506072874494 0.5389344262295082 0.33451417004048584 0.5440573770491803 0.3324898785425101 0.548155737704918 0.3314777327935223 0.5522540983606558 0.33046558704453444 0.5584016393442623 0.32894736842105265 0.569672131147541 0.3269230769230769 0.5788934426229508 0.2768218623481781 0.7038934426229508 0.3233805668016194 0.7551229508196722 0.35121457489878544 0.6721311475409836 0.3658906882591093 0.6034836065573771 0.3714574898785425 0.5881147540983607 0.37398785425101216 0.5778688524590164 0.37550607287449395 0.569672131147541 0.3765182186234818 0.5584016393442623 0.37601214574898784 0.5512295081967213 0.3689271255060729 0.5461065573770492 0.36285425101214575 0.5450819672131147 0.3522267206477733 0.5399590163934426 0.3451417004048583 0.5348360655737705 0.33856275303643724 0.5348360655737705
30 0.2950404858299595 0.5020491803278688 0.2874493927125506 0.5297131147540983 0.28694331983805665 0.5461065573770492 0.2859311740890688 0.5532786885245902 0.2839068825910931 0.5604508196721312 0.2818825910931174 0.5655737704918032 0.27884615384615385 0.5706967213114754 0.2758097165991903 0.5758196721311475 0.2722672064777328 0.5829918032786885 0.2692307692307692 0.5901639344262295 0.24139676113360323 0.6352459016393442 0.2692307692307692 0.680327868852459 0.3021255060728745 0.6331967213114754 0.3269230769230769 0.5788934426229508 0.3299595141700405 0.5686475409836066 0.33046558704453444 0.5614754098360656 0.3314777327935223 0.555327868852459 0.33299595141700405 0.5502049180327869 0.3350202429149798 0.5450819672131147 0.3355263157894737 0.5399590163934426 0.3324898785425101 0.5317622950819673 0.3228744939271255 0.5266393442622951 0.3157894736842105 0.5184426229508197 0.3081983805668016 0.5081967213114754 0.3026315789473684 0.5020491803278688
31 0.2727732793522267 0.48770491803278687 0.2601214574898785 0.48360655737704916 0.25050607287449395 0.4948770491803279 0.2408906882591093 0.514344262295082 0.22722672064777327 0.5532786885245902 0.21002024291497975 0.6045081967213115 0.23279352226720648 0.6383196721311475 0.2687246963562753 0.5901639344262295 0.2783400809716599 0.5717213114754098 0.2834008097165992 0.5635245901639344 0.28643724696356276 0.5522540983606558 0.28846153846153844 0.5389344262295082 0.2874493927125506 0.5235655737704918 0.2834008097165992 0.5092213114754098 0.27631578947368424 0.4969262295081967