0 0.49645868465430015 0.35106382978723405 0.5018549747048904 0.581306990881459 0.47318718381112984 0.5805471124620061 0.46981450252951096 0.5562310030395137 0.47217537942664417 0.5121580547112462 0.4718381112984823 0.35790273556231
1 0.4684654300168634 0.3533434650455927 0.47217537942664417 0.5151975683890577 0.46913996627318716 0.5501519756838906 0.4623946037099494 0.5661094224924013 0.4556492411467116 0.5539513677811551 0.44957841483979766 0.540273556231003 0.44957841483979766 0.5182370820668692 0.4532883642495784 0.49620060790273557 0.4536256323777403 0.3541033434650456
2 0.4451939291736931 0.3434650455927052 0.4549747048903879 0.49848024316109424 0.4549747048903879 0.5121580547112462 0.4549747048903879 0.5220364741641338 0.4532883642495784 0.5387537993920972 0.4509274873524452 0.5554711246200608 0.4468802698145025 0.5706686930091185 0.4421585160202361 0.5752279635258358 0.4357504215851602 0.5699088145896657 0.4300168634064081 0.5539513677811551 0.4269814502529511 0.5379939209726444 0.4276559865092749 0.5220364741641338 0.43204047217537944 0.49848024316109424 0.433389544688027 0.46656534954407297 0.43069139966273184 0.34498480243161095
3 0.42327150084317033 0.3404255319148936 0.4327150084317032 0.4878419452887538 0.4350758853288364 0.49848024316109424 0.43676222596964587 0.506838905775076 0.43676222596964587 0.520516717325228 0.43676222596964587 0.5319148936170213 0.436424957841484 0.5425531914893617 0.4347386172006745 0.5524316109422492 0.4317032040472175 0.5623100303951368 0.42630691399662735 0.5706686930091185 0.41922428330522765 0.5737082066869301 0.41349072512647556 0.5683890577507599 0.409106239460371 0.5623100303951368 0.40640809443507586 0.5501519756838906 0.406070826306914 0.5364741641337386 0.4084317032040472 0.5212765957446809 0.4107925801011804 0.5037993920972644 0.4114671163575042 0.4749240121580547 0.4114671163575042 0.33586626139817627
4 0.4003372681281619 0.3343465045592705 0.41112984822934234 0.4939209726443769 0.4131534569983137 0.5037993920972644 0.4141652613827993 0.5129179331306991 0.4148397976391231 0.5220364741641338 0.4155143338954469 0.5319148936170213 0.4155143338954469 0.5417933130699089 0.41517706576728497 0.5516717325227963 0.4124789207419899 0.5615501519756839 0.40876897133220913 0.567629179331307 0.4010118043844857 0.5699088145896657 0.39494097807757167 0.5699088145896657 0.3898819561551433 0.5668693009118541 0.38549747048903876 0.5539513677811551 0.3834738617200675 0.5417933130699089 0.38381112984822935 0.5220364741641338 0.3844856661045531 0.5045592705167173 0.38684654300168636 0.3343465045592705
5 0.37335581787521077 0.3305471124620061 0.384822934232715 0.5083586626139818 0.38785834738617203 0.5182370820668692 0.38785834738617203 0.5281155015197568 0.3881956155143339 0.5395136778115501 0.3881956155143339 0.5524316109422492 0.38617200674536256 0.5600303951367781 0.3824620573355818 0.5653495440729484 0.3753794266441821 0.5737082066869301 0.3639123102866779 0.5699088145896657 0.3568296795952782 0.5661094224924013 0.3494097807757167 0.5577507598784195 0.34502529510961216 0.541033434650456 0.34502529510961216 0.5220364741641338 0.3456998313659359 0.49012158054711247 0.3527824620573356 0.33282674772036475
6 0.3456998313659359 0.3221884498480243 0.3456998313659359 0.4969604863221885 0.3456998313659359 0.513677811550152 0.3456998313659359 0.5273556231003039 0.3456998313659359 0.5372340425531915 0.3426644182124789 0.5448328267477204 0.33895446880269814 0.5524316109422492 0.3284991568296796 0.5569908814589666 0.3214165261382799 0.5516717325227963 0.3163575042158516 0.5448328267477204 0.31231028667790894 0.5364741641337386 0.30893760539629006 0.5243161094224924 0.3072512647554806 0.506079027355623 0.30927487352445193 0.493161094224924 0.31163575042158514 0.47188449848024316 0.32613827993254635 0.31990881458966564
7 0.3183811129848229 0.310790273556231 0.30893760539629006 0.4749240121580547 0.3112984822934233 0.4848024316109423 0.31163575042158514 0.4946808510638298 0.3102866779089376 0.5045592705167173 0.3075885328836425 0.5167173252279635 0.30590219224283305 0.5258358662613982 0.3021922428330523 0.5319148936170213 0.2991568296795953 0.53419452887538 0.2951096121416526 0.5349544072948328 0.29106239460371 0.5334346504559271 0.2870151770657673 0.5273556231003039 0.2799325463743676 0.5220364741641338 0.2748735244519393 0.5151975683890577 0.26981450252951095 0.5098784194528876 0.26745362563237773 0.4908814589665654 0.26711635750421586 0.47112462006079026 0.2701517706576729 0.4452887537993921 0.2957841483979764 0.303951367781155
8 0.5021922428330523 0.35030395136778114 0.5021922428330523 0.5797872340425532 0.5328836424957841 0.5820668693009119 0.5349072512647555 0.5531914893617021 0.5311973018549747 0.5303951367781155 0.5325463743676223 0.3518237082066869
9 0.5328836424957841 0.35714285714285715 0.5311973018549747 0.5273556231003039 0.533220910623946 0.541033434650456 0.5355817875210792 0.5501519756838906 0.5355817875210792 0.5645896656534954 0.5436762225969646 0.5767477203647416 0.5494097807757167 0.5729483282674772 0.5527824620573356 0.5683890577507599 0.5554806070826307 0.560790273556231 0.5571669477234401 0.5486322188449848 0.5571669477234401 0.5379939209726444 0.5564924114671164 0.5273556231003039 0.554806070826307 0.5167173252279635 0.5541315345699831 0.49848024316109424 0.5527824620573356 0.3556231003039514
10 0.5527824620573356 0.3670212765957447 0.554806070826307 0.506079027355623 0.5537942664418213 0.5182370820668692 0.5534569983136594 0.5273556231003039 0.5541315345699831 0.5379939209726444 0.557504215851602 0.5509118541033434 0.5612141652613828 0.5721884498480243 0.5686340640809443 0.5896656534954408 0.5811129848229343 0.5775075987841946 0.5827993254637437 0.5585106382978723 0.5814502529510961 0.541033434650456 0.5794266441821248 0.5227963525835866 0.5750421585160203 0.49012158054711247 0.5767284991568297 0.35638297872340424 0.5531197301854974 0.3548632218844985
12 0.603035413153457 0.3723404255319149 0.6010118043844856 0.513677811550152 0.6003372681281619 0.5227963525835866 0.5976391231028668 0.5357142857142857 0.5966273187183811 0.547112462006079 0.5989881956155143 0.5577507598784195 0.6023608768971332 0.5683890577507599 0.6080944350758853 0.5767477203647416 0.6205733558178752 0.5835866261398176 0.6290050590219224 0.5554711246200608 0.6266441821247892 0.5296352583586627 0.6232715008431703 0.5030395136778115 0.6155143338954469 0.35638297872340424 0.6114671163575042 0.33890577507598785 0.6003372681281619 0.33890577507598785
13 0.6252951096121416 0.3837386018237082 0.6236087689713322 0.4726443768996961 0.6205733558178752 0.48404255319148937 0.6215851602023609 0.49620060790273557 0.6229342327150085 0.5045592705167173 0.6236087689713322 0.5144376899696048 0.6252951096121416 0.5227963525835866 0.6276559865092749 0.5311550151975684 0.6327150084317033 0.5349544072948328 0.6374367622259697 0.5349544072948328 0.6438448566610455 0.5357142857142857 0.6462057335581788 0.5357142857142857 0.6485666104553119 0.5326747720364742 0.6489038785834739 0.5250759878419453 0.651602023608769 0.5075987841945289 0.6519392917369309 0.48936170212765956 0.6489038785834739 0.44452887537993924 0.6465430016863406 0.3768996960486322
14 0.6644182124789207 0.3601823708206687 0.6539629005059022 0.40425531914893614 0.6495784148397976 0.43541033434650456 0.6492411467116358 0.46808510638297873 0.6522765598650927 0.5045592705167173 0.6502529510961215 0.5243161094224924 0.6489038785834739 0.5562310030395137 0.6549747048903879 0.574468085106383 0.6640809443507588 0.5775075987841946 0.6755480607082631 0.5759878419452887 0.6839797639123103 0.560790273556231 0.6897133220910624 0.5448328267477204 0.6920741989881957 0.526595744680851 0.6920741989881957 0.49240121580547114 0.6900505902192243 0.3465045592705167 0.6674536256323778 0.34194528875379937
15 0.6930860033726813 0.3427051671732523 0.6873524451939291 0.3951367781155015 0.6870151770657673 0.42401215805471126 0.6890387858347387 0.4521276595744681 0.6887015177065767 0.4749240121580547 0.6887015177065767 0.4969604863221885 0.6913996627318718 0.5167173252279635 0.6940978077571669 0.5372340425531915 0.6994940978077572 0.5509118541033434 0.7065767284991569 0.5524316109422492 0.7112984822934233 0.5524316109422492 0.7156829679595278 0.5433130699088146 0.7187183811129848 0.5417933130699089 0.7268128161888702 0.5319148936170213 0.7308600337268129 0.5227963525835866 0.7328836424957842 0.5129179331306991 0.7291736930860033 0.4726443768996961 0.7193929173693085 0.4126139817629179 0.712310286677909 0.3305471124620061 0.6937605396290051 0.3305471124620061
16 0.5042158516020236 0.6086626139817629 0.5035413153456998 0.8130699088145896 0.5227655986509275 0.8130699088145896 0.5251264755480607 0.60790273556231
17 0.5251264755480607 0.60790273556231 0.5227655986509275 0.8168693009118541 0.5413153456998314 0.817629179331307 0.5494097807757167 0.6550151975683891 0.5504215851602023 0.6101823708206687
18 0.5500843170320405 0.60790273556231 0.5473861720067453 0.8609422492401215 0.5770657672849916 0.8594224924012158 0.5750421585160203 0.6595744680851063 0.5763912310286677 0.6474164133738601 0.5763912310286677 0.6329787234042553 0.5730185497470489 0.6185410334346505 0.56964586846543 0.6086626139817629
19 0.5770657672849916 0.6177811550151976 0.5693086003372682 0.6268996960486323 0.5666104553119731 0.6344984802431611 0.5686340640809443 0.6466565349544073 0.5723440134907252 0.6595744680851063 0.5763912310286677 0.6679331306990881 0.5851602023608768 0.8563829787234043 0.6067453625632377 0.8480243161094225 0.5952782462057336 0.6572948328267477 0.5962900505902192 0.6451367781155015 0.596964586846543 0.6299392097264438 0.5962900505902192 0.6208206686930091 0.5935919055649241 0.6124620060790273 0.5892074198988195 0.6094224924012158 0.581787521079258 0.6094224924012158
20 0.6026981450252951 0.6086626139817629 0.5973018549747049 0.6162613981762918 0.593929173693086 0.6268996960486323 0.5915682967959528 0.6352583586626139 0.5942664418212479 0.6580547112462006 0.615177065767285 0.8487841945288754 0.6387858347386172 0.8282674772036475 0.6225969645868465 0.6641337386018237 0.621247892074199 0.6398176291793313 0.6215851602023609 0.6238601823708206 0.6185497470489039 0.60790273556231 0.6128161888701518 0.5995440729483282
21 0.636424957841484 0.5927051671732523 0.6300168634064081 0.6003039513677811 0.6229342327150085 0.6063829787234043 0.6172006745362564 0.6101823708206687 0.6124789207419898 0.6162613981762918 0.6114671163575042 0.6268996960486323 0.6128161888701518 0.6413373860182371 0.6172006745362564 0.6610942249240122 0.6249578414839798 0.6732522796352584 0.6559865092748736 0.8267477203647416 0.6917369308600337 0.7773556231003039 0.6627318718381113 0.6428571428571429 0.654637436762226 0.5927051671732523 0.6472175379426645 0.5843465045592705
22 0.6735244519392918 0.5775075987841946 0.6563237774030354 0.5889057750759878 0.6586846543001686 0.6223404255319149 0.6947723440134908 0.791033434650456 0.7335581787521079 0.7401215805471124 0.7048903878583473 0.6170212765957447 0.7035413153456999 0.6003039513677811 0.702866779089376 0.5866261398176292 0.7001686340640809 0.5775075987841946 0.6961214165261382 0.5714285714285714 0.6900505902192243 0.567629179331307 0.6856661045531197 0.5691489361702128 0.6802698145025295 0.5729483282674772
23 0.7210792580101181 0.541033434650456 0.7082630691399663 0.5516717325227963 0.7001686340640809 0.5592705167173252 0.6974704890387858 0.5729483282674772 0.6964586846543002 0.5851063829787234 0.6988195615514334 0.6063829787234043 0.7065767284991569 0.621580547112462 0.7433389544688027 0.7416413373860182 0.7797639123102866 0.6884498480243161 0.739629005059022 0.5235562310030395 0.727150084317032 0.5319148936170213
24 0.5035413153456998 0.60790273556231 0.5035413153456998 0.831306990881459 0.488026981450253 0.8290273556231003 0.48195615514333895 0.6086626139817629
25 0.4822934232715008 0.6041033434650456 0.4924114671163575 0.8541033434650456 0.47048903878583476 0.8525835866261399 0.4623946037099494 0.64209726443769 0.4613827993254637 0.6063829787234043
26 0.45699831365935917 0.5980243161094225 0.46340640809443506 0.621580547112462 0.4718381112984823 0.8594224924012158 0.4475548060708263 0.85790273556231 0.44080944350758855 0.6451367781155015 0.43777403035413154 0.6185410334346505 0.4411467116357504 0.6025835866261399 0.44924114671163573 0.5942249240121581
27 0.4330522765598651 0.5942249240121581 0.43608768971332207 0.6025835866261399 0.4397976391231029 0.6147416413373861 0.44013490725126475 0.6314589665653495 0.44350758853288363 0.8396656534954408 0.41281618887015176 0.8252279635258358 0.4155143338954469 0.6390577507598785 0.41281618887015176 0.6200607902735562 0.4148397976391231 0.6063829787234043 0.41989881956155145 0.5934650455927052
28 0.40708263069139966 0.5911854103343465 0.4138279932546374 0.601823708206687 0.4141652613827993 0.6124620060790273 0.4141652613827993 0.6276595744680851 0.4124789207419899 0.8297872340425532 0.37976391231028667 0.8168693009118541 0.3858347386172007 0.5919452887537994 0.3979763912310287 0.5843465045592705
30 0.34367622259696456 0.5683890577507599 0.327150084317032 0.5600303951367781 0.3200674536256324 0.5668693009118541 0.3160202360876897 0.5790273556231003 0.3126475548060708 0.5942249240121581 0.3075885328836425 0.6147416413373861 0.28161888701517707 0.7462006079027356 0.3254637436762226 0.790273556231003 0.3703204047217538 0.6101823708206687 0.36526138279932546 0.5858662613981763
31 0.2654300168634064 0.5189969604863222 0.2569983136593592 0.5562310030395137 0.24688026981450253 0.6124620060790273 0.23035413153457 0.6861702127659575 0.26138279932546377 0.7264437689969605 0.28229342327150087 0.6937689969604863 0.3021922428330523 0.6360182370820668 0.31770657672849917 0.5911854103343465 0.3220910623946037 0.5668693009118541 0.30826306913996626 0.5379939209726444 0.29409780775716693 0.5326747720364742 0.2775716694772344 0.5182370820668692