0 0.4881450488145049 0.5871010638297872 0.5240585774058577 0.5884308510638298 0.5122036262203626 0.3583776595744681 0.4884937238493724 0.36236702127659576 0.4874476987447699 0.5106382978723404
1 0.45502092050209203 0.5757978723404256 0.4891910739191074 0.5871010638297872 0.4766387726638773 0.34175531914893614 0.45746164574616455 0.35106382978723405 0.4595536959553696 0.5445478723404256
2 0.4131799163179916 0.3636968085106383 0.4215481171548117 0.5352393617021277 0.4341004184100418 0.5871010638297872 0.4595536959553696 0.5771276595744681 0.45571827057182707 0.5292553191489362 0.4292189679218968 0.3523936170212766
3 0.37587168758716877 0.3683510638297872 0.3912133891213389 0.5159574468085106 0.38737796373779637 0.5651595744680851 0.3866806136680614 0.5904255319148937 0.4076011157601116 0.5904255319148937 0.4225941422594142 0.5757978723404256 0.42538354253835425 0.5425531914893617 0.3912133891213389 0.33444148936170215
4 0.3587866108786611 0.3803191489361702 0.3573919107391911 0.5425531914893617 0.35355648535564854 0.557845744680851 0.3598326359832636 0.5811170212765957 0.37447698744769875 0.5831117021276596 0.38737796373779637 0.569813829787234 0.3891213389121339 0.5398936170212766 0.3891213389121339 0.5179521276595744 0.3797071129707113 0.35970744680851063
5 0.32391910739191077 0.3583776595744681 0.3106694560669456 0.42021276595744683 0.30718270571827055 0.48936170212765956 0.30474198047419804 0.5398936170212766 0.30613668061366806 0.5691489361702128 0.3403068340306834 0.5904255319148937 0.35495118549511856 0.5844414893617021 0.3563458856345886 0.5166223404255319 0.36436541143654116 0.45013297872340424 0.3472803347280335 0.3464095744680851
8 0.5271966527196653 0.5871010638297872 0.5620641562064156 0.6017287234042553 0.5648535564853556 0.5472074468085106 0.5756624825662483 0.3503989361702128 0.547071129707113 0.35106382978723405 0.5355648535564853 0.519281914893617 0.5292887029288703 0.5558510638297872
9 0.5652022315202232 0.5472074468085106 0.5704323570432357 0.5944148936170213 0.5906555090655509 0.5944148936170213 0.5944909344490934 0.543218085106383 0.6000697350069735 0.37300531914893614 0.5812412831241283 0.3776595744680851
10 0.6216875871687587 0.3550531914893617 0.5958856345885635 0.5678191489361702 0.6028591352859135 0.5977393617021277 0.6175034867503487 0.6017287234042553 0.6286610878661087 0.6003989361702128 0.6349372384937239 0.5664893617021277 0.6440027894002789 0.3583776595744681
11 0.6345885634588564 0.3776595744680851 0.6279637377963738 0.543218085106383 0.6324965132496513 0.5757978723404256 0.6408647140864714 0.5824468085106383 0.6624825662482566 0.5964095744680851 0.6694560669456067 0.5771276595744681 0.6642259414225942 0.5565159574468085 0.6642259414225942 0.535904255319149 0.6555090655509066 0.36569148936170215
12 0.6781729428172942 0.3716755319148936 0.6628312412831241 0.5179521276595744 0.657252440725244 0.5545212765957447 0.6673640167364017 0.5771276595744681 0.6732914923291492 0.5824468085106383 0.6820083682008368 0.6003989361702128 0.6921199442119944 0.5977393617021277 0.6952580195258019 0.5751329787234043 0.6976987447698745 0.5325797872340425 0.6952580195258019 0.37699468085106386
13 0.7046722454672245 0.4142287234042553 0.6997907949790795 0.4853723404255319 0.7011854951185496 0.5179521276595744 0.6983960948396095 0.5398936170212766 0.6959553695955369 0.5824468085106383 0.7123430962343096 0.5904255319148937 0.7290794979079498 0.5857712765957447 0.7447698744769874 0.5771276595744681 0.749302649930265 0.5605053191489362 0.74302649930265 0.47606382978723405 0.74860529986053 0.4009308510638298
14 0.7611576011157601 0.3803191489361702 0.7423291492329149 0.45146276595744683 0.7440725244072525 0.488031914893617 0.7409344490934449 0.5179521276595744 0.7391910739191074 0.5412234042553191 0.7447698744769874 0.5625 0.754881450488145 0.5691489361702128 0.7656903765690377 0.5664893617021277 0.7820781032078103 0.5618351063829787 0.7880055788005579 0.5252659574468085 0.7859135285913529 0.49268617021276595 0.7921896792189679 0.3803191489361702
16 0.5191771269177127 0.6090425531914894 0.546373779637378 0.6097074468085106 0.5394002789400278 0.7912234042553191 0.5254532775453278 0.7878989361702128
17 0.5425383542538355 0.6163563829787234 0.5718270571827058 0.6050531914893617 0.5697350069735007 0.7912234042553191 0.5519525801952581 0.7952127659574468
18 0.5756624825662483 0.742686170212766 0.5686889818688982 0.6136968085106383 0.5836820083682008 0.6003989361702128 0.603905160390516 0.6356382978723404 0.6052998605299861 0.7154255319148937 0.6021617852161785 0.8191489361702128 0.5760111576011158 0.8105053191489362
19 0.6122733612273361 0.706781914893617 0.6059972105997211 0.6269946808510638 0.6223849372384938 0.6110372340425532 0.6419107391910739 0.6343085106382979 0.6426080892608089 0.6742021276595744 0.6279637377963738 0.848404255319149 0.6108786610878661 0.8324468085106383
20 0.6516736401673641 0.692154255319149 0.6345885634588564 0.6343085106382979 0.6345885634588564 0.6077127659574468 0.6725941422594143 0.6063829787234043 0.6795676429567643 0.6522606382978723 0.6865411436541143 0.8118351063829787 0.6725941422594143 0.8191489361702128
22 0.7391910739191074 0.6815159574468085 0.7252440725244073 0.648936170212766 0.7168758716875872 0.6077127659574468 0.7252440725244073 0.589095744680851 0.7391910739191074 0.5811170212765957 0.7573221757322176 0.5724734042553191 0.7751046025104602 0.5871010638297872 0.7764993026499303 0.6003989361702128 0.8127615062761506 0.7227393617021277 0.7758019525801952 0.7466755319148937
24 0.49686192468619245 0.6090425531914894 0.5223152022315202 0.6123670212765957 0.5160390516039052 0.7938829787234043 0.49511854951185497 0.7898936170212766 0.49686192468619245 0.6230053191489362
25 0.47524407252440726 0.6030585106382979 0.5024407252440726 0.6123670212765957 0.48675034867503486 0.8158244680851063 0.46269177126917715 0.8238031914893617
26 0.43654114365411434 0.6123670212765957 0.47524407252440726 0.6017287234042553 0.4703626220362622 0.6715425531914894 0.44421199442119946 0.8490691489361702 0.4194560669456067 0.8371010638297872
27 0.4013249651324965 0.6110372340425532 0.44421199442119946 0.6123670212765957 0.41248256624825663 0.8337765957446809 0.3936541143654114 0.8291223404255319
28 0.3668061366806137 0.6050531914893617 0.405160390516039 0.6150265957446809 0.3713389121338912 0.8238031914893617 0.35251046025104604 0.8118351063829787
30 0.297768479776848 0.5638297872340425 0.3486750348675035 0.6037234042553191 0.3410041841004184 0.6303191489361702 0.3124128312412831 0.6728723404255319 0.253486750348675 0.742686170212766 0.23640167364016737 0.692154255319149 0.2691771269177127 0.6223404255319149