0 0.4919804741980474 0.5631648936170213 0.5031380753138075 0.5837765957446809 0.5285913528591353 0.5824468085106383 0.5289400278940027 0.5126329787234043 0.5205718270571827 0.3351063829787234 0.502092050209205 0.3371010638297872 0.499302649930265 0.49800531914893614
1 0.4689679218967922 0.5372340425531915 0.47384937238493724 0.5718085106382979 0.4975592747559275 0.5731382978723404 0.502092050209205 0.5319148936170213 0.50139470013947 0.3550531914893617 0.4891910739191074 0.35106382978723405
2 0.4410739191073919 0.5339095744680851 0.45676429567642957 0.574468085106383 0.4689679218967922 0.5625 0.4714086471408647 0.5465425531914894 0.4815202231520223 0.5113031914893617 0.45746164574616455 0.3071808510638298 0.4410739191073919 0.3184840425531915
3 0.4100418410041841 0.5465425531914894 0.4281729428172943 0.5678191489361702 0.4372384937238494 0.5565159574468085 0.44839609483960946 0.5591755319148937 0.45571827057182707 0.5113031914893617 0.4341004184100418 0.32978723404255317 0.41841004184100417 0.34574468085106386 0.41631799163179917 0.5026595744680851
4 0.3807531380753138 0.5412234042553191 0.39539748953974896 0.5625 0.40794979079497906 0.5478723404255319 0.41457461645746163 0.5511968085106383 0.4225941422594142 0.535904255319149 0.42538354253835425 0.511968085106383 0.41841004184100417 0.4734042553191489 0.41352859135285913 0.35438829787234044 0.3915620641562064 0.35904255319148937 0.39435146443514646 0.42220744680851063
5 0.3308926080892608 0.5113031914893617 0.3486750348675035 0.5452127659574468 0.37900976290097627 0.5531914893617021 0.3922594142259414 0.5232712765957447 0.3898186889818689 0.4800531914893617 0.3842398884239888 0.44481382978723405 0.3807531380753138 0.37898936170212766 0.36436541143654116 0.33444148936170215 0.346931659693166 0.38896276595744683 0.34553695955369595 0.4341755319148936
6 0.2890516039051604 0.47805851063829785 0.2918410041841004 0.5079787234042553 0.3023012552301255 0.5113031914893617 0.31415620641562064 0.5259308510638298 0.33263598326359833 0.5206117021276596 0.3417015341701534 0.4973404255319149 0.3382147838214784 0.4621010638297872 0.34414225941422594 0.38563829787234044 0.3423988842398884 0.3224734042553192 0.33158995815899583 0.3291223404255319 0.31311018131101814 0.37699468085106386 0.3068340306834031 0.41688829787234044
7 0.24686192468619247 0.4428191489361702 0.25418410041841005 0.4488031914893617 0.25732217573221755 0.456781914893617 0.2629009762900976 0.48138297872340424 0.2691771269177127 0.4953457446808511 0.2918410041841004 0.48138297872340424 0.3204323570432357 0.37101063829787234 0.3158995815899582 0.3238031914893617 0.30404463040446306 0.32779255319148937 0.2900976290097629 0.3816489361702128 0.2719665271966527 0.38231382978723405 0.2496513249651325 0.4095744680851064
8 0.5230125523012552 0.5851063829787234 0.5550906555090656 0.5851063829787234 0.5624128312412832 0.5618351063829787 0.5592747559274756 0.5146276595744681 0.5568340306834031 0.49867021276595747 0.5568340306834031 0.35438829787234044 0.5411436541143654 0.3537234042553192
9 0.5568340306834031 0.5724734042553191 0.5815899581589958 0.5724734042553191 0.5854253835425384 0.5398936170212766 0.5815899581589958 0.4953457446808511 0.5749651324965133 0.3537234042553192 0.5624128312412832 0.355718085106383
10 0.5843793584379359 0.555186170212766 0.5983263598326359 0.5764627659574468 0.6098326359832636 0.5305851063829787 0.6101813110181311 0.43949468085106386 0.6091352859135286 0.3377659574468085 0.5944909344490934 0.3377659574468085 0.5871687587168759 0.4454787234042553 0.5788005578800558 0.5152925531914894
11 0.6028591352859135 0.5452127659574468 0.6091352859135286 0.5478723404255319 0.6230822873082287 0.5691489361702128 0.6373779637377964 0.5531914893617021 0.6394700139470014 0.5166223404255319 0.6328451882845189 0.49069148936170215 0.6345885634588564 0.3470744680851064 0.6192468619246861 0.34375 0.6042538354253836 0.46808510638297873 0.599023709902371 0.5113031914893617
12 0.6328451882845189 0.5305851063829787 0.652370990237099 0.555186170212766 0.6694560669456067 0.5345744680851063 0.6680613668061367 0.5099734042553191 0.6642259414225942 0.4867021276595745 0.6548117154811716 0.4401595744680851 0.6506276150627615 0.3849734042553192 0.6576011157601116 0.3351063829787234 0.6429567642956764 0.32978723404255317 0.6363319386331938 0.36768617021276595 0.6304044630404463 0.4541223404255319
13 0.6628312412831241 0.511968085106383 0.6781729428172942 0.5325797872340425 0.6942119944211994 0.5199468085106383 0.704323570432357 0.5259308510638298 0.7116457461645747 0.5013297872340425 0.7214086471408647 0.4853723404255319 0.7123430962343096 0.4434840425531915 0.702231520223152 0.37898936170212766 0.700139470013947 0.3071808510638298 0.6729428172942817 0.3204787234042553 0.6656206415620641 0.3962765957446808 0.6666666666666666 0.4308510638297872
14 0.7116457461645747 0.47606382978723405 0.7196652719665272 0.49933510638297873 0.7364016736401674 0.49867021276595747 0.745118549511855 0.48736702127659576 0.7608089260808926 0.4541223404255319 0.7583682008368201 0.4275265957446808 0.7377963737796374 0.3849734042553192 0.7217573221757322 0.3377659574468085 0.7140864714086471 0.28523936170212766 0.698744769874477 0.2992021276595745 0.702928870292887 0.38763297872340424 0.7088563458856346 0.4434840425531915
15 0.745118549511855 0.41555851063829785 0.7635983263598326 0.4375 0.7758019525801952 0.42021276595744683 0.7792887029288703 0.3929521276595745 0.7873082287308228 0.3849734042553192 0.7810320781032078 0.34375 0.7639470013947002 0.33111702127659576 0.7322175732217573 0.2712765957446808 0.7158298465829847 0.2892287234042553 0.7207112970711297 0.3490691489361702
16 0.5160390516039052 0.5964095744680851 0.5467224546722455 0.6023936170212766 0.5516039051603905 0.8271276595744681 0.5275453277545328 0.8271276595744681
17 0.5446304044630405 0.5964095744680851 0.5714783821478382 0.5964095744680851 0.5728730822873083 0.6349734042553191 0.5742677824267782 0.8098404255319149 0.558228730822873 0.8111702127659575 0.5425383542538355 0.6316489361702128
18 0.5686889818688982 0.6117021276595744 0.5801952580195258 0.5844414893617021 0.5986750348675035 0.5997340425531915 0.6042538354253836 0.6861702127659575 0.6070432357043236 0.7473404255319149 0.6185495118549512 0.8218085106382979 0.6035564853556485 0.8297872340425532 0.5794979079497908 0.7406914893617021 0.5788005578800558 0.706781914893617
19 0.5965829846582985 0.6090425531914894 0.6098326359832636 0.5764627659574468 0.6185495118549512 0.5871010638297872 0.6328451882845189 0.5924202127659575 0.6370292887029289 0.6316489361702128 0.6356345885634589 0.7094414893617021 0.6447001394700139 0.7433510638297872 0.6624825662482566 0.7945478723404256 0.6492329149232915 0.8071808510638298 0.6129707112970711 0.7313829787234043 0.6056485355648535 0.6642287234042553
20 0.6300557880055788 0.5910904255319149 0.6450488145048815 0.5711436170212766 0.6582984658298466 0.5804521276595744 0.6663179916317992 0.5791223404255319 0.6753835425383543 0.613031914893617 0.6739888423988842 0.6389627659574468 0.6868898186889819 0.7054521276595744 0.7004881450488145 0.7905585106382979 0.6834030683403068 0.8031914893617021 0.6440027894002789 0.6808510638297872
21 0.6642259414225942 0.5831117021276596 0.6725941422594143 0.550531914893617 0.7137377963737797 0.5372340425531915 0.7259414225941423 0.567154255319149 0.7315202231520224 0.6223404255319149 0.7622036262203626 0.7160904255319149 0.7273361227336123 0.7553191489361702 0.7046722454672245 0.7134308510638298 0.6774755927475593 0.632313829787234
22 0.7147838214783822 0.5558510638297872 0.7182705718270572 0.5285904255319149 0.7524407252440726 0.5059840425531915 0.7737099023709902 0.5179521276595744 0.7758019525801952 0.5611702127659575 0.8141562064156206 0.6848404255319149 0.7866108786610879 0.7240691489361702 0.7496513249651325 0.6549202127659575 0.7332635983263598 0.6117021276595744
23 0.7702231520223152 0.5398936170212766 0.7827754532775453 0.519281914893617 0.797768479776848 0.5139627659574468 0.8347280334728033 0.46941489361702127 0.8577405857740585 0.5518617021276596 0.8256624825662483 0.598404255319149 0.8134588563458857 0.632313829787234 0.791492329149233 0.6429521276595744 0.7785913528591353 0.6210106382978723
24 0.49128312412831243 0.5997340425531915 0.5216178521617852 0.5997340425531915 0.5174337517433751 0.8178191489361702 0.5045327754532776 0.8138297872340425
25 0.46548117154811713 0.601063829787234 0.4975592747559275 0.6117021276595744 0.5031380753138075 0.8331117021276596 0.4818688981868898 0.8311170212765957
26 0.4456066945606695 0.6143617021276596 0.46338912133891214 0.6023936170212766 0.47489539748953974 0.6662234042553191 0.4215481171548117 0.8490691489361702 0.40237099023709905 0.8344414893617021
27 0.4093444909344491 0.6050531914893617 0.4285216178521618 0.5857712765957447 0.4511854951185495 0.6183510638297872 0.3957461645746165 0.8371010638297872 0.3772663877266388 0.8204787234042553 0.403068340306834 0.7094414893617021
28 0.38145048814504884 0.5924202127659575 0.40097629009762903 0.5738031914893617 0.4201534170153417 0.6050531914893617 0.41352859135285913 0.6376329787234043 0.40794979079497906 0.6456117021276596 0.37308228730822873 0.8138297872340425 0.35460251046025104 0.8018617021276596 0.37587168758716877 0.6821808510638298 0.3807531380753138 0.632313829787234 0.3793584379358438 0.6103723404255319
29 0.32810320781032076 0.5638297872340425 0.34309623430962344 0.5518617021276596 0.3573919107391911 0.5638297872340425 0.3682008368200837 0.5598404255319149 0.3852859135285914 0.5711436170212766 0.38458856345885634 0.5997340425531915 0.3737796373779637 0.6416223404255319 0.34518828451882844 0.7839095744680851 0.303347280334728 0.7553191489361702 0.32391910739191077 0.6376329787234043
30 0.27405857740585776 0.5478723404255319 0.29114365411436544 0.5232712765957447 0.3075313807531381 0.5345744680851063 0.3204323570432357 0.5398936170212766 0.33403068340306835 0.5711436170212766 0.32810320781032076 0.5977393617021277 0.3117154811715481 0.6303191489361702 0.29602510460251047 0.6728723404255319 0.2629009762900976 0.7367021276595744 0.23361227336122734 0.6988031914893617 0.2670850767085077 0.6037234042553191