8 0.5069141193595342 0.3533434650455927 0.5302037845705968 0.3541033434650456 0.5269286754002911 0.44072948328267475 0.5291120815138283 0.5296352583586627 0.5171033478893741 0.5455927051671733 0.5043668122270742 0.5395136778115501
9 0.5363901018922853 0.3427051671732523 0.5393013100436681 0.45440729483282677 0.5382096069868996 0.5129179331306991 0.5465793304221251 0.5288753799392097 0.5564046579330422 0.5273556231003039 0.5585880640465793 0.5037993920972644 0.5549490538573508 0.45440729483282677 0.5564046579330422 0.3434650455927052
10 0.5665938864628821 0.3282674772036474 0.5658660844250364 0.45440729483282677 0.5636826783114993 0.5167173252279635 0.5691411935953421 0.5273556231003039 0.5716885007278021 0.5281155015197568 0.5778748180494906 0.5364741641337386 0.5917030567685589 0.5334346504559271 0.589155749636099 0.33206686930091184
11 0.5971615720524017 0.3373860182370821 0.5895196506550219 0.4749240121580547 0.5873362445414847 0.48024316109422494 0.5887918486171762 0.5144376899696048 0.5949781659388647 0.5349544072948328 0.6033478893740902 0.5174772036474165 0.6080786026200873 0.5357142857142857 0.6215429403202329 0.5349544072948328 0.6193595342066958 0.3411854103343465
12 0.648471615720524 0.33966565349544076 0.6229985443959243 0.33966565349544076 0.6204512372634643 0.49240121580547114 0.6200873362445415 0.5235562310030395 0.636098981077147 0.5243161094224924 0.6473799126637555 0.5235562310030395 0.6506550218340611 0.5113981762917933
16 0.5003639010189228 0.5866261398176292 0.5189228529839883 0.5828267477203647 0.5436681222707423 0.7492401215805471 0.5185589519650655 0.7515197568389058 0.5043668122270742 0.6527355623100304
18 0.5309315866084425 0.567629179331307 0.5283842794759825 0.574468085106383 0.5462154294032023 0.756079027355623 0.5600436681222707 0.7583586626139818 0.5502183406113537 0.5691489361702128
19 0.5633187772925764 0.5448328267477204 0.5531295487627366 0.5630699088145896 0.5702328966521106 0.7819148936170213 0.5924308588064047 0.7727963525835866 0.5789665211062591 0.601063829787234 0.5775109170305677 0.5592705167173252
20 0.5869723435225619 0.541033434650456 0.5749636098981077 0.5699088145896657 0.6080786026200873 0.7575987841945289 0.63136826783115 0.7401215805471124 0.606259097525473 0.6033434650455927 0.6037117903930131 0.5501519756838906
21 0.616448326055313 0.5387537993920972 0.6029839883551674 0.5425531914893617 0.5971615720524017 0.5615501519756839 0.6382823871906841 0.7522796352583586 0.6590247452692868 0.7332826747720365 0.6342794759825328 0.5851063829787234 0.6259097525473072 0.5501519756838906
21 0.6299126637554585 0.5303951367781155 0.6259097525473072 0.5387537993920972 0.6284570596797671 0.5615501519756839 0.6648471615720524 0.729483282674772 0.6797671033478894 0.7325227963525835 0.710334788937409 0.6816109422492401 0.6928675400291121 0.6162613981762918 0.6728529839883551 0.5440729483282675 0.6695778748180495 0.5159574468085106 0.653566229985444 0.5167173252279635 0.6451965065502183 0.5296352583586627
22 0.6706695778748181 0.48632218844984804 0.6819505094614265 0.4886018237082067 0.6932314410480349 0.47112462006079026 0.7048762736535662 0.4696048632218845 0.7147016011644832 0.49164133738601823 0.7419941775836972 0.6261398176291794 0.710334788937409 0.6732522796352584 0.6790393013100436 0.5501519756838906 0.6670305676855895 0.5212765957446809
23 0.7194323144104804 0.43844984802431614 0.7270742358078602 0.43617021276595747 0.7368995633187773 0.418693009118541 0.74490538573508 0.4217325227963526 0.7765647743813683 0.5790273556231003 0.7503639010189228 0.60790273556231 0.7259825327510917 0.5182370820668692 0.7092430858806404 0.4764437689969605 0.7066957787481805 0.45896656534954405 0.710334788937409 0.44452887537993924
0 0.4668850072780204 0.3472644376899696 0.487627365356623 0.35106382978723405 0.49963609898107714 0.5379939209726444 0.4872634643377001 0.5486322188449848 0.46943231441048033 0.5417933130699089
1 0.4417758369723435 0.3495440729483283 0.46542940320232895 0.3548632218844985 0.4574235807860262 0.547112462006079 0.4428675400291121 0.5425531914893617 0.4370451237263464 0.506079027355623
2 0.4130276564774381 0.35106382978723405 0.42976710334788937 0.3525835866261398 0.4334061135371179 0.547112462006079 0.4272197962154294 0.5562310030395137 0.4217612809315866 0.5691489361702128 0.40756914119359533 0.5638297872340425 0.40356622998544395 0.540273556231003 0.4093886462882096 0.49164133738601823
3 0.38355167394468703 0.3495440729483283 0.40756914119359533 0.3495440729483283 0.4104803493449782 0.49848024316109424 0.4155749636098981 0.5212765957446809 0.4104803493449782 0.5569908814589666 0.40756914119359533 0.5585106382978723 0.3991994177583697 0.5463525835866262 0.3941048034934498 0.5638297872340425 0.38828238719068414 0.5661094224924013 0.3791848617176128 0.5509118541033434
4 0.3562590975254731 0.34194528875379937 0.3817321688500728 0.3434650455927052 0.38682678311499274 0.5440729483282675 0.3846433770014556 0.5509118541033434 0.37117903930131 0.5539513677811551 0.35152838427947597 0.5425531914893617 0.3511644832605531 0.5045592705167173
24 0.48180494905385735 0.5835866261398176 0.5014556040756915 0.5828267477203647 0.50509461426492 0.7348024316109423 0.4861717612809316 0.7348024316109423 0.48544395924308587 0.6671732522796353 0.4821688500727802 0.6322188449848024
25 0.4566957787481805 0.574468085106383 0.47925764192139736 0.574468085106383 0.4781659388646288 0.6443768996960486 0.4774381368267831 0.7203647416413373 0.4650655021834061 0.723404255319149 0.46142649199417757 0.6610942249240122 0.45524017467248906 0.5965045592705167
5 0.3398835516739447 0.5045592705167173 0.3486171761280932 0.5045592705167173 0.35334788937409023 0.5037993920972644 0.3522561863173217 0.4817629179331307 0.34788937409024745 0.46656534954407297 0.3395196506550218 0.3890577507598784 0.3096797671033479 0.39285714285714285 0.33151382823871905 0.46048632218844987 0.3333333333333333 0.49544072948328266
26 0.4403202328966521 0.5630699088145896 0.4272197962154294 0.5759878419452887 0.42976710334788937 0.5972644376899696 0.4326783114992722 0.6580547112462006 0.4319505094614265 0.7689969604863222 0.44868995633187775 0.7811550151975684 0.4581513828238719 0.7735562310030395 0.45305676855895194 0.6504559270516718 0.45087336244541487 0.5797872340425532 0.44905385735080056 0.5661094224924013
27 0.4181222707423581 0.5714285714285714 0.43122270742358076 0.5942249240121581 0.4239446870451237 0.7727963525835866 0.3962882096069869 0.7667173252279635 0.4053857350800582 0.6496960486322189 0.39592430858806404 0.5767477203647416 0.4090247452692867 0.5653495440729484
28 0.38355167394468703 0.567629179331307 0.40356622998544395 0.5661094224924013 0.4064774381368268 0.5729483282674772 0.40611353711790393 0.5911854103343465 0.39082969432314413 0.7697568389057751 0.3548034934497817 0.7583586626139818 0.3726346433770015 0.6565349544072948 0.37336244541484714 0.5729483282674772
29 0.33879184861717615 0.5562310030395137 0.3304221251819505 0.5585106382978723 0.326783114992722 0.6474164133738601 0.29912663755458513 0.7340425531914894 0.33260553129548764 0.7872340425531915 0.3646288209606987 0.7249240121580547 0.37336244541484714 0.6466565349544073 0.38282387190684136 0.5645896656534954 0.3846433770014556 0.5600303951367781 0.34898107714701604 0.5539513677811551
31 0.2914847161572052 0.4886018237082067 0.2903930131004367 0.5091185410334347 0.30858806404657935 0.5189969604863222 0.3071324599708879 0.5448328267477204 0.2438136826783115 0.6504559270516718 0.22416302765647744 0.6086626139817629 0.25946142649199416 0.5326747720364742 0.2678311499272198 0.49240121580547114 0.27729257641921395 0.48404255319148937