0 0.504881450488145 0.5791223404255319 0.5149930264993027 0.5924202127659575 0.5278940027894002 0.5957446808510638 0.5320781032078103 0.5957446808510638 0.5334728033472803 0.5658244680851063 0.5334728033472803 0.5332446808510638 0.5334728033472803 0.5139627659574468 0.5271966527196653 0.3191489361702128 0.5118549511854951 0.32313829787234044 0.5104602510460251 0.4474734042553192 0.5101115760111576 0.48138297872340424 0.504881450488145 0.5139627659574468 0.5024407252440726 0.5365691489361702
1 0.48779637377963736 0.567154255319149 0.49476987447698745 0.5764627659574468 0.5034867503486751 0.574468085106383 0.5101115760111576 0.567154255319149 0.5104602510460251 0.5378989361702128 0.504881450488145 0.3238031914893617 0.4909344490934449 0.32646276595744683 0.49337517433751743 0.4375 0.4909344490934449 0.47007978723404253 0.48535564853556484 0.5425531914893617
2 0.4619944211994421 0.535904255319149 0.46687587168758715 0.5538563829787234 0.4724546722454672 0.5684840425531915 0.4829149232914923 0.5585106382978723 0.48640167364016734 0.5478723404255319 0.4891910739191074 0.5246010638297872 0.4891910739191074 0.4753989361702128 0.4839609483960948 0.29720744680851063 0.46687587168758715 0.3071808510638298 0.4689679218967922 0.4122340425531915 0.46513249651324967 0.45478723404255317 0.4605997210599721 0.5006648936170213
3 0.44037656903765693 0.5272606382978723 0.44281729428172945 0.5438829787234043 0.4504881450488145 0.5498670212765957 0.45746164574616455 0.5452127659574468 0.46827057182705717 0.5492021276595744 0.47524407252440726 0.5199468085106383 0.4769874476987448 0.49069148936170215 0.47594142259414224 0.4474734042553192 0.4721059972105997 0.29521276595744683 0.4511854951185495 0.29853723404255317 0.44839609483960946 0.3503989361702128 0.4497907949790795 0.418218085106383 0.44735006973500696 0.45811170212765956 0.44421199442119946 0.48936170212765956 0.4410739191073919 0.5152925531914894
4 0.4166666666666667 0.5332446808510638 0.42642956764295675 0.5585106382978723 0.4375871687587169 0.5492021276595744 0.4511854951185495 0.5405585106382979 0.4490934449093445 0.5026595744680851 0.4490934449093445 0.4714095744680851 0.4435146443514644 0.3291223404255319 0.43654114365411434 0.3071808510638298 0.4194560669456067 0.3337765957446808 0.4194560669456067 0.3916223404255319 0.4201534170153417 0.43882978723404253 0.4201534170153417 0.47273936170212766 0.41736401673640167 0.5079787234042553
5 0.3723849372384937 0.5199468085106383 0.37482566248256627 0.5418882978723404 0.3800557880055788 0.555186170212766 0.39330543933054396 0.5525265957446809 0.4027196652719665 0.5625 0.41631799163179917 0.5538563829787234 0.4205020920502092 0.535904255319149 0.42503486750348674 0.5139627659574468 0.42887029288702927 0.49800531914893614 0.42573221757322177 0.4753989361702128 0.4201534170153417 0.4375 0.4117852161785216 0.3011968085106383 0.3807531380753138 0.3204787234042553 0.3737796373779637 0.34441489361702127 0.3800557880055788 0.39893617021276595 0.3807531380753138 0.4428191489361702 0.37447698744769875 0.48271276595744683 0.3706415620641562 0.5079787234042553
6 0.33263598326359833 0.5272606382978723 0.3319386331938633 0.5152925531914894 0.3305439330543933 0.48936170212765956 0.33612273361227335 0.4627659574468085 0.3437935843793584 0.4474734042553192 0.348326359832636 0.41688829787234044 0.35355648535564854 0.36768617021276595 0.35460251046025104 0.3337765957446808 0.37552301255230125 0.355718085106383 0.37552301255230125 0.41688829787234044 0.37552301255230125 0.4507978723404255 0.3762203626220363 0.47606382978723405 0.3762203626220363 0.5152925531914894 0.36854951185495116 0.5465425531914894 0.3573919107391911 0.5425531914893617 0.34762900976290095 0.5365691489361702
7 0.31206415620641564 0.425531914893617 0.30578800557880054 0.40757978723404253 0.3089260808926081 0.37632978723404253 0.3204323570432357 0.35438829787234044 0.32670850767085075 0.3470744680851064 0.3399581589958159 0.35305851063829785 0.34762900976290095 0.3617021276595745 0.34902370990237097 0.4122340425531915 0.3427475592747559 0.4328457446808511 0.3368200836820084 0.43550531914893614
8 0.5341701534170153 0.5950797872340425 0.558228730822873 0.5910904255319149 0.5627615062761506 0.5731382978723404 0.5620641562064156 0.5538563829787234 0.5599721059972106 0.5186170212765957 0.5453277545327755 0.31050531914893614 0.5289400278940027 0.31316489361702127 0.5303347280334728 0.45345744680851063 0.5303347280334728 0.48603723404255317 0.5303347280334728 0.5405585106382979 0.5320781032078103 0.5718085106382979
9 0.5568340306834031 0.5625 0.5690376569037657 0.5777925531914894 0.5770571827057183 0.5684840425531915 0.5798465829846583 0.5511968085106383 0.5767085076708508 0.4966755319148936 0.5721757322175732 0.2912234042553192 0.5523012552301255 0.3038563829787234 0.5529986052998606 0.34441489361702127 0.5529986052998606 0.449468085106383 0.5550906555090656 0.4946808510638298 0.5568340306834031 0.5305851063829787
10 0.5861227336122734 0.589095744680851 0.5746164574616457 0.5691489361702128 0.5732217573221757 0.5571808510638298 0.5739191073919108 0.5292553191489362 0.5784518828451883 0.4773936170212766 0.5798465829846583 0.2892287234042553 0.5979776847977685 0.3045212765957447 0.5979776847977685 0.41356382978723405 0.5979776847977685 0.4488031914893617 0.6007670850767085 0.49933510638297873 0.601813110181311 0.5365691489361702 0.6007670850767085 0.574468085106383
11 0.6056485355648535 0.5757978723404256 0.5941422594142259 0.555186170212766 0.5923988842398884 0.5332446808510638 0.5941422594142259 0.5186170212765957 0.601813110181311 0.4933510638297872 0.602510460251046 0.4714095744680851 0.5986750348675035 0.43550531914893614 0.597629009762901 0.36768617021276595 0.6147140864714087 0.3809840425531915 0.6188981868898187 0.4607712765957447 0.6241283124128313 0.4946808510638298 0.6255230125523012 0.5186170212765957 0.6286610878661087 0.5465425531914894 0.6286610878661087 0.5658244680851063 0.6126220362622036 0.5691489361702128 0.602510460251046 0.5598404255319149
12 0.6049511854951185 0.46808510638297873 0.5962343096234309 0.45345744680851063 0.5937935843793585 0.43550531914893614 0.595536959553696 0.40757978723404253 0.5979776847977685 0.394281914893617 0.6063458856345886 0.3796542553191489 0.6234309623430963 0.31449468085106386 0.6520223152022315 0.32313829787234044 0.6304044630404463 0.3929521276595745 0.6290097629009763 0.418218085106383 0.6258716875871687 0.449468085106383 0.6178521617852162 0.46941489361702127
13 0.6506276150627615 0.5644946808510638 0.6419107391910739 0.5658244680851063 0.6342398884239888 0.5571808510638298 0.6265690376569037 0.5465425531914894 0.6265690376569037 0.5246010638297872 0.6279637377963738 0.4521276595744681 0.6324965132496513 0.34441489361702127 0.649581589958159 0.3371010638297872 0.6635285913528591 0.3497340425531915 0.6645746164574616 0.394281914893617 0.6638772663877266 0.4341755319148936 0.6645746164574616 0.4640957446808511 0.6673640167364017 0.4886968085106383 0.6715481171548117 0.5571808510638298 0.6677126917712691 0.5658244680851063 0.6576011157601116 0.5658244680851063
14 0.6854951185495118 0.5538563829787234 0.6792189679218968 0.5511968085106383 0.6753835425383543 0.5365691489361702 0.6722454672245467 0.5246010638297872 0.6677126917712691 0.49933510638297873 0.6666666666666666 0.4740691489361702 0.6666666666666666 0.43550531914893614 0.6666666666666666 0.4015957446808511 0.6673640167364017 0.35771276595744683 0.6774755927475593 0.3371010638297872 0.6900278940027894 0.3371010638297872 0.6963040446304045 0.37699468085106386 0.6963040446304045 0.4195478723404255 0.699442119944212 0.45811170212765956 0.708507670850767 0.46675531914893614 0.7165271966527197 0.48271276595744683 0.7165271966527197 0.5026595744680851 0.7116457461645747 0.5319148936170213 0.7039748953974896 0.5438829787234043 0.6956066945606695 0.5478723404255319
15 0.6970013947001394 0.4315159574468085 0.6907252440725244 0.4148936170212766 0.6882845188284519 0.3962765957446808 0.6868898186889819 0.3723404255319149 0.6823570432357043 0.3497340425531915 0.6823570432357043 0.34242021276595747 0.701534170153417 0.33976063829787234 0.7318688981868898 0.3690159574468085 0.7381450488145049 0.39029255319148937 0.7374476987447699 0.4148936170212766 0.7255927475592747 0.4315159574468085 0.7165271966527197 0.4328457446808511
16 0.5003486750348675 0.6236702127659575 0.5174337517433751 0.6309840425531915 0.5163877266387726 0.6808510638297872 0.5125523012552301 0.7134308510638298 0.50697350069735 0.7699468085106383 0.48779637377963736 0.8656914893617021 0.4769874476987448 0.8537234042553191 0.48779637377963736 0.8038563829787234 0.4902370990237099 0.7639627659574468 0.49407252440725247 0.7227393617021277 0.49546722454672243 0.6894946808510638 0.49616457461645747 0.6456117021276596
17 0.5139470013947002 0.6555851063829787 0.5139470013947002 0.6336436170212766 0.5174337517433751 0.620345744680851 0.5296373779637378 0.617686170212766 0.5366108786610879 0.6190159574468085 0.543584379358438 0.6336436170212766 0.543584379358438 0.6555851063829787 0.5397489539748954 0.6881648936170213 0.5352161785216178 0.7327127659574468 0.5271966527196653 0.7845744680851063 0.5111576011157601 0.8690159574468085 0.49616457461645747 0.8610372340425532 0.5034867503486751 0.8138297872340425 0.5055788005578801 0.7759308510638298 0.5080195258019525 0.7433510638297872
18 0.5310320781032078 0.7353723404255319 0.5303347280334728 0.6961436170212766 0.5341701534170153 0.6529255319148937 0.5373082287308228 0.6429521276595744 0.549860529986053 0.6396276595744681 0.5589260808926081 0.6602393617021277 0.5599721059972106 0.6928191489361702 0.5575313807531381 0.7280585106382979 0.5519525801952581 0.7579787234042553 0.5519525801952581 0.788563829787234 0.5488145048814504 0.8876329787234043 0.5313807531380753 0.882313829787234 0.5282426778242678 0.8497340425531915 0.5289400278940027 0.8038563829787234 0.5289400278940027 0.7639627659574468 0.5289400278940027 0.7227393617021277
19 0.556136680613668 0.769281914893617 0.556136680613668 0.7486702127659575 0.549860529986053 0.7220744680851063 0.5449790794979079 0.6974734042553191 0.543584379358438 0.682845744680851 0.544281729428173 0.6648936170212766 0.5488145048814504 0.6529255319148937 0.5575313807531381 0.6363031914893617 0.5606694560669456 0.6289893617021277 0.5767085076708508 0.6429521276595744 0.5791492329149233 0.6722074468085106 0.5808926080892608 0.6914893617021277 0.5815899581589958 0.7313829787234043 0.5829846582984658 0.7712765957446809 0.5885634588563459 0.8690159574468085 0.5746164574616457 0.875 0.5645048814504882 0.8497340425531915 0.5613668061366807 0.8151595744680851
20 0.5746164574616457 0.7313829787234043 0.5690376569037657 0.7047872340425532 0.5606694560669456 0.682845744680851 0.558228730822873 0.65625 0.5599721059972106 0.6456117021276596 0.5707810320781032 0.636968085106383 0.5836820083682008 0.6336436170212766 0.5962343096234309 0.632313829787234 0.602510460251046 0.6496010638297872 0.6049511854951185 0.6781914893617021 0.6063458856345886 0.7074468085106383 0.6133193863319386 0.7785904255319149 0.6101813110181311 0.8377659574468085 0.602510460251046 0.8670212765957447 0.5868200836820083 0.8490691489361702 0.5829846582984658 0.807845744680851 0.5822873082287309 0.7872340425531915 0.5791492329149233 0.761968085106383
21 0.6101813110181311 0.7194148936170213 0.603905160390516 0.6941489361702128 0.595536959553696 0.6602393617021277 0.5923988842398884 0.6409574468085106 0.5941422594142259 0.6263297872340425 0.6126220362622036 0.6230053191489362 0.6195955369595537 0.6216755319148937 0.6290097629009763 0.6163563829787234 0.6429567642956764 0.6190159574468085 0.6520223152022315 0.6289893617021277 0.6558577405857741 0.6722074468085106 0.6589958158995816 0.6881648936170213 0.6698047419804742 0.7180851063829787 0.694560669456067 0.7845744680851063 0.6565550906555091 0.8344414893617021 0.6419107391910739 0.8138297872340425 0.6304044630404463 0.7825797872340425 0.6220362622036262 0.754654255319149 0.6150627615062761 0.7386968085106383
22 0.6760808926080892 0.7061170212765957 0.6628312412831241 0.6808510638297872 0.6537656903765691 0.6615691489361702 0.6426080892608089 0.625 0.647489539748954 0.6023936170212766 0.6659693165969317 0.5897606382978723 0.6778242677824268 0.5897606382978723 0.6847977684797768 0.5804521276595744 0.6970013947001394 0.5851063829787234 0.705718270571827 0.6083776595744681 0.7092050209205021 0.625 0.7123430962343096 0.651595744680851 0.7165271966527197 0.6722074468085106 0.7318688981868898 0.7061170212765957 0.7534867503486751 0.78125 0.7287308228730823 0.7958776595744681 0.7133891213389121 0.7945478723404256 0.7025801952580195 0.7832446808510638 0.6976987447698745 0.7699468085106383 0.6875871687587168 0.7400265957446809 0.6792189679218968 0.7167553191489362
23 0.7311715481171548 0.6894946808510638 0.7210599721059973 0.6748670212765957 0.7154811715481172 0.6555851063829787 0.7161785216178521 0.636968085106383 0.7200139470013946 0.6236702127659575 0.7304741980474198 0.6163563829787234 0.7552301255230126 0.6156914893617021 0.7688284518828452 0.6309840425531915 0.7660390516039052 0.6662234042553191 0.754881450488145 0.6974734042553191 0.7412831241283124 0.6974734042553191
24 0.48221757322175735 0.6156914893617021 0.4860529986052999 0.613031914893617 0.499302649930265 0.6156914893617021 0.504881450488145 0.6230053191489362 0.50418410041841 0.663563829787234 0.496513249651325 0.7134308510638298 0.47629009762900976 0.8683510638297872 0.46373779637377965 0.8716755319148937 0.46931659693165967 0.8065159574468085 0.47384937238493724 0.7785904255319149 0.4745467224546722 0.7506648936170213 0.47524407252440726 0.7121010638297872 0.4769874476987448 0.6708776595744681 0.4769874476987448 0.625
25 0.45502092050209203 0.6602393617021277 0.4560669456066946 0.6382978723404256 0.46234309623430964 0.617686170212766 0.47594142259414224 0.6163563829787234 0.4801255230125523 0.6868351063829787 0.47524407252440726 0.7293882978723404 0.4675732217573222 0.7905585106382979 0.4605997210599721 0.8523936170212766 0.4504881450488145 0.8643617021276596 0.448047419804742 0.8257978723404256 0.4504881450488145 0.7892287234042553 0.452231520223152 0.7473404255319149 0.45502092050209203 0.6795212765957447
26 0.43340306834030684 0.7061170212765957 0.4320083682008368 0.6928191489361702 0.4302649930264993 0.6529255319148937 0.4320083682008368 0.6276595744680851 0.4341004184100418 0.620345744680851 0.44525801952580196 0.6216755319148937 0.45502092050209203 0.6396276595744681 0.4585076708507671 0.6555851063829787 0.4599023709902371 0.6808510638297872 0.45536959553695955 0.7220744680851063 0.453626220362622 0.7845744680851063 0.446652719665272 0.824468085106383 0.4320083682008368 0.863031914893617 0.42433751743375175 0.824468085106383 0.42887029288702927 0.7905585106382979 0.4306136680613668 0.7606382978723404 0.4327057182705718 0.7280585106382979
28 0.3971408647140865 0.7652925531914894 0.401673640167364 0.7280585106382979 0.4041143654114365 0.6894946808510638 0.40794979079497906 0.6602393617021277 0.4072524407252441 0.6336436170212766 0.41492329149232915 0.6097074468085106 0.42503486750348674 0.6070478723404256 0.44281729428172945 0.613031914893617 0.4504881450488145 0.6363031914893617 0.448047419804742 0.663563829787234 0.4396792189679219 0.6974734042553191 0.43340306834030684 0.7147606382978723 0.4236401673640167 0.7506648936170213 0.4086471408647141 0.8224734042553191 0.3908647140864714 0.8404255319148937 0.3877266387726639 0.8098404255319149
29 0.3577405857740586 0.807845744680851 0.37552301255230125 0.7845744680851063 0.3926080892608089 0.7207446808510638 0.40097629009762903 0.6901595744680851 0.4117852161785216 0.6675531914893617 0.4194560669456067 0.644281914893617 0.4166666666666667 0.6156914893617021 0.40655509065550904 0.6117021276595744 0.38947001394700137 0.6097074468085106 0.3783124128312413 0.5997340425531915 0.36750348675034866 0.6117021276595744 0.36052998605299863 0.6396276595744681 0.3598326359832636 0.6808510638297872 0.346931659693166 0.7121010638297872 0.3274058577405858 0.7699468085106383 0.34449093444909346 0.817154255319149
30 0.31415620641562064 0.7759308510638298 0.32601115760111576 0.7353723404255319 0.34205020920502094 0.6954787234042553 0.348326359832636 0.6722074468085106 0.3577405857740586 0.6575797872340425 0.36610878661087864 0.636968085106383 0.36750348675034866 0.605718085106383 0.36541143654114366 0.5910904255319149 0.35355648535564854 0.5837765957446809 0.3298465829846583 0.567154255319149 0.3218270571827057 0.5824468085106383 0.3117154811715481 0.6043882978723404 0.3103207810320781 0.6309840425531915 0.30578800557880054 0.6529255319148937 0.2754532775453278 0.7566489361702128 0.29428172942817293 0.7892287234042553
31 0.26324965132496514 0.651595744680851 0.2615062761506276 0.6289893617021277 0.26534170153417014 0.6083776595744681 0.2785913528591353 0.6030585106382979 0.28556485355648537 0.5997340425531915 0.29428172942817293 0.5950797872340425 0.30509065550906556 0.6030585106382979 0.30962343096234307 0.625 0.3064853556485356 0.6496010638297872 0.301952580195258 0.6648936170212766 0.2939330543933054 0.6688829787234043 0.2733612273361227 0.6722074468085106 0.2698744769874477 0.6688829787234043