8 0.488756148981026 0.3655015197568389 0.48418833450456783 0.5972644376899696 0.4989458889669712 0.601063829787234 0.5238931834153198 0.5934650455927052 0.5203794799718904 0.5630699088145896 0.5137034434293746 0.3548632218844985
9 0.5182712579058327 0.3913373860182371 0.5358397751229796 0.3913373860182371 0.5442726633872101 0.5212765957446809 0.5470836261419536 0.581306990881459 0.5295151089248068 0.587386018237082 0.5175685172171469 0.5531914893617021
10 0.5460295151089248 0.3951367781155015 0.5720309205903021 0.4012158054711246 0.5737877723120168 0.5592705167173252 0.573085031623331 0.5889057750759878 0.5607870695713282 0.5972644376899696 0.5460295151089248 0.5851063829787234 0.5414617006324666 0.5091185410334347
11 0.5997891777933942 0.3708206686930091 0.5941672522839072 0.48936170212765956 0.5987350667603655 0.5668693009118541 0.6191145467322557 0.5729483282674772 0.6275474349964862 0.5630699088145896 0.6247364722417428 0.5015197568389058 0.6163035839775123 0.3655015197568389
12 0.6310611384399156 0.33890577507598785 0.6661981728742095 0.33890577507598785 0.6711173576950106 0.4848024316109423 0.6728742094167253 0.5448328267477204 0.6581166549543218 0.5569908814589666 0.6303583977512298 0.5668693009118541 0.6229796205200281 0.5509118541033434
13 0.6728742094167253 0.3411854103343465 0.6995783555867885 0.3252279635258359 0.7090653548840478 0.4034954407294833 0.7125790583274771 0.5129179331306991 0.702389318341532 0.5311550151975684 0.67463106113844 0.5372340425531915 0.6711173576950106 0.5113981762917933
14 0.702389318341532 0.3373860182370821 0.7238229093464511 0.3472644376899696 0.7568517217146873 0.48328267477203646 0.7459592410400562 0.5250759878419453 0.724525650035137 0.5433130699088146 0.7125790583274771 0.5113981762917933
0 0.46661981728742097 0.3890577507598784 0.4880534082923401 0.3913373860182371 0.488756148981026 0.5030395136778115 0.48418833450456783 0.5273556231003039 0.483134223471539 0.5987841945288754 0.4479971890372453 0.5911854103343465 0.44729444834855936 0.5569908814589666 0.4546732255797611 0.4870820668693009
1 0.43534785664089953 0.37537993920972645 0.4501054111033029 0.3731003039513678 0.46205200281096276 0.5630699088145896 0.45748418833450455 0.5934650455927052 0.43710470836261417 0.5911854103343465 0.4297259311314125 0.5592705167173252 0.4332396345748419 0.49544072948328266
2 0.41040056219255094 0.39285714285714285 0.4279690794096978 0.3951367781155015 0.43534785664089953 0.5349544072948328 0.42867182009838367 0.5889057750759878 0.41215741391426564 0.5949848024316109 0.40196767392832045 0.5729483282674772 0.40196767392832045 0.5288753799392097
3 0.3826423049894589 0.3951367781155015 0.40548137737174983 0.39285714285714285 0.41496837666900915 0.5569908814589666 0.39739985945186224 0.5729483282674772 0.38053408292340124 0.5752279635258358 0.3752635277582572 0.5554711246200608
4 0.3576950105411103 0.38753799392097266 0.38053408292340124 0.3913373860182371 0.3787772312016866 0.5569908814589666 0.3696416022487702 0.5790273556231003 0.3527758257203092 0.5752279635258358 0.3492621222768798 0.5569908814589666 0.3576950105411103 0.5151975683890577
5 0.3288826423049895 0.3533434650455927 0.353829936753338 0.3472644376899696 0.3629655657062544 0.541033434650456 0.34188334504567813 0.5630699088145896 0.31763879128601546 0.5448328267477204 0.31763879128601546 0.5113981762917933
6 0.2835558678847505 0.331306990881459 0.3067463106113844 0.32142857142857145 0.3141250878425861 0.3373860182370821 0.31974701335207306 0.5030395136778115 0.3158819395643008 0.5273556231003039 0.30288123682361207 0.5273556231003039 0.28636683063949403 0.5433130699088146 0.27160927617709063 0.4908814589665654 0.2796907940969782 0.4430091185410334
24 0.4982431482782853 0.6109422492401215 0.47505270555165147 0.6132218844984803 0.488756148981026 0.8389057750759878 0.5073787772312017 0.8351063829787234
25 0.4546732255797611 0.6109422492401215 0.47575544624033733 0.6132218844984803 0.488756148981026 0.8731003039513677 0.46380885453267745 0.8609422492401215 0.46099789177793393 0.7348024316109423 0.4529163738580464 0.689209726443769
26 0.43710470836261417 0.6094224924012158 0.45361911454673226 0.6094224924012158 0.45924104005621924 0.7013677811550152 0.4546732255797611 0.8267477203647416 0.4241040056219255 0.8229483282674772 0.42515811665495434 0.7272036474164134 0.42691496837666904 0.6732522796352584
27 0.40548137737174983 0.6048632218844985 0.42515811665495434 0.5972644376899696 0.43886156008432886 0.6268996960486323 0.4195361911454673 0.8351063829787234 0.3928320449754041 0.8267477203647416 0.40196767392832045 0.6732522796352584 0.4093464511595221 0.6451367781155015
28 0.3787772312016866 0.6155015197568389 0.39529163738580464 0.6048632218844985 0.4111033028812368 0.6231003039513677 0.41215741391426564 0.6732522796352584 0.3826423049894589 0.8290273556231003 0.3583977512297962 0.8153495440729484
30 0.3011243851018974 0.5569908814589666 0.31131412508784256 0.5372340425531915 0.3499648629655657 0.5775075987841946 0.34750527055516517 0.6170212765957447 0.2965565706254392 0.7674772036474165 0.25298664792691494 0.7393617021276596 0.24736472241742796 0.6329787234042553 0.2796907940969782 0.5949848024316109
16 0.4982431482782853 0.6155015197568389 0.5182712579058327 0.6094224924012158 0.5231904427266338 0.6329787234042553 0.5238931834153198 0.8411854103343465 0.5063246661981728 0.8411854103343465 0.4989458889669712 0.6968085106382979
17 0.5221363316936051 0.6071428571428571 0.5488404778636683 0.6155015197568389 0.550948699929726 0.648936170212766 0.550948699929726 0.8328267477203647 0.533380182712579 0.8351063829787234 0.5210822206605763 0.7188449848024316
18 0.5453267744202389 0.6170212765957447 0.567463106113844 0.6071428571428571 0.5748418833450457 0.6390577507598785 0.5860857343640197 0.8449848024316109 0.55621925509487 0.8411854103343465 0.5453267744202389 0.6732522796352584
19 0.5685172171468728 0.6155015197568389 0.5850316233309909 0.6033434650455927 0.5952213633169361 0.6155015197568389 0.6184118060435699 0.8351063829787234 0.5941672522839072 0.8389057750759878 0.5758959943780745 0.7074468085106383
20 0.5867884750527056 0.5987841945288754 0.6184118060435699 0.5934650455927052 0.6247364722417428 0.648936170212766 0.6524947294448349 0.8009118541033434 0.6286015460295151 0.8191489361702128 0.6026001405481377 0.7150455927051672
21 0.6184118060435699 0.5972644376899696 0.6598735066760365 0.5714285714285714 0.7069571328179901 0.7712765957446809 0.6563598032326071 0.8009118541033434
22 0.6637385804638088 0.5775075987841946 0.7108222066057625 0.541033434650456 0.7210119465917076 0.5668693009118541 0.7550948699929726 0.7249240121580547 0.71890372452565 0.7591185410334347 0.6763879128601546 0.6512158054711246