0 0.5003469812630118 0.5243161094224924 0.4993060374739764 0.5562310030395137 0.49410131852879946 0.560790273556231 0.4764052741151978 0.560790273556231 0.46668979875086747 0.5539513677811551 0.4677307425399028 0.5387537993920972 0.4712005551700208 0.48632218844984804 0.4718945176960444 0.44072948328267475 0.4722414989590562 0.3974164133738602 0.472588480222068 0.364741641337386 0.47432338653712697 0.34574468085106386 0.47848716169326855 0.3373860182370821 0.4871616932685635 0.34194528875379937 0.49375433726578766 0.3882978723404255 0.4989590562109646 0.46504559270516715
1 0.44691186675919503 0.4870820668693009 0.4472588480222068 0.5326747720364742 0.45176960444136016 0.5524316109422492 0.4611380985426787 0.5562310030395137 0.46703678001387927 0.5501519756838906 0.47015961138098544 0.4848024316109423 0.4712005551700208 0.4399696048632219 0.4712005551700208 0.3981762917933131 0.46946564885496184 0.3601823708206687 0.46634281748785567 0.3343465045592705 0.45558639833448994 0.33358662613981765 0.45176960444136016 0.3776595744680851
2 0.42331714087439276 0.4878419452887538 0.42401110340041637 0.5243161094224924 0.42748091603053434 0.5486322188449848 0.4361554476058293 0.5600303951367781 0.44691186675919503 0.547112462006079 0.45211658570437196 0.5387537993920972 0.4538514920194309 0.48632218844984804 0.45246356696738377 0.4490881458966565 0.45038167938931295 0.37462006079027355 0.45211658570437196 0.3487841945288754 0.45107564191533656 0.331306990881459 0.4354614850798057 0.33206686930091184 0.4260929909784872 0.45896656534954405
3 0.41013185287994447 0.49012158054711247 0.4080499653018737 0.5364741641337386 0.41464260929909785 0.5531914893617021 0.4250520471894518 0.5372340425531915 0.4347675225537821 0.5433130699088146 0.44066620402498263 0.5379939209726444 0.44205412907702984 0.49164133738601823 0.4396252602359473 0.4627659574468085 0.4337265787647467 0.4133738601823708 0.4312977099236641 0.3905775075987842 0.42956280360860516 0.37462006079027355 0.4181124219292158 0.3731003039513678 0.41533657182512146 0.3943768996960486 0.41325468424705064 0.43541033434650456
5 0.36363636363636365 0.48936170212765956 0.36190145732130463 0.5273556231003039 0.3653712699514226 0.5547112462006079 0.37820957668285915 0.5455927051671733 0.38653712699514226 0.5493920972644377 0.3976405274115198 0.547112462006079 0.40527411519777934 0.5319148936170213 0.4090909090909091 0.5022796352583586 0.40562109646079114 0.45364741641337386 0.4024982650936849 0.4217325227963526 0.4028452463566967 0.3776595744680851 0.4028452463566967 0.3586626139817629 0.39174184594031924 0.34422492401215804 0.3827203331020125 0.3487841945288754 0.37335183900069396 0.3890577507598784
6 0.3244274809160305 0.4848024316109423 0.32165163081193615 0.5220364741641338 0.33102012491325467 0.5395136778115501 0.3431644691186676 0.5372340425531915 0.3549618320610687 0.5493920972644377 0.36294240111034004 0.5417933130699089 0.37196391394864675 0.513677811550152 0.37196391394864675 0.4825227963525836 0.3678001387925052 0.4316109422492401 0.3688410825815406 0.40577507598784196 0.3688410825815406 0.3791793313069909 0.3667591950034698 0.36322188449848025 0.36190145732130463 0.35030395136778114 0.34975711311589175 0.34422492401215804 0.3383067314365024 0.35790273556231 0.33136710617626647 0.3951367781155015
7 0.291117279666898 0.4635258358662614 0.28348369188063843 0.4848024316109423 0.28383067314365024 0.5030395136778115 0.29528105482303957 0.5281155015197568 0.3105482303955586 0.541033434650456 0.3240804996530187 0.5326747720364742 0.3379597501734906 0.4992401215805471 0.33657182512144346 0.4574468085106383 0.33657182512144346 0.4133738601823708 0.33657182512144346 0.3723404255319149 0.3337959750173491 0.34574468085106386 0.3275503122831367 0.3123100303951368 0.3157529493407356 0.30623100303951367 0.3049965301873699 0.30851063829787234 0.29493407356002777 0.32674772036474165 0.2904233171408744 0.3525835866261398 0.29319916724496875 0.3761398176291793 0.2963219986120749 0.41413373860182373 0.29389312977099236 0.45592705167173253
8 0.5003469812630118 0.5182370820668692 0.5006939625260236 0.5531914893617021 0.506939625260236 0.5653495440729484 0.520471894517696 0.5623100303951368 0.5340041637751561 0.5577507598784195 0.5326162387231089 0.5159574468085106 0.5326162387231089 0.4946808510638298 0.5326162387231089 0.4148936170212766 0.5326162387231089 0.3844984802431611 0.5381679389312977 0.3487841945288754 0.5385149201943095 0.32978723404255317 0.5336571825121443 0.3191489361702128 0.5222068008327551 0.324468085106383 0.5170020818875781 0.3495440729483283 0.5024288688410826 0.4946808510638298
9 0.5326162387231089 0.5159574468085106 0.5336571825121443 0.5547112462006079 0.5409437890353921 0.560790273556231 0.5492713393476752 0.5592705167173252 0.5562109646079112 0.5554711246200608 0.5589868147120055 0.5379939209726444 0.556557945870923 0.4726443768996961 0.5555170020818876 0.3981762917933131 0.5555170020818876 0.36854103343465044 0.553088133240805 0.35030395136778114 0.5430256766134629 0.3434650455927052 0.5357390700902152 0.364741641337386 0.5346981263011797 0.3958966565349544 0.5346981263011797 0.4810030395136778
10 0.5600277585010409 0.49164133738601823 0.5593337959750173 0.506079027355623 0.5607217210270645 0.5281155015197568 0.5690492713393477 0.5425531914893617 0.577029840388619 0.5379939209726444 0.5798056904927134 0.5151975683890577 0.5811936155447606 0.4908814589665654 0.5825815405968078 0.42401215805471126 0.5818875780707842 0.3844984802431611 0.580499653018737 0.364741641337386 0.580499653018737 0.3404255319148936 0.5787647467036781 0.32370820668693007 0.5763358778625954 0.30851063829787234 0.5645385149201944 0.30775075987841943 0.5596807772380291 0.3305471124620061 0.5607217210270645 0.36930091185410335 0.5607217210270645 0.4065349544072948 0.5596807772380291 0.44756838905775076
12 0.6002775850104094 0.46200607902735563 0.5985426786953505 0.48936170212765956 0.6082581540596808 0.49012158054711247 0.6141568355308813 0.5144376899696048 0.6207494795281054 0.5197568389057751 0.6273421235253296 0.5113981762917933 0.6294240111034004 0.47796352583586627 0.6304649548924358 0.4270516717325228 0.631852879944483 0.39969604863221886 0.6325468424705066 0.378419452887538 0.6276891047883414 0.36930091185410335 0.6176266481609993 0.3670212765957447 0.6131158917418459 0.38069908814589665 0.6086051353226926 0.4126139817629179
14 0.6519777931991673 0.5053191489361702 0.6492019430950728 0.5417933130699089 0.6537126995142263 0.5585106382978723 0.6696738376127689 0.5699088145896657 0.6842470506592644 0.5547112462006079 0.6894517696044413 0.5425531914893617 0.6918806384455239 0.5212765957446809 0.6908396946564885 0.506079027355623 0.6891047883414295 0.48632218844984804 0.6897987508674531 0.45896656534954405 0.6904927133934767 0.44072948328267475 0.6904927133934767 0.4247720364741641 0.6915336571825121 0.40501519756838905 0.6911866759195003 0.38753799392097266 0.6897987508674531 0.37462006079027355 0.6821651630811936 0.36322188449848025 0.6700208188757807 0.3617021276595745 0.6613462873004857 0.3731003039513678 0.6585704371963914 0.3943768996960486 0.6582234559333796 0.4194528875379939 0.6571825121443442 0.446048632218845 0.6544066620402498 0.46048632218844987 0.6523247744621791 0.49012158054711247
31 0.3136710617626648 0.5577507598784195 0.2963219986120749 0.5638297872340425 0.28521859819569745 0.5767477203647416 0.2758501040943789 0.581306990881459 0.2626648160999306 0.587386018237082 0.24843858431644691 0.5934650455927052 0.24115197779319916 0.6094224924012158 0.24739764052741153 0.6884498480243161 0.25815405968077726 0.6884498480243161 0.27515614156835533 0.6861702127659575 0.2907702984038862 0.6808510638297872 0.3011797362942401 0.6747720364741642 0.31193615544760583 0.6702127659574468 0.32026370575988894 0.6664133738601824 0.33102012491325467 0.6603343465045592 0.33553088133240805 0.6527355623100304 0.3320610687022901 0.6398176291793313 0.3337959750173491 0.621580547112462 0.33102012491325467 0.5995440729483282 0.33102012491325467 0.5759878419452887 0.3289382373351839 0.5706686930091185 0.3247744621790423 0.5615501519756839
30 0.3376127689104788 0.5683890577507599 0.33518390006939625 0.5797872340425532 0.3337959750173491 0.6063829787234043 0.3337959750173491 0.6193009118541033 0.3244274809160305 0.6869300911854104 0.32095766828591255 0.7127659574468085 0.3178348369188064 0.7462006079027356 0.31679389312977096 0.770516717325228 0.32234559333795976 0.7803951367781155 0.3324080499653019 0.7811550151975684 0.3462873004857738 0.7682370820668692 0.35981956974323387 0.7530395136778115 0.36294240111034004 0.7287234042553191 0.37647467036780013 0.6595744680851063 0.3834142956280361 0.648936170212766 0.38584316446911865 0.6223404255319149 0.38584316446911865 0.601823708206687 0.3830673143650243 0.5835866261398176 0.3799444829979181 0.5767477203647416 0.37335183900069396 0.5775075987841946 0.369882026370576 0.5721884498480243 0.3653712699514226 0.5706686930091185 0.3577376821651631 0.5752279635258358 0.35079805690492716 0.560790273556231 0.3414295628036086 0.5623100303951368
29 0.37786259541984735 0.5858662613981763 0.3754337265787647 0.6063829787234043 0.37265787647467036 0.6382978723404256 0.3709229701596114 0.6595744680851063 0.36433032616238725 0.7348024316109423 0.36155447605829283 0.75 0.3657182512144344 0.7963525835866262 0.3657182512144344 0.7963525835866262 0.3806384455239417 0.8069908814589666 0.39625260235947257 0.8039513677811551 0.4035392088827203 0.791033434650456 0.40492713393476754 0.7773556231003039 0.40943789035392086 0.7386018237082067 0.41360166551006244 0.7135258358662614 0.4174184594031922 0.668693009118541 0.4205412907702984 0.6413373860182371 0.42401110340041637 0.6208206686930091 0.4250520471894518 0.6025835866261399 0.4250520471894518 0.5835866261398176 0.4205412907702984 0.5729483282674772 0.41394864677307425 0.5714285714285714 0.4108258154059681 0.5797872340425532 0.40145732130464956 0.5759878419452887 0.39382373351839 0.5729483282674772 0.3834142956280361 0.5767477203647416
24 0.48889659958362247 0.5896656534954408 0.4878556557945871 0.6170212765957447 0.4906315058986815 0.6443768996960486 0.49791811242192924 0.7241641337386018 0.4996530187369882 0.7735562310030395 0.5003469812630118 0.78419452887538 0.5076335877862596 0.7933130699088146 0.5142262317834837 0.7917933130699089 0.5156141568355309 0.7583586626139818 0.5104094378903539 0.6633738601823708 0.5090215128383068 0.6170212765957447 0.506939625260236 0.5866261398176292
25 0.47918112421929215 0.5866261398176292 0.4639139486467731 0.5866261398176292 0.46426092990978485 0.6132218844984803 0.46877168632893823 0.6504559270516718 0.47432338653712697 0.7059270516717325 0.48022206800832756 0.7522796352583586 0.4864677307425399 0.8062310030395137 0.4906315058986815 0.8206686930091185 0.5003469812630118 0.8130699088145896 0.5003469812630118 0.7788753799392097 0.49757113115891743 0.71580547112462 0.4909784871616933 0.6496960486322189 0.48820263705759886 0.6147416413373861 0.4868147120055517 0.5851063829787234
26 0.4476058292852186 0.5980243161094225 0.4441360166551006 0.6223404255319149 0.44274809160305345 0.6382978723404256 0.4396252602359473 0.6884498480243161 0.44031922276197083 0.7492401215805471 0.44309507286606525 0.8282674772036475 0.4573213046495489 0.8503039513677811 0.46946564885496184 0.7849544072948328 0.4729354614850798 0.6542553191489362 0.47015961138098544 0.6413373860182371 0.46530187369882026 0.6162613981762918 0.4625260235947259 0.5896656534954408 0.45662734212352535 0.5881458966565349
27 0.42713393476752254 0.5881458966565349 0.4226231783483692 0.6276595744680851 0.4226231783483692 0.6664133738601824 0.41325468424705064 0.8024316109422492 0.4174184594031922 0.8290273556231003 0.43303261623872313 0.8290273556231003 0.4365024288688411 0.810790273556231 0.4448299791811242 0.7575987841945289 0.4496877168632894 0.7006079027355623 0.45038167938931295 0.6648936170212766 0.45523941707147814 0.6261398176291794 0.45489243580846633 0.6003039513677811 0.44691186675919503 0.5980243161094225 0.44136016655100624 0.5790273556231003 0.4312977099236641 0.581306990881459
16 0.5173490631505898 0.5881458966565349 0.5079805690492714 0.5896656534954408 0.5097154753643304 0.6200607902735562 0.5093684941013186 0.6550151975683891 0.5159611380985427 0.7249240121580547 0.5197779319916724 0.7659574468085106 0.5215128383067315 0.7834346504559271 0.5246356696738376 0.8031914893617021 0.5298403886190146 0.8069908814589666 0.5374739764052742 0.7963525835866262 0.5385149201943095 0.7537993920972644 0.5312283136710617 0.6231003039513677 0.5305343511450382 0.5949848024316109 0.5222068008327551 0.5889057750759878
17 0.5312283136710617 0.5904255319148937 0.5312283136710617 0.6200607902735562 0.5343511450381679 0.6610942249240122 0.5381679389312977 0.7720364741641338 0.5419847328244275 0.8085106382978723 0.5492713393476752 0.8123100303951368 0.5534351145038168 0.7834346504559271 0.5520471894517696 0.743161094224924 0.5510062456627343 0.682370820668693 0.5534351145038168 0.6451367781155015 0.5537820957668286 0.5949848024316109 0.5537820957668286 0.5843465045592705
18 0.5541290770298404 0.5843465045592705 0.5523941707147814 0.6185410334346505 0.5558639833448994 0.6648936170212766 0.5600277585010409 0.7317629179331308 0.5600277585010409 0.7674772036474165 0.5614156835530881 0.7933130699088146 0.5645385149201944 0.8130699088145896 0.5707841776544067 0.8335866261398176 0.5801526717557252 0.8297872340425532 0.5857043719639139 0.8145896656534954 0.5857043719639139 0.776595744680851 0.5857043719639139 0.7203647416413373 0.5836224843858432 0.6770516717325228 0.5784177654406663 0.621580547112462 0.5766828591256072 0.5957446808510638 0.5662734212352533 0.5949848024316109 0.5582928521859819 0.581306990881459
19 0.5791117279666897 0.5889057750759878 0.5766828591256072 0.5987841945288754 0.577029840388619 0.6208206686930091 0.5798056904927134 0.6413373860182371 0.5832755031228314 0.6664133738601824 0.5843164469118668 0.7074468085106383 0.5857043719639139 0.7218844984802432 0.5863983344899375 0.7575987841945289 0.5867453157529493 0.7773556231003039 0.5902151283830673 0.7933130699088146 0.594031922276197 0.8039513677811551 0.6030534351145038 0.8016717325227963 0.6068702290076335 0.7834346504559271 0.604441360166551 0.7416413373860182 0.602706453851492 0.7013677811550152 0.602706453851492 0.662613981762918 0.6020124913254684 0.6390577507598785 0.6040943789035392 0.5965045592705167 0.6023594725884802 0.5843465045592705 0.5975017349063151 0.5782674772036475 0.5863983344899375 0.5790273556231003
20 0.5968077723802915 0.5843465045592705 0.594031922276197 0.6094224924012158 0.5999306037473976 0.6390577507598785 0.6023594725884802 0.6542553191489362 0.6068702290076335 0.7165653495440729 0.6092990978487162 0.7606382978723404 0.6124219292158224 0.7857142857142857 0.6183206106870229 0.7963525835866262 0.6245662734212353 0.7955927051671733 0.6280360860513532 0.7537993920972644 0.6256072172102707 0.7074468085106383 0.6256072172102707 0.6496960486322189 0.6259541984732825 0.6193009118541033 0.6252602359472589 0.5942249240121581 0.6231783483691881 0.5797872340425532 0.6065232477446217 0.5691489361702128
21 0.6207494795281054 0.5797872340425532 0.6165857043719639 0.6048632218844985 0.6204024982650936 0.6398176291793313 0.6235253296321999 0.6747720364741642 0.630117973629424 0.7682370820668692 0.638792505204719 0.7879939209726444 0.6526717557251909 0.791033434650456 0.6679389312977099 0.7674772036474165 0.6665510062456628 0.7279635258358662 0.659264399722415 0.6451367781155015 0.6620402498265093 0.5965045592705167 0.6596113809854268 0.5752279635258358 0.6391394864677308 0.5790273556231003 0.6328938237335184 0.5752279635258358