0 0.4933844011142061 0.5678191489361702 0.5362116991643454 0.5771276595744681 0.5372562674094707 0.5152925531914894 0.5278551532033426 0.3224734042553192 0.504874651810585 0.3238031914893617 0.49512534818941506 0.5059840425531915 0.4857242339832869 0.5279255319148937
1 0.4620473537604457 0.5664893617021277 0.48746518105849584 0.5804521276595744 0.5010445682451253 0.5625 0.47841225626740946 0.34242021276595747 0.4610027855153203 0.34441489361702127 0.46657381615598886 0.5146276595744681
2 0.4296657381615599 0.5591755319148937 0.43941504178272983 0.5831117021276596 0.45264623955431754 0.5831117021276596 0.4697075208913649 0.5664893617021277 0.47040389972144847 0.5006648936170213 0.44220055710306405 0.3384308510638298 0.4293175487465181 0.33976063829787234 0.42792479108635095 0.45279255319148937
4 0.362116991643454 0.5585106382978723 0.3777855153203343 0.5784574468085106 0.3983286908077994 0.5644946808510638 0.40564066852367686 0.523936170212766 0.3997214484679666 0.48404255319148937 0.3969359331476323 0.35438829787234044 0.3802228412256267 0.3517287234042553 0.3697771587743733 0.4953457446808511 0.36002785515320335 0.5099734042553191
8 0.533774373259053 0.5731382978723404 0.5564066852367688 0.5771276595744681 0.5734679665738162 0.5678191489361702 0.5717270194986073 0.4900265957446808 0.560933147632312 0.3490691489361702 0.5438718662952646 0.3470744680851064 0.5365598885793872 0.511968085106383
9 0.5706824512534819 0.5678191489361702 0.599233983286908 0.5658244680851063 0.6006267409470752 0.48936170212765956 0.6013231197771588 0.3570478723404255 0.5891364902506964 0.3570478723404255 0.5762534818941504 0.4454787234042553 0.5724233983286908 0.4946808510638298 0.5696378830083565 0.5059840425531915
11 0.6267409470752089 0.5565159574468085 0.6354456824512534 0.5771276595744681 0.6545961002785515 0.5751329787234043 0.6577298050139275 0.5684840425531915 0.6605153203342619 0.4800531914893617 0.6563370473537604 0.3716755319148936 0.6413649025069638 0.3636968085106383 0.6316155988857939 0.4421542553191489 0.6243036211699164 0.5026595744680851 0.6215181058495822 0.5152925531914894 0.6215181058495822 0.5352393617021277
12 0.6535515320334262 0.5638297872340425 0.6678272980501393 0.586436170212766 0.6810584958217271 0.5844414893617021 0.6915041782729805 0.5678191489361702 0.6915041782729805 0.5259308510638298 0.6897632311977716 0.5099734042553191 0.6800139275766016 0.3617021276595745 0.6608635097493036 0.3636968085106383 0.6573816155988857 0.5066489361702128
14 0.7169220055710307 0.5804521276595744 0.7315459610027855 0.59375 0.741991643454039 0.5904255319148937 0.7524373259052924 0.5957446808510638 0.7688022284122563 0.5611702127659575 0.7684540389972145 0.5206117021276596 0.7694986072423399 0.41555851063829785 0.725974930362117 0.4242021276595745 0.7207520891364902 0.4820478723404255 0.717966573816156 0.5172872340425532 0.7096100278551533 0.5332446808510638 0.713091922005571 0.5684840425531915
16 0.5313370473537604 0.5944148936170213 0.5595403899721448 0.5837765957446809 0.5769498607242339 0.7819148936170213 0.5626740947075209 0.7892287234042553
17 0.5619777158774373 0.581781914893617 0.5790389972144847 0.5757978723404256 0.5919220055710307 0.5930851063829787 0.5905292479108635 0.6595744680851063 0.5981894150417827 0.7785904255319149 0.5818245125348189 0.7819148936170213 0.5703342618384402 0.7034574468085106 0.5654596100278552 0.6456117021276596
18 0.5919220055710307 0.5757978723404256 0.6239554317548747 0.5884308510638298 0.621866295264624 0.632313829787234 0.6180362116991643 0.6582446808510638 0.6225626740947076 0.7746010638297872 0.6072423398328691 0.7799202127659575 0.5933147632311978 0.6941489361702128 0.5894846796657381 0.6469414893617021
19 0.6197771587743732 0.6030585106382979 0.6323119777158774 0.5871010638297872 0.6552924791086351 0.6070478723404256 0.6535515320334262 0.6449468085106383 0.6465877437325905 0.7825797872340425 0.633008356545961 0.7852393617021277 0.6253481894150418 0.694813829787234 0.6236072423398329 0.6509308510638298
20 0.6532033426183844 0.6449468085106383 0.6552924791086351 0.6050531914893617 0.6897632311977716 0.6150265957446809 0.6911559888579387 0.6602393617021277 0.6866295264623955 0.6655585106382979 0.6782729805013927 0.7872340425531915 0.6692200557103064 0.7878989361702128
22 0.7440807799442897 0.625 0.753133704735376 0.6595744680851063 0.7674094707520891 0.6569148936170213 0.7855153203342619 0.7074468085106383 0.8266016713091922 0.7160904255319149 0.8398328690807799 0.6888297872340425 0.825208913649025 0.6449468085106383 0.8057103064066853 0.6077127659574468 0.8081476323119777 0.5910904255319149 0.7910863509749304 0.557845744680851 0.7632311977715878 0.5837765957446809
24 0.5087047353760445 0.5924202127659575 0.5376044568245125 0.5930851063829787 0.540041782729805 0.7599734042553191 0.5212395543175488 0.7632978723404256
25 0.47736768802228413 0.5997340425531915 0.49268802228412256 0.581781914893617 0.5107938718662952 0.5837765957446809 0.5114902506963789 0.6542553191489362 0.5066155988857939 0.7659574468085106 0.4895543175487465 0.7672872340425532 0.48676880222841223 0.6602393617021277
26 0.4491643454038997 0.605718085106383 0.46831476323119775 0.5777925531914894 0.48084958217270196 0.581781914893617 0.4860724233983287 0.6183510638297872 0.4832869080779944 0.694813829787234 0.4700557103064067 0.7752659574468085 0.44986072423398327 0.7726063829787234 0.45403899721448465 0.6722074468085106
27 0.4136490250696379 0.6037234042553191 0.42792479108635095 0.5837765957446809 0.44045961002785516 0.5831117021276596 0.44846796657381616 0.5930851063829787 0.4575208913649025 0.5997340425531915 0.45508356545961004 0.6269946808510638 0.4536908077994429 0.6675531914893617 0.44846796657381616 0.738031914893617 0.4376740947075209 0.7978723404255319 0.42513927576601673 0.7945478723404256 0.4195682451253482 0.6509308510638298
28 0.38231197771587744 0.5944148936170213 0.3983286908077994 0.5811170212765957 0.4206128133704735 0.5924202127659575 0.42409470752089135 0.6150265957446809 0.4174791086350975 0.632313829787234 0.40981894150417825 0.7061170212765957 0.3955431754874652 0.7872340425531915 0.3854456824512535 0.7892287234042553 0.38614206128133705 0.6821808510638298
29 0.32625348189415043 0.605718085106383 0.33948467966573814 0.581781914893617 0.3582869080779944 0.5904255319148937 0.3708217270194986 0.5851063829787234 0.3868384401114206 0.5930851063829787 0.38057103064066855 0.6476063829787234 0.37952646239554316 0.7054521276595744 0.36142061281337046 0.7978723404255319 0.31545961002785516 0.7752659574468085 0.3307799442896936 0.6549202127659575 0.32625348189415043 0.6529255319148937