0 0.4949426837491571 0.5227963525835866 0.4986513823331086 0.5592705167173252 0.49662845583277143 0.5782674772036475 0.49055967633175995 0.5881458966565349 0.4797707349966285 0.5965045592705167 0.4733648010788941 0.5835866261398176 0.4720161834120027 0.547112462006079 0.4720161834120027 0.5159574468085106 0.4730276466621713 0.48936170212765956 0.4730276466621713 0.4642857142857143 0.4730276466621713 0.43617021276595747 0.47673634524612274 0.4217325227963526 0.4885367498314228 0.425531914893617 0.4942683749157114 0.479483282674772
1 0.4743762643290627 0.5182370820668692 0.4787592717464599 0.5433130699088146 0.4787592717464599 0.5615501519756839 0.476062036412677 0.5775075987841946 0.4703304113283884 0.587386018237082 0.45853000674308836 0.587386018237082 0.45616992582602833 0.5668693009118541 0.45515846257585973 0.5326747720364742 0.45515846257585973 0.5053191489361702 0.45684423465947405 0.4787234042553192 0.45684423465947405 0.4506079027355623 0.45684423465947405 0.4217325227963526 0.46493594066082267 0.41717325227963525 0.46965610249494266 0.43617021276595747 0.4723533378287256 0.4756838905775076
2 0.4622387053270398 0.5098784194528876 0.4659474039109912 0.5319148936170213 0.46156439649359404 0.5554711246200608 0.45751854349291976 0.5668693009118541 0.4538098449089683 0.5858662613981763 0.44942683749157114 0.5919452887537994 0.44200944032366823 0.5919452887537994 0.43762643290627107 0.5486322188449848 0.4349291975724882 0.5197568389057751 0.43661496965610247 0.4870820668693009 0.43661496965610247 0.45896656534954405 0.43661496965610247 0.43541033434650456 0.4396493594066082 0.42021276595744683 0.44605529332434257 0.4133738601823708 0.45515846257585973 0.42629179331306993
8 0.4942683749157114 0.5258358662613982 0.49055967633175995 0.5547112462006079 0.4925826028320971 0.581306990881459 0.4996628455832771 0.5904255319148937 0.5104517869184086 0.5904255319148937 0.5171948752528658 0.5896656534954408 0.5222521915037087 0.5630699088145896 0.5222521915037087 0.5364741641337386 0.5178691840863116 0.5113981762917933 0.5178691840863116 0.48556231003039513 0.5178691840863116 0.46504559270516715 0.5185434929197572 0.43541033434650456 0.5171948752528658 0.4133738601823708 0.5077545515846258 0.4072948328267477 0.49696561024949426 0.4133738601823708 0.4959541469993257 0.46048632218844987
9 0.516857720836143 0.5121580547112462 0.516857720836143 0.5433130699088146 0.521577882670263 0.5775075987841946 0.5306810519217802 0.5782674772036475 0.5377612946729602 0.5668693009118541 0.5387727579231288 0.541033434650456 0.5306810519217802 0.49164133738601823 0.5306810519217802 0.4726443768996961 0.5296695886716116 0.44452887537993924 0.5296695886716116 0.4156534954407295 0.5236008091706001 0.40501519756838905 0.516857720836143 0.4133738601823708 0.5161834120026972 0.4521276595744681
10 0.5316925151719487 0.4878419452887538 0.5303438975050573 0.5182370820668692 0.5350640593391773 0.5349544072948328 0.5414699932569117 0.5653495440729484 0.5482130815913688 0.567629179331307 0.5559676331759946 0.5554711246200608 0.5590020229265004 0.5288753799392097 0.5563047875927175 0.5 0.5559676331759946 0.4749240121580547 0.5542818610923803 0.4582066869300912 0.5532703978422118 0.4278115501519757 0.5505731625084289 0.41109422492401215 0.5418071476736345 0.4012158054711246 0.5343897505057317 0.4088145896656535 0.5306810519217802 0.4521276595744681
11 0.5488873904248146 0.49164133738601823 0.5461901550910316 0.5197568389057751 0.547875927174646 0.5448328267477204 0.5542818610923803 0.5630699088145896 0.5640593391773432 0.5516717325227963 0.5697909642616318 0.5615501519756839 0.5782198246797033 0.5486322188449848 0.5782198246797033 0.5227963525835866 0.5761968981793661 0.49772036474164133 0.574173971679029 0.4749240121580547 0.5731625084288604 0.44984802431610943 0.5714767363452461 0.42629179331306993 0.5654079568442346 0.4133738601823708 0.5559676331759946 0.41109422492401215 0.5472016183412003 0.446048632218845
12 0.5660822656776804 0.506079027355623 0.5660822656776804 0.5364741641337386 0.5708024275118004 0.5638297872340425 0.5819285232636547 0.5509118541033434 0.588671611598112 0.5547112462006079 0.5971004720161834 0.53419452887538 0.5960890087660148 0.5075987841945289 0.5927174645987863 0.4817629179331307 0.5923803101820634 0.4566869300911854 0.591031692515172 0.44224924012158057 0.5900202292650034 0.42401215805471126 0.5869858395144977 0.41109422492401215 0.5819285232636547 0.39893617021276595 0.5714767363452461 0.4012158054711246 0.5654079568442346 0.42933130699088146
13 0.6142953472690492 0.4756838905775076 0.6190155091031693 0.506079027355623 0.6207012811867836 0.5303951367781155 0.6180040458530007 0.5493920972644377 0.6126095751854349 0.5569908814589666 0.605192178017532 0.5509118541033434 0.5960890087660148 0.5569908814589666 0.5869858395144977 0.5303951367781155 0.5846257585974376 0.5053191489361702 0.5853000674308834 0.4673252279635258 0.585974376264329 0.44680851063829785 0.5869858395144977 0.42325227963525835 0.588671611598112 0.4027355623100304 0.5987862440997977 0.4012158054711246 0.6045178691840863 0.41717325227963525 0.6119352663519892 0.4642857142857143
14 0.6109238031018206 0.41793313069908816 0.6105866486850978 0.44832826747720367 0.6082265677680377 0.4817629179331307 0.6082265677680377 0.513677811550152 0.6115981119352664 0.540273556231003 0.6200269723533378 0.5547112462006079 0.6237356709372893 0.560790273556231 0.6351989211058665 0.5486322188449848 0.6473364801078895 0.5387537993920972 0.655428186109238 0.520516717325228 0.6547538772757923 0.49164133738601823 0.6473364801078895 0.4612462006079027 0.6426163182737694 0.4399696048632219 0.6392447741065408 0.41717325227963525 0.6365475387727579 0.3882978723404255 0.6308159136884693 0.3700607902735562 0.624409979770735 0.3556231003039514 0.6169925826028321 0.35030395136778114 0.6078894133513149 0.3617021276595745
15 0.6287929871881321 0.4316109422492401 0.6372218476062036 0.4627659574468085 0.6446392447741065 0.48328267477203646 0.6547538772757923 0.520516717325228 0.6692515171948753 0.526595744680851 0.6780175320296696 0.5 0.6844234659474039 0.4848024316109423 0.6928523263654753 0.4612462006079027 0.6864463924477411 0.4376899696048632 0.6716115981119353 0.4095744680851064 0.6581254214430209 0.3974164133738602 0.6419420094403236 0.3738601823708207 0.6382333108563722 0.3617021276595745 0.6308159136884693 0.3518237082066869 0.6223870532703979 0.34802431610942247 0.6183412002697235 0.3761398176291793
16 0.5006743088334458 0.5980243161094225 0.4989885367498314 0.6352583586626139 0.5013486176668914 0.6656534954407295 0.5040458530006743 0.7074468085106383 0.5040458530006743 0.7424012158054711 0.5060687795010115 0.7689969604863222 0.5104517869184086 0.7857142857142857 0.5178691840863116 0.7750759878419453 0.5178691840863116 0.7302431610942249 0.5171948752528658 0.6907294832826748 0.5144976399190829 0.6496960486322189 0.51416048550236 0.6208206686930091 0.5131490222521915 0.5980243161094225
17 0.5134861766689144 0.5957446808510638 0.5151719487525287 0.6428571428571429 0.51416048550236 0.6785714285714286 0.5161834120026972 0.736322188449848 0.5195549561699259 0.776595744680851 0.5188806473364801 0.791033434650456 0.5276466621712744 0.7895136778115501 0.5306810519217802 0.7598784194528876 0.5306810519217802 0.7256838905775076 0.5316925151719487 0.689209726443769 0.5289952798381659 0.6595744680851063 0.5306810519217802 0.6291793313069909 0.5323668240053945 0.6101823708206687 0.5323668240053945 0.5904255319148937 0.5296695886716116 0.5775075987841946 0.521577882670263 0.5759878419452887 0.5171948752528658 0.5820668693009119
18 0.533378287255563 0.5965045592705167 0.5313553607552259 0.6390577507598785 0.5303438975050573 0.6740121580547113 0.5306810519217802 0.6922492401215805 0.5327039784221174 0.7340425531914894 0.5340525960890088 0.7629179331306991 0.5367498314227916 0.7895136778115501 0.5397842211732974 0.8062310030395137 0.5468644639244774 0.8138297872340425 0.552596089008766 0.7993920972644377 0.5549561699258261 0.7712765957446809 0.5569790964261632 0.7446808510638298 0.5569790964261632 0.709726443768997 0.5552933243425489 0.6785714285714286 0.5542818610923803 0.6572948328267477 0.5542818610923803 0.6291793313069909 0.5522589345920431 0.6132218844984803 0.5482130815913688 0.5987841945288754 0.543155765340526 0.5858662613981763 0.5360755225893459 0.5843465045592705
19 0.5495616992582603 0.6025835866261399 0.5451786918408631 0.6193009118541033 0.5482130815913688 0.6519756838905775 0.5532703978422118 0.668693009118541 0.5559676331759946 0.7127659574468085 0.5579905596763317 0.7446808510638298 0.5606877950101147 0.7727963525835866 0.5640593391773432 0.7917933130699089 0.5714767363452461 0.8077507598784195 0.5778826702629805 0.8016717325227963 0.578894133513149 0.7826747720364742 0.5782198246797033 0.7507598784194529 0.5755225893459204 0.7150455927051672 0.5755225893459204 0.6952887537993921 0.5745111260957518 0.6641337386018237 0.5768712070128119 0.6390577507598785 0.5768712070128119 0.6147416413373861 0.5751854349291976 0.6003039513677811 0.5691166554281861 0.5904255319148937 0.5640593391773432 0.5858662613981763 0.5569790964261632 0.5957446808510638
20 0.5654079568442346 0.6063829787234043 0.5643964935940661 0.6276595744680851 0.5724881995954147 0.6580547112462006 0.5772083614295347 0.6952887537993921 0.5819285232636547 0.7272036474164134 0.5863115306810519 0.7522796352583586 0.5906945380984491 0.7750759878419453 0.5950775455158462 0.7948328267477204 0.6045178691840863 0.8001519756838906 0.6109238031018206 0.7887537993920972 0.6105866486850978 0.7667173252279635 0.602832097100472 0.743920972644377 0.6008091706001348 0.708966565349544 0.6008091706001348 0.6762917933130699 0.5991233985165205 0.648176291793313 0.5991233985165205 0.6268996960486323 0.5987862440997977 0.6063829787234043 0.5950775455158462 0.5904255319148937 0.5846257585974376 0.5820668693009119 0.5795684423465948 0.5843465045592705 0.5761968981793661 0.5980243161094225
21 0.5890087660148348 0.601823708206687 0.5900202292650034 0.6268996960486323 0.5960890087660148 0.6572948328267477 0.6014834794335806 0.6846504559270516 0.6082265677680377 0.7241641337386018 0.6180040458530007 0.7545592705167173 0.6298044504383007 0.776595744680851 0.6399190829399866 0.7826747720364742 0.6527309507754552 0.7750759878419453 0.6591368846931894 0.7583586626139818 0.6574511126095752 0.7256838905775076 0.648347943358058 0.6983282674772037 0.6392447741065408 0.6603343465045592 0.6382333108563722 0.6329787234042553 0.636210384356035 0.5927051671732523 0.6271072151045178 0.5752279635258358 0.6190155091031693 0.5699088145896657 0.6092380310182063 0.5714285714285714 0.6035064059339177 0.5820668693009119 0.5937289278489548 0.5843465045592705
22 0.631490222521915 0.5714285714285714 0.6227242076871207 0.5759878419452887 0.6223870532703979 0.60790273556231 0.6345246122724207 0.6352583586626139 0.6446392447741065 0.6664133738601824 0.6537424140256237 0.6869300911854104 0.6638570465273095 0.7173252279635258 0.6773432231962239 0.7401215805471124 0.6881321645313554 0.7446808510638298 0.6999325691166555 0.7241641337386018 0.6972353337828725 0.6838905775075987 0.6857720836142953 0.6436170212765957 0.6820633850303439 0.6132218844984803 0.6790289952798382 0.5965045592705167 0.6743088334457181 0.5691489361702128 0.6682400539447066 0.5425531914893617 0.6598111935266352 0.5349544072948328 0.6490222521915037 0.5509118541033434 0.6416048550236008 0.5531914893617021
24 0.5006743088334458 0.5980243161094225 0.5003371544167229 0.6352583586626139 0.5003371544167229 0.6664133738601824 0.5006743088334458 0.7006079027355623 0.5030343897505057 0.7416413373860182 0.4989885367498314 0.7811550151975684 0.49055967633175995 0.797112462006079 0.48887390424814564 0.756079027355623 0.4885367498314228 0.7135258358662614 0.48347943358057993 0.6572948328267477 0.48314227916385705 0.6413373860182371 0.48145650708024273 0.6193009118541033 0.480782198246797 0.5980243161094225 0.48954821308159135 0.5881458966565349
25 0.4811193526635199 0.5995440729483282 0.48246797033041133 0.6253799392097265 0.4851652056641942 0.6466565349544073 0.48482805124747136 0.6724924012158054 0.4885367498314228 0.708966565349544 0.48954821308159135 0.7378419452887538 0.4908968307484828 0.7644376899696048 0.49022252191503707 0.7940729483282675 0.48482805124747136 0.8024316109422492 0.47673634524612274 0.791033434650456 0.473701955495617 0.756838905775076 0.46931894807821983 0.7142857142857143 0.4662845583277141 0.682370820668693 0.46493594066082267 0.6572948328267477 0.4659474039109912 0.6314589665653495 0.4662845583277141 0.6132218844984803 0.4676331759946055 0.5942249240121581 0.4720161834120027 0.5904255319148937 0.47741065407956845 0.5942249240121581
26 0.4534726904922454 0.5942249240121581 0.46325016857720835 0.5942249240121581 0.4679703304113284 0.6155015197568389 0.47167902899527986 0.6398176291793313 0.4753877275792313 0.6656534954407295 0.4753877275792313 0.7613981762917933 0.4750505731625084 0.7864741641337386 0.4703304113283884 0.8191489361702128 0.4622387053270398 0.8153495440729484 0.45515846257585973 0.7682370820668692 0.4531355360755226 0.7272036474164134 0.4487525286581254 0.6922492401215805 0.4467296021577883 0.6747720364741642 0.4457181389076197 0.6413373860182371
27 0.42548887390424817 0.6238601823708206 0.42312879298718814 0.6436170212765957 0.42380310182063385 0.6679331306990881 0.428186109238031 0.6960486322188449 0.42987188132164533 0.729483282674772 0.42987188132164533 0.7651975683890577 0.43459204315576533 0.7978723404255319 0.44268374915711395 0.8062310030395137 0.44942683749157114 0.7993920972644377 0.4531355360755226 0.7697568389057751 0.4514497639919083 0.7325227963525835 0.44942683749157114 0.6975683890577508 0.44908968307484826 0.6664133738601824 0.45111260957518545 0.6496960486322189 0.4514497639919083 0.6352583586626139 0.44908968307484826 0.6200607902735562 0.44538098449089686 0.6155015197568389 0.4413351314902225 0.6231003039513677 0.43594066082265676 0.6109422492401215
28 0.4055967633175995 0.6162613981762918 0.40323668240053945 0.6398176291793313 0.4059339177343223 0.6747720364741642 0.40492245448415376 0.7218844984802432 0.40391099123398516 0.7492401215805471 0.4012137559002023 0.7819148936170213 0.4005394470667566 0.8047112462006079 0.40896830748482804 0.8077507598784195 0.41739716790289955 0.7811550151975684 0.42312879298718814 0.7553191489361702 0.4268374915711396 0.7241641337386018 0.4318948078219825 0.6846504559270516 0.4406608226567768 0.6527355623100304 0.44369521240728255 0.6329787234042553 0.44335805799055966 0.6246200607902735 0.4349291975724882 0.6109422492401215 0.4268374915711396 0.6246200607902735 0.4200944032366824 0.6041033434650456
29 0.3739042481456507 0.6048632218844985 0.36918408631153066 0.628419452887538 0.3674983142279164 0.6633738601823708 0.36210384356035064 0.7044072948328267 0.3550236008091706 0.7424012158054711 0.35468644639244773 0.7712765957446809 0.35569790964261633 0.7963525835866262 0.3668240053944707 0.7993920972644377 0.3789615643964936 0.7887537993920972 0.3887390424814565 0.7712765957446809 0.39649359406608226 0.7492401215805471 0.40391099123398516 0.7256838905775076 0.4093054619015509 0.6884498480243161 0.41571139581928523 0.6633738601823708 0.421105866486851 0.6405775075987842 0.42481456507080245 0.6223404255319149 0.4207687120701281 0.6056231003039514 0.4143627781523938 0.6056231003039514 0.4062710721510452 0.6117021276595744 0.3988536749831423 0.601063829787234 0.38975050573162506 0.6056231003039514 0.38368172623061364 0.5949848024316109
30 0.3398516520566419 0.5630699088145896 0.3331085637221848 0.5782674772036475 0.33007417397167904 0.601823708206687 0.3280512474713419 0.628419452887538 0.3219824679703304 0.662613981762918 0.3162508428860418 0.7104863221884499 0.3125421443020904 0.7348024316109423 0.3162508428860418 0.7598784194528876 0.327714093054619 0.7644376899696048 0.33681726230613623 0.7325227963525835 0.3476062036412677 0.7135258358662614 0.3594066082265678 0.6914893617021277 0.3698583951449764 0.6641337386018237 0.3782872555630479 0.6428571428571429 0.3860418071476736 0.6261398176291794 0.39076196898179366 0.6094224924012158 0.38401888064733647 0.5927051671732523 0.3749157113958193 0.5949848024316109 0.366149696561025 0.574468085106383 0.3583951449763992 0.5729483282674772 0.354012137559002 0.574468085106383 0.34996628455832773 0.5600303951367781
6 0.3385030343897505 0.41793313069908816 0.3320971004720162 0.418693009118541 0.3202966958867161 0.4338905775075988 0.3155765340525961 0.4506079027355623 0.3179366149696561 0.4703647416413374 0.32434254888739045 0.5007598784194529 0.3341200269723533 0.5151975683890577 0.34558327714093057 0.5174772036474165 0.3604180714767363 0.4969604863221885 0.3668240053944707 0.47720364741641336 0.377950101146325 0.4574468085106383 0.3877275792312879 0.44072948328267475 0.38975050573162506 0.4133738601823708 0.3853674983142279 0.38677811550151975 0.3739042481456507 0.3738601823708207 0.3617666891436278 0.3738601823708207 0.354012137559002 0.3860182370820669 0.3482805124747134 0.40501519756838905
5 0.3462575859743763 0.48328267477203646 0.33749157113958195 0.506079027355623 0.3378287255563048 0.5220364741641338 0.3412002697235334 0.5357142857142857 0.3533378287255563 0.5357142857142857 0.35603506405933916 0.5448328267477204 0.3651382333108564 0.547112462006079 0.36952124072825354 0.5569908814589666 0.37660148347943356 0.5585106382978723 0.3857046527309508 0.5493920972644377 0.39177343223196226 0.5273556231003039 0.3937963587322994 0.5075987841945289 0.39480782198246794 0.4749240121580547 0.3904248145650708 0.4399696048632219 0.3853674983142279 0.43541033434650456 0.37761294672960216 0.4270516717325228 0.3648010788941335 0.43465045592705165 0.35569790964261633 0.44756838905775076 0.3476062036412677 0.4749240121580547
4 0.3749157113958193 0.5167173252279635 0.3715441672285907 0.5455927051671733 0.3722184760620364 0.5653495440729484 0.377950101146325 0.5729483282674772 0.3877275792312879 0.5706686930091185 0.39413351314902223 0.5775075987841946 0.4045853000674309 0.581306990881459 0.4109912339851652 0.5835866261398176 0.41638570465273095 0.5569908814589666 0.4160485502360081 0.5372340425531915 0.4130141604855024 0.5167173252279635 0.41537424140256235 0.4939209726443769 0.41706001348617666 0.479483282674772 0.41638570465273095 0.46580547112462006 0.41065407956844235 0.45592705167173253 0.4052596089008766 0.4513677811550152 0.3931220498988537 0.45440729483282677 0.3860418071476736 0.46504559270516715 0.3799730276466622 0.4870820668693009 0.375590020229265 0.5091185410334347
3 0.40357383681726233 0.5220364741641338 0.4012137559002023 0.5630699088145896 0.4079568442346595 0.5851063829787234 0.4194200944032367 0.5729483282674772 0.4322319622387053 0.5782674772036475 0.43796358732299395 0.5645896656534954 0.4383007417397168 0.5440729483282675 0.43526635198921104 0.5227963525835866 0.43459204315576533 0.5075987841945289 0.43459204315576533 0.49164133738601823 0.4325691166554282 0.47112462006079026 0.4275118004045853 0.45288753799392095 0.4251517194875253 0.44224924012158057 0.41807147673634526 0.44148936170212766 0.40829399865138233 0.44376899696048633 0.4045853000674309 0.4582066869300912 0.40323668240053945 0.479483282674772 0.40323668240053945 0.506079027355623