8 0.49153116531165314 0.2887537993920973 0.5179539295392954 0.2872340425531915 0.5169376693766937 0.4331306990881459 0.5247289972899729 0.513677811550152 0.5128726287262872 0.5281155015197568 0.4969512195121951 0.5281155015197568 0.494579945799458 0.48556231003039513 0.4962737127371274 0.42857142857142855 0.4942411924119241 0.3495440729483283
9 0.5138888888888888 0.2750759878419453 0.5345528455284553 0.27279635258358664 0.535230352303523 0.3639817629179331 0.5416666666666666 0.4582066869300912 0.5443766937669376 0.49240121580547114 0.5254065040650406 0.5 0.5213414634146342 0.45364741641337386 0.516260162601626 0.3738601823708207 0.518970189701897 0.31762917933130697 0.5179539295392954 0.2773556231003039
10 0.532859078590786 0.26595744680851063 0.5575880758807588 0.25987841945288753 0.5616531165311653 0.4065349544072948 0.5650406504065041 0.4612462006079027 0.5647018970189702 0.48632218844984804 0.5545392953929539 0.48556231003039513 0.5450542005420054 0.47188449848024316 0.5376016260162602 0.44984802431610943 0.5359078590785907 0.28419452887537994
11 0.5633468834688347 0.47796352583586627 0.5579268292682927 0.46048632218844987 0.551829268292683 0.25455927051671734 0.573170731707317 0.25379939209726443 0.5863821138211383 0.4688449848024316 0.5799457994579946 0.4825227963525836 0.573509485094851 0.4703647416413374 0.5704607046070461 0.46656534954407297 0.5674119241192412 0.4673252279635258
12 0.5714769647696477 0.24772036474164133 0.5901084010840109 0.24240121580547114 0.600609756097561 0.3974164133738602 0.6029810298102981 0.42933130699088146 0.6009485094850948 0.4506079027355623 0.5972222222222222 0.45440729483282677 0.5941734417344173 0.4566869300911854 0.5823170731707317 0.4566869300911854 0.5752032520325203 0.41793313069908816
13 0.6029810298102981 0.4490881458966565 0.6307588075880759 0.4452887537993921 0.6307588075880759 0.418693009118541 0.6219512195121951 0.22872340425531915 0.5918021680216802 0.22948328267477203 0.6016260162601627 0.4027355623100304
14 0.6233062330623306 0.22416413373860183 0.6534552845528455 0.22188449848024316 0.6609078590785907 0.3958966565349544 0.6632791327913279 0.4308510638297872 0.6541327913279132 0.4209726443768997 0.6432926829268293 0.439209726443769 0.6327913279132791 0.4316109422492401 0.6307588075880759 0.4065349544072948
15 0.6551490514905149 0.2066869300911854 0.6808943089430894 0.2066869300911854 0.6775067750677507 0.2613981762917933 0.6876693766937669 0.3533434650455927 0.6913956639566395 0.39285714285714285 0.6703929539295393 0.42325227963525835 0.6636178861788617 0.41717325227963525 0.6588753387533876 0.3768996960486322 0.6609078590785907 0.33890577507598785 0.6615853658536586 0.29027355623100304
0 0.4678184281842818 0.2743161094224924 0.48848238482384826 0.27583586626139817 0.489159891598916 0.43237082066869303 0.4942411924119241 0.4946808510638298 0.4962737127371274 0.5334346504559271 0.4759485094850949 0.5303951367781155 0.4678184281842818 0.520516717325228 0.4671409214092141 0.4635258358662614 0.46747967479674796 0.4034954407294833
1 0.4478319783197832 0.506079027355623 0.4563008130081301 0.5159574468085106 0.4657859078590786 0.5159574468085106 0.46476964769647694 0.45364741641337386 0.46815718157181574 0.2553191489361702 0.45121951219512196 0.25455927051671734 0.44715447154471544 0.4506079027355623
2 0.4275067750677507 0.24164133738601823 0.45121951219512196 0.25 0.4451219512195122 0.5030395136778115 0.4305555555555556 0.5098784194528876 0.42513550135501355 0.4946808510638298 0.42513550135501355 0.46048632218844987 0.4261517615176152 0.4148936170212766
3 0.4065040650406504 0.2378419452887538 0.4247967479674797 0.24164133738601823 0.42378048780487804 0.4908814589665654 0.4027777777777778 0.48404255319148937 0.39363143631436315 0.44148936170212766 0.39735772357723576 0.3822188449848024
4 0.3790650406504065 0.22796352583586627 0.40684281842818426 0.24088145896656535 0.4007452574525745 0.48328267477203646 0.38685636856368566 0.49012158054711247 0.3763550135501355 0.48936170212765956 0.36720867208672087 0.4939209726443769 0.364159891598916 0.4817629179331307 0.3655149051490515 0.4612462006079027 0.36653116531165314 0.4209726443768997 0.3794037940379404 0.31382978723404253
5 0.33976964769647694 0.21124620060790272 0.3719512195121951 0.21808510638297873 0.3661924119241192 0.4133738601823708 0.36517615176151763 0.46504559270516715 0.3509485094850949 0.4764437689969605 0.3445121951219512 0.4627659574468085 0.3384146341463415 0.4642857142857143 0.3346883468834688 0.4612462006079027 0.33163956639566394 0.4430091185410334 0.33028455284552843 0.4316109422492401 0.3333333333333333 0.40577507598784196 0.33604336043360433 0.38145896656534956
6 0.3048780487804878 0.19832826747720364 0.3377371273712737 0.21048632218844984 0.33367208672086723 0.4065349544072948 0.3265582655826558 0.4369300911854103 0.31537940379403795 0.4376899696048632 0.30657181571815717 0.4217325227963526 0.3004742547425474 0.42857142857142855 0.29640921409214094 0.41413373860182373 0.30149051490514905 0.378419452887538
16 0.49898373983739835 0.5433130699088146 0.516260162601626 0.541033434650456 0.5213414634146342 0.7279635258358662 0.5064363143631436 0.7317629179331308 0.5050813008130082 0.6109422492401215 0.49966124661246614 0.5668693009118541
17 0.5169376693766937 0.5395136778115501 0.5203252032520326 0.5326747720364742 0.5271002710027101 0.5296352583586627 0.5304878048780488 0.5273556231003039 0.5365853658536586 0.5319148936170213 0.5369241192411924 0.5881458966565349 0.5392953929539296 0.7484802431610942 0.5213414634146342 0.743161094224924 0.5196476964769647 0.6101823708206687 0.518970189701897 0.5691489361702128 0.5169376693766937 0.5448328267477204
18 0.5409891598915989 0.5159574468085106 0.5453929539295393 0.5281155015197568 0.5535230352303523 0.5319148936170213 0.5589430894308943 0.5387537993920972 0.5823170731707317 0.7857142857142857 0.5552168021680217 0.7803951367781155 0.540650406504065 0.6276595744680851 0.5362466124661247 0.5600303951367781 0.5369241192411924 0.53419452887538 0.5389566395663956 0.520516717325228
19 0.5687669376693767 0.5182370820668692 0.5586043360433605 0.5349544072948328 0.5626693766937669 0.5683890577507599 0.5826558265582655 0.7720364741641338 0.6138211382113821 0.7773556231003039 0.5914634146341463 0.6846504559270516 0.5850271002710027 0.6139817629179332 0.5853658536585366 0.5592705167173252 0.5809620596205962 0.526595744680851 0.5721544715447154 0.5167173252279635
20 0.5880758807588076 0.5121580547112462 0.6046747967479674 0.5174772036474165 0.6388888888888888 0.7575987841945289 0.6131436314363143 0.7674772036474165 0.5904471544715447 0.5828267477203647 0.5829945799457995 0.541033434650456 0.5816395663956639 0.5212765957446809
21 0.6084010840108401 0.5015197568389058 0.6317750677506775 0.49240121580547114 0.6371951219512195 0.4939209726443769 0.6426151761517616 0.5113981762917933 0.6480352303523035 0.5448328267477204 0.6775067750677507 0.6975683890577508 0.6361788617886179 0.7249240121580547 0.6155149051490515 0.5699088145896657 0.6094173441734417 0.5547112462006079 0.6067073170731707 0.5509118541033434 0.6070460704607046 0.5372340425531915 0.606029810298103 0.5113981762917933
22 0.6395663956639567 0.48556231003039513 0.641260162601626 0.47188449848024316 0.6456639566395664 0.4688449848024316 0.6487127371273713 0.4696048632218845 0.657520325203252 0.47416413373860183 0.6686991869918699 0.45896656534954405 0.6737804878048781 0.45972644376899696 0.676490514905149 0.4703647416413374 0.7188346883468835 0.6557750759878419 0.681910569105691 0.6899696048632219 0.6571815718157181 0.5805471124620061 0.6436314363143631 0.5235562310030395 0.6392276422764228 0.5037993920972644
23 0.6744579945799458 0.46580547112462006 0.6731029810298103 0.4490881458966565 0.6761517615176151 0.44072948328267475 0.681910569105691 0.4399696048632219 0.6886856368563685 0.44148936170212766 0.6907181571815718 0.4331306990881459 0.6947831978319783 0.4247720364741641 0.6998644986449865 0.41793313069908816 0.7049457994579946 0.4126139817629179 0.709349593495935 0.4148936170212766 0.7154471544715447 0.42401215805471126 0.7557588075880759 0.5645896656534954 0.7232384823848238 0.6268996960486323 0.6944444444444444 0.5167173252279635 0.6832655826558266 0.49544072948328266 0.6785230352303523 0.4848024316109423 0.6771680216802168 0.4688449848024316
24 0.4806910569105691 0.5379939209726444 0.4969512195121951 0.5417933130699089 0.49762872628726285 0.5562310030395137 0.5057588075880759 0.7454407294832827 0.4905149051490515 0.7492401215805471 0.48644986449864497 0.6466565349544073 0.4823848238482385 0.5957446808510638 0.4796747967479675 0.5699088145896657 0.4796747967479675 0.5516717325227963
25 0.46307588075880757 0.53419452887538 0.47865853658536583 0.5364741641337386 0.49254742547425473 0.770516717325228 0.4739159891598916 0.763677811550152 0.46612466124661245 0.6208206686930091 0.462059620596206 0.5797872340425532 0.45867208672086723 0.5486322188449848
26 0.4518970189701897 0.5334346504559271 0.4407181571815718 0.5478723404255319 0.4410569105691057 0.7864741641337386 0.4596883468834688 0.7993920972644377 0.46239837398373984 0.6413373860182371 0.4627371273712737 0.5866261398176292 0.4600271002710027 0.5425531914893617 0.4563008130081301 0.5311550151975684
27 0.4312330623306233 0.53419452887538 0.43597560975609756 0.5524316109422492 0.4410569105691057 0.5577507598784195 0.4380081300813008 0.7933130699088146 0.41124661246612465 0.7826747720364742 0.41700542005420055 0.6519756838905775 0.4234417344173442 0.587386018237082 0.42073170731707316 0.5493920972644377 0.4261517615176152 0.5395136778115501
28 0.4095528455284553 0.5478723404255319 0.3990514905149051 0.5562310030395137 0.3946476964769648 0.5820668693009119 0.3946476964769648 0.6094224924012158 0.3956639566395664 0.6208206686930091 0.3814363143631436 0.7644376899696048 0.3990514905149051 0.7743161094224924 0.4149728997289973 0.6869300911854104 0.41937669376693765 0.6155015197568389 0.4231029810298103 0.5843465045592705 0.4217479674796748 0.5577507598784195 0.4173441734417344 0.547112462006079
30 0.33604336043360433 0.4969604863221885 0.3556910569105691 0.5106382978723404 0.36585365853658536 0.5334346504559271 0.36449864498644985 0.5516717325227963 0.3218157181571816 0.743161094224924 0.27168021680216803 0.682370820668693 0.31775067750677505 0.5547112462006079 0.31978319783197834 0.5433130699088146 0.3170731707317073 0.5326747720364742 0.3238482384823848 0.5151975683890577
31 0.28624661246612465 0.44224924012158057 0.29065040650406504 0.44148936170212766 0.2984417344173442 0.44148936170212766 0.30826558265582654 0.4376899696048632 0.31808943089430897 0.4521276595744681 0.3238482384823848 0.4635258358662614 0.328929539295393 0.4642857142857143 0.3353658536585366 0.4825227963525836 0.33434959349593496 0.49848024316109424 0.258130081300813 0.6899696048632219 0.2222222222222222 0.6109422492401215 0.27303523035230354 0.5 0.2828590785907859 0.44452887537993924