0 0.4712280701754386 0.5866261398176292 0.49543859649122807 0.5927051671732523 0.5014035087719299 0.581306990881459 0.5007017543859649 0.5258358662613982 0.4842105263157895 0.32142857142857145 0.4631578947368421 0.32598784194528874 0.47017543859649125 0.5083586626139818
1 0.44280701754385965 0.5661094224924013 0.4498245614035088 0.5790273556231003 0.4663157894736842 0.5775075987841946 0.47192982456140353 0.5083586626139818 0.47017543859649125 0.38677811550151975 0.45017543859649123 0.3009118541033435 0.43298245614035086 0.2986322188449848 0.44456140350877194 0.3974164133738602 0.443859649122807 0.49012158054711247
2 0.4164912280701754 0.540273556231003 0.4164912280701754 0.5638297872340425 0.4203508771929825 0.5759878419452887 0.4256140350877193 0.5942249240121581 0.44456140350877194 0.5645896656534954 0.44912280701754387 0.493161094224924 0.44912280701754387 0.3890577507598784 0.43122807017543857 0.2689969604863222 0.4126315789473684 0.27583586626139817 0.42350877192982456 0.44452887537993924
3 0.38912280701754387 0.5387537993920972 0.39403508771929824 0.5592705167173252 0.40807017543859647 0.5691489361702128 0.41578947368421054 0.5592705167173252 0.4266666666666667 0.541033434650456 0.42736842105263156 0.506838905775076 0.4164912280701754 0.2750759878419453 0.391578947368421 0.2803951367781155 0.39403508771929824 0.45440729483282677
4 0.35964912280701755 0.5167173252279635 0.3687719298245614 0.5440729483282675 0.38912280701754387 0.540273556231003 0.3929824561403509 0.5303951367781155 0.39403508771929824 0.4734042553191489 0.4007017543859649 0.4004559270516717 0.387719298245614 0.2887537993920973 0.3705263157894737 0.2857142857142857 0.3743859649122807 0.3822188449848024 0.3705263157894737 0.44984802431610943
5 0.31508771929824564 0.5235562310030395 0.3235087719298246 0.5303951367781155 0.33403508771929824 0.547112462006079 0.34771929824561404 0.5455927051671733 0.3589473684210526 0.5258358662613982 0.36280701754385963 0.5053191489361702 0.3617543859649123 0.4627659574468085 0.35333333333333333 0.36854103343465044 0.3182456140350877 0.31762917933130697 0.3059649122807018 0.3427051671732523 0.31894736842105265 0.418693009118541 0.3157894736842105 0.4969604863221885
6 0.27789473684210525 0.49164133738601823 0.2919298245614035 0.520516717325228 0.30105263157894735 0.5273556231003039 0.31298245614035086 0.5220364741641338 0.32070175438596493 0.493161094224924 0.32280701754385965 0.42401215805471126 0.3112280701754386 0.30243161094224924 0.29017543859649125 0.30927051671732525 0.2845614035087719 0.35790273556231 0.2856140350877193 0.4209726443768997
8 0.5045614035087719 0.5942249240121581 0.5364912280701755 0.5896656534954408 0.5343859649122807 0.5015197568389058 0.5312280701754386 0.3229483282674772 0.5063157894736842 0.32142857142857145 0.5021052631578947 0.5 0.5014035087719299 0.5714285714285714
9 0.5343859649122807 0.5797872340425532 0.5452631578947369 0.5866261398176292 0.5554385964912281 0.5759878419452887 0.5582456140350878 0.5554711246200608 0.5543859649122806 0.4642857142857143 0.5498245614035088 0.3343465045592705 0.5301754385964912 0.33966565349544076 0.5280701754385965 0.5319148936170213
10 0.5484210526315789 0.5372340425531915 0.5498245614035088 0.567629179331307 0.5621052631578948 0.5843465045592705 0.5733333333333334 0.5911854103343465 0.5831578947368421 0.560790273556231 0.5835087719298245 0.5387537993920972 0.5831578947368421 0.29559270516717323 0.5575438596491228 0.310790273556231
11 0.5701754385964912 0.5189969604863222 0.5694736842105264 0.560790273556231 0.5803508771929825 0.5828267477203647 0.5926315789473684 0.5896656534954408 0.6066666666666667 0.5881458966565349 0.6073684210526316 0.5220364741641338 0.6112280701754386 0.4513677811550152 0.5971929824561404 0.31762917933130697 0.5803508771929825 0.3229483282674772
12 0.6066666666666667 0.4764437689969605 0.5926315789473684 0.5189969604863222 0.5964912280701754 0.5623100303951368 0.6028070175438597 0.574468085106383 0.6168421052631579 0.5759878419452887 0.6231578947368421 0.5866261398176292 0.6308771929824561 0.5858662613981763 0.6357894736842106 0.5554711246200608 0.6357894736842106 0.5121580547112462 0.6396491228070176 0.34422492401215804 0.6154385964912281 0.3343465045592705
13 0.635438596491228 0.49848024316109424 0.6308771929824561 0.5509118541033434 0.6428070175438596 0.5843465045592705 0.6729824561403509 0.581306990881459 0.68 0.560790273556231 0.6754385964912281 0.5189969604863222 0.6691228070175439 0.45972644376899696 0.6761403508771929 0.33814589665653494 0.6550877192982456 0.35638297872340424
14 0.6729824561403509 0.5288753799392097 0.6814035087719298 0.5592705167173252 0.6996491228070175 0.5592705167173252 0.7136842105263158 0.5357142857142857 0.7150877192982457 0.48632218844984804 0.7189473684210527 0.32142857142857145 0.7035087719298245 0.3229483282674772 0.6785964912280702 0.44224924012158057
16 0.4968421052631579 0.6094224924012158 0.5171929824561403 0.6162613981762918 0.5129824561403509 0.8632218844984803 0.496140350877193 0.8617021276595744
17 0.52 0.6101823708206687 0.5428070175438596 0.6382978723404256 0.5340350877192982 0.6960486322188449 0.5294736842105263 0.8632218844984803 0.5147368421052632 0.8677811550151976
18 0.5364912280701755 0.702887537993921 0.5340350877192982 0.6451367781155015 0.5350877192982456 0.6101823708206687 0.5484210526315789 0.6094224924012158 0.5638596491228071 0.6337386018237082 0.56 0.702887537993921 0.5575438596491228 0.8662613981762918 0.5410526315789473 0.8761398176291794
19 0.5543859649122806 0.675531914893617 0.5484210526315789 0.64209726443769 0.5522807017543859 0.6200607902735562 0.5694736842105264 0.6101823708206687 0.5849122807017544 0.6314589665653495 0.5856140350877193 0.6922492401215805 0.5792982456140351 0.8852583586626139 0.5575438596491228 0.8898176291793313
20 0.5849122807017544 0.6838905775075987 0.5771929824561404 0.6709726443768997 0.5863157894736842 0.6185410334346505 0.5989473684210527 0.621580547112462 0.6154385964912281 0.6352583586626139 0.6154385964912281 0.6960486322188449 0.6154385964912281 0.7986322188449848 0.6091228070175438 0.8457446808510638 0.5933333333333334 0.8457446808510638
23 0.6845614035087719 0.6641337386018237 0.6736842105263158 0.6534954407294833 0.6673684210526316 0.6185410334346505 0.6754385964912281 0.5927051671732523 0.6919298245614035 0.574468085106383 0.7126315789473684 0.5638297872340425 0.7182456140350877 0.5691489361702128 0.7259649122807017 0.6033434650455927 0.7617543859649123 0.7165653495440729 0.7305263157894737 0.7416413373860182
24 0.4782456140350877 0.628419452887538 0.4975438596491228 0.6132218844984803 0.4982456140350877 0.675531914893617 0.49298245614035086 0.8768996960486323 0.4694736842105263 0.8746200607902735
25 0.45473684210526316 0.6314589665653495 0.46 0.601063829787234 0.48175438596491227 0.601063829787234 0.47964912280701755 0.648176291793313 0.4687719298245614 0.8647416413373861 0.45087719298245615 0.8700607902735562
26 0.4368421052631579 0.6990881458966566 0.4357894736842105 0.6352583586626139 0.44596491228070173 0.5965045592705167 0.4568421052631579 0.6436170212765957 0.4607017543859649 0.7059270516717325 0.4515789473684211 0.8951367781155015 0.4357894736842105 0.8951367781155015
27 0.4049122807017544 0.8396656534954408 0.41192982456140353 0.6854103343465046 0.41578947368421054 0.6094224924012158 0.4280701754385965 0.5980243161094225 0.4375438596491228 0.6177811550151976 0.44526315789473686 0.6337386018237082 0.4336842105263158 0.7044072948328267 0.4164912280701754 0.8662613981762918 0.40385964912280703 0.8632218844984803
28 0.3680701754385965 0.8123100303951368 0.387719298245614 0.6398176291793313 0.39614035087719296 0.5995440729483282 0.4185964912280702 0.601063829787234 0.4266666666666667 0.6048632218844985 0.4319298245614035 0.628419452887538 0.41333333333333333 0.6861702127659575 0.38596491228070173 0.8381458966565349 0.3719298245614035 0.8229483282674772
29 0.3059649122807018 0.7819148936170213 0.33614035087719296 0.6907294832826748 0.34175438596491226 0.6550151975683891 0.34385964912280703 0.621580547112462 0.3487719298245614 0.5759878419452887 0.36350877192982456 0.5691489361702128 0.3775438596491228 0.5828267477203647 0.4056140350877193 0.6048632218844985 0.3992982456140351 0.64209726443769 0.38070175438596493 0.675531914893617 0.34456140350877196 0.8305471124620061
30 0.27614035087719296 0.7401215805471124 0.29964912280701755 0.5843465045592705 0.3112280701754386 0.5440729483282675 0.34385964912280703 0.5759878419452887 0.3494736842105263 0.601823708206687 0.33403508771929824 0.6656534954407295 0.2768421052631579 0.7803951367781155
31 0.2392982456140351 0.7074468085106383 0.24561403508771928 0.648936170212766 0.25263157894736843 0.6063829787234043 0.2536842105263158 0.567629179331307 0.2614035087719298 0.5220364741641338 0.29017543859649125 0.5258358662613982 0.30350877192982456 0.5372340425531915 0.3094736842105263 0.5638297872340425 0.29578947368421055 0.6337386018237082 0.26666666666666666 0.75