0 0.4666666666666667 0.5395136778115501 0.47457044673539517 0.5440729483282675 0.49209621993127145 0.5417933130699089 0.4927835051546392 0.5174772036474165 0.4917525773195876 0.4612462006079027 0.4735395189003436 0.25151975683890576 0.45738831615120273 0.2674772036474164 0.47216494845360824 0.4521276595744681 0.4676975945017182 0.4848024316109423 0.4652920962199313 0.5273556231003039
1 0.44536082474226807 0.5174772036474165 0.4529209621993127 0.5334346504559271 0.4652920962199313 0.5326747720364742 0.4663230240549828 0.506079027355623 0.46494845360824744 0.44984802431610943 0.45738831615120273 0.23480243161094225 0.44810996563573885 0.24012158054711247 0.4484536082474227 0.378419452887538 0.44810996563573885 0.45972644376899696 0.4457044673539519 0.4810030395136778
2 0.42783505154639173 0.5037993920972644 0.42955326460481097 0.5281155015197568 0.43333333333333335 0.5311550151975684 0.4439862542955326 0.5243161094224924 0.4498281786941581 0.5007598784194529 0.4498281786941581 0.4787234042553192 0.4470790378006873 0.4369300911854103 0.4415807560137457 0.22796352583586627 0.4288659793814433 0.22644376899696048 0.4261168384879725 0.4148936170212766 0.42508591065292095 0.4749240121580547
3 0.41168384879725084 0.4992401215805471 0.4134020618556701 0.5227963525835866 0.4195876288659794 0.5250759878419453 0.4247422680412371 0.5189969604863222 0.42508591065292095 0.5053191489361702 0.4316151202749141 0.5083586626139818 0.4357388316151203 0.4992401215805471 0.4357388316151203 0.4331306990881459 0.4288659793814433 0.23100303951367782 0.4099656357388316 0.24316109422492402 0.411340206185567 0.45440729483282677
4 0.3951890034364261 0.49848024316109424 0.39862542955326463 0.5174772036474165 0.4065292096219931 0.5167173252279635 0.4099656357388316 0.5015197568389058 0.41580756013745707 0.5296352583586627 0.42439862542955326 0.5243161094224924 0.4274914089347079 0.49620060790273557 0.4233676975945017 0.385258358662614 0.42439862542955326 0.2629179331306991 0.40962199312714775 0.2530395136778115 0.40378006872852235 0.4004559270516717 0.39828178694158073 0.4399696048632219 0.3917525773195876 0.4635258358662614 0.3920962199312715 0.4787234042553192
5 0.36666666666666664 0.47188449848024316 0.36838487972508593 0.49544072948328266 0.370446735395189 0.49772036474164133 0.3766323024054983 0.49544072948328266 0.38384879725085913 0.5015197568389058 0.3920962199312715 0.4878419452887538 0.40103092783505156 0.479483282674772 0.3993127147766323 0.4194528875379939 0.3989690721649485 0.3548632218844985 0.3951890034364261 0.2712765957446808 0.3783505154639175 0.2811550151975684 0.3759450171821306 0.41185410334346506 0.37353951890034365 0.4338905775075988 0.36769759450171824 0.4513677811550152
6 0.33573883161512025 0.4635258358662614 0.3436426116838488 0.46580547112462006 0.3494845360824742 0.4787234042553192 0.36013745704467354 0.47720364741641336 0.36666666666666664 0.47416413373860183 0.3738831615120275 0.45288753799392095 0.3783505154639175 0.43009118541033436 0.38075601374570445 0.2682370820668693 0.3618556701030928 0.2682370820668693 0.36082474226804123 0.3427051671732523 0.3508591065292096 0.3639817629179331 0.3429553264604811 0.3860182370820669 0.3378006872852234 0.4088145896656535 0.33505154639175255 0.4270516717325228 0.33298969072164947 0.446048632218845
7 0.3192439862542955 0.34194528875379937 0.3247422680412371 0.3556231003039514 0.3288659793814433 0.36930091185410335 0.3333333333333333 0.378419452887538 0.3391752577319588 0.385258358662614 0.3463917525773196 0.385258358662614 0.3549828178694158 0.3655015197568389 0.3618556701030928 0.3525835866261398 0.36391752577319586 0.32598784194528874 0.36391752577319586 0.2993920972644377 0.3663230240549828 0.23404255319148937 0.3474226804123711 0.2196048632218845 0.34467353951890034 0.2682370820668693 0.33814432989690724 0.28191489361702127 0.32989690721649484 0.29027355623100304 0.32336769759450174 0.3130699088145897 0.31890034364261166 0.3305471124620061
8 0.49553264604811 0.5433130699088146 0.5178694158075602 0.5364741641337386 0.5178694158075602 0.48632218844984804 0.5137457044673539 0.42933130699088146 0.525085910652921 0.2674772036474164 0.5096219931271477 0.2682370820668693 0.49965635738831615 0.42857142857142855 0.49828178694158076 0.4551671732522796 0.49312714776632305 0.4817629179331307 0.49072164948453606 0.5159574468085106 0.4934707903780069 0.5372340425531915
9 0.5185567010309279 0.5243161094224924 0.5219931271477664 0.53419452887538 0.5336769759450172 0.5281155015197568 0.5381443298969072 0.5220364741641338 0.5405498281786941 0.4969604863221885 0.5398625429553264 0.4521276595744681 0.529553264604811 0.256838905775076 0.5158075601374571 0.26595744680851063 0.5158075601374571 0.3799392097264438 0.5185567010309279 0.44452887537993924 0.5175257731958763 0.48556231003039513 0.5175257731958763 0.5053191489361702
10 0.5419243986254295 0.5098784194528876 0.5474226804123712 0.5258358662613982 0.5539518900343643 0.5319148936170213 0.5604810996563574 0.5144376899696048 0.5649484536082474 0.49164133738601823 0.5649484536082474 0.4338905775075988 0.5587628865979382 0.2454407294832827 0.5426116838487972 0.24924012158054712 0.5419243986254295 0.3677811550151976 0.5419243986254295 0.4095744680851064 0.5388316151202749 0.4316109422492401 0.5371134020618556 0.4688449848024316 0.5398625429553264 0.4939209726443769
11 0.5539518900343643 0.4969604863221885 0.5639175257731959 0.4992401215805471 0.5735395189003436 0.5220364741641338 0.5824742268041238 0.5113981762917933 0.5845360824742268 0.4878419452887538 0.5862542955326461 0.44984802431610943 0.5845360824742268 0.41793313069908816 0.5773195876288659 0.23632218844984804 0.5639175257731959 0.24240121580547114 0.5628865979381443 0.35030395136778114 0.5567010309278351 0.4133738601823708 0.5529209621993127 0.44148936170212766 0.5518900343642612 0.47720364741641336
12 0.6051546391752577 0.4908814589665654 0.5958762886597938 0.5022796352583586 0.5893470790378007 0.4878419452887538 0.5807560137457045 0.4908814589665654 0.5742268041237113 0.4787234042553192 0.5773195876288659 0.43844984802431614 0.579725085910653 0.39285714285714285 0.5845360824742268 0.2507598784194529 0.5993127147766323 0.2591185410334346 0.6010309278350515 0.34574468085106386 0.6020618556701031 0.42325227963525835 0.6058419243986254 0.45592705167173253
13 0.638487972508591 0.46200607902735563 0.6326460481099656 0.48936170212765956 0.627147766323024 0.4810030395136778 0.6161512027491409 0.49164133738601823 0.6123711340206186 0.4817629179331307 0.6037800687285223 0.4810030395136778 0.597594501718213 0.43009118541033436 0.5986254295532646 0.3130699088145897 0.5982817869415807 0.24240121580547114 0.6106529209621994 0.2393617021276596 0.6206185567010309 0.30623100303951367 0.625085910652921 0.3472644376899696 0.6288659793814433 0.38677811550151975 0.6357388316151202 0.42629179331306993
14 0.6288659793814433 0.41033434650455924 0.6298969072164948 0.4369300911854103 0.6333333333333333 0.45592705167173253 0.6450171821305842 0.46580547112462006 0.652233676975945 0.4673252279635258 0.663573883161512 0.4513677811550152 0.6683848797250859 0.4513677811550152 0.6745704467353952 0.43844984802431614 0.6718213058419243 0.40501519756838905 0.6666666666666666 0.3708206686930091 0.6484536082474227 0.331306990881459 0.6443298969072165 0.3069908814589666 0.6419243986254296 0.25835866261398177 0.6192439862542956 0.27583586626139817 0.622680412371134 0.33966565349544076 0.6292096219931271 0.3913373860182371
15 0.6549828178694158 0.3533434650455927 0.6676975945017182 0.3541033434650456 0.6766323024054983 0.3541033434650456 0.6848797250859107 0.3594224924012158 0.6893470790378007 0.3404255319148936 0.6917525773195876 0.32750759878419455 0.6941580756013745 0.3100303951367781 0.6896907216494845 0.270516717325228 0.6951890034364261 0.21200607902735563 0.6927835051546392 0.18085106382978725 0.6835051546391753 0.18768996960486323 0.652233676975945 0.19072948328267478 0.652233676975945 0.23024316109422494 0.6439862542955327 0.2530395136778115 0.6395189003436426 0.28495440729483285 0.6408934707903781 0.30547112462006076 0.6446735395189004 0.33282674772036475 0.6508591065292096 0.34574468085106386
16 0.49965635738831615 0.5797872340425532 0.518213058419244 0.5683890577507599 0.522680412371134 0.7606382978723404 0.5116838487972508 0.7689969604863222 0.5058419243986254 0.6930091185410334 0.5041237113402062 0.6223404255319149 0.5010309278350515 0.601823708206687
17 0.5178694158075602 0.5661094224924013 0.5371134020618556 0.5661094224924013 0.5360824742268041 0.6185410334346505 0.534020618556701 0.7887537993920972 0.5240549828178694 0.7895136778115501
18 0.5381443298969072 0.5645896656534954 0.5439862542955326 0.5539513677811551 0.5539518900343643 0.5516717325227963 0.5584192439862543 0.5767477203647416 0.5611683848797251 0.6231003039513677 0.5652920962199313 0.7013677811550152 0.5656357388316151 0.8396656534954408 0.5467353951890034 0.8411854103343465 0.5412371134020618 0.7256838905775076 0.5367697594501718 0.6740121580547113 0.5353951890034364 0.6162613981762918
19 0.5570446735395189 0.5683890577507599 0.5628865979381443 0.5562310030395137 0.570446735395189 0.5509118541033434 0.5756013745704467 0.5554711246200608 0.5821305841924399 0.5600303951367781 0.584192439862543 0.6003039513677811 0.5835051546391753 0.6261398176291794 0.584192439862543 0.6808510638297872 0.6003436426116838 0.8130699088145896 0.5828178694158076 0.8206686930091185 0.5673539518900343 0.7006079027355623 0.5621993127147766 0.621580547112462 0.5604810996563574 0.6086626139817629 0.5567010309278351 0.5759878419452887
20 0.5731958762886598 0.5509118541033434 0.5780068728522336 0.540273556231003 0.5890034364261169 0.541033434650456 0.5941580756013746 0.5364741641337386 0.6024054982817869 0.5463525835866262 0.6051546391752577 0.5714285714285714 0.6082474226804123 0.6041033434650456 0.6075601374570446 0.6352583586626139 0.6336769759450172 0.8031914893617021 0.6158075601374571 0.810790273556231 0.5859106529209622 0.6664133738601824 0.5810996563573884 0.6025835866261399 0.5773195876288659 0.5820668693009119
21 0.6013745704467354 0.601823708206687 0.5969072164948453 0.5729483282674772 0.5924398625429553 0.5509118541033434 0.5910652920962199 0.5319148936170213 0.5927835051546392 0.5167173252279635 0.6003436426116838 0.5197568389057751 0.6068728522336769 0.5220364741641338 0.6144329896907217 0.5083586626139818 0.6230240549828179 0.5121580547112462 0.6360824742268041 0.5159574468085106 0.6391752577319587 0.5121580547112462 0.6429553264604811 0.5319148936170213 0.6419243986254296 0.5889057750759878 0.6491408934707904 0.60790273556231 0.6573883161512027 0.6367781155015197 0.6821305841924399 0.7477203647416414 0.6481099656357389 0.7689969604863222 0.625085910652921 0.7127659574468085 0.6085910652920962 0.6618541033434651 0.6013745704467354 0.6193009118541033
22 0.6498281786941581 0.5965045592705167 0.6388316151202749 0.5455927051671733 0.634020618556701 0.5167173252279635 0.6371134020618556 0.49544072948328266 0.6457044673539519 0.49164133738601823 0.654639175257732 0.49544072948328266 0.6615120274914089 0.49012158054711247 0.670446735395189 0.48936170212765956 0.677319587628866 0.48632218844984804 0.684192439862543 0.5144376899696048 0.6869415807560137 0.547112462006079 0.6890034364261168 0.5858662613981763 0.7027491408934707 0.6291793313069909 0.7446735395189004 0.6648936170212766 0.7240549828178694 0.6945288753799392 0.693127147766323 0.6952887537993921 0.6731958762886598 0.662613981762918 0.656701030927835 0.6367781155015197
23 0.6810996563573883 0.49544072948328266 0.6828178694158076 0.4764437689969605 0.693127147766323 0.4566869300911854 0.7034364261168385 0.4688449848024316 0.7147766323024055 0.4566869300911854 0.7243986254295532 0.47188449848024316 0.7288659793814433 0.48936170212765956 0.7312714776632302 0.5509118541033434 0.7422680412371134 0.5965045592705167 0.7491408934707904 0.6360182370820668 0.7243986254295532 0.6512158054711246 0.7048109965635739 0.6238601823708206 0.693127147766323 0.5911854103343465 0.6890034364261168 0.567629179331307 0.688659793814433 0.5395136778115501 0.684192439862543 0.5129179331306991
24 0.48419243986254296 0.5805471124620061 0.5 0.5775075987841946 0.5030927835051546 0.648936170212766 0.5048109965635739 0.7697568389057751 0.4917525773195876 0.7674772036474165 0.4927835051546392 0.6975683890577508 0.4896907216494845 0.6367781155015197 0.48625429553264604 0.6139817629179332
25 0.4697594501718213 0.5729483282674772 0.4852233676975945 0.5805471124620061 0.48694158075601374 0.6322188449848024 0.4962199312714777 0.7826747720364742 0.4814432989690722 0.7834346504559271 0.47216494845360824 0.6382978723404256 0.46804123711340206 0.5957446808510638
26 0.4484536082474227 0.5927051671732523 0.4515463917525773 0.567629179331307 0.4611683848797251 0.5638297872340425 0.46804123711340206 0.5911854103343465 0.4725085910652921 0.6443768996960486 0.47697594501718216 0.7370820668693009 0.474914089347079 0.8457446808510638 0.4505154639175258 0.8366261398176292 0.4491408934707904 0.7378419452887538 0.4491408934707904 0.6565349544072948
27 0.4285223367697594 0.6155015197568389 0.4298969072164949 0.5790273556231003 0.43917525773195876 0.560790273556231 0.4457044673539519 0.567629179331307 0.44810996563573885 0.5805471124620061 0.45326460481099656 0.5881458966565349 0.4518900343642612 0.6519756838905775 0.4470790378006873 0.75 0.4395189003436426 0.8343465045592705 0.42646048109965634 0.8259878419452887
28 0.4154639175257732 0.5615501519756839 0.4247422680412371 0.5615501519756839 0.4298969072164949 0.5653495440729484 0.4446735395189003 0.5645896656534954 0.4357388316151203 0.6231003039513677 0.43333333333333335 0.6717325227963525 0.41855670103092785 0.851823708206687 0.40171821305841926 0.8396656534954408 0.4085910652920962 0.6831306990881459 0.41030927835051545 0.6033434650455927 0.4134020618556701 0.5714285714285714
29 0.3845360824742268 0.5364741641337386 0.39553264604810995 0.5379939209726444 0.40240549828178696 0.5311550151975684 0.41237113402061853 0.540273556231003 0.4240549828178694 0.5417933130699089 0.42714776632302404 0.5691489361702128 0.41993127147766324 0.621580547112462 0.4085910652920962 0.7112462006079028 0.38316151202749144 0.8069908814589666 0.35601374570446737 0.7727963525835866 0.3687285223367698 0.6778115501519757 0.3810996563573883 0.5896656534954408 0.3790378006872852 0.5486322188449848
30 0.3443298969072165 0.5151975683890577 0.3481099656357388 0.506838905775076 0.3532646048109966 0.5106382978723404 0.3628865979381443 0.506838905775076 0.37628865979381443 0.5182370820668692 0.38075601374570445 0.513677811550152 0.3879725085910653 0.5250759878419453 0.388659793814433 0.5600303951367781 0.38075601374570445 0.6033434650455927 0.37147766323024056 0.6641337386018237 0.33298969072164947 0.7591185410334347 0.3106529209621993 0.7112462006079028 0.334020618556701 0.6261398176291794 0.3415807560137457 0.5752279635258358 0.3402061855670103 0.5638297872340425
31 0.2993127147766323 0.5182370820668692 0.3120274914089347 0.5129179331306991 0.3268041237113402 0.5129179331306991 0.329553264604811 0.5045592705167173 0.34261168384879725 0.5113981762917933 0.3443298969072165 0.5311550151975684 0.3429553264604811 0.5683890577507599 0.3402061855670103 0.6048632218844985 0.3154639175257732 0.7104863221884499 0.29243986254295534 0.6990881458966566 0.29381443298969073 0.6299392097264438 0.29828178694158075 0.5942249240121581 0.2951890034364261 0.5463525835866262 0.2958762886597938 0.5189969604863222