0 0.4710860366713681 0.5737082066869301 0.48272214386459805 0.5759878419452887 0.4968265162200282 0.5752279635258358 0.4992947813822285 0.4992401215805471 0.4936530324400564 0.3525835866261398 0.47461212976022565 0.35106382978723405 0.47390691114245415 0.4825227963525836 0.4682651622002821 0.5478723404255319
1 0.4506346967559944 0.5303951367781155 0.4520451339915374 0.5683890577507599 0.45944992947813823 0.5691489361702128 0.4728490832157969 0.5683890577507599 0.4767277856135402 0.5258358662613982 0.47602256699576867 0.48556231003039513 0.47602256699576867 0.35106382978723405 0.4552186177715092 0.35638297872340424 0.4559238363892807 0.48556231003039513
2 0.4248942172073343 0.5273556231003039 0.42806770098730607 0.5516717325227963 0.4330042313117066 0.5615501519756839 0.4407616361071932 0.5630699088145896 0.4488716502115656 0.5478723404255319 0.4534555712270804 0.5372340425531915 0.4559238363892807 0.506079027355623 0.4559238363892807 0.4688449848024316 0.4488716502115656 0.31990881458966564 0.43582510578279265 0.3221884498480243 0.43053596614950634 0.439209726443769 0.42806770098730607 0.46808510638297873
3 0.40796897038081803 0.5167173252279635 0.406558533145275 0.53419452887538 0.4104372355430183 0.5668693009118541 0.4185472496473907 0.5721884498480243 0.43053596614950634 0.5638297872340425 0.4368829337094499 0.5357142857142857 0.4400564174894217 0.5235562310030395 0.4400564174894217 0.4870820668693009 0.4294781382228491 0.33206686930091184 0.4097320169252468 0.33586626139817627 0.40937940761636105 0.45440729483282677 0.40796897038081803 0.48404255319148937
4 0.38328631875881525 0.493161094224924 0.382228490832158 0.5250759878419453 0.38011283497884346 0.5395136778115501 0.38645980253878703 0.5562310030395137 0.3928067700987306 0.5585106382978723 0.41290550070521864 0.5615501519756839 0.41748942172073344 0.541033434650456 0.41819464033850495 0.506838905775076 0.4104372355430183 0.31990881458966564 0.3935119887165021 0.3168693009118541 0.3896332863187588 0.4551671732522796
5 0.3511988716502116 0.5881458966565349 0.346262341325811 0.5585106382978723 0.346262341325811 0.5235562310030395 0.3487306064880113 0.5 0.32863187588152326 0.3890577507598784 0.3487306064880113 0.3731003039513678 0.37270803949224257 0.41641337386018235 0.38645980253878703 0.46504559270516715 0.3935119887165021 0.48024316109422494 0.39174894217207334 0.5516717325227963 0.3928067700987306 0.5683890577507599 0.3790550070521862 0.5683890577507599 0.35684062059238364 0.5820668693009119
6 0.30289139633286316 0.5440729483282675 0.3085331452750353 0.5683890577507599 0.3159379407616361 0.5706686930091185 0.32475317348377997 0.5721884498480243 0.33885754583921013 0.5721884498480243 0.3501410437235543 0.5585106382978723 0.35049365303244007 0.541033434650456 0.346262341325811 0.5121580547112462 0.34132581100141046 0.4870820668693009 0.3268688293370945 0.3768996960486322 0.29830747531734836 0.38069908814589665 0.30641748942172076 0.48404255319148937
7 0.2662200282087447 0.5121580547112462 0.27080394922425954 0.5357142857142857 0.28385049365303244 0.5569908814589666 0.3035966149506347 0.5501519756838906 0.3085331452750353 0.5273556231003039 0.31170662905500707 0.5113981762917933 0.3085331452750353 0.47416413373860183 0.3004231311706629 0.36854103343465044 0.2789139633286319 0.378419452887538 0.27080394922425954 0.45288753799392095 0.26833568406205927 0.49620060790273557
8 0.4961212976022567 0.5638297872340425 0.5024682651622003 0.5737082066869301 0.5105782792665726 0.5759878419452887 0.5155148095909732 0.5759878419452887 0.5239774330042313 0.5721884498480243 0.5267983074753173 0.5562310030395137 0.5243300423131171 0.5015197568389058 0.5179830747531735 0.3168693009118541 0.4975317348377997 0.32370820668693007 0.4968265162200282 0.5
9 0.5176304654442877 0.5311550151975684 0.5123413258110014 0.5615501519756839 0.5169252468265162 0.5790273556231003 0.5267983074753173 0.5805471124620061 0.5377291960507757 0.5775075987841946 0.538787023977433 0.5516717325227963 0.5419605077574048 0.5189969604863222 0.5444287729196051 0.4703647416413374 0.5444287729196051 0.3472644376899696 0.5275035260930888 0.34574468085106386
10 0.5483074753173484 0.587386018237082 0.5409026798307476 0.5562310030395137 0.538787023977433 0.5326747720364742 0.5409026798307476 0.4908814589665654 0.5497179125528914 0.3282674772036474 0.561706629055007 0.3305471124620061 0.5673483779971791 0.36854103343465044 0.5684062059238364 0.4734042553191489 0.5691114245416079 0.5372340425531915 0.5684062059238364 0.5706686930091185 0.5595909732016925 0.5828267477203647
11 0.5652327221438646 0.5691489361702128 0.5553596614950634 0.5326747720364742 0.5539492242595204 0.4870820668693009 0.5592383638928068 0.3130699088145897 0.5825105782792666 0.31990881458966564 0.5881523272214386 0.5030395136778115 0.5892101551480959 0.5303951367781155 0.5892101551480959 0.5668693009118541 0.5835684062059239 0.5775075987841946
12 0.5973201692524682 0.5721884498480243 0.5899153737658674 0.5737082066869301 0.5835684062059239 0.5547112462006079 0.5842736248236954 0.49240121580547114 0.5916784203102962 0.3009118541033435 0.6089562764456982 0.3221884498480243 0.6114245416078985 0.48936170212765956 0.6131875881523272 0.5189969604863222 0.6138928067700987 0.5547112462006079
13 0.6100141043723555 0.5805471124620061 0.6026093088857546 0.5516717325227963 0.610719322990127 0.49240121580547114 0.61212976022567 0.47416413373860183 0.6244710860366713 0.3617021276595745 0.6498589562764457 0.3822188449848024 0.6586741889985895 0.42021276595744683 0.6586741889985895 0.4688449848024316 0.6516220028208745 0.5182370820668692 0.6516220028208745 0.5493920972644377 0.6516220028208745 0.5668693009118541 0.6452750352609309 0.5759878419452887 0.6354019746121298 0.5828267477203647 0.6237658674188998 0.5805471124620061 0.6188293370944993 0.5805471124620061
14 0.6636107193229901 0.5805471124620061 0.6502115655853314 0.5501519756838906 0.6484485190409027 0.5113981762917933 0.6547954866008463 0.4756838905775076 0.6540902679830748 0.43617021276595747 0.6540902679830748 0.3974164133738602 0.6667842031029619 0.3822188449848024 0.6844146685472496 0.3943768996960486 0.693935119887165 0.425531914893617 0.6918194640338505 0.4703647416413374 0.6886459802538787 0.5113981762917933 0.6932299012693935 0.5326747720364742 0.693935119887165 0.5547112462006079 0.6812411847672779 0.5706686930091185 0.6748942172073342 0.5805471124620061
15 0.7013399153737658 0.5585106382978723 0.6900564174894217 0.5379939209726444 0.68688293370945 0.506838905775076 0.685472496473907 0.47416413373860183 0.6844146685472496 0.4027355623100304 0.6886459802538787 0.364741641337386 0.7150916784203103 0.3601823708206687 0.7165021156558533 0.4133738601823708 0.7157968970380818 0.45440729483282677 0.7228490832157969 0.4703647416413374 0.7309590973201693 0.5083586626139818 0.7309590973201693 0.5258358662613982 0.7239069111424542 0.5501519756838906 0.7165021156558533 0.5630699088145896 0.7069816643159379 0.5721884498480243
16 0.4954160789844852 0.601823708206687 0.5169252468265162 0.5995440729483282 0.5091678420310296 0.8016717325227963 0.4922425952045134 0.8085106382978723
17 0.514456981664316 0.6656534954407295 0.5098730606488011 0.6086626139817629 0.520098730606488 0.5927051671732523 0.5320874471086037 0.6048632218844985 0.5370239774330042 0.6132218844984803 0.5331452750352609 0.824468085106383 0.5137517630465445 0.8206686930091185
18 0.5409026798307476 0.7515197568389058 0.5352609308885754 0.682370820668693 0.5352609308885754 0.6390577507598785 0.5377291960507757 0.5995440729483282 0.5528913963328632 0.6132218844984803 0.560296191819464 0.6238601823708206 0.5610014104372355 0.668693009118541 0.5634696755994358 0.7689969604863222 0.5483074753173484 0.8480243161094225 0.5345557122708039 0.8343465045592705
19 0.5705218617771509 0.7484802431610942 0.5666431593794076 0.6899696048632219 0.561706629055007 0.6458966565349544 0.5634696755994358 0.6185410334346505 0.5673483779971791 0.6132218844984803 0.5786318758815233 0.6117021276595744 0.5860366713681241 0.6375379939209727 0.5881523272214386 0.6618541033434651 0.5881523272214386 0.8259878419452887 0.5768688293370945 0.8275075987841946
20 0.5937940761636107 0.7530395136778115 0.5899153737658674 0.7036474164133738 0.5867418899858956 0.6709726443768997 0.5835684062059239 0.6375379939209727 0.5860366713681241 0.6117021276595744 0.5937940761636107 0.6086626139817629 0.6011988716502116 0.6170212765957447 0.6124823695345557 0.6253799392097265 0.6170662905500706 0.6580547112462006 0.6181241184767278 0.6899696048632219 0.6124823695345557 0.8161094224924013 0.5980253878702397 0.8297872340425532
21 0.6301128349788434 0.7469604863221885 0.6237658674188998 0.7226443768996961 0.6181241184767278 0.6930091185410334 0.6131875881523272 0.6458966565349544 0.6170662905500706 0.6253799392097265 0.6244710860366713 0.6200607902735562 0.6428067700987306 0.6139817629179332 0.6516220028208745 0.6132218844984803 0.6622002820874471 0.6458966565349544 0.6692524682651622 0.682370820668693 0.6914668547249647 0.8085106382978723 0.6622002820874471 0.8259878419452887
22 0.6763046544428772 0.6998480243161094 0.6597320169252469 0.6702127659574468 0.6547954866008463 0.6466565349544073 0.656558533145275 0.6170212765957447 0.6636107193229901 0.5942249240121581 0.685472496473907 0.5927051671732523 0.6981664315937941 0.5949848024316109 0.7076868829337094 0.6329787234042553 0.7157968970380818 0.6580547112462006 0.7348377997179125 0.7393617021276596 0.7172073342736248 0.770516717325228 0.6932299012693935 0.7340425531914894
24 0.4767277856135402 0.601823708206687 0.4992947813822285 0.5995440729483282 0.4915373765867419 0.8123100303951368 0.48166431593794073 0.8138297872340425
25 0.4534555712270804 0.6033434650455927 0.46473906911142454 0.5965045592705167 0.47602256699576867 0.5965045592705167 0.4823695345557123 0.6101823708206687 0.4728490832157969 0.7150455927051672 0.4682651622002821 0.824468085106383 0.4520451339915374 0.8206686930091185
26 0.4255994358251058 0.78419452887538 0.4263046544428773 0.6930091185410334 0.42736248236953456 0.6329787234042553 0.42983074753173484 0.6048632218844985 0.4386459802538787 0.5927051671732523 0.4502820874471086 0.5942249240121581 0.45839210155148097 0.6101823708206687 0.45627644569816644 0.648176291793313 0.44710860366713684 0.7272036474164134 0.44569816643159377 0.8381458966565349 0.4217207334273625 0.8290273556231003
27 0.40550070521861775 0.8069908814589666 0.40550070521861775 0.7218844984802432 0.40232722143864597 0.6633738601823708 0.4030324400564175 0.6086626139817629 0.4097320169252468 0.5927051671732523 0.4199576868829337 0.5949848024316109 0.4294781382228491 0.6086626139817629 0.43511988716502115 0.6253799392097265 0.42983074753173484 0.6656534954407295 0.423836389280677 0.7378419452887538 0.4192524682651622 0.8419452887537994
28 0.38328631875881525 0.8138297872340425 0.3966854724964739 0.7515197568389058 0.4005641748942172 0.6899696048632219 0.4030324400564175 0.6580547112462006 0.403737658674189 0.6063829787234043 0.4030324400564175 0.5980243161094225 0.3921015514809591 0.5965045592705167 0.382228490832158 0.6048632218844985 0.37270803949224257 0.6398176291793313 0.37447108603667134 0.6778115501519757 0.3765867418899859 0.7104863221884499 0.37447108603667134 0.8100303951367781
30 0.32404795486600846 0.7986322188449848 0.3374471086036671 0.7659574468085106 0.344851904090268 0.7378419452887538 0.3519040902679831 0.6998480243161094 0.3600141043723554 0.6724924012158054 0.36530324400564174 0.6413373860182371 0.3631875881523272 0.6170212765957447 0.35437235543018336 0.6048632218844985 0.34308885754583923 0.5980243161094225 0.33180535966149505 0.5980243161094225 0.3236953455571227 0.6132218844984803 0.31417489421720735 0.6580547112462006 0.28314527503526093 0.770516717325228
31 0.24188998589562766 0.6983282674772037 0.25564174894217206 0.6565349544072948 0.2662200282087447 0.6428571428571429 0.2743300423131171 0.6170212765957447 0.2827926657263752 0.5881458966565349 0.2958392101551481 0.5759878419452887 0.31029619181946405 0.5820668693009119 0.3198166431593794 0.5980243161094225 0.3254583921015515 0.6139817629179332 0.3215796897038082 0.6519756838905775 0.3078279266572638 0.682370820668693 0.30077574047954864 0.6998480243161094 0.2651622002820874 0.7537993920972644