8 0.49863481228668943 0.5243161094224924 0.5255972696245734 0.540273556231003 0.5300341296928328 0.4992401215805471 0.5269624573378839 0.43844984802431614 0.5300341296928328 0.3123100303951368 0.49863481228668943 0.3123100303951368 0.495221843003413 0.4703647416413374
9 0.5320819112627987 0.5106382978723404 0.5358361774744027 0.5106382978723404 0.552901023890785 0.5045592705167173 0.5539249146757679 0.4566869300911854 0.5525597269624574 0.439209726443769 0.5600682593856655 0.3009118541033435 0.532764505119454 0.30167173252279633 0.5307167235494881 0.4088145896656535 0.5279863481228669 0.45364741641337386 0.5300341296928328 0.49240121580547114
10 0.5546075085324232 0.45364741641337386 0.5573378839590444 0.46200607902735563 0.5604095563139931 0.4749240121580547 0.5621160409556314 0.4939209726443769 0.5761092150170648 0.49240121580547114 0.5781569965870307 0.4825227963525836 0.5781569965870307 0.44376899696048633 0.5836177474402731 0.2933130699088146 0.5617747440273038 0.2917933130699088 0.5590443686006826 0.40425531914893614 0.5539249146757679 0.4399696048632219
11 0.5805460750853242 0.49240121580547114 0.5832764505119454 0.4969604863221885 0.5901023890784983 0.4908814589665654 0.5996587030716723 0.4992401215805471 0.6068259385665529 0.49544072948328266 0.6068259385665529 0.29559270516717323 0.5836177474402731 0.29559270516717323 0.5839590443686007 0.4612462006079027
12 0.5989761092150171 0.5015197568389058 0.5945392491467577 0.4582066869300912 0.5986348122866895 0.4012158054711246 0.6112627986348123 0.2933130699088146 0.6337883959044368 0.29635258358662614 0.6313993174061433 0.44680851063829785 0.6262798634812287 0.5022796352583586 0.6191126279863481 0.506079027355623 0.6095563139931741 0.4908814589665654
13 0.6242320819112628 0.506838905775076 0.621160409556314 0.46808510638297873 0.6300341296928328 0.43465045592705165 0.6409556313993174 0.3069908814589666 0.6686006825938566 0.30167173252279633 0.6655290102389079 0.45896656534954405 0.6672354948805461 0.513677811550152 0.6662116040955631 0.5113981762917933 0.6488054607508532 0.5159574468085106 0.6296928327645052 0.5106382978723404
14 0.6665529010238908 0.49620060790273557 0.6713310580204778 0.44832826747720367 0.6747440273037543 0.30623100303951367 0.7068259385665528 0.3069908814589666 0.7040955631399317 0.4369300911854103 0.7112627986348122 0.4642857142857143 0.7146757679180887 0.4946808510638298 0.7092150170648465 0.5151975683890577 0.7003412969283277 0.5106382978723404 0.6805460750853243 0.5243161094224924 0.6744027303754266 0.5159574468085106 0.6699658703071673 0.5167173252279635
15 0.7047781569965871 0.31990881458966564 0.7061433447098976 0.4452887537993921 0.7191126279863481 0.5045592705167173 0.7310580204778157 0.5022796352583586 0.7324232081911263 0.49164133738601823 0.7389078498293515 0.48632218844984804 0.7395904436860068 0.4642857142857143 0.731740614334471 0.41641337386018235 0.7255972696245734 0.31382978723404253 0.7085324232081911 0.3100303951367781
0 0.47167235494880544 0.31382978723404253 0.463481228668942 0.4088145896656535 0.46245733788395904 0.4908814589665654 0.4641638225255973 0.5258358662613982 0.4948805460750853 0.5197568389057751 0.49351535836177474 0.47796352583586627 0.49385665529010236 0.3161094224924012
1 0.4402730375426621 0.303951367781155 0.4416382252559727 0.45896656534954405 0.43651877133105804 0.49620060790273557 0.4409556313993174 0.5235562310030395 0.45733788395904434 0.5212765957446809 0.46245733788395904 0.4133738601823708 0.4658703071672355 0.29711246200607905
2 0.4160409556313993 0.29559270516717323 0.41194539249146755 0.4673252279635258 0.4225255972696246 0.4969604863221885 0.4283276450511945 0.5 0.4331058020477816 0.4726443768996961 0.4416382252559727 0.4452887537993921 0.4378839590443686 0.2917933130699088
3 0.39112627986348125 0.2925531914893617 0.4150170648464164 0.29635258358662614 0.4160409556313993 0.47720364741641336 0.415358361774744 0.4969604863221885 0.40546075085324235 0.49772036474164133 0.3938566552901024 0.49544072948328266 0.38122866894197954 0.47188449848024316 0.3890784982935154 0.4278115501519757 0.3938566552901024 0.36930091185410335
4 0.363481228668942 0.4969604863221885 0.3703071672354949 0.506079027355623 0.39419795221843 0.49772036474164133 0.39829351535836177 0.45592705167173253 0.389419795221843 0.28799392097264437 0.363481228668942 0.2864741641337386 0.3703071672354949 0.3548632218844985 0.36484641638225257 0.42857142857142855
5 0.33515358361774744 0.5083586626139818 0.3337883959044369 0.46200607902735563 0.3320819112627986 0.41413373860182373 0.32081911262798635 0.3047112462006079 0.3556313993174061 0.28343465045592703 0.3696245733788396 0.3495440729483283 0.36484641638225257 0.43237082066869303 0.3655290102389078 0.4878419452887538 0.3631399317406143 0.5083586626139818
6 0.29488054607508535 0.4939209726443769 0.29146757679180885 0.48024316109422494 0.295221843003413 0.4582066869300912 0.29726962457337885 0.43237082066869303 0.2955631399317406 0.4088145896656535 0.28703071672354946 0.30623100303951367 0.3242320819112628 0.29711246200607905 0.3296928327645051 0.4308510638297872 0.33447098976109213 0.4635258358662614 0.33310580204778156 0.49772036474164133 0.3245733788395904 0.5151975683890577 0.3150170648464164 0.5106382978723404 0.29931740614334473 0.5129179331306991
16 0.4928327645051195 0.5699088145896657 0.49965870307167237 0.5714285714285714 0.5146757679180888 0.5623100303951368 0.515358361774744 0.7788753799392097 0.4928327645051195 0.7788753799392097 0.5003412969283276 0.6534954407294833
17 0.5191126279863482 0.5630699088145896 0.5324232081911263 0.560790273556231 0.537542662116041 0.5767477203647416 0.5402730375426621 0.78419452887538 0.5170648464163823 0.7819148936170213 0.5167235494880547 0.5775075987841946
18 0.5453924914675768 0.5592705167173252 0.5378839590443686 0.5843465045592705 0.5354948805460751 0.7887537993920972 0.5552901023890785 0.7933130699088146 0.563481228668942 0.6496960486322189 0.5631399317406144 0.5889057750759878 0.5505119453924915 0.5592705167173252
19 0.5706484641638225 0.5691489361702128 0.5573378839590444 0.5843465045592705 0.5665529010238908 0.7925531914893617 0.5924914675767918 0.7993920972644377 0.5877133105802048 0.6413373860182371 0.5808873720136519 0.5775075987841946 0.5754266211604095 0.5653495440729484
20 0.5938566552901023 0.5630699088145896 0.5808873720136519 0.5729483282674772 0.5928327645051195 0.7993920972644377 0.6170648464163823 0.7993920972644377 0.6112627986348123 0.6200607902735562 0.6112627986348123 0.5699088145896657
21 0.6078498293515359 0.5668693009118541 0.6180887372013651 0.5653495440729484 0.6221843003412969 0.5691489361702128 0.6515358361774743 0.5691489361702128 0.674061433447099 0.7955927051671733 0.6238907849829352 0.7993920972644377 0.6116040955631399 0.6246200607902735
22 0.6658703071672355 0.5714285714285714 0.6546075085324232 0.5866261398176292 0.6525597269624573 0.6048632218844985 0.6901023890784983 0.8039513677811551 0.7252559726962458 0.8001519756838906 0.7122866894197952 0.6033434650455927 0.7040955631399317 0.5569908814589666 0.6812286689419795 0.5623100303951368
23 0.7406143344709898 0.5364741641337386 0.7337883959044369 0.5417933130699089 0.7225255972696246 0.5516717325227963 0.7081911262798635 0.5653495440729484 0.7102389078498293 0.5949848024316109 0.7351535836177474 0.7310030395136778 0.7754266211604095 0.6861702127659575 0.7484641638225256 0.5448328267477204
24 0.47713310580204776 0.5623100303951368 0.46996587030716724 0.5714285714285714 0.4726962457337884 0.791033434650456 0.49965870307167237 0.7872340425531915 0.49215017064846417 0.5972644376899696 0.49215017064846417 0.5737082066869301
25 0.45358361774744027 0.5585106382978723 0.44607508532423207 0.5630699088145896 0.447098976109215 0.6101823708206687 0.4477815699658703 0.7887537993920972 0.4706484641638225 0.7857142857142857 0.4709897610921502 0.6200607902735562 0.4696245733788396 0.5630699088145896
26 0.4354948805460751 0.5569908814589666 0.4252559726962457 0.5767477203647416 0.4242320819112628 0.7826747720364742 0.44368600682593856 0.7849544072948328 0.447098976109215 0.6071428571428571 0.447098976109215 0.5661094224924013 0.4378839590443686 0.5585106382978723
27 0.41194539249146755 0.5600303951367781 0.42662116040955633 0.5866261398176292 0.42457337883959045 0.797112462006079 0.40238907849829353 0.7933130699088146 0.4037542662116041 0.7006079027355623 0.39829351535836177 0.5972644376899696 0.4112627986348123 0.5653495440729484
28 0.39726962457337883 0.5630699088145896 0.38839590443686006 0.5600303951367781 0.3798634812286689 0.5820668693009119 0.3774744027303754 0.7986322188449848 0.3918088737201365 0.8001519756838906 0.41399317406143343 0.5645896656534954 0.4037542662116041 0.5714285714285714
29 0.34197952218430033 0.5645896656534954 0.3508532423208191 0.5600303951367781 0.3703071672354949 0.5699088145896657 0.38600682593856656 0.5638297872340425 0.39044368600682594 0.5691489361702128 0.3931740614334471 0.5881458966565349 0.36689419795221845 0.8009118541033434 0.321160409556314 0.7826747720364742 0.3372013651877133 0.6458966565349544 0.3372013651877133 0.6246200607902735 0.3368600682593857 0.5759878419452887
30 0.3054607508532423 0.5463525835866262 0.3150170648464164 0.5569908814589666 0.3197952218430034 0.5524316109422492 0.3320819112627986 0.5645896656534954 0.34266211604095564 0.5721884498480243 0.3433447098976109 0.6003039513677811 0.310580204778157 0.7940729483282675 0.2566552901023891 0.7424012158054711 0.2863481228668942 0.6170212765957447 0.29146757679180885 0.5638297872340425 0.3006825938566553 0.5463525835866262
31 0.27235494880546074 0.5250759878419453 0.2566552901023891 0.5258358662613982 0.20716723549488056 0.6474164133738601 0.23583617747440272 0.7249240121580547 0.29044368600682596 0.601063829787234 0.29692832764505117 0.5661094224924013 0.29419795221843004 0.5493920972644377 0.2877133105802048 0.5433130699088146