0 0.5027662517289073 0.32978723404255317 0.5027662517289073 0.37537993920972645 0.5006915629322268 0.4642857142857143 0.5027662517289073 0.5030395136778115 0.4878976486860304 0.5227963525835866 0.4851313969571231 0.4969604863221885 0.4878976486860304 0.4399696048632219 0.47925311203319504 0.38145896656534956 0.475103734439834 0.3168693009118541 0.4851313969571231 0.29711246200607905 0.4979253112033195 0.3100303951367781
1 0.47130013831258644 0.3168693009118541 0.4654218533886584 0.31458966565349544 0.4533195020746888 0.3427051671732523 0.4515905947441217 0.3837386018237082 0.45228215767634855 0.41185410334346506 0.45228215767634855 0.45972644376899696 0.45228215767634855 0.5075987841945289 0.4681881051175657 0.5121580547112462 0.48201936376210236 0.45364741641337386 0.48201936376210236 0.3860182370820669
2 0.4287690179806362 0.3100303951367781 0.4287690179806362 0.36854103343465044 0.4256569847856155 0.4316109422492401 0.4218533886583679 0.4969604863221885 0.4415629322268326 0.5182370820668692 0.4533195020746888 0.48404255319148937 0.4533195020746888 0.418693009118541 0.45919778699861685 0.3427051671732523 0.45850622406639 0.29711246200607905 0.4426002766251729 0.29027355623100304
3 0.40387275242047027 0.29711246200607905 0.39799446749654216 0.33206686930091184 0.39315352697095435 0.4095744680851064 0.38416320885200556 0.479483282674772 0.39315352697095435 0.5159574468085106 0.41770401106500693 0.5159574468085106 0.4197786998616874 0.45972644376899696 0.4256569847856155 0.3860182370820669 0.4287690179806362 0.32978723404255317 0.41770401106500693 0.2925531914893617
4 0.3793222683264177 0.29711246200607905 0.3724066390041494 0.30547112462006076 0.35650069156293224 0.3731003039513678 0.3558091286307054 0.42325227963525835 0.3558091286307054 0.47720364741641336 0.3575380359612725 0.5159574468085106 0.39315352697095435 0.520516717325228 0.39730290456431533 0.48556231003039513 0.39799446749654216 0.4316109422492401 0.3962655601659751 0.3708206686930091 0.3941908713692946 0.30319148936170215 0.39107883817427386 0.29027355623100304
5 0.3585753803596127 0.28419452887537994 0.3409405255878285 0.2864741641337386 0.3219225449515906 0.30775075987841943 0.32088520055325037 0.3731003039513678 0.3112033195020747 0.42933130699088146 0.3112033195020747 0.46200607902735563 0.3309128630705394 0.48556231003039513 0.3516597510373444 0.4703647416413374 0.3575380359612725 0.4338905775075988 0.359612724757953 0.3860182370820669 0.3644536652835408 0.33586626139817627
8 0.5197095435684648 0.30319148936170215 0.5145228215767634 0.33814589665653494 0.5127939142461964 0.39893617021276595 0.5107192254495159 0.4726443768996961 0.5155601659751037 0.5159574468085106 0.5314661134163209 0.5311550151975684 0.5352697095435685 0.4969604863221885 0.5363070539419087 0.46200607902735563 0.5363070539419087 0.41185410334346506 0.5363070539419087 0.33814589665653494
9 0.5394190871369294 0.2993920972644377 0.5352697095435685 0.32978723404255317 0.5352697095435685 0.38145896656534956 0.5335408022130014 0.4316109422492401 0.5352697095435685 0.48556231003039513 0.5484094052558783 0.5182370820668692 0.5591286307053942 0.49240121580547114 0.5612033195020747 0.4247720364741641 0.5629322268326418 0.3404255319148936 0.5612033195020747 0.2993920972644377
10 0.568118948824343 0.2948328267477204 0.5612033195020747 0.31458966565349544 0.5532503457814661 0.3776595744680851 0.5532503457814661 0.39893617021276595 0.5591286307053942 0.45364741641337386 0.5601659751037344 0.5098784194528876 0.5729598893499308 0.5182370820668692 0.5778008298755186 0.4878419452887538 0.5767634854771784 0.44452887537993924 0.5857538035961273 0.35790273556231 0.5867911479944675 0.3183890577507599
11 0.584716459197787 0.3229483282674772 0.578838174273859 0.4012158054711246 0.5750345781466113 0.4551671732522796 0.573997233748271 0.5030395136778115 0.5975103734439834 0.5075987841945289 0.6134163208852006 0.48556231003039513 0.6106500691562933 0.44452887537993924 0.6037344398340249 0.3601823708206687 0.6016597510373444 0.2925531914893617
12 0.5985477178423236 0.3229483282674772 0.5985477178423236 0.33814589665653494 0.5937067773167358 0.39893617021276595 0.5957814661134163 0.4574468085106383 0.6113416320885201 0.48556231003039513 0.6251728907330567 0.479483282674772 0.6313969571230982 0.47720364741641336 0.6313969571230982 0.41641337386018235 0.6303596127247579 0.3556231003039514 0.632088520055325 0.30547112462006076 0.6251728907330567 0.2689969604863222 0.6075380359612724 0.28191489361702127
13 0.651106500691563 0.25987841945288753 0.6410788381742739 0.25987841945288753 0.6313969571230982 0.28419452887537994 0.6282849239280774 0.3404255319148936 0.6272475795297372 0.4095744680851064 0.6293222683264177 0.4551671732522796 0.6352005532503457 0.4946808510638298 0.6500691562932227 0.46656534954407297 0.6746196403872753 0.4490881458966565 0.6718533886583679 0.4247720364741641 0.6687413554633471 0.4012158054711246 0.6607883817427386 0.3601823708206687 0.6590594744121715 0.3252279635258359 0.656984785615491 0.2773556231003039
16 0.5027662517289073 0.6899696048632219 0.5006915629322268 0.648936170212766 0.49896265560165975 0.6246200607902735 0.49688796680497926 0.5965045592705167 0.495850622406639 0.5683890577507599 0.495850622406639 0.5486322188449848 0.5027662517289073 0.5334346504559271 0.5138312586445366 0.5334346504559271 0.5145228215767634 0.5683890577507599 0.5155601659751037 0.6033434650455927 0.5155601659751037 0.6443768996960486 0.516597510373444 0.6747720364741642 0.5138312586445366 0.7180851063829787 0.5058782849239281 0.7120060790273556
17 0.5245504840940526 0.7180851063829787 0.5214384508990318 0.6968085106382979 0.520746887966805 0.6550151975683891 0.5145228215767634 0.5987841945288754 0.5145228215767634 0.5638297872340425 0.5186721991701245 0.5425531914893617 0.5276625172890733 0.5296352583586627 0.5352697095435685 0.5577507598784195 0.5352697095435685 0.5790273556231003 0.5352697095435685 0.6208206686930091 0.5352697095435685 0.6512158054711246 0.5414937759336099 0.6793313069908815 0.5404564315352697 0.7180851063829787 0.5335408022130014 0.7287234042553191
18 0.543222683264177 0.7287234042553191 0.5383817427385892 0.6664133738601824 0.5345781466113416 0.6360182370820668 0.5345781466113416 0.601063829787234 0.5373443983402489 0.5486322188449848 0.543222683264177 0.540273556231003 0.5542876901798064 0.5531914893617021 0.5570539419087137 0.5881458966565349 0.563969571230982 0.6246200607902735 0.5691562932226832 0.6664133738601824 0.5691562932226832 0.709726443768997 0.5601659751037344 0.7401215805471124
19 0.5778008298755186 0.7120060790273556 0.5670816044260027 0.6876899696048632 0.5629322268326418 0.6466565349544073 0.5601659751037344 0.6162613981762918 0.5650069156293223 0.540273556231003 0.5778008298755186 0.5379939209726444 0.5836791147994468 0.5577507598784195 0.584716459197787 0.6094224924012158 0.5878284923928078 0.668693009118541 0.5957814661134163 0.7074468085106383 0.5857538035961273 0.7378419452887538
20 0.6044260027662517 0.7074468085106383 0.6044260027662517 0.6854103343465046 0.6044260027662517 0.6534954407294833 0.6044260027662517 0.6162613981762918 0.6044260027662517 0.581306990881459 0.6075380359612724 0.5448328267477204 0.5985477178423236 0.5144376899696048 0.58298755186722 0.5311550151975684 0.5836791147994468 0.5729483282674772 0.5916320885200553 0.6268996960486323 0.5916320885200553 0.6664133738601824
22 0.6728907330567082 0.6550151975683891 0.6659751037344398 0.6443768996960486 0.6303596127247579 0.60790273556231 0.6203319502074689 0.5927051671732523 0.6192946058091287 0.5706686930091185 0.6154910096818811 0.5509118541033434 0.6293222683264177 0.5273556231003039 0.6538727524204703 0.5159574468085106 0.6728907330567082 0.5600303951367781 0.7074688796680498 0.6185410334346505 0.7085062240663901 0.6595744680851063
23 0.7022821576763485 0.44452887537993924 0.6756569847856155 0.4551671732522796 0.6580221300138313 0.479483282674772 0.6718533886583679 0.5448328267477204 0.7143845089903181 0.6185410334346505 0.7299446749654218 0.6246200607902735 0.729253112033195 0.5775075987841946 0.7053941908713693 0.5075987841945289
24 0.4920470262793914 0.6922492401215805 0.49896265560165975 0.6382978723404256 0.49896265560165975 0.5858662613981763 0.48893499308437066 0.5334346504559271 0.4830567081604426 0.5509118541033434 0.4782157676348548 0.6117021276595744 0.47925311203319504 0.6793313069908815
25 0.47925311203319504 0.7074468085106383 0.47925311203319504 0.6724924012158054 0.47925311203319504 0.5965045592705167 0.47406639004149376 0.5509118541033434 0.46438450899031813 0.5425531914893617 0.45435684647302904 0.5577507598784195 0.4574688796680498 0.6094224924012158 0.46438450899031813 0.6816109422492401 0.4702627939142462 0.7203647416413373 0.48201936376210236 0.7310030395136778
26 0.4702627939142462 0.7310030395136778 0.4633471645919779 0.7074468085106383 0.4602351313969571 0.6246200607902735 0.4574688796680498 0.5706686930091185 0.45228215767634855 0.5509118541033434 0.4436376210235131 0.540273556231003 0.43568464730290457 0.5509118541033434 0.43568464730290457 0.6246200607902735 0.4415629322268326 0.6899696048632219 0.4533195020746888 0.7462006079027356
27 0.4436376210235131 0.7272036474164134 0.44467496542185336 0.6550151975683891 0.43948824343015214 0.5835866261398176 0.4298063623789765 0.5311550151975684 0.41770401106500693 0.5448328267477204 0.41286307053941906 0.5987841945288754 0.4187413554633472 0.71580547112462 0.4256569847856155 0.7310030395136778
28 0.40802213001383125 0.7226443768996961 0.4170124481327801 0.6595744680851063 0.41770401106500693 0.6056231003039514 0.41286307053941906 0.5661094224924013 0.406984785615491 0.5448328267477204 0.39522821576763484 0.5448328267477204 0.39107883817427386 0.581306990881459 0.390387275242047 0.6314589665653495 0.3893499308437068 0.6838905775075987 0.3893499308437068 0.7226443768996961 0.4021438450899032 0.7401215805471124
30 0.32295988934993086 0.7006079027355623 0.3437067773167358 0.6724924012158054 0.3703319502074689 0.601063829787234 0.3921161825726141 0.5531914893617021 0.36341632088520054 0.5227963525835866 0.3457814661134163 0.520516717325228 0.32987551867219916 0.5683890577507599 0.3011756569847856 0.6512158054711246 0.2984094052558783 0.6816109422492401
31 0.29322268326417705 0.6466565349544073 0.2845781466113416 0.6231003039513677 0.2793914246196404 0.5729483282674772 0.2863070539419087 0.5334346504559271 0.29737206085753803 0.5007598784194529 0.30532503457814664 0.48404255319148937 0.3239972337482711 0.49240121580547114 0.33990318118948826 0.5311550151975684 0.3426694329183956 0.5486322188449848 0.32295988934993086 0.5904255319148937 0.30428769017980634 0.6337386018237082