7 0.28586996004358883 0.3183890577507599 0.2775154377043226 0.3404255319148936 0.2833272793316382 0.40805471124620063 0.30257900472212135 0.4247720364741641 0.32037776970577553 0.40501519756838905 0.32836905194333454 0.3761398176291793 0.3301852524518707 0.35106382978723405 0.324373410824555 0.3161094224924012 0.29676716309480566 0.3100303951367781
6 0.32836905194333454 0.3700607902735562 0.31965128950236105 0.39893617021276595 0.30403196512895025 0.44072948328267475 0.3011260443152924 0.4749240121580547 0.3178350889938249 0.5182370820668692 0.333817653468943 0.5129179331306991 0.3494369778423538 0.4810030395136778 0.3519796585543044 0.42629179331306993 0.35779150018162004 0.4004559270516717 0.3632401017072285 0.37462006079027355 0.36432982201235015 0.34194528875379937 0.3548855793679622 0.3191489361702128 0.3374500544860153 0.32066869300911854 0.3301852524518707 0.33814589665653494
5 0.3494369778423538 0.42249240121580545 0.3494369778423538 0.45592705167173253 0.35016345804576826 0.4764437689969605 0.34144569560479476 0.5129179331306991 0.3341808935706502 0.5524316109422492 0.34253541590991643 0.5782674772036475 0.36541954231747187 0.5828267477203647 0.37667998547039594 0.5851063829787234 0.3843080276062477 0.5668693009118541 0.38830366872502725 0.5387537993920972 0.3857609880130766 0.49848024316109424 0.38539774791136944 0.46048632218844987 0.38757718852161277 0.41413373860182373 0.3872139484199056 0.378419452887538 0.3806756265891754 0.34194528875379937 0.37014166363966583 0.3366261398176292 0.3556120595713767 0.35638297872340424 0.3530693788594261 0.3966565349544073
4 0.379949146385761 0.4825227963525836 0.379949146385761 0.5106382978723404 0.37958590628405375 0.5600303951367781 0.3828550671994188 0.5790273556231003 0.3977479113694152 0.5904255319148937 0.4115510352342899 0.5904255319148937 0.4159099164547766 0.5661094224924013 0.4159099164547766 0.5326747720364742 0.4122775154377043 0.4969604863221885 0.4122775154377043 0.4521276595744681 0.4122775154377043 0.41033434650455924 0.4122775154377043 0.3890577507598784 0.41118779513258263 0.3601823708206687 0.4057391936069742 0.33814589665653494 0.3930257900472212 0.3465045592705167 0.38830366872502725 0.3882978723404255
3 0.40864511442063206 0.5159574468085106 0.4057391936069742 0.5379939209726444 0.40864511442063206 0.5782674772036475 0.4239011986923356 0.5927051671732523 0.4369778423537959 0.5851063829787234 0.4438794042862332 0.5645896656534954 0.4438794042862332 0.5182370820668692 0.43443516164184526 0.43465045592705165 0.43225572103160187 0.39285714285714285 0.42934980021794406 0.3670212765957447 0.4217217580820923 0.35106382978723405 0.41046131492916815 0.3723404255319149 0.4082818743189248 0.4065349544072948
2 0.434071921540138 0.53419452887538 0.43225572103160187 0.5661094224924013 0.4493280058118416 0.601063829787234 0.46095168906647294 0.5843465045592705 0.4667635306937886 0.5303951367781155 0.46385760988013075 0.46048632218844987 0.46385760988013075 0.3860182370820669 0.46095168906647294 0.35714285714285715 0.456229567744279 0.310790273556231 0.44678532509989105 0.29407294832826747 0.43734108245550307 0.3100303951367781 0.43734108245550307 0.34498480243161095
1 0.4627678895750091 0.5243161094224924 0.46095168906647294 0.5820668693009119 0.4707591718125681 0.6086626139817629 0.48274609516890665 0.601063829787234 0.4871049763893934 0.5782674772036475 0.4871049763893934 0.5281155015197568 0.48492553577915004 0.4506079027355623 0.4860152560842717 0.42021276595744683 0.4860152560842717 0.38069908814589665 0.48129313476207775 0.3282674772036474 0.4736650926262259 0.3221884498480243 0.4656738103886669 0.3487841945288754
0 0.48419905557573556 0.5167173252279635 0.48419905557573556 0.5569908814589666 0.49836541954231744 0.5881458966565349 0.5088993824918271 0.6003039513677811 0.5158009444242644 0.6048632218844985 0.5176171449328005 0.5721884498480243 0.5147112241191427 0.4969604863221885 0.5107155830003632 0.4521276595744681 0.5096258626952416 0.41109422492401215 0.5070831819832909 0.38069908814589665 0.5070831819832909 0.35106382978723405 0.5041772611696331 0.32674772036474165 0.4871049763893934 0.32674772036474165 0.48492553577915004 0.3731003039513678
8 0.5118053033054849 0.5319148936170213 0.513621503814021 0.5661094224924013 0.5354159099164548 0.6063829787234043 0.5434071921540138 0.5866261398176292 0.5423174718488921 0.5364741641337386 0.5306937885942608 0.44680851063829785 0.5296040682891391 0.39285714285714285 0.5296040682891391 0.3700607902735562 0.5252451870686524 0.3465045592705167 0.518343625136215 0.33890577507598785 0.5099891027969488 0.3351063829787234 0.5038140210679259 0.36246200607902734 0.5052669814747548 0.4627659574468085
9 0.5354159099164548 0.5463525835866262 0.537232110424991 0.5881458966565349 0.5499455139847439 0.6147416413373861 0.5597529967308391 0.60790273556231 0.5633853977479114 0.5501519756838906 0.5593897566291318 0.4969604863221885 0.5575735561205957 0.43844984802431614 0.5539411551035234 0.4004559270516717 0.5506719941881584 0.3662613981762918 0.5434071921540138 0.34802431610942247 0.5328732292045042 0.34422492401215804 0.523065746458409 0.35106382978723405 0.5219760261532873 0.3890577507598784
10 0.55176171449328 0.526595744680851 0.5510352342898656 0.5501519756838906 0.5557573556120595 0.5820668693009119 0.5633853977479114 0.6147416413373861 0.5768252815110788 0.6139817629179332 0.5822738830366873 0.574468085106383 0.5826371231383944 0.520516717325228 0.5804576825281511 0.4810030395136778 0.5757355612059571 0.418693009118541 0.5710134398837632 0.3768996960486322 0.5670177987649837 0.33814589665653494 0.5586632764257174 0.3130699088145897 0.5452233926625499 0.3100303951367781 0.5423174718488921 0.34498480243161095
11 0.5735561205957138 0.5326747720364742 0.573919360697421 0.5851063829787234 0.5826371231383944 0.6063829787234043 0.5949872865964403 0.6109422492401215 0.599346167816927 0.5828267477203647 0.599346167816927 0.49240121580547114 0.5957137667998547 0.4126139817629179 0.5909916454776607 0.33890577507598785 0.5826371231383944 0.3161094224924012 0.5728296403922993 0.30851063829787234 0.5630221576462041 0.31458966565349544 0.5659280784598619 0.34194528875379937
12 0.5928078459861968 0.5227963525835866 0.5931710860879041 0.5843465045592705 0.6080639302579005 0.6086626139817629 0.6196876135125318 0.6025835866261399 0.6244097348347257 0.5729483282674772 0.6196876135125318 0.4726443768996961 0.6156919723937523 0.40425531914893614 0.61205957137668 0.3670212765957447 0.6091536505630222 0.3404255319148936 0.596077006901562 0.32066869300911854 0.5909916454776607 0.3290273556231003 0.5880857246640029 0.34422492401215804
13 0.6149654921903378 0.5288753799392097 0.6149654921903378 0.5759878419452887 0.6265891754449692 0.5980243161094225 0.6447511805303305 0.601063829787234 0.6560116236832546 0.5904255319148937 0.6618234653105702 0.5699088145896657 0.6618234653105702 0.5440729483282675 0.6567381038866691 0.5144376899696048 0.6512895023610606 0.46656534954407297 0.650199782055939 0.4247720364741641 0.6465673810388667 0.3951367781155015 0.6385760988013076 0.3882978723404255 0.6178714130039956 0.40805471124620063 0.6138757718852161 0.5144376899696048
14 0.6389393389030149 0.49620060790273557 0.6549219033781329 0.5243161094224924 0.6636396658191064 0.5288753799392097 0.6763530693788594 0.5227963525835866 0.6887032328369052 0.5007598784194529 0.6981474754812932 0.4870820668693009 0.6959680348710497 0.46048632218844987 0.686887032328369 0.43009118541033436 0.6759898292771522 0.40805471124620063 0.6752633490737378 0.3799392097264438 0.6741736287686161 0.3427051671732523 0.6643661460225209 0.3282674772036474 0.6560116236832546 0.3221884498480243 0.6414820196149655 0.3290273556231003 0.6349436977842354 0.3609422492401216 0.6338539774791137 0.42401215805471126
15 0.6810751907010534 0.42857142857142855 0.691609153650563 0.43844984802431614 0.7065019978205593 0.446048632218845 0.721758082092263 0.4331306990881459 0.7293861242281148 0.4004559270516717 0.7308390846349437 0.3799392097264438 0.725027243007628 0.35030395136778114 0.7152197602615329 0.3191489361702128 0.6912459135488558 0.3069908814589666 0.6730839084634944 0.3130699088145897 0.6610969851071559 0.3366261398176292 0.6552851434798401 0.36246200607902734 0.6705412277515438 0.40805471124620063
31 0.2727933163821286 0.5600303951367781 0.2600799128223756 0.5661094224924013 0.24809298946603706 0.5904255319148937 0.24591354885579367 0.6208206686930091 0.24518706865237921 0.6588145896656535 0.2600799128223756 0.6861702127659575 0.28586996004358883 0.6580547112462006 0.2920450417726117 0.6223404255319149 0.2840537595350527 0.5759878419452887
30 0.30257900472212135 0.5463525835866262 0.2945877224845623 0.5501519756838906 0.28877588085724665 0.5782674772036475 0.28804940065383217 0.6048632218844985 0.28804940065383217 0.6367781155015197 0.2804213585179804 0.6588145896656535 0.2746095168906647 0.6945288753799392 0.2724300762804214 0.7082066869300911 0.2727933163821286 0.7386018237082067 0.28514347984017435 0.7606382978723404 0.30802760624772973 0.743920972644377 0.32074100980748277 0.7165653495440729 0.3280058118416273 0.6740121580547113 0.33563385397747914 0.6360182370820668 0.34071921540138034 0.5881458966565349 0.3359970940791863 0.5683890577507599 0.3214674900108972 0.5486322188449848
29 0.35234289865601165 0.5790273556231003 0.34253541590991643 0.5889057750759878 0.3359970940791863 0.6109422492401215 0.3330911732655285 0.6466565349544073 0.324373410824555 0.6983282674772037 0.31202324736650927 0.75 0.30911732655285146 0.7689969604863222 0.32255721031601886 0.8085106382978723 0.34071921540138034 0.8047112462006079 0.35888122048674176 0.7803951367781155 0.3675989829277152 0.7348024316109423 0.37522702506356703 0.6838905775075987 0.38757718852161277 0.6519756838905775 0.3941155103523429 0.6299392097264438 0.39120958953868507 0.6041033434650456 0.3828550671994188 0.5927051671732523 0.3741373047584453 0.5889057750759878
28 0.3941155103523429 0.5927051671732523 0.3835815474028333 0.601063829787234 0.3814021067925899 0.6246200607902735 0.3777697057755176 0.7120060790273556 0.36069742099527785 0.8282674772036475 0.3596077006901562 0.8465045592705167 0.3828550671994188 0.8404255319148937 0.39629495096258627 0.7879939209726444 0.41409371594624045 0.6679331306990881 0.42208499818379946 0.6367781155015197 0.4209952778786778 0.6124620060790273 0.4159099164547766 0.6063829787234043
27 0.4282600799128224 0.601063829787234 0.41808935706502 0.60790273556231 0.4122775154377043 0.6268996960486323 0.41009807482746097 0.6641337386018237 0.4064656738103887 0.7727963525835866 0.40755539411551034 0.8358662613981763 0.41046131492916815 0.8601823708206687 0.4209952778786778 0.8647416413373861 0.42934980021794406 0.851063829787234 0.4333454413367236 0.8039513677811551 0.43806756265891755 0.708966565349544 0.44460588448964766 0.6588145896656535 0.4478750454050127 0.6344984802431611 0.44569560479476933 0.6170212765957447
26 0.45840900835452236 0.601063829787234 0.45078096621867053 0.6025835866261399 0.4438794042862332 0.6200607902735562 0.4398837631674537 0.6869300911854104 0.43734108245550307 0.7978723404255319 0.434071921540138 0.8890577507598785 0.44169996367598985 0.9179331306990881 0.451507446422085 0.9065349544072948 0.46022520886305845 0.7887537993920972 0.46749001089720305 0.6869300911854104 0.47039593171086086 0.6322188449848024 0.4667635306937886 0.60790273556231
25 0.4809298946603705 0.6147416413373861 0.46894297130403195 0.6185410334346505 0.46603705049037414 0.6747720364741642 0.4591354885579368 0.7864741641337386 0.4580457682528151 0.8480243161094225 0.4627678895750091 0.8586626139817629 0.4736650926262259 0.8427051671732523 0.48274609516890665 0.7348024316109423 0.49073737740646567 0.6550151975683891 0.4932800581184163 0.6306990881458967
24 0.5030875408645115 0.6200607902735562 0.4889211768979295 0.6299392097264438 0.48419905557573556 0.7165653495440729 0.4794769342535416 0.7864741641337386 0.4765710134398838 0.8381458966565349 0.48419905557573556 0.8662613981762918 0.4936432982201235 0.8601823708206687 0.4972756992371958 0.8381458966565349 0.500908100254268 0.7469604863221885 0.5096258626952416 0.6648936170212766 0.5125317835088994 0.64209726443769 0.5096258626952416 0.6223404255319149
16 0.5205230657464585 0.628419452887538 0.5154377043225572 0.628419452887538 0.5088993824918271 0.6443768996960486 0.5030875408645115 0.7165653495440729 0.49545949872865963 0.7864741641337386 0.49545949872865963 0.8427051671732523 0.5030875408645115 0.8609422492401215 0.5114420632037777 0.85790273556231 0.5194333454413367 0.7940729483282675 0.5252451870686524 0.7104863221884499 0.5346894297130403 0.64209726443769 0.5288775880857247 0.6306990881458967
17 0.537232110424991 0.6322188449848024 0.5296040682891391 0.64209726443769 0.5252451870686524 0.6679331306990881 0.5205230657464585 0.7621580547112462 0.513621503814021 0.8267477203647416 0.5190701053396295 0.8389057750759878 0.531057028695968 0.8305471124620061 0.5386850708318198 0.7727963525835866 0.55176171449328 0.6770516717325228 0.5535779150018162 0.6428571428571429 0.5434071921540138 0.6299392097264438
18 0.5583000363240102 0.6231003039513677 0.5492190337813294 0.6367781155015197 0.5412277515437705 0.6899696048632219 0.5328732292045042 0.7287234042553191 0.5270613875771886 0.8100303951367781 0.5219760261532873 0.8708206686930091 0.5270613875771886 0.9080547112462006 0.5434071921540138 0.9019756838905775 0.5521249545949873 0.8419452887537994 0.5641118779513258 0.7507598784194529 0.5688339992735197 0.6747720364741642 0.5710134398837632 0.6519756838905775 0.5673810388666909 0.6268996960486323
19 0.5757355612059571 0.628419452887538 0.5641118779513258 0.6329787234042553 0.5553941155103523 0.6542553191489362 0.5539411551035234 0.6846504559270516 0.5535779150018162 0.7667173252279635 0.5506719941881584 0.8427051671732523 0.561205957137668 0.8738601823708206 0.5728296403922993 0.8768996960486323 0.5779150018162005 0.8465045592705167 0.5840900835452234 0.7720364741641338 0.5884489647657102 0.7165653495440729 0.5884489647657102 0.668693009118541 0.5884489647657102 0.6443768996960486 0.5826371231383944 0.6299392097264438
20 0.5968034871049764 0.6185410334346505 0.5721031601888849 0.6268996960486323 0.5681075190701054 0.6550151975683891 0.5721031601888849 0.7006079027355623 0.5902651652742463 0.8305471124620061 0.5957137667998547 0.8609422492401215 0.6189611333091173 0.878419452887538 0.6236832546313112 0.8229483282674772 0.6196876135125318 0.7120060790273556 0.6127860515800945 0.6428571428571429 0.6022520886305848 0.628419452887538
21 0.6225935343261896 0.6086626139817629 0.6127860515800945 0.6101823708206687 0.6044315292408282 0.6246200607902735 0.5884489647657102 0.6231003039513677 0.5851798038503451 0.6443768996960486 0.589901925172539 0.6800911854103343 0.6062477297493644 0.7059270516717325 0.6127860515800945 0.7264437689969605 0.6284053759535053 0.8047112462006079 0.6505630221576462 0.8548632218844985 0.6658191064293498 0.8624620060790273 0.6894297130403196 0.8449848024316109 0.6974209952778787 0.8145896656534954 0.6828913912095895 0.736322188449848 0.6705412277515438 0.6884498480243161 0.6618234653105702 0.6588145896656535 0.6578278241917908 0.6063829787234043 0.6523792226661823 0.6003039513677811 0.6338539774791137 0.601063829787234
22 0.6472938612422812 0.6048632218844985 0.6429349800217944 0.6147416413373861 0.6520159825644751 0.648176291793313 0.6781692698873956 0.7325227963525835 0.6970577551761714 0.78419452887538 0.7086814384308028 0.8047112462006079 0.7210316018888485 0.7948328267477204 0.7304758445332364 0.7629179331306991 0.7279331638212859 0.7249240121580547 0.7155830003632401 0.6458966565349544 0.7123138394478751 0.6109422492401215 0.6988739556847076 0.5683890577507599 0.686887032328369 0.5630699088145896 0.6763530693788594 0.5790273556231003 0.667635306937886 0.5889057750759878
23 0.7228478023973847 0.6360182370820668 0.7221213221939702 0.6785714285714286 0.7355612059571377 0.7188449848024316 0.7537232110424991 0.7424012158054711 0.7831456592807846 0.7689969604863222 0.7991282237559026 0.7507598784194529 0.7973120232473665 0.7082066869300911 0.7842353795859063 0.6299392097264438 0.7707954958227389 0.60790273556231 0.755176171449328 0.5987841945288754