0 0.4618444846292948 0.30851063829787234 0.4560578661844485 0.34498480243161095 0.44520795660036167 0.42933130699088146 0.447377938517179 0.5015197568389058 0.45027124773960214 0.5220364741641338 0.47486437613019894 0.5258358662613982 0.4824593128390597 0.5159574468085106 0.4824593128390597 0.4764437689969605 0.4824593128390597 0.42325227963525835 0.48752260397830016 0.34498480243161095 0.48933092224231467 0.303951367781155 0.47848101265822784 0.28343465045592703
1 0.41229656419529837 0.2857142857142857 0.41808318264014466 0.3366261398176292 0.4209764918625678 0.43541033434650456 0.4209764918625678 0.5098784194528876 0.44520795660036167 0.5319148936170213 0.45027124773960214 0.4870820668693009 0.4423146473779385 0.43541033434650456 0.4423146473779385 0.3700607902735562 0.4415913200723327 0.3183890577507599 0.4256781193490054 0.28191489361702127
2 0.39059674502712477 0.2857142857142857 0.3887884267631103 0.3100303951367781 0.3848101265822785 0.3495440729483283 0.38191681735985533 0.42933130699088146 0.3837251356238698 0.4969604863221885 0.3945750452079566 0.5319148936170213 0.4054249547920434 0.5303951367781155 0.4130198915009042 0.5015197568389058 0.4151898734177215 0.446048632218845 0.4159132007233273 0.3639817629179331 0.4159132007233273 0.30851063829787234 0.4003616636528029 0.2530395136778115
3 0.3641952983725136 0.28951367781155013 0.3504520795660036 0.3123100303951368 0.35334538878842675 0.3882978723404255 0.35443037974683544 0.4582066869300912 0.36238698010849907 0.5197568389057751 0.38083182640144664 0.5258358662613982 0.38083182640144664 0.45592705167173253 0.37504520795660035 0.3655015197568389 0.37613019891500904 0.30243161094224924 0.3721518987341772 0.2773556231003039
4 0.34177215189873417 0.28343465045592703 0.3349005424954792 0.30015197568389057 0.3291139240506329 0.32674772036474165 0.32694394213381556 0.3700607902735562 0.32694394213381556 0.4399696048632219 0.32694394213381556 0.4908814589665654 0.3399638336347197 0.5379939209726444 0.35443037974683544 0.5319148936170213 0.34972875226039785 0.44756838905775076 0.34972875226039785 0.3799392097264438 0.35334538878842675 0.303951367781155
5 0.32043399638336345 0.28191489361702127 0.308499095840868 0.28191489361702127 0.301627486437613 0.28191489361702127 0.29077757685352623 0.28343465045592703 0.28716094032549727 0.30623100303951367 0.2831826401446655 0.33282674772036475 0.2831826401446655 0.3617021276595745 0.2831826401446655 0.3905775075987842 0.28607594936708863 0.4338905775075988 0.28716094032549727 0.5281155015197568 0.2969258589511754 0.5463525835866262 0.3171790235081374 0.5486322188449848 0.33200723327305603 0.53419452887538 0.33381555153707054 0.49544072948328266 0.32802893309222425 0.44148936170212766 0.32694394213381556 0.3882978723404255 0.3171790235081374 0.33890577507598785 0.3142857142857143 0.303951367781155
6 0.2773960216998192 0.2629179331306991 0.2683544303797468 0.2773556231003039 0.2607594936708861 0.2857142857142857 0.25569620253164554 0.3100303951367781 0.25171790235081376 0.34498480243161095 0.25099457504520795 0.3860182370820669 0.24593128390596744 0.44148936170212766 0.24593128390596744 0.4825227963525836 0.2379746835443038 0.5220364741641338 0.2596745027124774 0.5463525835866262 0.2741410488245931 0.5463525835866262 0.2842676311030741 0.53419452887538 0.2842676311030741 0.4870820668693009 0.2842676311030741 0.3943768996960486 0.2810126582278481 0.33282674772036475
7 0.22929475587703435 0.28799392097264437 0.21844484629294755 0.30015197568389057 0.21482820976491862 0.3290273556231003 0.21482820976491862 0.3556231003039514 0.20976491862567812 0.41717325227963525 0.20108499095840868 0.46808510638297873 0.19312839059674503 0.4969604863221885 0.19819168173598553 0.5235562310030395 0.2264014466546112 0.53419452887538 0.237251356238698 0.5258358662613982 0.24014466546112115 0.4787234042553192 0.24593128390596744 0.43541033434650456 0.25171790235081376 0.3822188449848024 0.25171790235081376 0.3366261398176292 0.24195298372513563 0.30243161094224924
8 0.5019891500904159 0.2796352583586626 0.4972875226039783 0.30851063829787234 0.48752260397830016 0.3700607902735562 0.4835443037974684 0.42325227963525835 0.481374321880651 0.4787234042553192 0.4824593128390597 0.5235562310030395 0.5168173598553345 0.5440729483282675 0.518625678119349 0.5235562310030395 0.5215189873417722 0.493161094224924 0.5236889692585895 0.44756838905775076 0.5226039783001808 0.4126139817629179 0.5283905967450271 0.3495440729483283 0.5254972875226039 0.3123100303951368 0.5226039783001808 0.2796352583586626 0.5197106690777576 0.2591185410334346
9 0.5439421338155516 0.28951367781155013 0.5352622061482821 0.29559270516717323 0.5294755877034358 0.34498480243161095 0.5273056057866184 0.41109422492401215 0.5244122965641953 0.4969604863221885 0.5283905967450271 0.53419452887538 0.5439421338155516 0.5319148936170213 0.5471971066907776 0.4992401215805471 0.5479204339963833 0.45440729483282677 0.555877034358047 0.40501519756838905 0.5576853526220615 0.3617021276595745 0.5569620253164557 0.32674772036474165
10 0.5725135623869801 0.2857142857142857 0.5667269439421339 0.30243161094224924 0.562748643761302 0.324468085106383 0.5518987341772152 0.4027355623100304 0.5529837251356239 0.46200607902735563 0.555877034358047 0.5015197568389058 0.5645569620253165 0.5258358662613982 0.5801084990958408 0.5113981762917933 0.5851717902350814 0.4848024316109423 0.5851717902350814 0.4148936170212766 0.5869801084990959 0.3700607902735562 0.5938517179023508 0.3161094224924012 0.593128390596745 0.2917933130699088
11 0.6104882459312839 0.2796352583586626 0.6047016274864376 0.30623100303951367 0.5989150090415913 0.3472644376899696 0.5869801084990959 0.4194528875379939 0.5833634719710669 0.4825227963525836 0.5989150090415913 0.5258358662613982 0.6097649186256782 0.513677811550152 0.6133815551537071 0.4703647416413374 0.6144665461121157 0.4126139817629179 0.6253164556962025 0.33890577507598785 0.6350813743218806 0.2750759878419453
12 0.64376130198915 0.28799392097264437 0.6329113924050633 0.33282674772036475 0.6282097649186257 0.3966565349544073 0.6231464737793851 0.4642857142857143 0.620253164556962 0.49544072948328266 0.6242314647377939 0.5281155015197568 0.6358047016274865 0.53419452887538 0.6390596745027125 0.4825227963525836 0.6495479204339963 0.4126139817629179 0.6593128390596745 0.3411854103343465 0.6556962025316456 0.30851063829787234 0.6546112115732369 0.2796352583586626
13 0.6770343580470163 0.29559270516717323 0.6632911392405063 0.3472644376899696 0.65750452079566 0.3738601823708207 0.6506329113924051 0.42325227963525835 0.6426763110307414 0.4764437689969605 0.6408679927667269 0.5258358662613982 0.6524412296564195 0.5509118541033434 0.6896925858951175 0.5509118541033434 0.6925858951175407 0.5303951367781155 0.6896925858951175 0.4908814589665654 0.68499095840868 0.4209726443768997 0.6918625678119349 0.3305471124620061 0.6918625678119349 0.2978723404255319 0.6878842676311031 0.28343465045592703
14 0.7171790235081374 0.3229483282674772 0.7092224231464738 0.32674772036474165 0.7034358047016275 0.3495440729483283 0.6994575045207957 0.3882978723404255 0.6936708860759494 0.45592705167173253 0.6918625678119349 0.5235562310030395 0.7171790235081374 0.5547112462006079 0.7258589511754069 0.53419452887538 0.7338155515370706 0.5159574468085106 0.7406871609403255 0.493161094224924 0.735623869801085 0.44376899696048633 0.7327305605786618 0.39209726443769 0.7327305605786618 0.3533434650455927 0.7316455696202532 0.324468085106383
15 0.7338155515370706 0.2917933130699088 0.7338155515370706 0.3290273556231003 0.7338155515370706 0.3966565349544073 0.7327305605786618 0.44376899696048633 0.74249547920434 0.5235562310030395 0.759132007233273 0.5281155015197568 0.772875226039783 0.5030395136778115 0.7804701627486438 0.45592705167173253 0.7699819168173598 0.3943768996960486 0.766003616636528 0.324468085106383 0.7562386980108499 0.2857142857142857
16 0.5070524412296564 0.7659574468085106 0.5019891500904159 0.6884498480243161 0.49439421338155515 0.601823708206687 0.4962025316455696 0.5569908814589666 0.5139240506329114 0.5486322188449848 0.5226039783001808 0.560790273556231 0.5244122965641953 0.628419452887538 0.5244122965641953 0.6861702127659575 0.5294755877034358 0.770516717325228 0.5175406871609404 0.7887537993920972
17 0.5352622061482821 0.7803951367781155 0.5294755877034358 0.7515197568389058 0.5226039783001808 0.6717325227963525 0.5168173598553345 0.6063829787234043 0.5197106690777576 0.560790273556231 0.5294755877034358 0.5379939209726444 0.5439421338155516 0.5585106382978723 0.546112115732369 0.6162613981762918 0.5490054249547921 0.682370820668693 0.5537070524412296 0.7583586626139818 0.5529837251356239 0.7849544072948328
18 0.5685352622061483 0.7948328267477204 0.5685352622061483 0.7925531914893617 0.5587703435804702 0.729483282674772 0.5576853526220615 0.6884498480243161 0.5547920433996384 0.6101823708206687 0.5508137432188065 0.560790273556231 0.5587703435804702 0.5425531914893617 0.5725135623869801 0.560790273556231 0.5793851717902351 0.6124620060790273 0.5783001808318264 0.6899696048632219 0.5793851717902351 0.7598784194528876 0.5822784810126582 0.7993920972644377
19 0.5949367088607594 0.8092705167173252 0.589873417721519 0.791033434650456 0.5822784810126582 0.7272036474164134 0.5801084990958408 0.6512158054711246 0.5783001808318264 0.581306990881459 0.5822784810126582 0.5509118541033434 0.5960216998191682 0.5440729483282675 0.6075949367088608 0.5714285714285714 0.6036166365280289 0.6200607902735562 0.6028933092224231 0.6800911854103343 0.6057866184448463 0.7378419452887538 0.6162748643761302 0.8115501519756839 0.606509945750452 0.8381458966565349
20 0.6358047016274865 0.8320668693009119 0.6086799276672694 0.743920972644377 0.6036166365280289 0.6838905775075987 0.6018083182640145 0.6268996960486323 0.6007233273056057 0.560790273556231 0.6097649186256782 0.5364741641337386 0.6282097649186257 0.5509118541033434 0.6419529837251357 0.5858662613981763 0.6379746835443038 0.6390577507598785 0.6408679927667269 0.6983282674772037 0.6408679927667269 0.756079027355623 0.64376130198915 0.7993920972644377
22 0.721880650994575 0.791033434650456 0.7160940325497287 0.7803951367781155 0.7034358047016275 0.7454407294832827 0.6867992766726944 0.6838905775075987 0.6741410488245931 0.6390577507598785 0.6622061482820977 0.601823708206687 0.6603978300180832 0.5714285714285714 0.6730560578661845 0.5486322188449848 0.6896925858951175 0.5440729483282675 0.7103074141048824 0.5585106382978723 0.721880650994575 0.5957446808510638 0.72875226039783 0.6344984802431611 0.7367088607594937 0.6884498480243161 0.7435804701627486 0.7310030395136778 0.7414104882459313 0.7743161094224924
23 0.7641952983725135 0.7477203647416414 0.759132007233273 0.7332826747720365 0.7493670886075949 0.7044072948328267 0.7327305605786618 0.6534954407294833 0.7160940325497287 0.6063829787234043 0.7160940325497287 0.5835866261398176 0.7258589511754069 0.5486322188449848 0.7406871609403255 0.5379939209726444 0.7562386980108499 0.5668693009118541 0.7678119349005424 0.6268996960486323 0.7884267631103075 0.6740121580547113 0.7942133815551538 0.702887537993921 0.7757685352622061 0.7515197568389058
24 0.48752260397830016 0.7788753799392097 0.4835443037974684 0.7355623100303952 0.47486437613019894 0.6838905775075987 0.47269439421338155 0.6474164133738601 0.47269439421338155 0.5645896656534954 0.49330922242314645 0.5547112462006079 0.4962025316455696 0.60790273556231 0.5012658227848101 0.7454407294832827 0.504882459312839 0.8031914893617021
25 0.4687160940325497 0.8031914893617021 0.4698010849909584 0.7849544072948328 0.4698010849909584 0.7378419452887538 0.4698010849909584 0.6633738601823708 0.4698010849909584 0.60790273556231 0.4698010849909584 0.5585106382978723 0.45714285714285713 0.5440729483282675 0.454249547920434 0.5691489361702128 0.45207956600361665 0.5995440729483282 0.45135623869801084 0.6534954407294833 0.4560578661844485 0.7416413373860182 0.4629294755877034 0.7864741641337386
26 0.4394213381555154 0.8237082066869301 0.4423146473779385 0.797112462006079 0.44629294755877036 0.7165653495440729 0.4484629294755877 0.648936170212766 0.45027124773960214 0.5858662613981763 0.44448462929475585 0.5440729483282675 0.4325497287522604 0.5440729483282675 0.4267631103074141 0.5752279635258358 0.41880650994575047 0.6162613981762918 0.41808318264014466 0.6861702127659575 0.4220614828209765 0.7537993920972644 0.4278481012658228 0.8054711246200608 0.4325497287522604 0.8404255319148937
27 0.4061482820976492 0.8199088145896657 0.40325497287522605 0.8054711246200608 0.40904159132007234 0.7682370820668692 0.4159132007233273 0.7310030395136778 0.42386980108499095 0.6512158054711246 0.42386980108499095 0.5858662613981763 0.41699819168173596 0.5486322188449848 0.40433996383363474 0.5486322188449848 0.39855334538878845 0.5691489361702128 0.3934900542495479 0.5919452887537994 0.39168173598553346 0.6474164133738601 0.3934900542495479 0.6945288753799392 0.3945750452079566 0.7416413373860182 0.39746835443037976 0.7948328267477204
28 0.38589511754068717 0.8275075987841946 0.38264014466546115 0.7993920972644377 0.3877034358047016 0.7644376899696048 0.39276672694394216 0.7006079027355623 0.3945750452079566 0.6162613981762918 0.3887884267631103 0.5630699088145896 0.36998191681735987 0.560790273556231 0.36238698010849907 0.581306990881459 0.36238698010849907 0.6428571428571429 0.3670886075949367 0.7006079027355623 0.36925858951175405 0.743920972644377 0.36925858951175405 0.7803951367781155 0.37613019891500904 0.8214285714285714
29 0.3349005424954792 0.8297872340425532 0.34177215189873417 0.8069908814589666 0.3515370705244123 0.7332826747720365 0.36021699819168174 0.6512158054711246 0.36528028933092227 0.5934650455927052 0.352622061482821 0.5645896656534954 0.33200723327305603 0.5645896656534954 0.32622061482820974 0.5691489361702128 0.3193490054249548 0.5835866261398176 0.3142857142857143 0.6185410334346505 0.3142857142857143 0.6633738601823708 0.31139240506329113 0.7165653495440729 0.3095840867992767 0.770516717325228 0.3074141048824593 0.8009118541033434 0.3193490054249548 0.8320668693009119
30 0.27233273056057866 0.7993920972644377 0.28028933092224234 0.7743161094224924 0.2969258589511754 0.723404255319149 0.3124773960216998 0.6694528875379939 0.31645569620253167 0.6223404255319149 0.31645569620253167 0.5729483282674772 0.2976491862567812 0.5547112462006079 0.2773960216998192 0.5569908814589666 0.2607594936708861 0.5775075987841946 0.25786618444846293 0.6200607902735562 0.25786618444846293 0.6656534954407295 0.2538878842676311 0.7150455927051672 0.25171790235081376 0.7477203647416414 0.2546112115732369 0.7948328267477204
31 0.22531645569620254 0.7416413373860182 0.23616636528028934 0.7355623100303952 0.244122965641953 0.7066869300911854 0.24990958408679928 0.648936170212766 0.2607594936708861 0.5919452887537994 0.2607594936708861 0.5509118541033434 0.2379746835443038 0.5425531914893617 0.2206148282097649 0.5379939209726444 0.20180831826401446 0.5509118541033434 0.20108499095840868 0.6041033434650456 0.20506329113924052 0.6679331306990881 0.2057866184448463 0.7310030395136778