0 0.4636752136752137 0.4817629179331307 0.4636752136752137 0.5417933130699089 0.47293447293447294 0.5585106382978723 0.49145299145299143 0.5547112462006079 0.49786324786324787 0.5227963525835866 0.49074074074074076 0.42249240121580545 0.48753561253561256 0.30623100303951367 0.48646723646723644 0.2743161094224924 0.4793447293447293 0.24924012158054712 0.4683048433048433 0.2682370820668693 0.46296296296296297 0.4194528875379939
1 0.43945868945868943 0.49620060790273557 0.4423076923076923 0.5182370820668692 0.4426638176638177 0.5516717325227963 0.44907407407407407 0.5569908814589666 0.4636752136752137 0.5478723404255319 0.46474358974358976 0.5030395136778115 0.4636752136752137 0.3905775075987842 0.46545584045584043 0.3161094224924012 0.46118233618233617 0.2629179331306991 0.4569088319088319 0.2507598784194529 0.44871794871794873 0.2629179331306991
2 0.41274928774928776 0.48936170212765956 0.41025641025641024 0.5258358662613982 0.41381766381766383 0.5539513677811551 0.4255698005698006 0.5737082066869301 0.44195156695156695 0.5630699088145896 0.4426638176638177 0.5197568389057751 0.4341168091168091 0.41717325227963525 0.4323361823361823 0.3351063829787234 0.4277065527065527 0.2887537993920973 0.4166666666666667 0.2933130699088146
3 0.38746438746438744 0.5129179331306991 0.3831908831908832 0.541033434650456 0.3839031339031339 0.5638297872340425 0.4017094017094017 0.5775075987841946 0.4188034188034188 0.5706686930091185 0.42592592592592593 0.5425531914893617 0.4230769230769231 0.49772036474164133 0.41773504273504275 0.43617021276595747 0.41061253561253563 0.36854103343465044 0.4074074074074074 0.33358662613981765 0.4042022792022792 0.30243161094224924 0.39672364672364674 0.2925531914893617 0.38782051282051283 0.3427051671732523
4 0.3628917378917379 0.513677811550152 0.35861823361823364 0.5334346504559271 0.35861823361823364 0.5630699088145896 0.38461538461538464 0.5706686930091185 0.3945868945868946 0.5577507598784195 0.39636752136752135 0.5303951367781155 0.391025641025641 0.4756838905775076 0.38924501424501423 0.4065349544072948 0.3839031339031339 0.3465045592705167 0.38283475783475784 0.2993920972644377 0.3803418803418803 0.29103343465045595 0.3682336182336182 0.28495440729483285 0.35861823361823364 0.3123100303951368
5 0.3198005698005698 0.506079027355623 0.3176638176638177 0.5379939209726444 0.31873219373219375 0.5645896656534954 0.34045584045584043 0.5759878419452887 0.3660968660968661 0.5668693009118541 0.3668091168091168 0.5433130699088146 0.36396011396011396 0.46048632218844987 0.35826210826210825 0.39285714285714285 0.35648148148148145 0.3465045592705167 0.3457977207977208 0.3047112462006079 0.33582621082621084 0.2872340425531915 0.3176638176638177 0.29711246200607905 0.31303418803418803 0.35638297872340424
6 0.2767094017094017 0.49544072948328266 0.27136752136752135 0.5349544072948328 0.2795584045584046 0.5645896656534954 0.2916666666666667 0.5630699088145896 0.3059116809116809 0.5638297872340425 0.3162393162393162 0.5600303951367781 0.32051282051282054 0.5121580547112462 0.3158831908831909 0.45592705167173253 0.3108974358974359 0.3609422492401216 0.3034188034188034 0.3282674772036474 0.2980769230769231 0.2993920972644377 0.29237891737891736 0.2917933130699088 0.2824074074074074 0.2978723404255319 0.27314814814814814 0.3252279635258359 0.27136752136752135 0.3731003039513678
8 0.4960826210826211 0.49164133738601823 0.4960826210826211 0.5273556231003039 0.4964387464387464 0.5531914893617021 0.5042735042735043 0.5569908814589666 0.5313390313390314 0.547112462006079 0.530982905982906 0.4817629179331307 0.5281339031339032 0.39969604863221886 0.5256410256410257 0.32978723404255317 0.5238603988603988 0.29711246200607905 0.5174501424501424 0.26063829787234044 0.5056980056980057 0.26975683890577506
9 0.5277777777777778 0.47720364741641336 0.5313390313390314 0.5486322188449848 0.5505698005698005 0.5539513677811551 0.5591168091168092 0.5379939209726444 0.5584045584045584 0.49544072948328266 0.5512820512820513 0.41109422492401215 0.5491452991452992 0.32674772036474165 0.5452279202279202 0.27279635258358664 0.5345441595441596 0.24468085106382978 0.5263532763532763 0.24088145896656535
10 0.5530626780626781 0.49164133738601823 0.5498575498575499 0.5129179331306991 0.5548433048433048 0.5417933130699089 0.5719373219373219 0.560790273556231 0.582977207977208 0.5433130699088146 0.5872507122507122 0.5220364741641338 0.584045584045584 0.4848024316109423 0.584045584045584 0.3974164133738602 0.5776353276353277 0.31534954407294835 0.5758547008547008 0.2864741641337386 0.5715811965811965 0.2682370820668693 0.5648148148148148 0.25759878419452886 0.5591168091168092 0.30015197568389057
11 0.5747863247863247 0.48024316109422494 0.5726495726495726 0.5053191489361702 0.5751424501424501 0.5250759878419453 0.5822649572649573 0.5463525835866262 0.5975783475783476 0.540273556231003 0.6071937321937322 0.5144376899696048 0.6079059829059829 0.45896656534954405 0.6068376068376068 0.3556231003039514 0.6032763532763533 0.30015197568389057 0.6032763532763533 0.26595744680851063 0.5972222222222222 0.2507598784194529 0.5865384615384616 0.25227963525835867 0.5815527065527065 0.2712765957446808
13 0.6292735042735043 0.48556231003039513 0.6242877492877493 0.506838905775076 0.6289173789173789 0.5288753799392097 0.6392450142450142 0.5357142857142857 0.665954415954416 0.5395136778115501 0.6695156695156695 0.5273556231003039 0.6684472934472935 0.4756838905775076 0.6691595441595442 0.4034954407294833 0.6691595441595442 0.36322188449848025 0.6652421652421653 0.32370820668693007 0.6581196581196581 0.30623100303951367 0.6428062678062678 0.3191489361702128 0.6335470085470085 0.3495440729483283 0.6292735042735043 0.39209726443769 0.6282051282051282 0.4088145896656535 0.6282051282051282 0.4756838905775076
16 0.5014245014245015 0.5699088145896657 0.5046296296296297 0.6382978723404256 0.5064102564102564 0.7196048632218845 0.5067663817663818 0.7978723404255319 0.5121082621082621 0.8199088145896657 0.5224358974358975 0.8115501519756839 0.5235042735042735 0.7355623100303952 0.5235042735042735 0.6344984802431611 0.5227920227920227 0.5805471124620061 0.5227920227920227 0.5577507598784195
17 0.5256410256410257 0.5668693009118541 0.5235042735042735 0.574468085106383 0.5231481481481481 0.6405775075987842 0.5235042735042735 0.7127659574468085 0.5235042735042735 0.7727963525835866 0.5238603988603988 0.8047112462006079 0.5256410256410257 0.8191489361702128 0.5345441595441596 0.8199088145896657 0.5384615384615384 0.776595744680851 0.5427350427350427 0.6527355623100304 0.5477207977207977 0.5980243161094225 0.5466524216524217 0.5714285714285714 0.5381054131054132 0.5653495440729484
18 0.5498575498575499 0.5683890577507599 0.5448717948717948 0.567629179331307 0.5441595441595442 0.5790273556231003 0.5445156695156695 0.6360182370820668 0.5434472934472935 0.7310030395136778 0.5445156695156695 0.7963525835866262 0.5484330484330484 0.837386018237082 0.5569800569800569 0.8472644376899696 0.5673076923076923 0.7986322188449848 0.5740740740740741 0.7006079027355623 0.5708689458689459 0.6086626139817629 0.5680199430199431 0.5706686930091185 0.5573361823361823 0.5653495440729484
19 0.5644586894586895 0.5851063829787234 0.5616096866096866 0.6094224924012158 0.5680199430199431 0.6702127659574468 0.5726495726495726 0.756079027355623 0.5747863247863247 0.8092705167173252 0.5808404558404558 0.8320668693009119 0.5872507122507122 0.8328267477203647 0.5961538461538461 0.7834346504559271 0.5943732193732194 0.668693009118541 0.5943732193732194 0.6291793313069909 0.5947293447293447 0.5980243161094225 0.5918803418803419 0.5790273556231003 0.5879629629629629 0.5721884498480243 0.5797720797720798 0.567629179331307 0.5712250712250713 0.5737082066869301
21 0.6100427350427351 0.5767477203647416 0.6022079772079773 0.5828267477203647 0.6057692307692307 0.6139817629179332 0.6221509971509972 0.7059270516717325 0.6388888888888888 0.7948328267477204 0.6509971509971509 0.8229483282674772 0.6680911680911681 0.824468085106383 0.6766381766381766 0.7895136778115501 0.6734330484330484 0.7241641337386018 0.6595441595441596 0.6512158054711246 0.6542022792022792 0.5942249240121581 0.6542022792022792 0.5683890577507599 0.6481481481481481 0.5638297872340425 0.6363960113960114 0.567629179331307 0.6217948717948718 0.567629179331307
22 0.6542022792022792 0.5668693009118541 0.6531339031339032 0.587386018237082 0.6595441595441596 0.6253799392097265 0.6720085470085471 0.6952887537993921 0.6898148148148148 0.7545592705167173 0.698005698005698 0.7720364741641338 0.7111823361823362 0.7781155015197568 0.7257834757834758 0.7583586626139818 0.7286324786324786 0.7287234042553191 0.7200854700854701 0.6846504559270516 0.7037037037037037 0.6405775075987842 0.6983618233618234 0.60790273556231 0.6948005698005698 0.5600303951367781 0.6887464387464387 0.5463525835866262 0.6734330484330484 0.5486322188449848 0.6631054131054132 0.5577507598784195
24 0.4843304843304843 0.5683890577507599 0.48183760683760685 0.5714285714285714 0.48504273504273504 0.6458966565349544 0.48575498575498577 0.7325227963525835 0.49145299145299143 0.797112462006079 0.49537037037037035 0.8206686930091185 0.5014245014245015 0.8062310030395137 0.5053418803418803 0.723404255319149 0.5032051282051282 0.6132218844984803 0.5039173789173789 0.581306990881459 0.49964387464387466 0.5630699088145896
25 0.46972934472934474 0.5714285714285714 0.46652421652421655 0.5706686930091185 0.46153846153846156 0.5721884498480243 0.4658119658119658 0.6717325227963525 0.4683048433048433 0.723404255319149 0.47150997150997154 0.7864741641337386 0.48005698005698005 0.8085106382978723 0.4910968660968661 0.7917933130699089 0.48682336182336183 0.7173252279635258 0.483974358974359 0.6056231003039514 0.48183760683760685 0.5714285714285714 0.474002849002849 0.5721884498480243
26 0.4444444444444444 0.5737082066869301 0.43874643874643876 0.5919452887537994 0.4440883190883191 0.7074468085106383 0.44515669515669515 0.8085106382978723 0.4515669515669516 0.851063829787234 0.46474358974358976 0.8472644376899696 0.4683048433048433 0.75 0.4650997150997151 0.6382978723404256 0.46296296296296297 0.5965045592705167 0.45904558404558404 0.5714285714285714 0.4494301994301994 0.5691489361702128
27 0.4163105413105413 0.5942249240121581 0.41203703703703703 0.6177811550151976 0.41951566951566954 0.6952887537993921 0.42272079772079774 0.7955927051671733 0.42592592592592593 0.8381458966565349 0.43803418803418803 0.8449848024316109 0.4440883190883191 0.7978723404255319 0.443019943019943 0.6580547112462006 0.44693732193732194 0.6193009118541033 0.4440883190883191 0.5949848024316109 0.43839031339031337 0.5851063829787234 0.42948717948717946 0.5820668693009119 0.42094017094017094 0.5858662613981763
28 0.3952991452991453 0.581306990881459 0.3863960113960114 0.5957446808510638 0.38603988603988604 0.6793313069908815 0.3839031339031339 0.7788753799392097 0.3839031339031339 0.8237082066869301 0.39173789173789175 0.8434650455927052 0.4074074074074074 0.8024316109422492 0.4202279202279202 0.6565349544072948 0.42735042735042733 0.6117021276595744 0.42485754985754987 0.5851063829787234 0.40883190883190884 0.581306990881459
29 0.3596866096866097 0.581306990881459 0.3425925925925926 0.5851063829787234 0.34116809116809116 0.6170212765957447 0.33938746438746437 0.6998480243161094 0.3222934472934473 0.7781155015197568 0.32264957264957267 0.810790273556231 0.3368945868945869 0.8320668693009119 0.35149572649572647 0.831306990881459 0.3710826210826211 0.7887537993920972 0.3888888888888889 0.7218844984802432 0.3928062678062678 0.6436170212765957 0.400997150997151 0.6025835866261399 0.400997150997151 0.5889057750759878 0.39351851851851855 0.5759878419452887 0.3806980056980057 0.5775075987841946 0.37464387464387466 0.5820668693009119
30 0.3027065527065527 0.5645896656534954 0.2934472934472934 0.5851063829787234 0.292022792022792 0.6306990881458967 0.2724358974358974 0.7006079027355623 0.2606837606837607 0.756079027355623 0.2638888888888889 0.7925531914893617 0.2863247863247863 0.7978723404255319 0.3215811965811966 0.7272036474164134 0.33903133903133903 0.6534954407294833 0.3507834757834758 0.6086626139817629 0.349002849002849 0.5858662613981763 0.33938746438746437 0.5737082066869301 0.3215811965811966 0.5706686930091185