8 0.5017088174982912 0.35714285714285715 0.5102529049897471 0.3495440729483283 0.51742993848257 0.35106382978723405 0.5276828434723172 0.5524316109422492 0.5249487354750513 0.581306990881459 0.5037593984962406 0.5957446808510638 0.49521531100478466 0.5790273556231003
9 0.5201640464798359 0.3556231003039514 0.538961038961039 0.3533434650455927 0.5488721804511278 0.5524316109422492 0.5444292549555707 0.5775075987841946 0.530416951469583 0.5706686930091185 0.5249487354750513 0.5364741641337386
10 0.5461380724538619 0.3495440729483283 0.5601503759398496 0.34498480243161095 0.5748462064251538 0.5379939209726444 0.5628844839371155 0.5752279635258358 0.5471633629528366 0.5486322188449848
11 0.5645933014354066 0.3427051671732523 0.5905673274094326 0.3411854103343465 0.5977443609022557 0.4848024316109423 0.6008202323991798 0.5235562310030395 0.5765550239234449 0.5440729483282675 0.569377990430622 0.46656534954407297
12 0.5960355434039645 0.3123100303951368 0.6100478468899522 0.2978723404255319 0.6339712918660287 0.30167173252279633 0.6384142173615858 0.41109422492401215 0.6356801093643198 0.45364741641337386 0.6356801093643198 0.5015197568389058 0.6247436773752563 0.5197568389057751 0.5997949419002051 0.5174772036474165 0.5943267259056733 0.4582066869300912
13 0.6339712918660287 0.30015197568389057 0.6496924128503075 0.2978723404255319 0.6725905673274094 0.4088145896656535 0.6811346548188654 0.44984802431610943 0.6725905673274094 0.4787234042553192 0.6449077238550923 0.4969604863221885 0.6349965823650034 0.4642857142857143 0.6349965823650034 0.4027355623100304
14 0.6551606288448394 0.2796352583586626 0.6784005468215994 0.256838905775076 0.6876281613123718 0.3305471124620061 0.7142857142857143 0.4126139817629179 0.7125768967874231 0.44148936170212766 0.679084073820916 0.4642857142857143 0.6725905673274094 0.43541033434650456 0.6643882433356118 0.3761398176291793
0 0.47881066302118935 0.3556231003039514 0.4924812030075188 0.35714285714285715 0.49726589200273413 0.5851063829787234 0.4825700615174299 0.5957446808510638 0.46582365003417636 0.5775075987841946 0.4675324675324675 0.5197568389057751
1 0.4538619275461381 0.3677811550151976 0.46684894053315107 0.3677811550151976 0.47231715652768286 0.418693009118541 0.47060833902939164 0.581306990881459 0.45181134654818866 0.5835866261398176 0.4483937115516063 0.5486322188449848
2 0.4316473000683527 0.3617021276595745 0.45010252904989745 0.3617021276595745 0.45010252904989745 0.5569908814589666 0.4381408065618592 0.5835866261398176 0.42617908407382094 0.5547112462006079 0.42617908407382094 0.5091185410334347
3 0.4029391660970608 0.3427051671732523 0.4224196855775803 0.34498480243161095 0.4278879015721121 0.5281155015197568 0.41216678058783324 0.5440729483282675 0.39371155160628846 0.5258358662613982 0.40225563909774437 0.4946808510638298
4 0.3687628161312372 0.3100303951367781 0.40669856459330145 0.30167173252279633 0.4039644565960355 0.35714285714285715 0.39747095010252903 0.5197568389057751 0.3725222146274778 0.5197568389057751 0.3605604921394395 0.4969604863221885 0.3697881066302119 0.42325227963525835
5 0.34313055365686945 0.30167173252279633 0.3650034176349966 0.30623100303951367 0.3697881066302119 0.44376899696048633 0.3605604921394395 0.5091185410334347 0.32638414217361583 0.4764437689969605 0.3274094326725906 0.44984802431610943
6 0.3209159261790841 0.2811550151975684 0.34210526315789475 0.2978723404255319 0.3373205741626794 0.46048632218844987 0.3181818181818182 0.47416413373860183 0.3024606971975393 0.446048632218845 0.3041695146958305 0.3844984802431611
16 0.49521531100478466 0.60790273556231 0.5119617224880383 0.60790273556231 0.5167464114832536 0.6428571428571429 0.5146958304853042 0.7864741641337386 0.5027341079972659 0.7803951367781155 0.4924812030075188 0.6656534954407295
17 0.5119617224880383 0.5919452887537994 0.5331510594668489 0.5835866261398176 0.5358851674641149 0.6185410334346505 0.5324675324675324 0.7925531914893617 0.5201640464798359 0.791033434650456 0.5140123034859877 0.6329787234042553
18 0.5314422419685577 0.5995440729483282 0.5481886534518113 0.5835866261398176 0.5543403964456596 0.6041033434650456 0.5765550239234449 0.8214285714285714 0.5553656869446343 0.8214285714285714 0.5331510594668489 0.6679331306990881
19 0.5516062884483938 0.587386018237082 0.5710868079289132 0.5630699088145896 0.5758714969241285 0.5851063829787234 0.5922761449077238 0.8009118541033434 0.5792891319207109 0.8092705167173252
20 0.5673274094326726 0.5668693009118541 0.5895420369104579 0.5364741641337386 0.5987696514012304 0.5729483282674772 0.6165413533834586 0.8054711246200608 0.5977443609022557 0.8115501519756839 0.5758714969241285 0.6428571428571429 0.5683526999316473 0.6056231003039514
21 0.5857826384142174 0.540273556231003 0.6264524948735475 0.5091185410334347 0.6349965823650034 0.5425531914893617 0.6404647983595352 0.5896656534954408 0.6801093643198907 0.7249240121580547 0.6414900888585099 0.7644376899696048 0.6015037593984962 0.6550151975683891 0.5943267259056733 0.60790273556231 0.5803144224196856 0.5668693009118541
22 0.6226930963773069 0.513677811550152 0.6654135338345865 0.4848024316109423 0.6773752563226247 0.5053191489361702 0.6855775803144224 0.5524316109422492 0.7252221462747779 0.675531914893617 0.6910457963089542 0.7188449848024316 0.6377306903622693 0.5790273556231003
23 0.6691729323308271 0.4870820668693009 0.684894053315106 0.45592705167173253 0.7159945317840055 0.4376899696048632 0.7235133287764867 0.4582066869300912 0.7631578947368421 0.60790273556231 0.7669172932330827 0.6466565349544073 0.735475051264525 0.6550151975683891 0.6855775803144224 0.5524316109422492 0.6691729323308271 0.5197568389057751
24 0.4750512645249487 0.5957446808510638 0.49521531100478466 0.601823708206687 0.5017088174982912 0.8237082066869301 0.47983595352016406 0.8214285714285714 0.47334244702665756 0.6572948328267477
25 0.45181134654818866 0.5896656534954408 0.47334244702665756 0.5896656534954408 0.4805194805194805 0.8465045592705167 0.4538619275461381 0.8335866261398176 0.45283663704716337 0.6512158054711246
26 0.4354066985645933 0.601823708206687 0.4483937115516063 0.5980243161094225 0.45659603554340394 0.6466565349544073 0.45112781954887216 0.8419452887537994 0.4316473000683527 0.8275075987841946 0.43267259056732743 0.6550151975683891
27 0.4224196855775803 0.5775075987841946 0.4289131920710868 0.5729483282674772 0.436431989063568 0.6056231003039514 0.4241285030758715 0.7986322188449848 0.40567327409432674 0.791033434650456 0.41421736158578265 0.628419452887538
28 0.39747095010252903 0.5524316109422492 0.4149008885850991 0.5524316109422492 0.43267259056732743 0.581306990881459 0.39747095010252903 0.8069908814589666 0.37799043062200954 0.7864741641337386 0.39371155160628846 0.6261398176291794
29 0.36807928913192073 0.5220364741641338 0.3865345181134655 0.5220364741641338 0.4039644565960355 0.53419452887538 0.4039644565960355 0.5547112462006079 0.3708133971291866 0.7826747720364742 0.3274094326725906 0.743920972644377 0.3530416951469583 0.6041033434650456 0.3650034176349966 0.5630699088145896
30 0.3243335611756664 0.493161094224924 0.33561175666438825 0.4825227963525836 0.3697881066302119 0.5220364741641338 0.3714969241285031 0.5547112462006079 0.31613123718386876 0.7575987841945289 0.2737525632262474 0.6945288753799392 0.3014354066985646 0.5851063829787234
31 0.2727272727272727 0.46200607902735563 0.2911825017088175 0.4376899696048632 0.3089542036910458 0.44984802431610943 0.3318523581681476 0.4908814589665654 0.3253588516746411 0.5296352583586627 0.2597402597402597 0.6983282674772037 0.2303485987696514 0.628419452887538 0.24880382775119617 0.5524316109422492 0.26349965823650034 0.5091185410334347