0 0.5073221757322176 0.4009308510638298 0.5101115760111576 0.6236702127659575 0.4707112970711297 0.6150265957446809 0.47384937238493724 0.5684840425531915 0.4797768479776848 0.37898936170212766 0.5076708507670851 0.37566489361702127 0.5073221757322176 0.40625
1 0.4794281729428173 0.3929521276595745 0.47419804741980476 0.5684840425531915 0.4721059972105997 0.6043882978723404 0.45536959553695955 0.6017287234042553 0.453626220362622 0.574468085106383 0.45327754532775455 0.535904255319149 0.4609483960948396 0.39095744680851063
2 0.44525801952580196 0.37898936170212766 0.45327754532775455 0.5465425531914894 0.45397489539748953 0.5658244680851063 0.45397489539748953 0.589095744680851 0.4327057182705718 0.598404255319149 0.4285216178521618 0.5824468085106383 0.42329149232914925 0.5651595744680851 0.42433751743375175 0.5472074468085106 0.42747559274755925 0.5285904255319149 0.4208507670850767 0.38430851063829785
3 0.41596931659693165 0.37898936170212766 0.42538354253835425 0.5179521276595744 0.4295676429567643 0.5352393617021277 0.4299163179916318 0.5452127659574468 0.4327057182705718 0.5558510638297872 0.4327057182705718 0.5731382978723404 0.4306136680613668 0.586436170212766 0.4013249651324965 0.5990691489361702 0.39539748953974896 0.5804521276595744 0.3971408647140865 0.5518617021276596 0.401673640167364 0.5332446808510638 0.3922594142259414 0.37898936170212766
4 0.3922594142259414 0.37898936170212766 0.401673640167364 0.5319148936170213 0.4027196652719665 0.555186170212766 0.4013249651324965 0.5678191489361702 0.3978382147838215 0.5718085106382979 0.39748953974895396 0.586436170212766 0.37796373779637377 0.5884308510638298 0.37203626220362623 0.5724734042553191 0.37412831241283123 0.5565159574468085 0.37203626220362623 0.5412234042553191 0.37203626220362623 0.5212765957446809 0.36854951185495116 0.3803191489361702
5 0.3668061366806137 0.3803191489361702 0.3716875871687587 0.5199468085106383 0.3716875871687587 0.5372340425531915 0.3716875871687587 0.543218085106383 0.37412831241283123 0.5591755319148937 0.3699442119944212 0.5824468085106383 0.32810320781032076 0.581781914893617 0.32426778242677823 0.557845744680851 0.32566248256624825 0.5392287234042553 0.32705718270571826 0.5099734042553191 0.3312412831241283 0.3849734042553192
6 0.3274058577405858 0.37101063829787234 0.3274058577405858 0.44813829787234044 0.32601115760111576 0.47805851063829785 0.32670850767085075 0.5033244680851063 0.32601115760111576 0.5412234042553191 0.3197350069735007 0.5797872340425532 0.2775453277545328 0.555186170212766 0.28172942817294283 0.5299202127659575 0.2796373779637378 0.5206117021276596 0.2799860529986053 0.511968085106383 0.2834728033472803 0.5053191489361702 0.28730822873082285 0.48470744680851063 0.2880055788005579 0.4627659574468085 0.2890516039051604 0.42819148936170215 0.29114365411436544 0.363031914893617
7 0.23465829846582983 0.5113031914893617 0.2723152022315202 0.555186170212766 0.28068340306834033 0.535904255319149 0.28172942817294283 0.5272606382978723 0.2789400278940028 0.5199468085106383 0.2799860529986053 0.5113031914893617 0.2834728033472803 0.5059840425531915 0.28451882845188287 0.5013297872340425 0.28626220362622035 0.48271276595744683 0.28765690376569036 0.4660904255319149 0.2897489539748954 0.4295212765957447 0.29428172942817293 0.3683510638297872 0.2702231520223152 0.3537234042553192
8 0.5083682008368201 0.3849734042553192 0.5090655509065551 0.6230053191489362 0.550557880055788 0.6196808510638298 0.5481171548117155 0.5638297872340425 0.5449790794979079 0.5372340425531915 0.5439330543933054 0.3783244680851064
9 0.5432357043235704 0.4035904255319149 0.544281729428173 0.5392287234042553 0.5453277545327755 0.5498670212765957 0.547071129707113 0.5718085106382979 0.549860529986053 0.601063829787234 0.5641562064156206 0.6030585106382979 0.5693863319386332 0.5877659574468085 0.5690376569037657 0.5598404255319149 0.5749651324965133 0.39029255319148937
10 0.5777545327754533 0.35106382978723405 0.5690376569037657 0.5611702127659575 0.5690376569037657 0.6063829787234043 0.596931659693166 0.6097074468085106 0.5965829846582985 0.5904255319148937 0.5986750348675035 0.5884308510638298 0.601115760111576 0.5777925531914894 0.6028591352859135 0.5704787234042553 0.6028591352859135 0.5631648936170213 0.602510460251046 0.5525265957446809 0.6014644351464435 0.5418882978723404 0.5986750348675035 0.5279255319148937 0.597629009762901 0.5186170212765957 0.597629009762901 0.5079787234042553 0.6150627615062761 0.34375
11 0.6108786610878661 0.38430851063829785 0.599721059972106 0.5219414893617021 0.5937935843793585 0.5438829787234043 0.5910041841004184 0.5565159574468085 0.5910041841004184 0.5711436170212766 0.5917015341701534 0.5831117021276596 0.5934449093444909 0.5884308510638298 0.5958856345885635 0.59375 0.5983263598326359 0.6043882978723404 0.6091352859135286 0.605718085106383 0.6338912133891214 0.605718085106383 0.6338912133891214 0.5851063829787234 0.6321478382147838 0.5445478723404256 0.6290097629009763 0.5139627659574468 0.6300557880055788 0.48271276595744683 0.641213389121339 0.37898936170212766
12 0.6394700139470014 0.39694148936170215 0.6272663877266388 0.5472074468085106 0.6262203626220363 0.5545212765957447 0.6255230125523012 0.5631648936170213 0.6265690376569037 0.5718085106382979 0.6293584379358438 0.5797872340425532 0.6311018131101813 0.586436170212766 0.6338912133891214 0.5950797872340425 0.6356345885634589 0.6070478723404256 0.648884239888424 0.6050531914893617 0.654463040446304 0.6037234042553191 0.6593444909344491 0.5791223404255319 0.6614365411436541 0.5664893617021277 0.6603905160390516 0.5518617021276596 0.6593444909344491 0.5412234042553191 0.6684100418410042 0.38896276595744683
13 0.6687587168758717 0.3949468085106383 0.6589958158995816 0.5452127659574468 0.6562064156206415 0.5591755319148937 0.6562064156206415 0.569813829787234 0.6582984658298466 0.5764627659574468 0.6596931659693166 0.5904255319148937 0.6631799163179917 0.6050531914893617 0.708507670850767 0.5950797872340425 0.7105997210599722 0.5738031914893617 0.7067642956764296 0.5478723404255319 0.704323570432357 0.5079787234042553 0.7081589958158996 0.4640957446808511 0.7112970711297071 0.3949468085106383
14 0.7095536959553695 0.3929521276595745 0.7046722454672245 0.5292553191489362 0.7102510460251046 0.5884308510638298 0.74860529986053 0.5691489361702128 0.7534867503486751 0.5558510638297872 0.7538354253835425 0.5418882978723404 0.7538354253835425 0.5332446808510638 0.7538354253835425 0.5246010638297872 0.752092050209205 0.5159574468085106 0.7496513249651325 0.5086436170212766 0.74721059972106 0.5039893617021277 0.7444211994421199 0.49867021276595747 0.7405857740585774 0.48936170212765956 0.7398884239888424 0.47273936170212766 0.7409344490934449 0.4521276595744681 0.7405857740585774 0.4261968085106383 0.7409344490934449 0.386968085106383
15 0.7555788005578801 0.5631648936170213 0.7740585774058577 0.5591755319148937 0.7894002789400278 0.5372340425531915 0.7925383542538355 0.5179521276595744 0.7639470013947002 0.3829787234042553 0.7364016736401674 0.3976063829787234 0.7409344490934449 0.43018617021276595 0.7409344490934449 0.4521276595744681 0.7444211994421199 0.4953457446808511 0.7465132496513249 0.5259308510638298 0.7475592747559274 0.5352393617021277 0.75 0.5372340425531915 0.7517433751743375 0.5452127659574468
16 0.5122036262203626 0.6256648936170213 0.5108089260808926 0.6575797872340425 0.5111576011157601 0.6861702127659575 0.50418410041841 0.8450797872340425 0.5226638772663877 0.848404255319149 0.5289400278940027 0.7207446808510638 0.5348675034867504 0.6708776595744681 0.5394002789400278 0.6236702127659575
17 0.5394002789400278 0.6236702127659575 0.5345188284518828 0.6702127659574468 0.5292887029288703 0.7194148936170213 0.5247559274755927 0.78125 0.5226638772663877 0.8656914893617021 0.5474198047419805 0.8696808510638298 0.5547419804741981 0.7420212765957447 0.5568340306834031 0.692154255319149 0.5578800557880056 0.6728723404255319 0.5596234309623431 0.648936170212766 0.5624128312412832 0.6236702127659575
18 0.5624128312412832 0.6196808510638298 0.5596234309623431 0.648936170212766 0.5575313807531381 0.6715425531914894 0.556136680613668 0.6954787234042553 0.546373779637378 0.870345744680851 0.5777545327754533 0.8716755319148937 0.5829846582984658 0.7014627659574468 0.5864714086471409 0.6821808510638298 0.5882147838214784 0.6668882978723404 0.5885634588563459 0.6535904255319149 0.5875174337517434 0.6416223404255319 0.5847280334728033 0.6263297872340425
19 0.5854253835425384 0.6216755319148937 0.5791492329149233 0.6482712765957447 0.5808926080892608 0.663563829787234 0.5840306834030683 0.6748670212765957 0.5864714086471409 0.6835106382978723 0.5875174337517434 0.692154255319149 0.592747559274756 0.8517287234042553 0.6293584379358438 0.8417553191489362 0.6105299860529986 0.6662234042553191 0.6091352859135286 0.6196808510638298
20 0.6119246861924686 0.6156914893617021 0.6080892608089261 0.632313829787234 0.6317991631799164 0.8523936170212766 0.6715481171548117 0.8311170212765957 0.643305439330544 0.6110372340425532
22 0.6736401673640168 0.625 0.7137377963737797 0.5877659574468085 0.7280334728033473 0.6023936170212766 0.7329149232914923 0.6263297872340425 0.7869595536959554 0.754654255319149 0.7357043235704324 0.8131648936170213 0.6921199442119944 0.6961436170212766 0.6795676429567643 0.6815159574468085
23 0.7283821478382148 0.5904255319148937 0.7273361227336123 0.6077127659574468 0.7329149232914923 0.6263297872340425 0.7883542538354253 0.75 0.8281032078103208 0.6821808510638298 0.7733612273361228 0.5538563829787234
24 0.5118549511854951 0.6243351063829787 0.5101115760111576 0.6595744680851063 0.5104602510460251 0.692154255319149 0.5073221757322176 0.8085106382978723 0.4790794979079498 0.8071808510638298 0.4895397489539749 0.6841755319148937 0.4898884239888424 0.6582446808510638 0.4874476987447699 0.6402925531914894 0.4881450488145049 0.6343085106382979 0.4895397489539749 0.6216755319148937
25 0.4700139470013947 0.6183510638297872 0.4686192468619247 0.6602393617021277 0.4640864714086471 0.6848404255319149 0.4640864714086471 0.6981382978723404 0.4640864714086471 0.7121010638297872 0.4609483960948396 0.7273936170212766 0.4581589958158996 0.742686170212766 0.4560669456066946 0.7526595744680851 0.45571827057182707 0.7659574468085106 0.45536959553695955 0.7898936170212766 0.45083682008368203 0.8523936170212766 0.4790794979079498 0.8563829787234043 0.4895397489539749 0.6855053191489362 0.4909344490934449 0.6595744680851063 0.4919804741980474 0.6462765957446809 0.4919804741980474 0.632313829787234 0.4919804741980474 0.6223404255319149
26 0.44490934449093444 0.6097074468085106 0.4602510460251046 0.6083776595744681 0.4724546722454672 0.6150265957446809 0.4724546722454672 0.6256648936170213 0.4689679218967922 0.6469414893617021 0.46722454672245467 0.668218085106383 0.46373779637377965 0.6855053191489362 0.46373779637377965 0.699468085106383 0.4640864714086471 0.7134308510638298 0.4602510460251046 0.7287234042553191 0.45746164574616455 0.7460106382978723 0.4560669456066946 0.7526595744680851 0.45571827057182707 0.7666223404255319 0.45397489539748953 0.7898936170212766 0.44700139470013944 0.8743351063829787 0.4205020920502092 0.8523936170212766 0.4421199442119944 0.6602393617021277 0.44490934449093444 0.6469414893617021 0.44386331938633194 0.6409574468085106
27 0.42329149232914925 0.6017287234042553 0.44595536959553694 0.6117021276595744 0.4421199442119944 0.6409574468085106 0.44490934449093444 0.6449468085106383 0.44281729428172945 0.6589095744680851 0.4205020920502092 0.8311170212765957 0.39644351464435146 0.8164893617021277 0.41527196652719667 0.6728723404255319 0.4211994421199442 0.625
28 0.39609483960948394 0.6017287234042553 0.41387726638772665 0.6017287234042553 0.42294281729428174 0.605718085106383 0.42294281729428174 0.6256648936170213 0.4225941422594142 0.6396276595744681 0.4222454672245467 0.6502659574468085 0.41841004184100417 0.6575797872340425 0.41631799163179917 0.6662234042553191 0.4096931659693166 0.7127659574468085 0.39644351464435146 0.8337765957446809 0.36506276150627615 0.8118351063829787 0.3898186889818689 0.6688829787234043 0.3978382147838215 0.6509308510638298 0.3992329149232915 0.6316489361702128 0.3978382147838215 0.625 0.39435146443514646 0.6216755319148937 0.39191073919107394 0.6156914893617021 0.3908647140864714 0.6117021276595744
29 0.35390516039051606 0.5871010638297872 0.37517433751743373 0.5964095744680851 0.38842398884239887 0.6063829787234043 0.39504881450488144 0.6183510638297872 0.398884239888424 0.6276595744680851 0.3992329149232915 0.6422872340425532 0.39330543933054396 0.660904255319149 0.38842398884239887 0.6722074468085106 0.3821478382147838 0.692154255319149 0.3783124128312413 0.7200797872340425 0.3577405857740586 0.8131648936170213 0.3089260808926081 0.761968085106383 0.3437935843793584 0.6449468085106383 0.34658298465829845 0.6303191489361702 0.3472803347280335 0.6163563829787234 0.348326359832636 0.6030585106382979
30 0.30404463040446306 0.5791223404255319 0.298465829846583 0.6050531914893617 0.2904463040446304 0.629654255319149 0.23675034867503486 0.754654255319149 0.2869595536959554 0.8058510638297872 0.34518828451882844 0.648936170212766 0.346931659693166 0.6276595744680851 0.348326359832636 0.6170212765957447 0.34797768479776847 0.6050531914893617 0.34623430962343094 0.5997340425531915 0.31311018131101814 0.574468085106383
31 0.24860529986052998 0.5412234042553191 0.26464435146443516 0.5452127659574468 0.27266387726638774 0.555186170212766 0.28521617852161785 0.5618351063829787 0.2928870292887029 0.5678191489361702 0.3023012552301255 0.5771276595744681 0.3023012552301255 0.5904255319148937 0.29428172942817293 0.6103723404255319 0.28556485355648537 0.6382978723404256 0.27475592747559274 0.6695478723404256 0.23605299860529985 0.7420212765957447 0.19769874476987448 0.6781914893617021