0 0.46153846153846156 0.48668032786885246 0.458502024291498 0.5286885245901639 0.4610323886639676 0.5594262295081968 0.48228744939271256 0.5614754098360656 0.4898785425101215 0.5358606557377049 0.48785425101214575 0.3862704918032787 0.4873481781376518 0.30635245901639346 0.48785425101214575 0.2725409836065574 0.48279352226720645 0.22438524590163936 0.4741902834008097 0.21721311475409835 0.465080971659919 0.2786885245901639 0.458502024291498 0.4088114754098361
1 0.4397773279352227 0.46209016393442626 0.4367408906882591 0.514344262295082 0.4402834008097166 0.5450819672131147 0.4524291497975709 0.5491803278688525 0.46204453441295545 0.5194672131147541 0.46204453441295545 0.3790983606557377 0.46305668016194335 0.30327868852459017 0.4660931174089069 0.24385245901639344 0.4610323886639676 0.22131147540983606 0.4483805668016194 0.2192622950819672 0.4433198380566802 0.30020491803278687 0.4438259109311741 0.3483606557377049
2 0.4084008097165992 0.4600409836065574 0.4104251012145749 0.5051229508196722 0.41700404858299595 0.5420081967213115 0.42813765182186236 0.5348360655737705 0.43724696356275305 0.4989754098360656 0.43775303643724695 0.38114754098360654 0.4382591093117409 0.26434426229508196 0.4342105263157895 0.22336065573770492 0.4230769230769231 0.2182377049180328 0.4104251012145749 0.2520491803278688 0.4089068825910931 0.36577868852459017
3 0.3876518218623482 0.4692622950819672 0.3876518218623482 0.5102459016393442 0.3967611336032389 0.5307377049180327 0.4073886639676113 0.5276639344262295 0.4240890688259109 0.5020491803278688 0.4240890688259109 0.4293032786885246 0.4185222672064777 0.30327868852459017 0.4109311740890688 0.24692622950819673 0.3982793522267207 0.2387295081967213 0.38917004048583 0.2786885245901639 0.38714574898785425 0.4016393442622951
4 0.3623481781376518 0.4651639344262295 0.35880566801619435 0.4918032786885246 0.3623481781376518 0.5307377049180327 0.37955465587044535 0.5368852459016393 0.38309716599190285 0.5256147540983607 0.39625506072874495 0.5122950819672131 0.395748987854251 0.4600409836065574 0.3901821862348178 0.3668032786885246 0.38461538461538464 0.3145491803278688 0.3800607287449393 0.29918032786885246 0.36791497975708504 0.3155737704918033 0.3623481781376518 0.3483606557377049
5 0.3208502024291498 0.4600409836065574 0.32034412955465585 0.514344262295082 0.32894736842105265 0.5317622950819673 0.3603238866396761 0.5235655737704918 0.3699392712550607 0.5 0.35526315789473684 0.3422131147540984 0.34969635627530365 0.29200819672131145 0.33653846153846156 0.2725409836065574 0.32186234817813764 0.25922131147540983 0.31376518218623484 0.257172131147541 0.3016194331983806 0.29508196721311475 0.3061740890688259 0.382172131147541
6 0.2834008097165992 0.45389344262295084 0.2768218623481781 0.507172131147541 0.2950404858299595 0.5348360655737705 0.3117408906882591 0.5358606557377049 0.32186234817813764 0.5010245901639344 0.3233805668016194 0.4262295081967213 0.31629554655870445 0.3319672131147541 0.3097165991902834 0.2899590163934426 0.30364372469635625 0.2776639344262295 0.28795546558704455 0.29508196721311475 0.2854251012145749 0.3524590163934426
7 0.2520242914979757 0.39651639344262296 0.2479757085020243 0.430327868852459 0.2606275303643725 0.45594262295081966 0.2758097165991903 0.4651639344262295 0.2894736842105263 0.444672131147541 0.30364372469635625 0.41598360655737704 0.30313765182186236 0.3729508196721312 0.30364372469635625 0.3043032786885246 0.30364372469635625 0.2530737704918033 0.29554655870445345 0.22336065573770492 0.2651821862348178 0.23565573770491804 0.2611336032388664 0.2540983606557377
8 0.48785425101214575 0.48668032786885246 0.4893724696356275 0.5450819672131147 0.49544534412955465 0.5625 0.5035425101214575 0.5655737704918032 0.5161943319838057 0.5502049180327869 0.5146761133603239 0.48155737704918034 0.520748987854251 0.39549180327868855 0.5227732793522267 0.29815573770491804 0.5227732793522267 0.26741803278688525 0.5131578947368421 0.24180327868852458 0.5035425101214575 0.26536885245901637 0.4934210526315789 0.32991803278688525
9 0.5167004048582996 0.4702868852459016 0.5131578947368421 0.5266393442622951 0.5187246963562753 0.5512295081967213 0.52834008097166 0.548155737704918 0.5364372469635628 0.5256147540983607 0.5404858299595142 0.42418032786885246 0.5460526315789473 0.28688524590163933 0.5490890688259109 0.22540983606557377 0.541497975708502 0.20799180327868852 0.52834008097166 0.23668032786885246 0.5247975708502024 0.32274590163934425
10 0.5384615384615384 0.47540983606557374 0.5364372469635628 0.5256147540983607 0.5455465587044535 0.5594262295081968 0.555161943319838 0.5614754098360656 0.5612348178137652 0.5286885245901639 0.5647773279352226 0.4672131147540984 0.5668016194331984 0.3719262295081967 0.5718623481781376 0.32274590163934425 0.5723684210526315 0.2807377049180328 0.5723684210526315 0.22336065573770492 0.5657894736842105 0.21106557377049182 0.5566801619433198 0.22438524590163936 0.5465587044534413 0.3237704918032787
11 0.555668016194332 0.4692622950819672 0.5531376518218624 0.5174180327868853 0.5657894736842105 0.5450819672131147 0.5754048582995951 0.5512295081967213 0.5865384615384616 0.5194672131147541 0.5855263157894737 0.4334016393442623 0.590080971659919 0.32991803278688525 0.590080971659919 0.2807377049180328 0.5845141700404858 0.2612704918032787 0.5738866396761133 0.26844262295081966 0.5647773279352226 0.3801229508196721
12 0.5774291497975709 0.48155737704918034 0.5774291497975709 0.5174180327868853 0.5885627530364372 0.5420081967213115 0.6022267206477733 0.5461065573770492 0.6108299595141701 0.5297131147540983 0.6103238866396761 0.4774590163934426 0.6077935222672065 0.367827868852459 0.6067813765182186 0.3104508196721312 0.6062753036437247 0.2786885245901639 0.5921052631578947 0.2766393442622951 0.5850202429149798 0.3719262295081967
13 0.6072874493927125 0.4661885245901639 0.5981781376518218 0.5092213114754098 0.6052631578947368 0.5379098360655737 0.6163967611336032 0.5471311475409836 0.625 0.5450819672131147 0.6417004048582996 0.5543032786885246 0.646255060728745 0.5348360655737705 0.645242914979757 0.46209016393442626 0.65334008097166 0.38422131147540983 0.6568825910931174 0.36270491803278687 0.6594129554655871 0.33299180327868855 0.6573886639676113 0.29713114754098363 0.6477732793522267 0.27561475409836067 0.631578947368421 0.27049180327868855 0.618421052631579 0.33811475409836067 0.6133603238866396 0.3801229508196721
14 0.6447368421052632 0.4702868852459016 0.6447368421052632 0.5163934426229508 0.6482793522267206 0.5389344262295082 0.6589068825910931 0.5461065573770492 0.6766194331983806 0.5379098360655737 0.6826923076923077 0.5194672131147541 0.6831983805668016 0.4692622950819672 0.6725708502024291 0.4088114754098361 0.6685222672064778 0.3524590163934426 0.6680161943319838 0.319672131147541 0.6634615384615384 0.29508196721311475 0.6538461538461539 0.3094262295081967 0.6503036437246964 0.3739754098360656
15 0.6690283400809717 0.4108606557377049 0.6675101214574899 0.4395491803278688 0.6705465587044535 0.4600409836065574 0.687246963562753 0.48155737704918034 0.708502024291498 0.46209016393442626 0.7140688259109311 0.4334016393442623 0.7100202429149798 0.35450819672131145 0.707995951417004 0.3145491803278688 0.7024291497975709 0.2807377049180328 0.6938259109311741 0.23770491803278687 0.6857287449392713 0.22131147540983606 0.6725708502024291 0.2387295081967213 0.6695344129554656 0.33401639344262296
23 0.6786437246963563 0.6116803278688525 0.6771255060728745 0.6495901639344263 0.6756072874493927 0.6782786885245902 0.7241902834008097 0.7243852459016393 0.7413967611336032 0.7284836065573771 0.757085020242915 0.7120901639344263 0.756578947368421 0.6444672131147541 0.7358299595141701 0.6045081967213115 0.7100202429149798 0.5727459016393442 0.694331983805668 0.5799180327868853
22 0.6406882591093117 0.5911885245901639 0.6330971659919028 0.6075819672131147 0.6371457489878543 0.6557377049180327 0.6391700404858299 0.7243852459016393 0.6492914979757085 0.7868852459016393 0.6609311740890689 0.8125 0.6766194331983806 0.8063524590163934 0.6837044534412956 0.7315573770491803 0.6781376518218624 0.6639344262295082 0.680161943319838 0.6260245901639344 0.6766194331983806 0.6024590163934426 0.6659919028340081 0.5891393442622951
21 0.5996963562753036 0.5973360655737705 0.5880566801619433 0.6096311475409836 0.5865384615384616 0.6290983606557377 0.5936234817813765 0.6711065573770492 0.5981781376518218 0.7540983606557377 0.6128542510121457 0.8206967213114754 0.625 0.8442622950819673 0.6447368421052632 0.8329918032786885 0.6467611336032388 0.7602459016393442 0.6406882591093117 0.6834016393442623 0.638663967611336 0.6260245901639344 0.6371457489878543 0.6045081967213115
20 0.5708502024291497 0.6004098360655737 0.562246963562753 0.6239754098360656 0.569331983805668 0.6629098360655737 0.5784412955465587 0.7653688524590164 0.5845141700404858 0.8002049180327869 0.5941295546558705 0.8227459016393442 0.6052631578947368 0.8227459016393442 0.6007085020242915 0.7459016393442623 0.5976720647773279 0.6659836065573771 0.5991902834008097 0.6168032786885246
19 0.5576923076923077 0.6004098360655737 0.5506072874493927 0.6065573770491803 0.5430161943319838 0.6352459016393442 0.5475708502024291 0.6936475409836066 0.5480769230769231 0.7704918032786885 0.5561740890688259 0.8155737704918032 0.562246963562753 0.8340163934426229 0.5738866396761133 0.8176229508196722 0.5657894736842105 0.7223360655737705 0.569838056680162 0.6536885245901639 0.569838056680162 0.6260245901639344
18 0.5389676113360324 0.6075819672131147 0.5288461538461539 0.6157786885245902 0.5263157894736842 0.6864754098360656 0.5263157894736842 0.7950819672131147 0.5263157894736842 0.8422131147540983 0.5303643724696356 0.8688524590163934 0.5409919028340081 0.8739754098360656 0.5470647773279352 0.7786885245901639 0.548582995951417 0.6608606557377049
17 0.5146761133603239 0.5911885245901639 0.5096153846153846 0.5993852459016393 0.5111336032388664 0.6864754098360656 0.5060728744939271 0.7807377049180327 0.5060728744939271 0.8309426229508197 0.5151821862348178 0.8381147540983607 0.5237854251012146 0.7848360655737705 0.5232793522267206 0.6936475409836066 0.5293522267206477 0.6413934426229508 0.5318825910931174 0.5932377049180327
16 0.49544534412955465 0.5788934426229508 0.49190283400809715 0.5819672131147541 0.4939271255060729 0.701844262295082 0.49291497975708504 0.7725409836065574 0.49291497975708504 0.8073770491803278 0.4944331983805668 0.8309426229508197 0.5020242914979757 0.8381147540983607 0.5096153846153846 0.7663934426229508 0.5101214574898786 0.6670081967213115 0.5156882591093117 0.617827868852459 0.5182186234817814 0.5983606557377049 0.5106275303643725 0.5799180327868853 0.5020242914979757 0.5788934426229508
24 0.48026315789473684 0.5799180327868853 0.47368421052631576 0.5840163934426229 0.4741902834008097 0.617827868852459 0.4757085020242915 0.7161885245901639 0.4726720647773279 0.7858606557377049 0.4812753036437247 0.8350409836065574 0.4888663967611336 0.8258196721311475 0.4939271255060729 0.7489754098360656 0.49291497975708504 0.6536885245901639 0.49544534412955465 0.5952868852459017
25 0.4625506072874494 0.5809426229508197 0.4534412955465587 0.5870901639344263 0.45546558704453444 0.6219262295081968 0.4590080971659919 0.7233606557377049 0.4600202429149798 0.8002049180327869 0.46356275303643724 0.8217213114754098 0.4772267206477733 0.8237704918032787 0.4777327935222672 0.7459016393442623 0.4782388663967611 0.6864754098360656 0.47469635627530365 0.6454918032786885 0.4757085020242915 0.6280737704918032 0.4757085020242915 0.5993852459016393
26 0.4433198380566802 0.5911885245901639 0.43775303643724695 0.5983606557377049 0.4291497975708502 0.6157786885245902 0.4291497975708502 0.673155737704918 0.4291497975708502 0.7766393442622951 0.4423076923076923 0.8309426229508197 0.451417004048583 0.8381147540983607 0.45951417004048584 0.7684426229508197 0.4574898785425101 0.6752049180327869 0.4569838056680162 0.6229508196721312 0.4509109311740891 0.5922131147540983
27 0.430668016194332 0.5788934426229508 0.41953441295546556 0.5870901639344263 0.4109311740890688 0.6045081967213115 0.4109311740890688 0.6864754098360656 0.4043522267206478 0.7663934426229508 0.4018218623481781 0.8063524590163934 0.4068825910931174 0.826844262295082 0.4230769230769231 0.819672131147541 0.4316801619433198 0.7407786885245902 0.43775303643724695 0.6721311475409836 0.44483805668016196 0.6198770491803278 0.4423076923076923 0.5983606557377049
28 0.4068825910931174 0.5840163934426229 0.3982793522267207 0.5819672131147541 0.3851214574898785 0.5993852459016393 0.38309716599190285 0.6444672131147541 0.37955465587044535 0.7213114754098361 0.3724696356275304 0.7868852459016393 0.3775303643724696 0.8104508196721312 0.3917004048582996 0.7961065573770492 0.4109311740890688 0.6997950819672131 0.416497975708502 0.6485655737704918 0.423582995951417 0.6127049180327869 0.4200404858299595 0.5840163934426229
29 0.35020242914979755 0.5881147540983607 0.3431174089068826 0.6014344262295082 0.33805668016194335 0.5993852459016393 0.33805668016194335 0.6301229508196722 0.33805668016194335 0.6526639344262295 0.326417004048583 0.7387295081967213 0.3183198380566802 0.7868852459016393 0.3259109311740891 0.819672131147541 0.3456477732793522 0.8155737704918032 0.3765182186234818 0.7448770491803278 0.3876518218623482 0.6485655737704918 0.3972672064777328 0.6127049180327869 0.3952429149797571 0.5860655737704918 0.3896761133603239 0.5799180327868853 0.37449392712550605 0.5891393442622951
30 0.305668016194332 0.5799180327868853 0.29554655870445345 0.5850409836065574 0.29048582995951416 0.617827868852459 0.2940283400809717 0.6700819672131147 0.28694331983805665 0.7172131147540983 0.28643724696356276 0.7889344262295082 0.2909919028340081 0.8032786885245902 0.3092105263157895 0.7889344262295082 0.3309716599190283 0.7448770491803278 0.340080971659919 0.6516393442622951 0.3431174089068826 0.6065573770491803 0.3415991902834008 0.5860655737704918 0.3340080971659919 0.5778688524590164 0.32186234817813764 0.5778688524590164
31 0.27631578947368424 0.5747950819672131 0.2616396761133603 0.5758196721311475 0.23734817813765183 0.6024590163934426 0.21558704453441296 0.6065573770491803 0.1978744939271255 0.6536885245901639 0.20242914979757085 0.6936475409836066 0.23987854251012145 0.7202868852459017 0.26973684210526316 0.6915983606557377 0.29453441295546556 0.6782786885245902 0.2980769230769231 0.6567622950819673 0.2925101214574899 0.6198770491803278 0.2894736842105263 0.6014344262295082