0 0.4571026722925457 0.587386018237082 0.4729254571026723 0.5942249240121581 0.48417721518987344 0.5797872340425532 0.48417721518987344 0.5212765957446809 0.4722222222222222 0.2864741641337386 0.45464135021097046 0.2864741641337386 0.45288326300984527 0.48024316109422494 0.4507735583684951 0.5524316109422492
1 0.4265119549929676 0.560790273556231 0.4289732770745429 0.5851063829787234 0.44760900140646975 0.5851063829787234 0.45464135021097046 0.5417933130699089 0.43776371308016876 0.27583586626139817 0.41561181434599154 0.2864741641337386 0.4272151898734177 0.46580547112462006
2 0.39943741209563993 0.5562310030395137 0.4170182841068917 0.5972644376899696 0.4289732770745429 0.5554711246200608 0.4289732770745429 0.49164133738601823 0.41279887482419125 0.2796352583586626 0.39381153305203936 0.29027355623100304 0.40260196905766527 0.43009118541033436 0.4033052039381153 0.5197568389057751
3 0.3762306610407876 0.5509118541033434 0.37939521800281295 0.5645896656534954 0.38748241912798875 0.5797872340425532 0.39556962025316456 0.5645896656534954 0.41068917018284107 0.5630699088145896 0.41279887482419125 0.5197568389057751 0.39381153305203936 0.270516717325228 0.37060478199718705 0.2864741641337386 0.3779887482419128 0.42249240121580545 0.38045007032348804 0.46580547112462006 0.3769338959212377 0.5106382978723404
6 0.29957805907172996 0.5372340425531915 0.310126582278481 0.5243161094224924 0.3154008438818565 0.5053191489361702 0.3189170182841069 0.4734042553191489 0.31329113924050633 0.45592705167173253 0.31329113924050633 0.42325227963525835 0.3059071729957806 0.27811550151975684 0.2777777777777778 0.28799392097264437 0.2732067510548523 0.39209726443769 0.2732067510548523 0.4490881458966565 0.26933895921237694 0.46580547112462006 0.26582278481012656 0.506079027355623 0.2714486638537271 0.5227963525835866 0.28445850914205345 0.5303951367781155 0.2883263009845288 0.526595744680851
7 0.23171589310829818 0.4939209726443769 0.24050632911392406 0.506079027355623 0.26019690576652604 0.5227963525835866 0.2749648382559775 0.5303951367781155 0.2795358649789029 0.44148936170212766 0.26933895921237694 0.30243161094224924 0.2517580872011252 0.30243161094224924 0.24929676511954993 0.3799392097264438 0.23734177215189872 0.4452887537993921
8 0.48417721518987344 0.5820668693009119 0.509142053445851 0.581306990881459 0.5168776371308017 0.5440729483282675 0.5161744022503516 0.5106382978723404 0.5232067510548524 0.30015197568389057 0.5024613220815752 0.3069908814589666 0.4859353023909986 0.4734042553191489 0.4810126582278481 0.5683890577507599
9 0.5137130801687764 0.560790273556231 0.5210970464135021 0.5889057750759878 0.5414908579465542 0.5699088145896657 0.5432489451476793 0.5197568389057751 0.5432489451476793 0.3161094224924012 0.5281293952180028 0.3282674772036474 0.5179324894514767 0.4574468085106383
10 0.5439521800281294 0.5592705167173252 0.5545007032348804 0.601063829787234 0.5657524613220816 0.5661094224924013 0.569620253164557 0.5212765957446809 0.569620253164557 0.43541033434650456 0.569620253164557 0.28951367781155013 0.5527426160337553 0.29711246200607905 0.5425457102672293 0.44224924012158057 0.5407876230661041 0.540273556231003
11 0.5608298171589311 0.5349544072948328 0.5618846694796061 0.5699088145896657 0.5777074542897328 0.567629179331307 0.5872011251758087 0.5919452887537994 0.6016174402250352 0.5554711246200608 0.5970464135021097 0.5007598784194529 0.6009142053445851 0.2773556231003039 0.5826300984528833 0.2917933130699088 0.5734880450070323 0.42325227963525835 0.5639943741209564 0.5113981762917933
14 0.6606891701828411 0.5106382978723404 0.6582278481012658 0.4764437689969605 0.6631504922644164 0.4316109422492401 0.6761603375527426 0.28495440729483285 0.7025316455696202 0.2948328267477204 0.7032348804500703 0.4452887537993921 0.7120253164556962 0.48024316109422494 0.7078059071729957 0.5075987841945289 0.6965541490857946 0.5243161094224924 0.6789732770745429 0.5364741641337386 0.6656118143459916 0.5227963525835866
15 0.7053445850914205 0.506079027355623 0.6997187060478199 0.46048632218844987 0.7046413502109705 0.4194528875379939 0.69901547116737 0.2948328267477204 0.7320675105485233 0.2864741641337386 0.7334739803094233 0.4034954407294833 0.7440225035161744 0.45896656534954405 0.7447257383966245 0.49544072948328266 0.7264416315049227 0.506079027355623
17 0.5031645569620253 0.60790273556231 0.5087904360056259 0.6041033434650456 0.5232067510548524 0.6162613981762918 0.5218002812939522 0.8358662613981763 0.5087904360056259 0.8358662613981763
18 0.5256680731364276 0.6580547112462006 0.5218002812939522 0.6132218844984803 0.5344585091420534 0.6003039513677811 0.5502812939521801 0.6322188449848024 0.5481715893108298 0.7006079027355623 0.5481715893108298 0.8806990881458967 0.5295358649789029 0.8738601823708206 0.5225035161744023 0.6922492401215805
19 0.5502812939521801 0.6975683890577508 0.5432489451476793 0.6474164133738601 0.54957805907173 0.6162613981762918 0.5664556962025317 0.6177811550151976 0.5752461322081576 0.6405775075987842 0.5734880450070323 0.6838905775075987 0.590365682137834 0.8662613981762918 0.570323488045007 0.8723404255319149 0.5562587904360057 0.7629179331306991
20 0.5777074542897328 0.6937689969604863 0.569620253164557 0.6299392097264438 0.5857946554149086 0.6200607902735562 0.5991561181434599 0.60790273556231 0.6111111111111112 0.6299392097264438 0.6128691983122363 0.6800911854103343 0.6385372714486639 0.851063829787234 0.6118143459915611 0.8647416413373861 0.590365682137834 0.7788753799392097
21 0.6128691983122363 0.6664133738601824 0.5984528832630098 0.6405775075987842 0.5921237693389592 0.6025835866261399 0.6047819971870605 0.5919452887537994 0.6160337552742616 0.5934650455927052 0.629746835443038 0.5782674772036475 0.6441631504922645 0.5752279635258358 0.6575246132208158 0.5904255319148937 0.6606891701828411 0.6458966565349544 0.6937412095639943 0.7963525835866262 0.6536568213783404 0.8442249240121581 0.6311533052039381 0.743920972644377 0.619901547116737 0.6869300911854104
22 0.6673699015471167 0.662613981762918 0.6518987341772152 0.6231003039513677 0.6469760900140648 0.5904255319148937 0.6575246132208158 0.5714285714285714 0.6719409282700421 0.5683890577507599 0.6814345991561181 0.5554711246200608 0.6951476793248945 0.5486322188449848 0.7088607594936709 0.5714285714285714 0.710267229254571 0.6246200607902735 0.7415611814345991 0.7462006079027356 0.7025316455696202 0.7872340425531915 0.6736990154711674 0.6922492401215805
23 0.709563994374121 0.6094224924012158 0.6997187060478199 0.5729483282674772 0.6997187060478199 0.540273556231003 0.7046413502109705 0.5319148936170213 0.719760900140647 0.540273556231003 0.7352320675105485 0.5243161094224924 0.7468354430379747 0.5372340425531915 0.7461322081575246 0.5714285714285714 0.7612517580872011 0.723404255319149 0.7436708860759493 0.7401215805471124 0.7215189873417721 0.6664133738601824
16 0.4848804500703235 0.6025835866261399 0.5056258790436006 0.6132218844984803 0.510548523206751 0.8617021276595744 0.49437412095639943 0.8700607902735562
24 0.46272855133614627 0.6132218844984803 0.48347398030942335 0.6094224924012158 0.49437412095639943 0.8753799392097265 0.48347398030942335 0.8852583586626139
25 0.43952180028129395 0.6246200607902735 0.4409282700421941 0.6162613981762918 0.46343178621659636 0.6162613981762918 0.46905766526019693 0.6960486322188449 0.48558368495077353 0.8890577507598785 0.4704641350210971 0.8928571428571429 0.45921237693389594 0.7507598784194529 0.4472573839662447 0.6717325227963525
26 0.4265119549929676 0.6679331306990881 0.430028129395218 0.6147416413373861 0.43319268635724334 0.601063829787234 0.4440928270042194 0.6056231003039514 0.45147679324894513 0.6527355623100304 0.45358649789029537 0.7142857142857143 0.4609704641350211 0.8928571428571429 0.43846694796061886 0.8996960486322189 0.4282700421940928 0.7750759878419453
27 0.4008438818565401 0.6831306990881459 0.3980309423347398 0.6436170212765957 0.4120956399437412 0.6177811550151976 0.4258087201125176 0.6367781155015197 0.4219409282700422 0.6922492401215805 0.4265119549929676 0.78419452887538 0.41455696202531644 0.8890577507598785 0.39556962025316456 0.8647416413373861 0.40752461322081573 0.7644376899696048
28 0.3737693389592124 0.6747720364741642 0.3748241912798875 0.6337386018237082 0.3832630098452883 0.6056231003039514 0.40260196905766527 0.6162613981762918 0.409985935302391 0.6177811550151976 0.40752461322081573 0.6610942249240122 0.40189873417721517 0.6869300911854104 0.37869198312236285 0.8768996960486323 0.35864978902953587 0.8601823708206687
29 0.3210267229254571 0.7408814589665653 0.32841068917018285 0.6542553191489362 0.3315752461322082 0.6352583586626139 0.329817158931083 0.5919452887537994 0.339662447257384 0.5782674772036475 0.36357243319268634 0.5729483282674772 0.3769338959212377 0.5889057750759878 0.38677918424753865 0.6200607902735562 0.38748241912798875 0.6382978723404256 0.3755274261603376 0.6884498480243161 0.3691983122362869 0.7302431610942249 0.35056258790436007 0.8062310030395137 0.31856540084388185 0.7819148936170213
30 0.2689873417721519 0.7142857142857143 0.26758087201125175 0.6747720364741642 0.2795358649789029 0.621580547112462 0.28340365682137836 0.5851063829787234 0.29078762306610406 0.560790273556231 0.3059071729957806 0.5729483282674772 0.329817158931083 0.5767477203647416 0.3459915611814346 0.5835866261398176 0.3410689170182841 0.628419452887538 0.3217299578059072 0.6937689969604863 0.2921940928270042 0.7834346504559271 0.2661744022503516 0.7545592705167173
31 0.22292545710267228 0.6717325227963525 0.23417721518987342 0.5782674772036475 0.23417721518987342 0.5539513677811551 0.25246132208157523 0.5319148936170213 0.2630098452883263 0.547112462006079 0.2805907172995781 0.5433130699088146 0.2876230661040788 0.5630699088145896 0.27566807313642755 0.6200607902735562 0.2450773558368495 0.7575987841945289 0.2190576652601969 0.7355623100303952 0.2222222222222222 0.6884498480243161