0 0.47231389805647234 0.574468085106383 0.49321598826549323 0.5775075987841946 0.5038503850385039 0.5706686930091185 0.5012834616795013 0.506079027355623 0.48624862486248627 0.2978723404255319 0.4583791712504584 0.30623100303951367 0.46974697469746973 0.4787234042553192 0.4730473047304731 0.5493920972644377
1 0.44554455445544555 0.567629179331307 0.4558122478914558 0.5691489361702128 0.4679134580124679 0.5691489361702128 0.4748808214154749 0.5524316109422492 0.4715804913824716 0.5182370820668692 0.45507884121745507 0.30167173252279633 0.4349101576824349 0.3100303951367781 0.4444444444444444 0.520516717325228 0.44554455445544555 0.5524316109422492
2 0.4096076274294096 0.5379939209726444 0.414008067473414 0.5547112462006079 0.4235423542354235 0.5653495440729484 0.4363769710304364 0.5691489361702128 0.44187752108544187 0.5562310030395137 0.4437110377704437 0.5433130699088146 0.4407774110744408 0.5022796352583586 0.42977631096442975 0.40197568389057753 0.40704070407040704 0.2773556231003039 0.38797213054638796 0.3047112462006079 0.40337367070040336 0.4065349544072948 0.41107444077741107 0.4490881458966565 0.4132746607994133 0.5
3 0.3832049871653832 0.5220364741641338 0.3791712504583792 0.5493920972644377 0.38063806380638066 0.5630699088145896 0.39127246057939125 0.5729483282674772 0.4044737807114045 0.5797872340425532 0.4158415841584158 0.5721884498480243 0.41804180418041803 0.5638297872340425 0.4184085075174184 0.5364741641337386 0.4154748808214155 0.5037993920972644 0.41034103410341033 0.46808510638297873 0.392005867253392 0.3047112462006079 0.3634030069673634 0.32978723404255317 0.385038503850385 0.4870820668693009
5 0.32673267326732675 0.5493920972644377 0.3274660799413275 0.574468085106383 0.3351668500183352 0.5889057750759878 0.3546021268793546 0.5904255319148937 0.36853685368536854 0.5782674772036475 0.3773377337733773 0.5691489361702128 0.3788045471213788 0.5296352583586627 0.3744041070773744 0.506079027355623 0.365969930326366 0.49164133738601823 0.34396773010634396 0.34498480243161095 0.3116978364503117 0.3677811550151976 0.3179317931793179 0.4734042553191489 0.33076640997433077 0.5273556231003039
6 0.2896956362302897 0.5904255319148937 0.2856618995232857 0.5653495440729484 0.28492849284928495 0.5379939209726444 0.28456178951228456 0.5022796352583586 0.27502750275027504 0.36246200607902734 0.30986431976530987 0.35714285714285715 0.32636596993032635 0.493161094224924 0.32856618995232856 0.5417933130699089 0.33076640997433077 0.5577507598784195 0.32856618995232856 0.5775075987841946 0.3237990465713238 0.5866261398176292 0.3160982764943161 0.5889057750759878 0.3047304730473047 0.5927051671732523
7 0.2522918958562523 0.5942249240121581 0.2401906857352402 0.5851063829787234 0.23909057572423908 0.5721884498480243 0.23835716905023835 0.5455927051671733 0.2434910157682435 0.5106382978723404 0.2401906857352402 0.3609422492401216 0.2662266226622662 0.3541033434650456 0.2761276127612761 0.3966565349544073 0.2812614594792813 0.45364741641337386 0.2871287128712871 0.506079027355623 0.2896956362302897 0.5395136778115501 0.29262926292629265 0.5653495440729484 0.2871287128712871 0.5919452887537994 0.28052805280528054 0.601823708206687 0.2687935460212688 0.5980243161094225 0.2585258525852585 0.5980243161094225
8 0.5027502750275028 0.5775075987841946 0.5082508250825083 0.5775075987841946 0.5284195086175284 0.581306990881459 0.5342867620095343 0.5759878419452887 0.5342867620095343 0.547112462006079 0.5328199486615328 0.5091185410334347 0.5353868720205354 0.3047112462006079 0.5056839017235056 0.324468085106383 0.5045837917125046 0.49848024316109424 0.5001833516685001 0.53419452887538
9 0.5254858819215255 0.5775075987841946 0.5449211587825449 0.5904255319148937 0.5537220388705537 0.5927051671732523 0.55995599559956 0.5729483282674772 0.5581224789145581 0.5197568389057751 0.5562889622295563 0.2978723404255319 0.5324532453245324 0.32142857142857145 0.5353868720205354 0.5106382978723404
10 0.5562889622295563 0.5417933130699089 0.5562889622295563 0.5729483282674772 0.5702236890355702 0.5889057750759878 0.579024569123579 0.5889057750759878 0.5874587458745875 0.5927051671732523 0.5896589658965896 0.5440729483282675 0.5962596259625963 0.2743161094224924 0.5753575357535754 0.2925531914893617 0.55995599559956 0.48556231003039513
11 0.583058305830583 0.5296352583586627 0.579024569123579 0.5547112462006079 0.5760909424275761 0.5835866261398176 0.579024569123579 0.6033434650455927 0.5848918225155849 0.6056231003039514 0.5947928126145948 0.6048632218844985 0.6057939127246058 0.6086626139817629 0.6112944627796113 0.6056231003039514 0.6164283094976164 0.5729483282674772 0.6171617161716172 0.5493920972644377 0.6171617161716172 0.3373860182370821 0.5988265493215988 0.3465045592705167 0.5867253392005867 0.5197568389057751
12 0.607994132746608 0.5653495440729484 0.6127612761276128 0.5258358662613982 0.6138613861386139 0.5106382978723404 0.6226622662266227 0.425531914893617 0.6263292995966263 0.3495440729483283 0.647964796479648 0.36246200607902734 0.6428309497616428 0.5379939209726444 0.6442977631096443 0.5691489361702128 0.6402640264026402 0.601063829787234 0.6259625962596259 0.6101823708206687 0.6171617161716172 0.6086626139817629 0.6076274294096077 0.5995440729483282
13 0.6530986431976531 0.601063829787234 0.6373303997066373 0.5851063829787234 0.6358635863586358 0.567629179331307 0.6442977631096443 0.5288753799392097 0.6530986431976531 0.3541033434650456 0.6795012834616795 0.36246200607902734 0.689035570223689 0.43541033434650456 0.6758342500916759 0.5364741641337386 0.6725339200586725 0.5835866261398176 0.674000733406674 0.6086626139817629 0.6662999633296663 0.6162613981762918 0.6563989732306564 0.6162613981762918
14 0.6835350201686835 0.6109422492401215 0.674000733406674 0.5851063829787234 0.6747341400806748 0.5296352583586627 0.6872020535386872 0.3541033434650456 0.7176384305097177 0.3609422492401216 0.7202053538687202 0.49848024316109424 0.7213054638797213 0.5395136778115501 0.7231389805647231 0.5615501519756839 0.724972497249725 0.5851063829787234 0.7114044737807114 0.6048632218844985 0.7004033736707004 0.6124620060790273 0.6923359002566923 0.6177811550151976
16 0.5038503850385039 0.5379939209726444 0.5298863219655299 0.5562310030395137 0.528052805280528 0.6200607902735562 0.5108177484415108 0.7857142857142857 0.4924825815914925 0.7826747720364742
17 0.5254858819215255 0.5615501519756839 0.5555555555555556 0.5797872340425532 0.524019068573524 0.7895136778115501 0.5108177484415108 0.7788753799392097
18 0.5394206087275394 0.8009118541033434 0.5430876420975431 0.6724924012158054 0.5449211587825449 0.628419452887538 0.5493215988265493 0.5729483282674772 0.5650898423175651 0.581306990881459 0.5735240190685735 0.5995440729483282 0.5713237990465714 0.6557750759878419 0.5562889622295563 0.85790273556231 0.5324532453245324 0.8381458966565349
19 0.5760909424275761 0.8092705167173252 0.5702236890355702 0.7066869300911854 0.5713237990465714 0.6679331306990881 0.5658232489915658 0.648176291793313 0.5650898423175651 0.6162613981762918 0.5735240190685735 0.6056231003039514 0.592959295929593 0.5957446808510638 0.5999266593325999 0.621580547112462 0.5955262192885955 0.6633738601823708 0.5885588558855885 0.8601823708206687 0.5753575357535754 0.8563829787234043
20 0.5999266593325999 0.8153495440729484 0.5944261092775944 0.7264437689969605 0.5947928126145948 0.6793313069908815 0.5973597359735974 0.6436170212765957 0.6043270993766043 0.6200607902735562 0.6200953428676201 0.6162613981762918 0.6285295196186286 0.6246200607902735 0.618995232856619 0.6816109422492401 0.6149614961496149 0.7302431610942249 0.607994132746608 0.8761398176291794 0.5973597359735974 0.8586626139817629
22 0.6607994132746609 0.7591185410334347 0.6468646864686468 0.6952887537993921 0.6417308397506417 0.6717325227963525 0.6417308397506417 0.6322188449848024 0.6688668866886689 0.6231003039513677 0.686101943527686 0.6177811550151976 0.6916024935826917 0.6337386018237082 0.696002933626696 0.6846504559270516 0.7341400806747341 0.8297872340425532 0.680968096809681 0.8434650455927052
23 0.7238723872387238 0.7720364741641338 0.7055372203887056 0.7302431610942249 0.6952695269526953 0.6793313069908815 0.6897689768976898 0.6306990881458967 0.696002933626696 0.6109422492401215 0.7143381004767143 0.601063829787234 0.7334066740007334 0.5889057750759878 0.744041070773744 0.6375379939209727 0.7455078841217455 0.6770516717325228 0.773010634396773 0.8168693009118541 0.7649431609827649 0.8259878419452887
24 0.47964796479647964 0.5379939209726444 0.5064173083975064 0.5379939209726444 0.5056839017235056 0.6139817629179332 0.4943160982764943 0.7955927051671733 0.4803813714704804 0.7895136778115501
25 0.4613127979464613 0.6101823708206687 0.4594792812614595 0.5524316109422492 0.4679134580124679 0.5326747720364742 0.4822148881554822 0.5417933130699089 0.48734873487348734 0.5927051671732523 0.48184818481848185 0.8054711246200608 0.46461312797946464 0.8039513677811551
26 0.4367436743674367 0.8092705167173252 0.4312431243124312 0.6975683890577508 0.4312431243124312 0.6246200607902735 0.42977631096442975 0.581306990881459 0.43564356435643564 0.5486322188449848 0.4558122478914558 0.5524316109422492 0.4660799413274661 0.5721884498480243 0.46204620462046203 0.6390577507598785 0.4594792812614595 0.8442249240121581 0.4393105977264393 0.8275075987841946
27 0.4132746607994133 0.8130699088145896 0.4154748808214155 0.7249240121580547 0.4121745507884122 0.6633738601823708 0.4000733406674001 0.6086626139817629 0.4000733406674001 0.581306990881459 0.414008067473414 0.5585106382978723 0.4253758709204254 0.5691489361702128 0.4316098276494316 0.5835866261398176 0.4316098276494316 0.6306990881458967 0.43417675100843417 0.743920972644377 0.4253758709204254 0.8335866261398176
28 0.37807114044737805 0.8039513677811551 0.37807114044737805 0.75 0.3788045471213788 0.7082066869300911 0.3744041070773744 0.6679331306990881 0.37037037037037035 0.6306990881458967 0.3696369636963696 0.601823708206687 0.3744041070773744 0.5775075987841946 0.38063806380638066 0.567629179331307 0.4044737807114045 0.5759878419452887 0.40520718738540523 0.6360182370820668 0.4044737807114045 0.6633738601823708 0.39713971397139713 0.8168693009118541
30 0.31536486982031536 0.8168693009118541 0.33076640997433077 0.7462006079027356 0.33003300330033003 0.7135258358662614 0.33076640997433077 0.6778115501519757 0.3355335533553355 0.6398176291793313 0.3381004767143381 0.6071428571428571 0.33626696002933626 0.5965045592705167 0.32856618995232856 0.587386018237082 0.3116978364503117 0.5927051671732523 0.2951961862852952 0.601063829787234 0.2874954162082875 0.5965045592705167 0.28016134946828014 0.6086626139817629 0.28272827282728275 0.6466565349544073 0.2874954162082875 0.675531914893617 0.2812614594792813 0.7575987841945289 0.28492849284928495 0.8533434650455927 0.3193986065273194 0.8351063829787234
31 0.2068206820682068 0.7591185410334347 0.22625595892922626 0.7340425531914894 0.23138980564723138 0.7264437689969605 0.2585258525852585 0.7241641337386018 0.2794279427942794 0.71580547112462 0.2896956362302897 0.7059270516717325 0.2896956362302897 0.6740121580547113 0.28822882288228824 0.6580547112462006 0.2838283828382838 0.6322188449848024 0.2812614594792813 0.6231003039513677 0.2812614594792813 0.6048632218844985 0.2698936560322699 0.6033434650455927 0.2577924459112578 0.6033434650455927 0.24092409240924093 0.6101823708206687 0.23395672900623396 0.6246200607902735 0.1895856252291896 0.6542553191489362 0.18078474514118079 0.7066869300911854