24 0.49326599326599324 0.7173252279635258 0.5 0.6816109422492401 0.5 0.6458966565349544 0.503030303030303 0.6170212765957447 0.5040404040404041 0.5767477203647416 0.5040404040404041 0.5501519756838906 0.494949494949495 0.5319148936170213 0.4841750841750842 0.5319148936170213 0.4841750841750842 0.5653495440729484 0.4841750841750842 0.5881458966565349 0.48013468013468014 0.6124620060790273 0.4791245791245791 0.6398176291793313 0.4771043771043771 0.6709726443768997 0.4744107744107744 0.7218844984802432 0.4723905723905724 0.7553191489361702 0.4841750841750842 0.7515197568389058
0 0.48215488215488217 0.1945288753799392 0.48215488215488217 0.22796352583586627 0.48114478114478115 0.25759878419452886 0.48013468013468014 0.2933130699088146 0.4791245791245791 0.3290273556231003 0.4791245791245791 0.3731003039513678 0.4791245791245791 0.42021276595744683 0.48114478114478115 0.45364741641337386 0.49023569023569025 0.4696048632218845 0.5060606060606061 0.4582066869300912 0.5060606060606061 0.4247720364741641 0.5050505050505051 0.3799392097264438 0.502020202020202 0.33358662613981765 0.501010101010101 0.28191489361702127 0.503030303030303 0.21048632218844984 0.49393939393939396 0.17933130699088146
1 0.4663299663299663 0.19680851063829788 0.4663299663299663 0.22796352583586627 0.4663299663299663 0.2613981762917933 0.4643097643097643 0.2978723404255319 0.4612794612794613 0.331306990881459 0.4595959595959596 0.3731003039513678 0.4595959595959596 0.4095744680851064 0.4595959595959596 0.4338905775075988 0.4632996632996633 0.4582066869300912 0.4781144781144781 0.44072948328267475 0.48013468013468014 0.38677811550151975 0.4791245791245791 0.34422492401215804 0.4781144781144781 0.3130699088145897 0.4781144781144781 0.24848024316109424 0.48013468013468014 0.19908814589665655
2 0.43367003367003365 0.19680851063829788 0.43468013468013467 0.23252279635258358 0.43973063973063975 0.28419452887537994 0.44074074074074077 0.3290273556231003 0.43973063973063975 0.364741641337386 0.4356902356902357 0.4004559270516717 0.4367003367003367 0.44072948328267475 0.44343434343434346 0.4627659574468085 0.45656565656565656 0.44756838905775076 0.4595959595959596 0.4133738601823708 0.4585858585858586 0.36930091185410335 0.45555555555555555 0.324468085106383 0.45555555555555555 0.2864741641337386 0.45555555555555555 0.1945288753799392 0.44747474747474747 0.1899696048632219
3 0.41683501683501684 0.23024316109422494 0.41683501683501684 0.24848024316109424 0.41683501683501684 0.2993920972644377 0.41683501683501684 0.34194528875379937 0.4158249158249158 0.3822188449848024 0.4148148148148148 0.42249240121580545 0.4158249158249158 0.4582066869300912 0.4265993265993266 0.47416413373860183 0.43973063973063975 0.4627659574468085 0.4444444444444444 0.44756838905775076 0.44545454545454544 0.4095744680851064 0.43872053872053873 0.3601823708206687 0.4356902356902357 0.310790273556231 0.4356902356902357 0.2750759878419453 0.4316498316498317 0.2256838905775076
4 0.39595959595959596 0.2439209726443769 0.4 0.2887537993920973 0.4 0.3373860182370821 0.4 0.38677811550151975 0.398989898989899 0.4270516717325228 0.398989898989899 0.4490881458966565 0.403030303030303 0.47416413373860183 0.41279461279461277 0.48556231003039513 0.4239057239057239 0.46048632218844987 0.4239057239057239 0.4133738601823708 0.4208754208754209 0.3556231003039514 0.41885521885521887 0.30623100303951367 0.4148148148148148 0.24164133738601823
5 0.38013468013468016 0.23708206686930092 0.3811447811447811 0.2864741641337386 0.3811447811447811 0.34422492401215804 0.3811447811447811 0.3844984802431611 0.3781144781144781 0.41793313069908816 0.37542087542087543 0.4430091185410334 0.3760942760942761 0.4673252279635258 0.39494949494949494 0.4787234042553192 0.40606060606060607 0.47188449848024316 0.40505050505050505 0.4270516717325228 0.401010101010101 0.3913373860182371 0.398989898989899 0.3487841945288754 0.398989898989899 0.2864741641337386 0.398989898989899 0.24848024316109424
6 0.3632996632996633 0.23708206686930092 0.3602693602693603 0.28191489361702127 0.3565656565656566 0.324468085106383 0.3515151515151515 0.364741641337386 0.34444444444444444 0.4004559270516717 0.3424242424242424 0.4247720364741641 0.3464646464646465 0.4582066869300912 0.3632996632996633 0.46504559270516715 0.3744107744107744 0.46504559270516715 0.3771043771043771 0.4133738601823708 0.3771043771043771 0.3981762917933131 0.3760942760942761 0.34194528875379937 0.3781144781144781 0.2978723404255319 0.38215488215488214 0.2553191489361702
7 0.34175084175084175 0.21504559270516718 0.32760942760942763 0.2933130699088146 0.3239057239057239 0.3290273556231003 0.30707070707070705 0.3844984802431611 0.3148148148148148 0.4004559270516717 0.3218855218855219 0.4133738601823708 0.32861952861952864 0.42933130699088146 0.34074074074074073 0.4247720364741641 0.34949494949494947 0.38677811550151975 0.3565656565656566 0.3533434650455927 0.3632996632996633 0.310790273556231 0.36632996632996634 0.25987841945288753 0.36734006734006736 0.23480243161094225
8 0.509090909090909 0.22340425531914893 0.509090909090909 0.2613981762917933 0.509090909090909 0.2978723404255319 0.509090909090909 0.3465045592705167 0.5080808080808081 0.40501519756838905 0.5070707070707071 0.4582066869300912 0.51010101010101 0.47416413373860183 0.5228956228956229 0.46504559270516715 0.5286195286195287 0.44756838905775076 0.5286195286195287 0.38677811550151975 0.5286195286195287 0.3373860182370821 0.5286195286195287 0.2933130699088146 0.5286195286195287 0.2256838905775076
9 0.5336700336700336 0.22340425531914893 0.5326599326599326 0.270516717325228 0.5296296296296297 0.33358662613981765 0.5296296296296297 0.3890577507598784 0.5306397306397307 0.4430091185410334 0.5356902356902357 0.4673252279635258 0.5484848484848485 0.4673252279635258 0.5545454545454546 0.43617021276595747 0.5505050505050505 0.3890577507598784 0.5464646464646464 0.3465045592705167 0.5454545454545454 0.2887537993920973 0.5444444444444444 0.2439209726443769
10 0.5612794612794613 0.2439209726443769 0.5555555555555556 0.2933130699088146 0.5545454545454546 0.3556231003039514 0.5535353535353535 0.3890577507598784 0.5535353535353535 0.43844984802431614 0.5585858585858586 0.4582066869300912 0.5693602693602694 0.46048632218844987 0.5723905723905723 0.43844984802431614 0.5734006734006734 0.4072948328267477 0.5734006734006734 0.37537993920972645 0.5734006734006734 0.331306990881459 0.5771043771043771 0.2887537993920973 0.5791245791245792 0.2530395136778115 0.5744107744107744 0.23708206686930092
11 0.5821548821548822 0.22796352583586627 0.5791245791245792 0.28419452887537994 0.5764309764309764 0.3465045592705167 0.5723905723905723 0.4004559270516717 0.5723905723905723 0.43617021276595747 0.5781144781144781 0.46504559270516715 0.5882154882154882 0.4582066869300912 0.5922558922558923 0.42933130699088146 0.5932659932659933 0.38677811550151975 0.593939393939394 0.3290273556231003 0.597979797979798 0.2553191489361702 0.598989898989899 0.23024316109422494
12 0.6050505050505051 0.22796352583586627 0.603030303030303 0.2507598784194529 0.598989898989899 0.2993920972644377 0.5959595959595959 0.3533434650455927 0.5922558922558923 0.4072948328267477 0.5882154882154882 0.4627659574468085 0.5969696969696969 0.48328267477203646 0.6080808080808081 0.4787234042553192 0.6158249158249158 0.4490881458966565 0.6168350168350168 0.3913373860182371 0.6168350168350168 0.3373860182370821 0.6168350168350168 0.25759878419452886 0.6168350168350168 0.2196048632218845
14 0.6336700336700337 0.23480243161094225 0.6346801346801347 0.2887537993920973 0.6346801346801347 0.33358662613981765 0.6336700336700337 0.3913373860182371 0.6346801346801347 0.4582066869300912 0.6454545454545455 0.4673252279635258 0.6565656565656566 0.4673252279635258 0.6663299663299663 0.44756838905775076 0.6673400673400673 0.4004559270516717 0.6673400673400673 0.364741641337386 0.6632996632996633 0.30167173252279633 0.6606060606060606 0.24620060790273557 0.6606060606060606 0.22188449848024316
16 0.5138047138047138 0.7135258358662614 0.5127946127946128 0.6793313069908815 0.5080808080808081 0.6375379939209727 0.5070707070707071 0.5972644376899696 0.5060606060606061 0.5296352583586627 0.5249158249158249 0.5364741641337386 0.5218855218855218 0.60790273556231 0.5208754208754208 0.6352583586626139 0.5239057239057239 0.7044072948328267 0.5239057239057239 0.7241641337386018 0.5218855218855218 0.7553191489361702 0.51010101010101 0.7515197568389058
17 0.5515151515151515 0.5433130699088146 0.5306397306397307 0.5296352583586627 0.5286195286195287 0.5592705167173252 0.5286195286195287 0.5881458966565349 0.5286195286195287 0.6147416413373861 0.5276094276094276 0.668693009118541 0.5276094276094276 0.7135258358662614 0.5286195286195287 0.7598784194528876 0.5356902356902357 0.7735562310030395 0.5387205387205387 0.7332826747720365 0.5387205387205387 0.6952887537993921 0.5407407407407407 0.6550151975683891 0.5427609427609428 0.6124620060790273 0.5464646464646464 0.5767477203647416
18 0.5734006734006734 0.7689969604863222 0.5723905723905723 0.7310030395136778 0.5703703703703704 0.6930091185410334 0.5703703703703704 0.6641337386018237 0.5723905723905723 0.6238601823708206 0.5744107744107744 0.581306990881459 0.5754208754208754 0.5547112462006079 0.5713804713804714 0.5296352583586627 0.5484848484848485 0.5455927051671733 0.5494949494949495 0.5835866261398176 0.5494949494949495 0.6193009118541033 0.5494949494949495 0.6572948328267477 0.5494949494949495 0.6952887537993921 0.5535353535353535 0.7689969604863222
19 0.5959595959595959 0.7469604863221885 0.593939393939394 0.7044072948328267 0.5932659932659933 0.6572948328267477 0.593939393939394 0.60790273556231 0.5969696969696969 0.5638297872340425 0.597979797979798 0.5364741641337386 0.5831649831649832 0.5235562310030395 0.5723905723905723 0.5433130699088146 0.5723905723905723 0.5767477203647416 0.5744107744107744 0.6398176291793313 0.5744107744107744 0.6816109422492401 0.5754208754208754 0.7135258358662614 0.5801346801346802 0.7515197568389058
25 0.46835016835016835 0.7515197568389058 0.46936026936026937 0.7264437689969605 0.4723905723905724 0.6861702127659575 0.4744107744107744 0.6641337386018237 0.4781144781144781 0.6124620060790273 0.48013468013468014 0.5638297872340425 0.48013468013468014 0.5273556231003039 0.4602693602693603 0.5455927051671733 0.4602693602693603 0.5721884498480243 0.4622895622895623 0.5927051671732523 0.4622895622895623 0.6193009118541033 0.4643097643097643 0.6572948328267477 0.4632996632996633 0.7021276595744681
26 0.43367003367003365 0.5433130699088146 0.43367003367003365 0.5858662613981763 0.43367003367003365 0.6124620060790273 0.4367003367003367 0.675531914893617 0.43973063973063975 0.7310030395136778 0.4417508417508417 0.7553191489361702 0.4585858585858586 0.7264437689969605 0.4575757575757576 0.6884498480243161 0.45656565656565656 0.6436170212765957 0.45656565656565656 0.5790273556231003 0.45656565656565656 0.5387537993920972 0.4444444444444444 0.53419452887538
27 0.42188552188552186 0.5319148936170213 0.41279461279461277 0.5653495440729484 0.4117845117845118 0.5995440729483282 0.41279461279461277 0.6413373860182371 0.4138047138047138 0.6793313069908815 0.4138047138047138 0.7332826747720365 0.4208754208754209 0.7598784194528876 0.4316498316498317 0.7446808510638298 0.43265993265993263 0.7066869300911854 0.43367003367003365 0.5524316109422492
28 0.4097643097643098 0.567629179331307 0.40606060606060607 0.60790273556231 0.402020202020202 0.628419452887538 0.39494949494949494 0.6527355623100304 0.3872053872053872 0.6861702127659575 0.3781144781144781 0.7264437689969605 0.36835016835016837 0.7492401215805471 0.36734006734006736 0.7173252279635258 0.37037037037037035 0.6732522796352584 0.3744107744107744 0.621580547112462 0.3811447811447811 0.5569908814589666 0.3902356902356902 0.53419452887538
29 0.34949494949494947 0.5144376899696048 0.34175084175084175 0.5592705167173252 0.3367003367003367 0.6147416413373861 0.3296296296296296 0.6618541033434651 0.32760942760942763 0.708966565349544 0.3592592592592593 0.6975683890577508 0.37138047138047137 0.6527355623100304 0.3771043771043771 0.5995440729483282 0.3861952861952862 0.5653495440729484 0.3851851851851852 0.53419452887538 0.3653198653198653 0.5273556231003039
30 0.3087542087542088 0.47188449848024316 0.301010101010101 0.5007598784194529 0.2882154882154882 0.541033434650456 0.2781144781144781 0.5699088145896657 0.2723905723905724 0.6147416413373861 0.2750841750841751 0.6413373860182371 0.29023569023569024 0.6436170212765957 0.31077441077441076 0.6375379939209727 0.3218855218855219 0.601823708206687 0.33265993265993266 0.5721884498480243 0.34175084175084175 0.5524316109422492 0.3464646464646465 0.5250759878419453 0.34175084175084175 0.5030395136778115 0.3296296296296296 0.49164133738601823 0.31986531986531985 0.47416413373860183
20 0.5969696969696969 0.5448328267477204 0.6124579124579125 0.5303951367781155 0.6222222222222222 0.540273556231003 0.6286195286195286 0.628419452887538 0.6306397306397307 0.7629179331306991 0.6067340067340067 0.7484802431610942 0.5983164983164984 0.6458966565349544 0.5983164983164984 0.5767477203647416
21 0.6188552188552189 0.5379939209726444 0.6296296296296297 0.5182370820668692 0.6363636363636364 0.5129179331306991 0.6447811447811448 0.5007598784194529 0.6599326599326599 0.5227963525835866 0.6676767676767676 0.574468085106383 0.6882154882154882 0.7021276595744681 0.6545454545454545 0.7408814589665653 0.6262626262626263 0.6231003039513677
22 0.6558922558922559 0.5083586626139818 0.674074074074074 0.5030395136778115 0.6882154882154882 0.4688449848024316 0.7013468013468014 0.48404255319148937 0.7427609427609427 0.6231003039513677 0.7101010101010101 0.6846504559270516 0.6666666666666666 0.5820668693009119 0.6599326599326599 0.5501519756838906