7 0.2926912568306011 0.3639817629179331 0.28654371584699456 0.3882978723404255 0.2838114754098361 0.42401215805471126 0.30293715846994534 0.4521276595744681 0.31591530054644806 0.45440729483282677 0.337431693989071 0.4316109422492401 0.350068306010929 0.3951367781155015 0.3630464480874317 0.3761398176291793 0.3637295081967213 0.3518237082066869 0.35450819672131145 0.32370820668693007 0.32957650273224043 0.3252279635258359 0.3097677595628415 0.34422492401215804
6 0.3087431693989071 0.4627659574468085 0.2926912568306011 0.4878419452887538 0.29849726775956287 0.5349544072948328 0.31386612021857924 0.567629179331307 0.3360655737704918 0.5653495440729484 0.34562841530054644 0.5372340425531915 0.3548497267759563 0.46504559270516715 0.3640710382513661 0.4148936170212766 0.36577868852459017 0.3951367781155015 0.35963114754098363 0.37462006079027355 0.34665300546448086 0.385258358662614 0.3353825136612022 0.42401215805471126 0.3254781420765027 0.446048632218845
5 0.34938524590163933 0.5053191489361702 0.34187158469945356 0.5349544072948328 0.34255464480874315 0.5668693009118541 0.351775956284153 0.5797872340425532 0.3739754098360656 0.5980243161094225 0.38866120218579236 0.5843465045592705 0.39617486338797814 0.5547112462006079 0.39344262295081966 0.5075987841945289 0.40061475409836067 0.42021276595744683 0.40061475409836067 0.3943768996960486 0.3927595628415301 0.3594224924012158 0.38524590163934425 0.35790273556231 0.3743169398907104 0.3662613981762918 0.3640710382513661 0.39969604863221886 0.3572404371584699 0.4399696048632219 0.3558743169398907 0.479483282674772
4 0.39139344262295084 0.541033434650456 0.38524590163934425 0.5835866261398176 0.3917349726775956 0.60790273556231 0.4026639344262295 0.6170212765957447 0.41939890710382516 0.6048632218844985 0.42793715846994534 0.5904255319148937 0.42315573770491804 0.541033434650456 0.42042349726775957 0.44376899696048633 0.421448087431694 0.4088145896656535 0.421448087431694 0.3662613981762918 0.4166666666666667 0.33966565349544076 0.40744535519125685 0.34194528875379937 0.40095628415300544 0.3829787234042553 0.3989071038251366 0.45592705167173253
3 0.40915300546448086 0.5364741641337386 0.40710382513661203 0.5820668693009119 0.40812841530054644 0.6025835866261399 0.4275956284153005 0.6086626139817629 0.44603825136612024 0.587386018237082 0.45150273224043713 0.5554711246200608 0.446379781420765 0.4756838905775076 0.4450136612021858 0.41793313069908816 0.4450136612021858 0.38069908814589665 0.43886612021857924 0.32674772036474165 0.4255464480874317 0.34802431610942247 0.4228142076502732 0.38069908814589665 0.4101775956284153 0.520516717325228
2 0.43613387978142076 0.5448328267477204 0.4334016393442623 0.5896656534954408 0.45286885245901637 0.6170212765957447 0.45901639344262296 0.6147416413373861 0.476775956284153 0.5904255319148937 0.47472677595628415 0.547112462006079 0.47370218579234974 0.44072948328267475 0.47540983606557374 0.3761398176291793 0.4726775956284153 0.3411854103343465 0.46174863387978143 0.331306990881459 0.4573087431693989 0.364741641337386 0.45184426229508196 0.45288753799392095
1 0.47096994535519127 0.5516717325227963 0.4682377049180328 0.601823708206687 0.4730191256830601 0.6223404255319149 0.4883879781420765 0.6337386018237082 0.49760928961748635 0.6268996960486323 0.5017076502732241 0.5577507598784195 0.5116120218579235 0.43009118541033436 0.5116120218579235 0.3639817629179331 0.5034153005464481 0.3434650455927052 0.4931693989071038 0.36854103343465044 0.4849726775956284 0.45592705167173253
0 0.4989754098360656 0.5615501519756839 0.5003415300546448 0.6253799392097265 0.505464480874317 0.6436170212765957 0.5283469945355191 0.6436170212765957 0.5355191256830601 0.6253799392097265 0.5293715846994536 0.5182370820668692 0.5256147540983607 0.3556231003039514 0.5211748633879781 0.33282674772036475 0.5133196721311475 0.33282674772036475 0.5068306010928961 0.3966565349544073 0.5017076502732241 0.5121580547112462
8 0.5283469945355191 0.5592705167173252 0.5252732240437158 0.6185410334346505 0.539275956284153 0.6436170212765957 0.555327868852459 0.6398176291793313 0.5614754098360656 0.5759878419452887 0.5549863387978142 0.4012158054711246 0.5522540983606558 0.3472644376899696 0.5403005464480874 0.3541033434650456 0.5338114754098361 0.44376899696048633
9 0.555327868852459 0.5493920972644377 0.5614754098360656 0.6124620060790273 0.5659153005464481 0.6367781155015197 0.5843579234972678 0.6306990881458967 0.5881147540983607 0.60790273556231 0.5826502732240437 0.5349544072948328 0.5659153005464481 0.3472644376899696 0.5566939890710383 0.3373860182370821 0.5474726775956285 0.42933130699088146 0.5505464480874317 0.5
10 0.5809426229508197 0.541033434650456 0.5901639344262295 0.5957446808510638 0.5993852459016393 0.6109422492401215 0.6113387978142076 0.5942249240121581 0.6185109289617486 0.5592705167173252 0.5993852459016393 0.4673252279635258 0.6004098360655737 0.3290273556231003 0.5966530054644809 0.29027355623100304 0.5911885245901639 0.2773556231003039 0.5819672131147541 0.28191489361702127 0.5778688524590164 0.3191489361702128 0.5727459016393442 0.43009118541033436
11 0.6004098360655737 0.5372340425531915 0.6010928961748634 0.6025835866261399 0.6133879781420765 0.6048632218844985 0.6232923497267759 0.6170212765957447 0.6335382513661202 0.6048632218844985 0.6390027322404371 0.5638297872340425 0.6335382513661202 0.4908814589665654 0.6342213114754098 0.41109422492401215 0.630464480874317 0.3411854103343465 0.6270491803278688 0.2887537993920973 0.617827868852459 0.2773556231003039 0.6086065573770492 0.3009118541033435 0.6048497267759563 0.46504559270516715
12 0.6277322404371585 0.5547112462006079 0.6297814207650273 0.5904255319148937 0.6396857923497268 0.6162613981762918 0.6475409836065574 0.6162613981762918 0.6618852459016393 0.6086626139817629 0.6639344262295082 0.5759878419452887 0.6567622950819673 0.4817629179331307 0.6512978142076503 0.37462006079027355 0.6437841530054644 0.33586626139817627 0.6335382513661202 0.3434650455927052 0.6287568306010929 0.41185410334346506
13 0.6489071038251366 0.5493920972644377 0.6502732240437158 0.5927051671732523 0.6629098360655737 0.6185410334346505 0.6868169398907104 0.60790273556231 0.6960382513661202 0.5987841945288754 0.6997950819672131 0.5721884498480243 0.6970628415300546 0.5281155015197568 0.680327868852459 0.4787234042553192 0.6584699453551912 0.3533434650455927 0.6475409836065574 0.35638297872340424 0.6407103825136612 0.3822188449848024 0.6461748633879781 0.493161094224924 0.6489071038251366 0.53419452887538
14 0.6915983606557377 0.5448328267477204 0.700136612021858 0.5987841945288754 0.703551912568306 0.6101823708206687 0.7155054644808743 0.6132218844984803 0.725068306010929 0.5881458966565349 0.7353142076502732 0.5759878419452887 0.7353142076502732 0.5349544072948328 0.7182377049180327 0.49772036474164133 0.700136612021858 0.45592705167173253 0.6816939890710383 0.3518237082066869 0.6724726775956285 0.3351063829787234 0.6618852459016393 0.3495440729483283 0.6632513661202186 0.4376899696048632 0.6796448087431693 0.5159574468085106
15 0.680327868852459 0.3951367781155015 0.6861338797814208 0.44452887537993924 0.6970628415300546 0.46656534954407297 0.7131147540983607 0.47112462006079026 0.7329234972677595 0.45288753799392095 0.7377049180327869 0.41717325227963525 0.7312158469945356 0.34802431610942247 0.6987704918032787 0.30015197568389057 0.6854508196721312 0.30015197568389057 0.673155737704918 0.331306990881459
23 0.7025273224043715 0.6580547112462006 0.7011612021857924 0.6983282674772037 0.7278005464480874 0.7401215805471124 0.7486338797814208 0.7667173252279635 0.7599043715846995 0.7598784194528876 0.7718579234972678 0.6922492401215805 0.755464480874317 0.6519756838905775 0.7424863387978142 0.6063829787234043 0.7209699453551912 0.6025835866261399 0.7137978142076503 0.6291793313069909
16 0.5105874316939891 0.6542553191489362 0.5088797814207651 0.7340425531914894 0.505464480874317 0.8267477203647416 0.5068306010928961 0.8943768996960486 0.5163934426229508 0.9019756838905775 0.5235655737704918 0.8358662613981763 0.5310792349726776 0.682370820668693 0.5331284153005464 0.6534954407294833
17 0.537568306010929 0.6580547112462006 0.5331284153005464 0.6557750759878419 0.530396174863388 0.689209726443769 0.5280054644808743 0.7644376899696048 0.5235655737704918 0.8548632218844985 0.5280054644808743 0.8936170212765957 0.5420081967213115 0.8958966565349544 0.54474043715847 0.7948328267477204 0.5577185792349727 0.6983282674772037 0.5587431693989071 0.668693009118541 0.5512295081967213 0.6534954407294833 0.5430327868852459 0.6534954407294833
18 0.5635245901639344 0.648176291793313 0.5529371584699454 0.6740121580547113 0.5430327868852459 0.8708206686930091 0.5423497267759563 0.912613981762918 0.5488387978142076 0.918693009118541 0.5577185792349727 0.8966565349544073 0.5744535519125683 0.7849544072948328 0.5864071038251366 0.6717325227963525 0.5806010928961749 0.6451367781155015 0.5737704918032787 0.6451367781155015
19 0.5884562841530054 0.6542553191489362 0.5806010928961749 0.6679331306990881 0.5782103825136612 0.682370820668693 0.5809426229508197 0.723404255319149 0.5782103825136612 0.8267477203647416 0.5686475409836066 0.8571428571428571 0.5580601092896175 0.9027355623100304 0.5607923497267759 0.9148936170212766 0.5744535519125683 0.9202127659574468 0.5976775956284153 0.8305471124620061 0.612363387978142 0.7127659574468085 0.6161202185792349 0.6869300911854104 0.610655737704918 0.6603343465045592 0.6075819672131147 0.6572948328267477
20 0.6140710382513661 0.6641337386018237 0.6038251366120219 0.6846504559270516 0.6075819672131147 0.729483282674772 0.6205601092896175 0.8054711246200608 0.6280737704918032 0.8670212765957447 0.6437841530054644 0.8966565349544073 0.6536885245901639 0.8753799392097265 0.6444672131147541 0.7834346504559271 0.6471994535519126 0.6983282674772037 0.6434426229508197 0.6618541033434651 0.6325136612021858 0.6572948328267477
24 0.4962431693989071 0.648936170212766 0.4918032786885246 0.648176291793313 0.48975409836065575 0.6542553191489362 0.48975409836065575 0.756079027355623 0.4900956284153005 0.851063829787234 0.49043715846994534 0.8844984802431611 0.49760928961748635 0.8928571428571429 0.505464480874317 0.8624620060790273 0.5075136612021858 0.7750759878419453 0.5122950819672131 0.6595744680851063 0.5088797814207651 0.6519756838905775
25 0.46584699453551914 0.6428571428571429 0.4593579234972678 0.6702127659574468 0.4644808743169399 0.7203647416413373 0.47062841530054644 0.7986322188449848 0.47062841530054644 0.8419452887537994 0.4723360655737705 0.8768996960486323 0.4791666666666667 0.8905775075987842 0.48565573770491804 0.8898176291793313 0.4900956284153005 0.8685410334346505 0.48941256830601093 0.7530395136778115 0.48941256830601093 0.6816109422492401 0.4890710382513661 0.6458966565349544
26 0.4450136612021858 0.6398176291793313 0.4344262295081967 0.6496960486322189 0.428620218579235 0.6778115501519757 0.43510928961748635 0.723404255319149 0.4375 0.8031914893617021 0.4378415300546448 0.8335866261398176 0.4378415300546448 0.8404255319148937 0.43989071038251365 0.8746200607902735 0.4491120218579235 0.9027355623100304 0.45799180327868855 0.8913373860182371 0.4600409836065574 0.7963525835866262 0.4651639344262295 0.6968085106382979 0.46584699453551914 0.6641337386018237 0.4600409836065574 0.64209726443769 0.45491803278688525 0.6314589665653495
27 0.4173497267759563 0.6352583586626139 0.40061475409836067 0.668693009118541 0.4019808743169399 0.7006079027355623 0.40812841530054644 0.7606382978723404 0.40915300546448086 0.831306990881459 0.412568306010929 0.8738601823708206 0.4166666666666667 0.8822188449848024 0.430327868852459 0.8693009118541033 0.42827868852459017 0.7940729483282675 0.43203551912568305 0.7165653495440729 0.4385245901639344 0.6740121580547113 0.4371584699453552 0.6512158054711246
28 0.3801229508196721 0.6337386018237082 0.37329234972677594 0.6436170212765957 0.3712431693989071 0.6595744680851063 0.3709016393442623 0.7036474164133738 0.3671448087431694 0.8487841945288754 0.375 0.8700607902735562 0.38831967213114754 0.8541033434650456 0.4019808743169399 0.7013677811550152 0.4019808743169399 0.6443768996960486 0.391051912568306 0.6413373860182371
30 0.3401639344262295 0.6048632218844985 0.328551912568306 0.6101823708206687 0.3224043715846995 0.6413373860182371 0.3121584699453552 0.6656534954407295 0.2930327868852459 0.708966565349544 0.2810792349726776 0.7256838905775076 0.2769808743169399 0.7484802431610942 0.2817622950819672 0.7788753799392097 0.29200819672131145 0.791033434650456 0.3165983606557377 0.7750759878419453 0.3442622950819672 0.7279635258358662 0.36577868852459017 0.7013677811550152 0.3729508196721312 0.6732522796352584 0.3729508196721312 0.6367781155015197 0.36270491803278687 0.6231003039513677 0.3524590163934426 0.6063829787234043 0.3476775956284153 0.601063829787234
31 0.2807377049180328 0.5699088145896657 0.2701502732240437 0.5828267477203647 0.266051912568306 0.6223404255319149 0.25614754098360654 0.648176291793313 0.24521857923497267 0.6740121580547113 0.25614754098360654 0.7310030395136778 0.2807377049180328 0.7370820668693009 0.29849726775956287 0.6968085106382979 0.3193306010928962 0.6580547112462006 0.3241120218579235 0.6337386018237082 0.3176229508196721 0.6056231003039514 0.3012295081967213 0.5790273556231003 0.28790983606557374 0.5630699088145896