0 0.4534412955465587 0.548155737704918 0.48380566801619435 0.548155737704918 0.48228744939271256 0.2766393442622951 0.4610323886639676 0.2827868852459016 0.458502024291498 0.48668032786885246 0.45293522267206476 0.5040983606557377
1 0.4291497975708502 0.5379098360655737 0.4569838056680162 0.5338114754098361 0.4590080971659919 0.4364754098360656 0.46305668016194335 0.28790983606557374 0.44635627530364375 0.30327868852459017 0.4352226720647773 0.4661885245901639
2 0.416497975708502 0.319672131147541 0.4089068825910931 0.45594262295081966 0.4073886639676113 0.492827868852459 0.4073886639676113 0.5174180327868853 0.4073886639676113 0.5286885245901639 0.4180161943319838 0.5327868852459017 0.42611336032388664 0.5235655737704918 0.4342105263157895 0.48258196721311475 0.4367408906882591 0.45901639344262296 0.4407894736842105 0.2899590163934426 0.42611336032388664 0.29508196721311475
3 0.3896761133603239 0.319672131147541 0.38461538461538464 0.41700819672131145 0.3856275303643725 0.45594262295081966 0.3856275303643725 0.4948770491803279 0.39271255060728744 0.5153688524590164 0.3977732793522267 0.5194672131147541 0.4063765182186235 0.5051229508196722 0.42611336032388664 0.5040983606557377 0.423582995951417 0.4713114754098361 0.42054655870445345 0.4364754098360656 0.40789473684210525 0.28790983606557374
4 0.3709514170040486 0.33811475409836067 0.36791497975708504 0.39959016393442626 0.36791497975708504 0.4713114754098361 0.36791497975708504 0.5040983606557377 0.37044534412955465 0.5225409836065574 0.3881578947368421 0.5286885245901639 0.39119433198380565 0.5092213114754098 0.40030364372469635 0.5040983606557377 0.4058704453441296 0.5030737704918032 0.39878542510121456 0.45184426229508196 0.3876518218623482 0.30225409836065575
5 0.3248987854251012 0.32479508196721313 0.3314777327935223 0.41290983606557374 0.3319838056680162 0.44364754098360654 0.3269230769230769 0.4661885245901639 0.32540485829959515 0.48668032786885246 0.33046558704453444 0.5040983606557377 0.33653846153846156 0.5102459016393442 0.3451417004048583 0.5133196721311475 0.36082995951417 0.514344262295082 0.3694331983805668 0.5092213114754098 0.37550607287449395 0.49385245901639346 0.3770242914979757 0.45594262295081966 0.37449392712550605 0.42827868852459017 0.35526315789473684 0.30225409836065575
6 0.2925101214574899 0.2838114754098361 0.29453441295546556 0.3401639344262295 0.30465587044534415 0.3719262295081967 0.3021255060728745 0.4026639344262295 0.2925101214574899 0.42008196721311475 0.28441295546558704 0.45184426229508196 0.2823886639676113 0.47848360655737704 0.29200404858299595 0.4887295081967213 0.3117408906882591 0.4989754098360656 0.3248987854251012 0.4979508196721312 0.3299595141700405 0.48258196721311475 0.3319838056680162 0.44774590163934425 0.33451417004048584 0.41598360655737704 0.3355263157894737 0.3944672131147541 0.3350202429149798 0.34938524590163933 0.3274291497975709 0.32479508196721313 0.29959514170040485 0.2848360655737705
7 0.2555668016194332 0.44774590163934425 0.24595141700404857 0.4364754098360656 0.24342105263157895 0.4180327868852459 0.24392712550607287 0.40061475409836067 0.2565789473684211 0.3668032786885246 0.25860323886639675 0.35450819672131145 0.26417004048583 0.32479508196721313 0.2793522267206478 0.2786885245901639 0.29605263157894735 0.2827868852459016 0.3117408906882591 0.3125 0.3066801619433198 0.3790983606557377 0.3021255060728745 0.4016393442622951 0.29453441295546556 0.42110655737704916 0.28846153846153844 0.44672131147540983 0.284919028340081 0.4661885245901639 0.2783400809716599 0.4774590163934426 0.26214574898785425 0.46209016393442626
8 0.47874493927125505 0.5512295081967213 0.5091093117408907 0.548155737704918 0.507085020242915 0.47848360655737704 0.5096153846153846 0.26741803278688525 0.49190283400809715 0.26741803278688525 0.48633603238866396 0.4569672131147541 0.4797570850202429 0.5081967213114754
9 0.5121457489878543 0.4887295081967213 0.5050607287449392 0.5440573770491803 0.5303643724696356 0.5358606557377049 0.527834008097166 0.46311475409836067 0.5354251012145749 0.29713114754098363 0.5237854251012146 0.305327868852459 0.5096153846153846 0.4262295081967213
10 0.5344129554655871 0.5379098360655737 0.5263157894736842 0.5092213114754098 0.5323886639676113 0.45799180327868855 0.5318825910931174 0.319672131147541 0.5450404858299596 0.3176229508196721 0.5506072874493927 0.42315573770491804 0.555161943319838 0.4887295081967213 0.5516194331983806 0.5358606557377049
11 0.5531376518218624 0.45799180327868855 0.5455465587044535 0.5030737704918032 0.5506072874493927 0.5092213114754098 0.5642712550607287 0.5256147540983607 0.5748987854251012 0.5235655737704918 0.5784412955465587 0.45184426229508196 0.5733805668016194 0.29405737704918034 0.5546558704453441 0.3043032786885246 0.555161943319838 0.4415983606557377
12 0.5774291497975709 0.32786885245901637 0.5743927125506073 0.4098360655737705 0.5759109311740891 0.45081967213114754 0.5728744939271255 0.4948770491803279 0.5754048582995951 0.5133196721311475 0.583502024291498 0.5235655737704918 0.5946356275303644 0.5235655737704918 0.5996963562753036 0.5133196721311475 0.5986842105263158 0.44672131147540983 0.590080971659919 0.3401639344262295 0.5885627530364372 0.2930327868852459
13 0.5996963562753036 0.3411885245901639 0.5981781376518218 0.4262295081967213 0.5981781376518218 0.44364754098360654 0.5986842105263158 0.46209016393442626 0.5951417004048583 0.507172131147541 0.6148785425101214 0.5256147540983607 0.618421052631579 0.5245901639344263 0.631578947368421 0.5133196721311475 0.6381578947368421 0.4979508196721312 0.6325910931174089 0.4323770491803279 0.6285425101214575 0.3084016393442623 0.5981781376518218 0.3094262295081967
14 0.6361336032388664 0.29713114754098363 0.6305668016194332 0.41700819672131145 0.6330971659919028 0.4641393442622951 0.6351214574898786 0.48770491803278687 0.6376518218623481 0.5051229508196722 0.65334008097166 0.5020491803278688 0.6634615384615384 0.48770491803278687 0.666497975708502 0.47438524590163933 0.6685222672064778 0.45594262295081966 0.666497975708502 0.42520491803278687 0.6609311740890689 0.27459016393442626
15 0.6644736842105263 0.27459016393442626 0.6634615384615384 0.33401639344262296 0.6609311740890689 0.3709016393442623 0.6584008097165992 0.4047131147540984 0.6629554655870445 0.430327868852459 0.6685222672064778 0.4661885245901639 0.6781376518218624 0.47950819672131145 0.6882591093117408 0.48155737704918034 0.6993927125506073 0.4569672131147541 0.7019230769230769 0.4364754098360656 0.701417004048583 0.4057377049180328 0.687246963562753 0.24795081967213115
16 0.4883603238866397 0.5747950819672131 0.5060728744939271 0.5840163934426229 0.5263157894736842 0.7551229508196722 0.506578947368421 0.7612704918032787
17 0.5060728744939271 0.6127049180327869 0.5015182186234818 0.5665983606557377 0.527834008097166 0.5747950819672131 0.5404858299595142 0.7756147540983607 0.5298582995951417 0.7766393442622951
18 0.5298582995951417 0.6352459016393442 0.5263157894736842 0.5594262295081968 0.541497975708502 0.5655737704918032 0.5475708502024291 0.6168032786885246 0.5566801619433198 0.7756147540983607 0.5445344129554656 0.7786885245901639
19 0.5495951417004049 0.625 0.5440283400809717 0.5819672131147541 0.5531376518218624 0.5584016393442623 0.5652834008097166 0.5584016393442623 0.5733805668016194 0.5717213114754098 0.5708502024291497 0.6075819672131147 0.5819838056680162 0.7940573770491803 0.5678137651821862 0.8012295081967213
20 0.5728744939271255 0.6280737704918032 0.5607287449392713 0.5911885245901639 0.5703441295546559 0.555327868852459 0.5870445344129555 0.5512295081967213 0.5956477732793523 0.5635245901639344 0.5976720647773279 0.625 0.6174089068825911 0.7684426229508197 0.6002024291497976 0.7817622950819673
21 0.6022267206477733 0.6127049180327869 0.5926113360323887 0.5758196721311475 0.590080971659919 0.5461065573770492 0.6133603238866396 0.5348360655737705 0.6325910931174089 0.5379098360655737 0.6401821862348178 0.6065573770491803 0.6619433198380567 0.7172131147540983 0.6427125506072875 0.7448770491803278 0.6189271255060729 0.6936475409836066 0.6032388663967612 0.6372950819672131
22 0.6437246963562753 0.5922131147540983 0.6336032388663968 0.5532786885245902 0.6336032388663968 0.5256147540983607 0.6477732793522267 0.514344262295082 0.6685222672064778 0.5051229508196722 0.673582995951417 0.5379098360655737 0.6816801619433198 0.5860655737704918 0.7019230769230769 0.6782786885245902 0.6831983805668016 0.701844262295082 0.6639676113360324 0.6516393442622951
23 0.6816801619433198 0.5799180327868853 0.6756072874493927 0.5338114754098361 0.6745951417004049 0.5092213114754098 0.6842105263157895 0.4918032786885246 0.7049595141700404 0.47438524590163933 0.7201417004048583 0.5102459016393442 0.7191295546558705 0.5584016393442623 0.729251012145749 0.6413934426229508 0.7009109311740891 0.6485655737704918 0.687246963562753 0.5973360655737705
24 0.4716599190283401 0.5747950819672131 0.4908906882591093 0.5747950819672131 0.5035425101214575 0.7479508196721312 0.4959514170040486 0.7530737704918032 0.4741902834008097 0.617827868852459
25 0.4493927125506073 0.5717213114754098 0.47469635627530365 0.5788934426229508 0.49139676113360325 0.7663934426229508 0.47621457489878544 0.7704918032786885 0.4559716599190283 0.6372950819672131
26 0.4291497975708502 0.6116803278688525 0.4311740890688259 0.555327868852459 0.4438259109311741 0.5512295081967213 0.451417004048583 0.5635245901639344 0.4559716599190283 0.6045081967213115 0.4716599190283401 0.7786885245901639 0.4569838056680162 0.7817622950819673 0.430668016194332 0.6588114754098361
27 0.4124493927125506 0.6506147540983607 0.4033400809716599 0.610655737704918 0.4008097165991903 0.5788934426229508 0.409919028340081 0.548155737704918 0.4256072874493927 0.5461065573770492 0.43876518218623484 0.5686475409836066 0.43876518218623484 0.6209016393442623 0.45951417004048584 0.7786885245901639 0.4458502024291498 0.7940573770491803 0.423582995951417 0.7131147540983607
28 0.3785425101214575 0.6618852459016393 0.3800607287449393 0.6157786885245902 0.3810728744939271 0.5512295081967213 0.3952429149797571 0.5327868852459017 0.41295546558704455 0.5440573770491803 0.4256072874493927 0.5870901639344263 0.4159919028340081 0.6588114754098361 0.3932186234817814 0.7786885245901639 0.38208502024291496 0.7786885245901639
29 0.3076923076923077 0.7223360655737705 0.3173076923076923 0.6536885245901639 0.3299595141700405 0.5973360655737705 0.3319838056680162 0.5860655737704918 0.3319838056680162 0.5563524590163934 0.3415991902834008 0.5307377049180327 0.37044534412955465 0.5286885245901639 0.3896761133603239 0.548155737704918 0.395748987854251 0.5758196721311475 0.38461538461538464 0.6096311475409836 0.3729757085020243 0.6864754098360656 0.33046558704453444 0.7530737704918032
30 0.26619433198380565 0.6741803278688525 0.2742914979757085 0.632172131147541 0.2798582995951417 0.5963114754098361 0.28643724696356276 0.555327868852459 0.2950404858299595 0.5204918032786885 0.29959514170040485 0.507172131147541 0.319331983805668 0.507172131147541 0.3319838056680162 0.5225409836065574 0.3491902834008097 0.5297131147540983 0.340080971659919 0.5809426229508197 0.2808704453441296 0.7254098360655737 0.2606275303643725 0.6936475409836066 0.2631578947368421 0.6864754098360656
31 0.22064777327935223 0.6567622950819673 0.2241902834008097 0.5911885245901639 0.23178137651821862 0.5604508196721312 0.23380566801619435 0.5399590163934426 0.2353238866396761 0.5051229508196722 0.24342105263157895 0.48258196721311475 0.2565789473684211 0.4774590163934426 0.2773279352226721 0.48258196721311475 0.298582995951417 0.5081967213114754 0.2935222672064777 0.548155737704918 0.2768218623481781 0.610655737704918 0.25860323886639675 0.6690573770491803