0 0.48399715504978663 0.3958966565349544 0.4800853485064011 0.4270516717325228 0.4772403982930299 0.4506079027355623 0.4722617354196302 0.48404255319148937 0.47119487908961594 0.513677811550152 0.4694167852062589 0.5623100303951368 0.4783072546230441 0.587386018237082 0.5128022759601707 0.5683890577507599 0.5056899004267426 0.5243161094224924 0.5117354196301565 0.4908814589665654 0.5106685633001422 0.446048632218845 0.5067567567567568 0.3958966565349544 0.49786628733997157 0.38677811550151975
1 0.4594594594594595 0.3829787234042553 0.457325746799431 0.40577507598784196 0.4523470839260313 0.4506079027355623 0.44950213371266 0.48632218844984804 0.44950213371266 0.5372340425531915 0.4544807965860597 0.5942249240121581 0.47332859174964437 0.5623100303951368 0.47332859174964437 0.5372340425531915 0.4722617354196302 0.48632218844984804 0.4740398293029872 0.43541033434650456 0.4740398293029872 0.3890577507598784
2 0.44061166429587484 0.38677811550151975 0.4366998577524893 0.41641337386018235 0.4295874822190612 0.4673252279635258 0.4217638691322902 0.5159574468085106 0.4217638691322902 0.5478723404255319 0.4345661450924609 0.5942249240121581 0.4523470839260313 0.5577507598784195 0.45056899004267426 0.4908814589665654 0.4466571834992888 0.446048632218845 0.4523470839260313 0.40577507598784196 0.45341394025604553 0.385258358662614
3 0.4267425320056899 0.40425531914893614 0.4267425320056899 0.43541033434650456 0.4238975817923186 0.48404255319148937 0.4217638691322902 0.5159574468085106 0.4217638691322902 0.5349544072948328 0.4167852062588905 0.5752279635258358 0.40789473684210525 0.5790273556231003 0.40291607396870555 0.5600303951367781 0.4011379800853485 0.5349544072948328 0.40220483641536275 0.5007598784194529 0.3990042674253201 0.44832826747720367 0.3990042674253201 0.40577507598784196 0.40007112375533427 0.378419452887538
4 0.3911806543385491 0.40197568389057753 0.3883357041251778 0.4148936170212766 0.3862019914651494 0.45288753799392095 0.3862019914651494 0.48632218844984804 0.38940256045519206 0.5182370820668692 0.3933143669985775 0.5478723404255319 0.3933143669985775 0.5645896656534954 0.37731152204836416 0.5835866261398176 0.3666429587482219 0.5835866261398176 0.3584637268847795 0.581306990881459 0.35561877667140823 0.5539513677811551 0.35561877667140823 0.5220364741641338 0.35561877667140823 0.47796352583586627 0.35455192034139404 0.4399696048632219 0.3538406827880512 0.40577507598784196 0.35455192034139404 0.37462006079027355 0.3634423897581792 0.3639817629179331 0.3744665718349929 0.3662613981762918 0.3812233285917496 0.3723404255319149
6 0.31721194879089615 0.3913373860182371 0.3133001422475107 0.40805471124620063 0.31223328591749644 0.45288753799392095 0.31223328591749644 0.5030395136778115 0.31223328591749644 0.5326747720364742 0.31223328591749644 0.5493920972644377 0.30440967283072545 0.5752279635258358 0.2827169274537696 0.5539513677811551 0.2795163584637269 0.5288753799392097 0.2905405405405405 0.4969604863221885 0.29445234708392604 0.4627659574468085 0.29445234708392604 0.418693009118541 0.29445234708392604 0.38677811550151975 0.2972972972972973 0.3594224924012158 0.308321479374111 0.3662613981762918
8 0.5145803698435277 0.378419452887538 0.5145803698435277 0.4270516717325228 0.5138691322901849 0.4627659574468085 0.5088904694167852 0.513677811550152 0.5088904694167852 0.5455927051671733 0.5128022759601707 0.5706686930091185 0.5284495021337127 0.5752279635258358 0.5334281650071123 0.5600303951367781 0.5344950213371266 0.5159574468085106 0.5344950213371266 0.47188449848024316 0.5344950213371266 0.4247720364741641 0.5334281650071123 0.3829787234042553
9 0.5462304409672831 0.3890577507598784 0.5384068278805121 0.4247720364741641 0.5344950213371266 0.4627659574468085 0.5344950213371266 0.4946808510638298 0.5344950213371266 0.5349544072948328 0.5483641536273115 0.5729483282674772 0.5540540540540541 0.5729483282674772 0.5561877667140825 0.5387537993920972 0.5561877667140825 0.4734042553191489 0.5561877667140825 0.4270516717325228 0.5572546230440967 0.39361702127659576
10 0.5739687055476529 0.38069908814589665 0.5572546230440967 0.5007598784194529 0.5611664295874822 0.5197568389057751 0.5672119487908962 0.5433130699088146 0.5729018492176386 0.5539513677811551 0.5789473684210527 0.5539513677811551 0.5839260312944523 0.5075987841945289 0.5817923186344239 0.48632218844984804 0.5807254623044097 0.44376899696048633 0.5878378378378378 0.3677811550151976 0.5800142247510669 0.3617021276595745
13 0.6390469416785206 0.378419452887538 0.6362019914651493 0.4126139817629179 0.6312233285917497 0.45288753799392095 0.6301564722617354 0.48632218844984804 0.6322901849217639 0.5600303951367781 0.6578947368421053 0.5600303951367781 0.6650071123755334 0.5433130699088146 0.6650071123755334 0.5030395136778115 0.6657183499288762 0.4627659574468085 0.6639402560455192 0.39969604863221886 0.6650071123755334 0.3700607902735562 0.6440256045519204 0.3556231003039514
14 0.6806543385490754 0.3890577507598784 0.6728307254623044 0.4376899696048632 0.6696301564722618 0.4817629179331307 0.6696301564722618 0.526595744680851 0.6696301564722618 0.5562310030395137 0.6845661450924608 0.5600303951367781 0.6973684210526315 0.5478723404255319 0.701280227596017 0.5288753799392097 0.701280227596017 0.48632218844984804 0.7023470839260313 0.38677811550151975 0.7034139402560455 0.3617021276595745 0.6738975817923186 0.3617021276595745
16 0.515647226173542 0.7819148936170213 0.5117354196301565 0.7355623100303952 0.5067567567567568 0.6952887537993921 0.5039118065433855 0.6595744680851063 0.5007112375533428 0.6109422492401215 0.5078236130867709 0.5942249240121581 0.5177809388335705 0.6025835866261399 0.5206258890469416 0.6170212765957447 0.5195590327169275 0.6595744680851063 0.5216927453769559 0.6975683890577508 0.5266714082503556 0.7355623100303952
17 0.5462304409672831 0.5919452887537994 0.5323613086770982 0.6025835866261399 0.5256045519203414 0.6170212765957447 0.5234708392603129 0.6618541033434651 0.5227596017069701 0.7226443768996961 0.5234708392603129 0.7925531914893617 0.5323613086770982 0.7925531914893617 0.5355618776671408 0.7120060790273556 0.5373399715504978 0.6679331306990881 0.5394736842105263 0.6337386018237082
18 0.5561877667140825 0.6003039513677811 0.5483641536273115 0.6086626139817629 0.5423186344238976 0.6428571428571429 0.544452347083926 0.6785714285714286 0.5451635846372689 0.7036474164133738 0.5451635846372689 0.7667173252279635 0.5423186344238976 0.8115501519756839 0.5483641536273115 0.817629179331307 0.5561877667140825 0.7651975683890577 0.5622332859174964 0.7188449848024316 0.5622332859174964 0.689209726443769 0.5650782361308677 0.6322188449848024
19 0.5739687055476529 0.6025835866261399 0.5650782361308677 0.6132218844984803 0.566145092460882 0.6512158054711246 0.567923186344239 0.682370820668693 0.5718349928876245 0.78419452887538 0.5750355618776671 0.8069908814589666 0.5817923186344239 0.7712765957446809 0.5817923186344239 0.6869300911854104 0.5839260312944523 0.6276595744680851 0.5839260312944523 0.5980243161094225
20 0.5917496443812233 0.5919452887537994 0.5878378378378378 0.6048632218844985 0.5867709815078236 0.6405775075987842 0.5878378378378378 0.6740121580547113 0.5917496443812233 0.7393617021276596 0.602773826458037 0.8069908814589666 0.6084637268847796 0.8199088145896657 0.6116642958748222 0.7629179331306991 0.604551920341394 0.7203647416413373 0.6034850640113798 0.6595744680851063 0.602773826458037 0.621580547112462
21 0.6244665718349929 0.5858662613981763 0.6116642958748222 0.5919452887537994 0.6056187766714083 0.6003039513677811 0.604551920341394 0.6253799392097265 0.6084637268847796 0.6740121580547113 0.6155761024182077 0.7272036474164134 0.6244665718349929 0.7879939209726444 0.6351351351351351 0.8009118541033434 0.6578947368421053 0.8031914893617021 0.6678520625889047 0.7819148936170213 0.6678520625889047 0.7416413373860182 0.6561166429587483 0.689209726443769 0.655049786628734 0.6405775075987842 0.6539829302987198 0.6132218844984803 0.6390469416785206 0.5858662613981763
22 0.5 0.7819148936170213 0.5007112375533428 0.7522796352583586 0.5007112375533428 0.6869300911854104 0.501778093883357 0.6428571428571429 0.4967994310099573 0.5942249240121581 0.4829302987197724 0.5919452887537994 0.4822190611664296 0.6238601823708206 0.4871977240398293 0.6618541033434651 0.4879089615931721 0.6998480243161094 0.48399715504978663 0.7477203647416414 0.4850640113798009 0.7986322188449848 0.4950213371266003 0.8092705167173252
24 0.4772403982930299 0.7857142857142857 0.4800853485064011 0.756838905775076 0.4800853485064011 0.7142857142857143 0.4800853485064011 0.6656534954407295 0.4790184921763869 0.6299392097264438 0.4740398293029872 0.6063829787234043 0.4605263157894737 0.6063829787234043 0.4594594594594595 0.6428571428571429 0.4623044096728307 0.6808510638297872 0.46621621621621623 0.7203647416413373 0.4672830725462304 0.7819148936170213 0.46834992887624466 0.8138297872340425 0.4772403982930299 0.8092705167173252
24 0.48115220483641535 0.6109422492401215 0.4800853485064011 0.6428571428571429 0.4800853485064011 0.6656534954407295 0.4800853485064011 0.7188449848024316 0.48115220483641535 0.7735562310030395 0.4879089615931721 0.7963525835866262 0.4967994310099573 0.7059270516717325 0.5 0.6550151975683891 0.5 0.6276595744680851 0.4967994310099573 0.6063829787234043
25 0.4605263157894737 0.6086626139817629 0.4605263157894737 0.6337386018237082 0.4612375533428165 0.6702127659574468 0.4623044096728307 0.6998480243161094 0.4644381223328592 0.7773556231003039 0.47119487908961594 0.8031914893617021 0.4783072546230441 0.7416413373860182 0.4800853485064011 0.6762917933130699 0.4800853485064011 0.6132218844984803 0.47617354196301565 0.5896656534954408
26 0.43847795163584635 0.6063829787234043 0.4317211948790896 0.6322188449848024 0.43776671408250356 0.6785714285714286 0.4445234708392603 0.7651975683890577 0.4516358463726885 0.851823708206687 0.4623044096728307 0.75 0.465149359886202 0.648936170212766 0.4672830725462304 0.6322188449848024 0.4605263157894737 0.6147416413373861
27 0.42887624466571833 0.6253799392097265 0.42069701280227595 0.6405775075987842 0.41998577524893316 0.6702127659574468 0.41998577524893316 0.7203647416413373 0.4217638691322902 0.7879939209726444 0.42496443812233287 0.85790273556231 0.43278805120910385 0.8472644376899696 0.43563300142247513 0.7925531914893617 0.43563300142247513 0.709726443768997 0.43776671408250356 0.6512158054711246 0.43847795163584635 0.6193009118541033
28 0.4039829302987198 0.6193009118541033 0.3961593172119488 0.6299392097264438 0.3940256045519203 0.6550151975683891 0.39509246088193456 0.6975683890577508 0.39509246088193456 0.7606382978723404 0.3990042674253201 0.8199088145896657 0.405049786628734 0.8282674772036475 0.4118065433854908 0.8009118541033434 0.4139402560455192 0.743920972644377 0.41500711237553345 0.689209726443769 0.41500711237553345 0.6299392097264438
31 0.33890469416785207 0.6337386018237082 0.3317923186344239 0.6702127659574468 0.31223328591749644 0.7082066869300911 0.2923186344238976 0.7310030395136778 0.28165007112375534 0.7332826747720365 0.265647226173542 0.7249240121580547 0.25889046941678523 0.6975683890577508 0.2677809388335704 0.6656534954407295 0.2827169274537696 0.6322188449848024 0.2894736842105263 0.6170212765957447 0.302275960170697 0.5942249240121581 0.31614509246088196 0.5858662613981763