0 0.46375338753387535 0.43237082066869303 0.4603658536585366 0.5030395136778115 0.4634146341463415 0.5121580547112462 0.48001355013550134 0.513677811550152 0.4888211382113821 0.5098784194528876 0.491869918699187 0.5030395136778115 0.4878048780487805 0.41033434650455924 0.4847560975609756 0.30623100303951367 0.4847560975609756 0.2773556231003039 0.47764227642276424 0.22872340425531915 0.4708672086720867 0.21808510638297873 0.462059620596206 0.2933130699088146
1 0.4407181571815718 0.47720364741641336 0.4393631436314363 0.513677811550152 0.44850948509485095 0.5281155015197568 0.462059620596206 0.5159574468085106 0.46375338753387535 0.4034954407294833 0.46239837398373984 0.29711246200607905 0.4600271002710027 0.22264437689969604 0.45494579945799457 0.21428571428571427 0.4481707317073171 0.23328267477203649
2 0.42208672086720866 0.4703647416413374 0.4180216802168022 0.506838905775076 0.4285230352303523 0.5372340425531915 0.43733062330623307 0.5334346504559271 0.44715447154471544 0.5037993920972644 0.4474932249322493 0.4635258358662614 0.4444444444444444 0.3183890577507599 0.4474932249322493 0.23328267477203649 0.44308943089430897 0.189209726443769 0.4342818428184282 0.189209726443769 0.4285230352303523 0.22492401215805471
3 0.40311653116531165 0.49012158054711247 0.40210027100271 0.5083586626139818 0.4149728997289973 0.5334346504559271 0.42208672086720866 0.5258358662613982 0.43157181571815717 0.5303951367781155 0.4356368563685637 0.4969604863221885 0.4366531165311653 0.4027355623100304 0.43191056910569103 0.2712765957446808 0.43021680216802166 0.2196048632218845 0.4268292682926829 0.19300911854103345 0.4180216802168022 0.18768996960486323
4 0.38685636856368566 0.4734042553191489 0.3861788617886179 0.5121580547112462 0.39227642276422764 0.5258358662613982 0.4027777777777778 0.5258358662613982 0.412940379403794 0.5159574468085106 0.4173441734417344 0.49544072948328266 0.4159891598915989 0.4194528875379939 0.41429539295392953 0.22644376899696048 0.4092140921409214 0.21124620060790272 0.40040650406504064 0.21732522796352582
5 0.3584010840108401 0.44148936170212766 0.35264227642276424 0.4574468085106383 0.3509485094850949 0.49544072948328266 0.358739837398374 0.5159574468085106 0.37330623306233063 0.5159574468085106 0.3888888888888889 0.5243161094224924 0.39735772357723576 0.5037993920972644 0.40040650406504064 0.44984802431610943 0.3956639566395664 0.33966565349544076 0.3926151761517615 0.2925531914893617 0.38685636856368566 0.23404255319148937 0.383130081300813 0.22796352583586627 0.3719512195121951 0.2507598784194529
6 0.3252032520325203 0.4156534954407295 0.3174119241192412 0.4369300911854103 0.3170731707317073 0.47720364741641336 0.32994579945799457 0.48556231003039513 0.3428184281842818 0.5030395136778115 0.35704607046070463 0.4969604863221885 0.3655149051490515 0.48024316109422494 0.3699186991869919 0.3898176291793313 0.36653116531165314 0.2872340425531915 0.36077235772357724 0.24164133738601823 0.35060975609756095 0.21580547112462006 0.33367208672086723 0.24088145896656535 0.32757452574525747 0.3533434650455927
8 0.4888211382113821 0.4490881458966565 0.4911924119241192 0.5007598784194529 0.49796747967479676 0.5151975683890577 0.5165989159891599 0.5113981762917933 0.5176151761517616 0.4756838905775076 0.510840108401084 0.3594224924012158 0.5071138211382114 0.2629179331306991 0.5057588075880759 0.20972644376899696 0.5016937669376694 0.1831306990881459 0.49153116531165314 0.19148936170212766 0.48848238482384826 0.26063829787234044
9 0.5159214092140921 0.4490881458966565 0.5159214092140921 0.4878419452887538 0.5254065040650406 0.5053191489361702 0.5376016260162602 0.5030395136778115 0.5416666666666666 0.47720364741641336 0.5348915989159891 0.3905775075987842 0.5281165311653117 0.2773556231003039 0.5284552845528455 0.20972644376899696 0.518970189701897 0.18465045592705168 0.5084688346883469 0.25151975683890576
10 0.5386178861788617 0.4194528875379939 0.5372628726287263 0.4582066869300912 0.5497967479674797 0.48328267477203646 0.5575880758807588 0.48328267477203646 0.5650406504065041 0.45592705167173253 0.5640243902439024 0.4156534954407295 0.5565718157181572 0.33586626139817627 0.5484417344173442 0.22948328267477203 0.5359078590785907 0.1413373860182371 0.5291327913279132 0.13601823708206687 0.524390243902439 0.15653495440729484 0.524390243902439 0.22872340425531915 0.5294715447154471 0.33814589665653494
11 0.55420054200542 0.4452887537993921 0.5555555555555556 0.49240121580547114 0.5657181571815718 0.49544072948328266 0.5765582655826558 0.49012158054711247 0.5867208672086721 0.4688449848024316 0.5823170731707317 0.41109422492401215 0.5752032520325203 0.25 0.5691056910569106 0.17857142857142858 0.5636856368563685 0.17401215805471124 0.5555555555555556 0.18161094224924013 0.5487804878048781 0.32750759878419455
12 0.5741869918699187 0.418693009118541 0.5714769647696477 0.47112462006079026 0.5741869918699187 0.49012158054711247 0.5840108401084011 0.4969604863221885 0.5989159891598916 0.48556231003039513 0.6050135501355014 0.45440729483282677 0.5975609756097561 0.3548632218844985 0.5962059620596206 0.2986322188449848 0.5995934959349594 0.24088145896656535 0.5911246612466124 0.1952887537993921 0.5863821138211383 0.196048632218845 0.573170731707317 0.2507598784194529
13 0.6023035230352304 0.4148936170212766 0.5958672086720868 0.4521276595744681 0.6009485094850948 0.4817629179331307 0.6117886178861789 0.4878419452887538 0.6256775067750677 0.4870820668693009 0.6368563685636857 0.4756838905775076 0.6392276422764228 0.4612462006079027 0.6419376693766937 0.4308510638297872 0.6334688346883469 0.3981762917933131 0.6361788617886179 0.3168693009118541 0.6338075880758808 0.28799392097264437 0.6294037940379403 0.24696048632218845 0.6212737127371274 0.22644376899696048 0.5989159891598916 0.22112462006079028 0.5972222222222222 0.3343465045592705
14 0.6338075880758808 0.41109422492401215 0.6338075880758808 0.4376899696048632 0.6443089430894309 0.47796352583586627 0.6561653116531165 0.4749240121580547 0.6724254742547425 0.45364741641337386 0.6808943089430894 0.42933130699088146 0.676829268292683 0.3981762917933131 0.6670054200542005 0.3677811550151976 0.6615853658536586 0.30851063829787234 0.6521002710027101 0.24620060790273557 0.6460027100271003 0.21428571428571427 0.6344850948509485 0.2074468085106383 0.6155149051490515 0.22036474164133737 0.6182249322493225 0.30015197568389057
23 0.6778455284552846 0.44832826747720367 0.6724254742547425 0.46580547112462006 0.6805555555555556 0.5212765957446809 0.6968157181571816 0.587386018237082 0.7066395663956639 0.6261398176291794 0.7191734417344173 0.6550151975683891 0.7293360433604336 0.6633738601823708 0.7408536585365854 0.6702127659574468 0.7483062330623306 0.6648936170212766 0.7520325203252033 0.6314589665653495 0.7371273712737128 0.5714285714285714 0.7286585365853658 0.5083586626139818 0.7296747967479674 0.46504559270516715 0.728319783197832 0.43541033434650456 0.7201897018970189 0.42325227963525835 0.7029132791327913 0.42857142857142855 0.6842818428184282 0.43617021276595747
22 0.641260162601626 0.48556231003039513 0.6344850948509485 0.49164133738601823 0.6314363143631436 0.5243161094224924 0.6524390243902439 0.6139817629179332 0.6727642276422764 0.6907294832826748 0.6815718157181572 0.7066869300911854 0.6947831978319783 0.7135258358662614 0.7066395663956639 0.6854103343465046 0.7100271002710027 0.6155015197568389 0.6917344173441734 0.5531914893617021 0.6873306233062331 0.5326747720364742 0.684620596205962 0.5015197568389058 0.6778455284552846 0.4612462006079027 0.6673441734417345 0.46504559270516715
21 0.5931571815718157 0.5030395136778115 0.5894308943089431 0.5174772036474165 0.5955284552845529 0.5729483282674772 0.6178861788617886 0.6884498480243161 0.6243224932249323 0.7226443768996961 0.6338075880758808 0.7348024316109423 0.6476964769647696 0.7378419452887538 0.6568428184281843 0.729483282674772 0.6612466124661247 0.682370820668693 0.6443089430894309 0.6048632218844985 0.638550135501355 0.5326747720364742 0.6422764227642277 0.4946808510638298 0.6344850948509485 0.48632218844984804 0.6199186991869918 0.49164133738601823
20 0.5765582655826558 0.5197568389057751 0.5674119241192412 0.5319148936170213 0.5687669376693767 0.5516717325227963 0.5779132791327913 0.6109422492401215 0.5873983739837398 0.7051671732522796 0.5918021680216802 0.736322188449848 0.5975609756097561 0.7530395136778115 0.6094173441734417 0.7621580547112462 0.6121273712737128 0.743161094224924 0.5989159891598916 0.5843465045592705 0.5995934959349594 0.5623100303951368 0.6023035230352304 0.5288753799392097 0.5985772357723578 0.506838905775076 0.5918021680216802 0.5030395136778115 0.5819783197831978 0.5083586626139818
19 0.5545392953929539 0.5098784194528876 0.5477642276422764 0.5258358662613982 0.5464092140921409 0.5600303951367781 0.5575880758807588 0.6124620060790273 0.5660569105691057 0.6831306990881459 0.5755420054200542 0.7484802431610942 0.5867208672086721 0.7727963525835866 0.5951897018970189 0.7613981762917933 0.5958672086720868 0.729483282674772 0.5840108401084011 0.6443768996960486 0.5779132791327913 0.567629179331307 0.5748644986449865 0.5083586626139818
18 0.5372628726287263 0.5235562310030395 0.5281165311653117 0.526595744680851 0.5294715447154471 0.5645896656534954 0.535230352303523 0.6641337386018237 0.5409891598915989 0.7659574468085106 0.5501355013550135 0.8009118541033434 0.5599593495934959 0.8001519756838906 0.5647018970189702 0.7872340425531915 0.5619918699186992 0.7051671732522796 0.5558943089430894 0.5767477203647416 0.55420054200542 0.5364741641337386 0.549119241192412 0.5235562310030395
17 0.5182926829268293 0.5364741641337386 0.5091463414634146 0.5463525835866262 0.5057588075880759 0.5691489361702128 0.5121951219512195 0.6003039513677811 0.5125338753387534 0.6740121580547113 0.5149051490514905 0.75 0.5179539295392954 0.7659574468085106 0.5277777777777778 0.7659574468085106 0.5308265582655827 0.7416413373860182 0.5308265582655827 0.648936170212766 0.5298102981029811 0.5554711246200608 0.5274390243902439 0.5364741641337386
16 0.5030487804878049 0.5235562310030395 0.49762872628726285 0.5220364741641338 0.4935636856368564 0.5395136778115501 0.4962737127371274 0.5835866261398176 0.4993224932249323 0.6702127659574468 0.5010162601626016 0.7408814589665653 0.5037262872628726 0.7591185410334347 0.5094850948509485 0.7644376899696048 0.516260162601626 0.7575987841945289 0.5152439024390244 0.6694528875379939 0.5132113821138211 0.5843465045592705 0.5152439024390244 0.5372340425531915 0.5125338753387534 0.5243161094224924
24 0.4867886178861789 0.5174772036474165 0.4735772357723577 0.5220364741641338 0.4752710027100271 0.5547112462006079 0.48204607046070463 0.6299392097264438 0.4874661246612466 0.6907294832826748 0.49153116531165314 0.7575987841945289 0.5 0.7750759878419453 0.5057588075880759 0.7667173252279635 0.5037262872628726 0.7355623100303952 0.49830623306233063 0.6094224924012158 0.494579945799458 0.5554711246200608 0.4955962059620596 0.5167173252279635
25 0.46375338753387535 0.5288753799392097 0.4600271002710027 0.5319148936170213 0.4583333333333333 0.5501519756838906 0.46307588075880757 0.6238601823708206 0.46612466124661245 0.7150455927051672 0.4793360433604336 0.7697568389057751 0.4861111111111111 0.7735562310030395 0.4932249322493225 0.7522796352583586 0.4847560975609756 0.648176291793313 0.4766260162601626 0.5547112462006079 0.47459349593495936 0.53419452887538 0.4698509485094851 0.5250759878419453
26 0.44613821138211385 0.5326747720364742 0.43902439024390244 0.5562310030395137 0.4410569105691057 0.6261398176291794 0.44478319783197834 0.7196048632218845 0.4508807588075881 0.7750759878419453 0.4518970189701897 0.7948328267477204 0.46510840108401086 0.8130699088145896 0.47459349593495936 0.7864741641337386 0.47696476964769646 0.7537993920972644 0.4634146341463415 0.6504559270516718 0.462059620596206 0.5767477203647416 0.45934959349593496 0.5463525835866262 0.4563008130081301 0.5319148936170213
27 0.4281842818428184 0.5334346504559271 0.4186991869918699 0.5425531914893617 0.4180216802168022 0.5927051671732523 0.4247967479674797 0.6816109422492401 0.43224932249322495 0.7993920972644377 0.4424119241192412 0.8206686930091185 0.4518970189701897 0.8039513677811551 0.44613821138211385 0.6641337386018237 0.44613821138211385 0.5934650455927052 0.4505420054200542 0.5630699088145896 0.44715447154471544 0.5433130699088146 0.4410569105691057 0.5395136778115501
28 0.40752032520325204 0.5288753799392097 0.40210027100271 0.5319148936170213 0.3953252032520325 0.5547112462006079 0.4010840108401084 0.6352583586626139 0.3976964769647697 0.7241641337386018 0.39227642276422764 0.7477203647416414 0.3807588075880759 0.770516717325228 0.37330623306233063 0.7978723404255319 0.37703252032520324 0.8130699088145896 0.3844850948509485 0.8153495440729484 0.4132791327913279 0.7834346504559271 0.4285230352303523 0.6466565349544073 0.42784552845528456 0.601823708206687 0.4349593495934959 0.5600303951367781 0.42920054200542007 0.5326747720364742 0.4203929539295393 0.5281155015197568
29 0.3790650406504065 0.5243161094224924 0.3655149051490515 0.5243161094224924 0.35636856368563685 0.5691489361702128 0.35636856368563685 0.5896656534954408 0.3485772357723577 0.6588145896656535 0.33367208672086723 0.7180851063829787 0.33976964769647694 0.7743161094224924 0.3882113821138211 0.7310030395136778 0.4054878048780488 0.5911854103343465 0.4180216802168022 0.5455927051671733 0.41429539295392953 0.5319148936170213 0.40684281842818426 0.526595744680851 0.39735772357723576 0.5250759878419453
30 0.32859078590785906 0.49164133738601823 0.31842818428184283 0.5075987841945289 0.3143631436314363 0.5562310030395137 0.30453929539295393 0.6170212765957447 0.2872628726287263 0.7211246200607903 0.30589430894308944 0.7575987841945289 0.3323170731707317 0.729483282674772 0.3523035230352303 0.6717325227963525 0.3617886178861789 0.5934650455927052 0.37466124661246614 0.5539513677811551 0.37466124661246614 0.5303951367781155 0.37330623306233063 0.5182370820668692
31 0.2882791327913279 0.4490881458966565 0.27540650406504064 0.4566869300911854 0.26558265582655827 0.5007598784194529 0.26287262872628725 0.5554711246200608 0.24356368563685638 0.6155015197568389 0.2347560975609756 0.6557750759878419 0.2405149051490515 0.6983282674772037 0.2621951219512195 0.6899696048632219 0.29505420054200543 0.6337386018237082 0.3113143631436314 0.5835866261398176 0.32113821138211385 0.5433130699088146 0.3333333333333333 0.5121580547112462 0.33367208672086723 0.49620060790273557 0.3268970189701897 0.48556231003039513 0.31673441734417346 0.4756838905775076 0.30826558265582654 0.46200607902735563 0.3004742547425474 0.45288753799392095