0 0.4890590809628009 0.5022796352583586 0.4908825674690007 0.5509118541033434 0.4908825674690007 0.581306990881459 0.47045951859956237 0.5881458966565349 0.45696571845368344 0.5615501519756839 0.45951859956236324 0.49544072948328266 0.4587892049598833 0.4338905775075988 0.4598832968636032 0.38677811550151975 0.45951859956236324 0.35030395136778114 0.4726477024070022 0.35030395136778114 0.48614150255288113 0.3905775075987842
1 0.437636761487965 0.5144376899696048 0.43471918307804525 0.5433130699088146 0.4390955506929249 0.567629179331307 0.45696571845368344 0.5699088145896657 0.4613420860685631 0.5486322188449848 0.4598832968636032 0.49164133738601823 0.4598832968636032 0.44376899696048633 0.4642596644784829 0.4156534954407295 0.4646243617797228 0.3822188449848024 0.4613420860685631 0.35030395136778114 0.44894237782640406 0.3617021276595745 0.4449307075127644 0.40501519756838905
2 0.40955506929248725 0.5113981762917933 0.40554339897884756 0.5493920972644377 0.4135667396061269 0.5775075987841946 0.42778993435448576 0.5835866261398176 0.43800145878920493 0.547112462006079 0.4431072210065646 0.5053191489361702 0.4445660102115244 0.4148936170212766 0.4431072210065646 0.3662613981762918 0.4387308533916849 0.31458966565349544 0.42523705324580596 0.30623100303951367 0.41830780452224653 0.3434650455927052 0.4150255288110868 0.4088145896656535
3 0.38840262582056895 0.5022796352583586 0.3836615609044493 0.5463525835866262 0.387673231218089 0.5752279635258358 0.4073668854850474 0.5858662613981763 0.41611962071480674 0.5699088145896657 0.4204959883296864 0.5220364741641338 0.4204959883296864 0.4582066869300912 0.41611962071480674 0.378419452887538 0.41064916119620715 0.35030395136778114 0.3986141502552881 0.3708206686930091 0.39350838803792854 0.42325227963525835
4 0.36469730123997085 0.506079027355623 0.36177972283005105 0.5425531914893617 0.3716265499635303 0.5835866261398176 0.387673231218089 0.5782674772036475 0.3953318745441284 0.5372340425531915 0.3916849015317287 0.48328267477203646 0.3967906637490883 0.43541033434650456 0.399708242159008 0.40501519756838905 0.399708242159008 0.3677811550151976 0.3967906637490883 0.3518237082066869 0.38293216630196936 0.3639817629179331 0.3767323121808899 0.42401215805471126
5 0.3322392414296134 0.4848024316109423 0.325309992706054 0.5387537993920972 0.3293216630196937 0.5653495440729484 0.34427425237053244 0.5752279635258358 0.3559445660102115 0.5752279635258358 0.3690736688548505 0.5699088145896657 0.37490882567469 0.5425531914893617 0.37490882567469 0.5053191489361702 0.3701677607585704 0.44224924012158057 0.36980306345733044 0.385258358662614 0.3690736688548505 0.34802431610942247 0.3650619985412108 0.32066869300911854 0.3559445660102115 0.30243161094224924 0.3384390955506929 0.3191489361702128 0.33953318745441285 0.4148936170212766
6 0.2910284463894967 0.4870820668693009 0.2830051057622174 0.5220364741641338 0.2961342086068563 0.5554711246200608 0.3223924142961342 0.5691489361702128 0.337709700948213 0.5493920972644377 0.337709700948213 0.49164133738601823 0.337345003646973 0.42401215805471126 0.337345003646973 0.36854103343465044 0.3264040846097739 0.3191489361702128 0.3147337709700948 0.310790273556231 0.30488694383661563 0.33282674772036475 0.3026987600291758 0.4027355623100304
7 0.25857038657913933 0.44832826747720367 0.25091174325309995 0.4749240121580547 0.25164113785557984 0.5182370820668692 0.262217359591539 0.540273556231003 0.27315827862873815 0.5433130699088146 0.29029905178701676 0.5372340425531915 0.2986870897155361 0.4749240121580547 0.3070751276440554 0.43237082066869303 0.30889861415025527 0.30623100303951367 0.30087527352297594 0.2925531914893617 0.2840991976659373 0.3168693009118541 0.2804522246535376 0.3556231003039514 0.2684172137126185 0.42629179331306993
8 0.4894237782640408 0.5022796352583586 0.4923413566739606 0.5691489361702128 0.49817651349380015 0.581306990881459 0.5200583515681984 0.5835866261398176 0.525893508388038 0.5638297872340425 0.524799416484318 0.48936170212765956 0.5237053245805982 0.40577507598784196 0.5226112326768781 0.3601823708206687 0.5138584974471189 0.32750759878419455 0.4963530269876003 0.3541033434650456 0.4934354485776805 0.4278115501519757
9 0.5237053245805982 0.5037993920972644 0.525893508388038 0.5653495440729484 0.5382932166301969 0.5721884498480243 0.5474106491611962 0.560790273556231 0.549598832968636 0.5075987841945289 0.5485047410649161 0.44984802431610943 0.5433989788475565 0.39285714285714285 0.5386579139314369 0.3518237082066869 0.5299051787016776 0.3518237082066869 0.524799416484318 0.378419452887538
10 0.5353756382202771 0.5015197568389058 0.5397520058351568 0.5372340425531915 0.5594456601021153 0.5797872340425532 0.5711159737417943 0.567629179331307 0.5736688548504741 0.540273556231003 0.5678336980306345 0.4848024316109423 0.5609044493070752 0.42401215805471126 0.5554339897884756 0.3738601823708207 0.5455871626549964 0.35030395136778114 0.5328227571115973 0.3495440729483283 0.5306345733041575 0.4088145896656535
12 0.5846097738876732 0.4749240121580547 0.5809628008752735 0.4817629179331307 0.5722100656455142 0.520516717325228 0.574033552151714 0.5531914893617021 0.5886214442013129 0.5721884498480243 0.6064916119620715 0.5691489361702128 0.6141502552881108 0.5227963525835866 0.6152443471918307 0.4749240121580547 0.6210795040116703 0.425531914893617 0.6210795040116703 0.3822188449848024 0.6152443471918307 0.34194528875379937 0.5929978118161926 0.3662613981762918
13 0.6072210065645515 0.47720364741641336 0.5988329686360321 0.5 0.5955506929248724 0.5425531914893617 0.6181619256017505 0.5881458966565349 0.6451495258935084 0.5835866261398176 0.6546316557257477 0.5303951367781155 0.650619985412108 0.4749240121580547 0.6535375638220278 0.43617021276595747 0.6535375638220278 0.3943768996960486 0.6393143690736689 0.3662613981762918 0.6174325309992706 0.40501519756838905
14 0.6440554339897885 0.506079027355623 0.6418672501823487 0.541033434650456 0.6528081692195478 0.5797872340425532 0.6757840991976659 0.5759878419452887 0.6954777534646244 0.5364741641337386 0.687454412837345 0.4726443768996961 0.6845368344274252 0.42401215805471126 0.6863603209336251 0.3844984802431611 0.6783369803063457 0.34574468085106386 0.6568198395331875 0.3518237082066869 0.6487964989059081 0.4156534954407295 0.6447848285922684 0.4908814589665654
16 0.4959883296863603 0.6063829787234043 0.49416484318016046 0.6352583586626139 0.4948942377826404 0.6778115501519757 0.49708242159008026 0.7279635258358662 0.4959883296863603 0.7712765957446809 0.5021881838074398 0.8031914893617021 0.5109409190371991 0.8031914893617021 0.5178701677607586 0.7621580547112462 0.5200583515681984 0.6595744680851063 0.5156819839533188 0.6025835866261399
17 0.5218818380743983 0.5942249240121581 0.5160466812545588 0.5987841945288754 0.5178701677607586 0.6451367781155015 0.5196936542669585 0.6930091185410334 0.5175054704595186 0.756838905775076 0.5156819839533188 0.7978723404255319 0.5255288110867979 0.8183890577507599 0.5353756382202771 0.7895136778115501 0.537563822027717 0.7112462006079028 0.5397520058351568 0.6519756838905775 0.5441283734500365 0.601823708206687 0.5346462436177972 0.587386018237082
18 0.5433989788475565 0.5980243161094225 0.5397520058351568 0.6314589665653495 0.537563822027717 0.6907294832826748 0.5342815463165572 0.7644376899696048 0.5364697301239971 0.8199088145896657 0.5455871626549964 0.8503039513677811 0.5565280816921955 0.8366261398176292 0.5638220277169949 0.7484802431610942 0.5649161196207148 0.6474164133738601 0.5671043034281547 0.6193009118541033 0.562363238512035 0.587386018237082 0.550328227571116 0.5881458966565349
19 0.5652808169219548 0.587386018237082 0.5579868708971554 0.6003039513677811 0.5561633843909555 0.6398176291793313 0.5641867250182349 0.7013677811550152 0.563092633114515 0.7424012158054711 0.5641867250182349 0.7834346504559271 0.5671043034281547 0.8077507598784195 0.5857038657913931 0.8138297872340425 0.5908096280087527 0.7667173252279635 0.5889861415025529 0.6778115501519757 0.5937272064186725 0.6276595744680851 0.5929978118161926 0.5919452887537994 0.5798687089715536 0.5721884498480243
20 0.5984682713347921 0.5881458966565349 0.5897155361050328 0.5775075987841946 0.5857038657913931 0.5843465045592705 0.5827862873814734 0.6246200607902735 0.5835156819839533 0.6861702127659575 0.587527352297593 0.7583586626139818 0.5886214442013129 0.7811550151975684 0.600291757840992 0.7917933130699089 0.611597374179431 0.7317629179331308 0.6221735959153902 0.6451367781155015 0.6221735959153902 0.5927051671732523 0.6064916119620715 0.581306990881459
22 0.6568198395331875 0.5927051671732523 0.650984682713348 0.6041033434650456 0.6477024070021882 0.6147416413373861 0.6458789204959884 0.6367781155015197 0.6411378555798687 0.6747720364741642 0.6579139314369074 0.7006079027355623 0.7013129102844639 0.736322188449848 0.7199124726477024 0.75 0.737782640408461 0.729483282674772 0.725018234865062 0.6747720364741642 0.700218818380744 0.6223404255319149 0.6805251641137856 0.5904255319148937 0.6648431801604668 0.587386018237082
23 0.6929248723559446 0.5547112462006079 0.687454412837345 0.587386018237082 0.6943836615609045 0.6193009118541033 0.7210065645514223 0.6656534954407295 0.7465353756382203 0.7218844984802432 0.7629467541940189 0.729483282674772 0.7698760029175784 0.6838905775075987 0.75127644055434 0.6276595744680851 0.7472647702407003 0.5668693009118541 0.7235594456601021 0.5288753799392097 0.7067833698030634 0.5531914893617021
24 0.4963530269876003 0.6063829787234043 0.4948942377826404 0.6390577507598785 0.4963530269876003 0.6945288753799392 0.4934354485776805 0.7537993920972644 0.4923413566739606 0.8062310030395137 0.48358862144420134 0.817629179331307 0.47665937272064185 0.8062310030395137 0.4726477024070022 0.6861702127659575 0.4711889132020423 0.5942249240121581 0.48431801604668123 0.5942249240121581
25 0.4722830051057622 0.6101823708206687 0.4726477024070022 0.6656534954407295 0.4711889132020423 0.6952887537993921 0.4762946754194019 0.7621580547112462 0.4784828592268417 0.8001519756838906 0.47045951859956237 0.8320668693009119 0.4617067833698031 0.7948328267477204 0.45076586433260396 0.6747720364741642 0.4485776805251641 0.6086626139817629 0.45295404814004375 0.5942249240121581
26 0.4259664478482859 0.6109422492401215 0.4212253829321663 0.6428571428571429 0.42815463165572576 0.7340425531914894 0.42924872355944566 0.7948328267477204 0.43216630196936545 0.8427051671732523 0.4445660102115244 0.8533434650455927 0.4566010211524435 0.8123100303951368 0.4525893508388038 0.6679331306990881 0.44894237782640406 0.6132218844984803 0.43800145878920493 0.6003039513677811
27 0.40554339897884756 0.601823708206687 0.40043763676148797 0.6314589665653495 0.4033552151714077 0.7066869300911854 0.40043763676148797 0.7667173252279635 0.3967906637490883 0.8001519756838906 0.4033552151714077 0.8358662613981763 0.4179431072210066 0.8199088145896657 0.42924872355944566 0.7332826747720365 0.43289569657184535 0.6542553191489362 0.4350838803792852 0.6223404255319149 0.4190371991247265 0.5957446808510638
28 0.38657913931436905 0.5965045592705167 0.3767323121808899 0.6208206686930091 0.37199124726477023 0.6664133738601824 0.3730853391684901 0.6983282674772037 0.36725018234865064 0.7872340425531915 0.37089715536105033 0.8115501519756839 0.3836615609044493 0.824468085106383 0.3964259664478483 0.7773556231003039 0.40663749088256745 0.682370820668693 0.41830780452224653 0.6398176291793313 0.4190371991247265 0.601823708206687 0.40444930707512766 0.6041033434650456 0.399708242159008 0.5957446808510638
29 0.3435448577680525 0.5858662613981763 0.33916849015317285 0.6124620060790273 0.33515681983953316 0.6595744680851063 0.3264040846097739 0.7302431610942249 0.3187454412837345 0.7682370820668692 0.3187454412837345 0.7955927051671733 0.3264040846097739 0.817629179331307 0.34719183078045224 0.8206686930091185 0.36323851203501095 0.7933130699088146 0.38074398249452956 0.6983282674772037 0.3913202042304887 0.6375379939209727 0.3938730853391685 0.5980243161094225 0.3760029175784099 0.5904255319148937 0.3548504741064916 0.5775075987841946
30 0.3012399708242159 0.5759878419452887 0.2939460247994165 0.5957446808510638 0.29321663019693656 0.6458966565349544 0.27461706783369805 0.7241641337386018 0.2684172137126185 0.7644376899696048 0.27826404084609774 0.7895136778115501 0.2986870897155361 0.7857142857142857 0.32056892778993434 0.7401215805471124 0.33442742523705327 0.668693009118541 0.34938001458789203 0.6276595744680851 0.34427425237053244 0.5881458966565349 0.3293216630196937 0.5782674772036475 0.32093362509117435 0.5699088145896657 0.3078045222465354 0.5691489361702128
31 0.24544128373450036 0.5547112462006079 0.24179431072210067 0.587386018237082 0.2425237053245806 0.6375379939209727 0.2326768781911014 0.6846504559270516 0.22684172137126185 0.7112462006079028 0.23814733770970095 0.7317629179331308 0.25966447848285923 0.7256838905775076 0.28920495988329686 0.6451367781155015 0.3056163384390955 0.5980243161094225 0.3059810357403355 0.5714285714285714 0.29321663019693656 0.5531914893617021 0.2800875273522976 0.5372340425531915 0.2592997811816193 0.5326747720364742