0 0.46095168906647294 0.3518237082066869 0.4565928078459862 0.3837386018237082 0.4620414093715946 0.43009118541033436 0.48274609516890665 0.4331306990881459 0.5056302215764621 0.4217325227963526 0.49945513984743917 0.32066869300911854 0.4874682164911006 0.16717325227963525 0.480203414456956 0.057750759878419454 0.47039593171086086 0.017477203647416412 0.4620414093715946 0.1534954407294833
1 0.4297130403196513 0.35714285714285715 0.4275335997094079 0.4088145896656535 0.4384308027606248 0.42629179331306993 0.4565928078459862 0.42629179331306993 0.46385760988013075 0.41413373860182373 0.46603705049037414 0.3541033434650456 0.4700326916091537 0.22796352583586627 0.4714856520159826 0.1641337386018237 0.4700326916091537 0.12006079027355623 0.4678532509989103 0.03723404255319149 0.45877224845622955 0.022796352583586626 0.4475118053033055 0.04635258358662614 0.43952052306574646 0.25455927051671734
2 0.3988376316745369 0.3738601823708207 0.40755539411551034 0.42401215805471126 0.4224482382855067 0.4217325227963526 0.43516164184525974 0.4072948328267477 0.4406102433708681 0.3290273556231003 0.4326189611333091 0.18617021276595744 0.426080639302579 0.11702127659574468 0.41772611696331274 0.03343465045592705 0.40755539411551034 0.028875379939209727 0.39738467126770793 0.13145896656534956 0.40138031238648747 0.26975683890577506
3 0.3748637849618598 0.3411854103343465 0.37304758445332364 0.385258358662614 0.3839447875045405 0.4095744680851064 0.40138031238648747 0.39893617021276595 0.40900835452233925 0.3951367781155015 0.41554667635306936 0.3776595744680851 0.4093715946240465 0.2613981762917933 0.3944787504540501 0.06003039513677812 0.37958590628405375 0.0668693009118541 0.37740646567381037 0.18617021276595744 0.37595350526698146 0.32674772036474165
4 0.349800217944061 0.32142857142857145 0.3468942971304032 0.3776595744680851 0.3581547402833273 0.40197568389057753 0.37522702506356703 0.3943768996960486 0.3872139484199056 0.36930091185410335 0.3792226661823465 0.2978723404255319 0.3741373047584453 0.189209726443769 0.3770432255721032 0.07674772036474165 0.37014166363966583 0.03115501519756839 0.3548855793679622 0.05319148936170213 0.35016345804576826 0.1762917933130699
5 0.3033054849255358 0.30243161094224924 0.2993098438067563 0.3586626139817629 0.3022157646204141 0.38069908814589665 0.3102070468579731 0.3898176291793313 0.3309117326552851 0.3905775075987842 0.34653105702869597 0.3905775075987842 0.35234289865601165 0.3670212765957447 0.3468942971304032 0.2317629179331307 0.34653105702869597 0.1094224924012158 0.3396294950962586 0.06306990881458967 0.333817653468943 0.03419452887537994 0.3174718488921177 0.03875379939209726 0.29095532146749004 0.08662613981762918 0.2993098438067563 0.18617021276595744 0.3033054849255358 0.22644376899696048
6 0.2604431529240828 0.2925531914893617 0.25354159099164547 0.33814589665653494 0.25572103160188886 0.3594224924012158 0.2793316382128587 0.3731003039513678 0.29531420268797676 0.3738601823708207 0.3000363240101707 0.35638297872340424 0.3047584453323647 0.2712765957446808 0.30439520523065744 0.16185410334346503 0.2934980021794406 0.08206686930091185 0.2840537595350527 0.08662613981762918 0.2742462767889575 0.1717325227963526 0.26334907373774064 0.2803951367781155
7 0.21721758082092263 0.26671732522796354 0.21249545949872867 0.29103343465045595 0.21794406102433708 0.3282674772036474 0.2270250635670178 0.35638297872340424 0.24300762804213585 0.3525835866261398 0.25572103160188886 0.3373860182370821 0.26734471485652017 0.25455927051671734 0.2727933163821286 0.16641337386018237 0.25826371231383943 0.06990881458966565 0.24700326916091536 0.07522796352583587 0.22593534326189613 0.128419452887538 0.2306574645840901 0.22872340425531915
8 0.502361060661097 0.3472644376899696 0.500908100254268 0.378419452887538 0.5041772611696331 0.41793313069908816 0.5092626225935343 0.42401215805471126 0.5285143479840174 0.425531914893617 0.540501271340356 0.42325227963525835 0.5408645114420632 0.3829787234042553 0.540501271340356 0.25759878419452886 0.5437704322557211 0.13069908814589665 0.5415909916454776 0.067629179331307 0.5394115510352343 0.03951367781155015 0.5266981474754813 0.02507598784194529 0.5212495459498728 0.060790273556231005 0.5030875408645115 0.26975683890577506
9 0.5408645114420632 0.3541033434650456 0.5426807119505993 0.41641337386018235 0.5477660733745006 0.4369300911854103 0.5637486378496186 0.4369300911854103 0.5746458409008355 0.418693009118541 0.5728296403922993 0.3791793313069909 0.5633853977479114 0.2530395136778115 0.5713766799854704 0.12689969604863222 0.572466400290592 0.05243161094224924 0.5630221576462041 0.02735562310030395 0.553214674900109 0.044072948328267476 0.5455866327642572 0.09346504559270517 0.5426807119505993 0.19300911854103345
10 0.5710134398837632 0.3434650455927052 0.5699237195786415 0.3791793313069909 0.5746458409008355 0.41109422492401215 0.5891754449691246 0.4369300911854103 0.5982564475118053 0.41413373860182373 0.6029785688339993 0.36246200607902734 0.5989829277152198 0.29711246200607905 0.5986196876135126 0.16945288753799392 0.6022520886305848 0.08890577507598785 0.6029785688339993 0.05319148936170213 0.5880857246640029 0.041033434650455926 0.577188521612786 0.14285714285714285 0.5699237195786415 0.2743161094224924
11 0.5884489647657102 0.3282674772036474 0.5851798038503451 0.3882978723404255 0.5949872865964403 0.39893617021276595 0.6029785688339993 0.4088145896656535 0.6109698510715583 0.42401215805471126 0.6225935343261896 0.4027355623100304 0.6291318561569197 0.30015197568389057 0.6334907373774065 0.12006079027355623 0.6313112967671631 0.10030395136778116 0.6178714130039956 0.06003039513677812 0.607337450054486 0.05851063829787234 0.6007991282237559 0.10486322188449848 0.5964402470032691 0.22644376899696048
12 0.6164184525971668 0.33966565349544076 0.6113330911732655 0.3761398176291793 0.6113330911732655 0.3974164133738602 0.6254994551398474 0.4065349544072948 0.6403922993098438 0.42401215805471126 0.6505630221576462 0.3905775075987842 0.6527424627678896 0.30775075987841943 0.6520159825644751 0.20212765957446807 0.6578278241917908 0.11702127659574468 0.6494733018525245 0.08814589665653495 0.6371231383944788 0.09346504559270517 0.6273156556483835 0.10714285714285714 0.6236832546313112 0.20516717325227962
13 0.6429349800217944 0.3123100303951368 0.6396658191064294 0.3791793313069909 0.6465673810388667 0.40425531914893614 0.6632764257173992 0.41109422492401215 0.6897929531420269 0.4004559270516717 0.6959680348710497 0.3601823708206687 0.691609153650563 0.30547112462006076 0.6999636759898292 0.2188449848024316 0.7075917181256811 0.13601823708206687 0.6941518343625136 0.0980243161094225 0.67889575009081 0.09650455927051672 0.6552851434798401 0.21504559270516718
14 0.6926988739556847 0.31382978723404253 0.6930621140573919 0.3518237082066869 0.6974209952778787 0.39209726443769 0.7123138394478751 0.40197568389057753 0.7337450054486016 0.3882978723404255 0.7417362876861605 0.3639817629179331 0.7322920450417726 0.28343465045592703 0.7351979658554304 0.20440729483282674 0.7359244460588449 0.1474164133738602 0.7351979658554304 0.0980243161094225 0.720305121685434 0.10562310030395136 0.7061387577188522 0.15577507598784193 0.6959680348710497 0.2765957446808511
15 0.7315655648383581 0.28343465045592703 0.73919360697421 0.3548632218844985 0.7460951689066473 0.3731003039513678 0.7595350526698148 0.3708206686930091 0.7697057755176171 0.34574468085106386 0.7816926988739556 0.34498480243161095 0.7838721394841991 0.32674772036474165 0.7813294587722485 0.2887537993920973 0.7697057755176171 0.24240121580547114 0.7667998547039593 0.1702127659574468 0.763167453686887 0.10714285714285714 0.7562658917544497 0.09422492401215805 0.7428260079912823 0.10030395136778116 0.734471485652016 0.16869300911854104
23 0.7417362876861605 0.385258358662614 0.7370141663639665 0.4004559270516717 0.7384671267707955 0.4278115501519757 0.7529967308390846 0.49772036474164133 0.7689792953142027 0.5516717325227963 0.7791500181620051 0.6071428571428571 0.8060297856883399 0.6162613981762918 0.8132945877224845 0.5562310030395137 0.7962223029422448 0.48024316109422494 0.7907737014166364 0.4376899696048632 0.7893207410098075 0.38069908814589665 0.7802397384671268 0.3639817629179331 0.764620414093716 0.36246200607902734 0.7573556120595714 0.37537993920972645 0.742462767889575 0.3731003039513678
22 0.6941518343625136 0.4133738601823708 0.6847075917181257 0.42401215805471126 0.6839811115147112 0.4612462006079027 0.701053396294951 0.5182370820668692 0.734471485652016 0.6132218844984803 0.7486378496185979 0.6565349544072948 0.7642571739920088 0.6565349544072948 0.7744278968398112 0.6344984802431611 0.7722484562295677 0.5699088145896657 0.7482746095168906 0.4703647416413374 0.7381038866690882 0.4133738601823708 0.7315655648383581 0.3974164133738602 0.7246640029059208 0.3943768996960486 0.70904467853251 0.40197568389057753 0.7050490374137305 0.4095744680851064 0.6999636759898292 0.41413373860182373
21 0.6418452597166727 0.4209726443768997 0.6334907373774065 0.42857142857142855 0.6313112967671631 0.45364741641337386 0.6385760988013076 0.5037993920972644 0.6600072648020342 0.6276595744680851 0.6807119505993462 0.6846504559270516 0.7072284780239738 0.7066869300911854 0.7246640029059208 0.6709726443768997 0.7075917181256811 0.5729483282674772 0.691609153650563 0.5 0.6919723937522703 0.45592705167173253 0.6897929531420269 0.43541033434650456 0.6770795495822739 0.4217325227963526 0.6625499455139847 0.4209726443768997 0.6545586632764258 0.4278115501519757
20 0.6091536505630222 0.4331306990881459 0.6055212495459499 0.46808510638297873 0.6156919723937523 0.5281155015197568 0.6302215764620414 0.6390577507598785 0.6476571013439884 0.7006079027355623 0.6632764257173992 0.723404255319149 0.6701779876498365 0.7104863221884499 0.6563748637849619 0.6155015197568389 0.6418452597166727 0.5106382978723404 0.6436614602252089 0.4490881458966565 0.6316745368688703 0.42857142857142855 0.6156919723937523 0.425531914893617
19 0.5906284053759535 0.4369300911854103 0.5830003632401017 0.45440729483282677 0.5830003632401017 0.4969604863221885 0.6000726480203414 0.5797872340425532 0.6109698510715583 0.6899696048632219 0.6254994551398474 0.7370820668693009 0.6334907373774065 0.7484802431610942 0.6407555394115511 0.7180851063829787 0.6305848165637487 0.6299392097264438 0.6193243734108246 0.5349544072948328 0.6171449328005811 0.48556231003039513 0.6131492916818017 0.43541033434650456
18 0.5808209226298583 0.4399696048632219 0.573919360697421 0.4452887537993921 0.5659280784598619 0.4635258358662614 0.5637486378496186 0.5258358662613982 0.5757355612059571 0.6565349544072948 0.5859062840537596 0.7226443768996961 0.5949872865964403 0.7393617021276596 0.6018888485288776 0.7325227963525835 0.6022520886305848 0.6983282674772037 0.596077006901562 0.5714285714285714 0.5942608063930258 0.4787234042553192 0.5895386850708318 0.44756838905775076
17 0.5466763530693789 0.44224924012158057 0.5430439520523066 0.44756838905775076 0.5397747911369415 0.5212765957446809 0.5350526698147475 0.6390577507598785 0.537232110424991 0.6960486322188449 0.5430439520523066 0.7173252279635258 0.5586632764257174 0.708966565349544 0.5644751180530331 0.5167173252279635 0.5659280784598619 0.43844984802431614
16 0.5314202687976752 0.43541033434650456 0.5190701053396295 0.43541033434650456 0.5179803850345078 0.4635258358662614 0.5165274246276789 0.5182370820668692 0.5168906647293862 0.6679331306990881 0.5248819469669451 0.7196048632218845 0.5335997094079187 0.7112462006079028 0.5339629495096259 0.6344984802431611 0.5419542317471849 0.506079027355623 0.5437704322557211 0.4566869300911854 0.5430439520523066 0.4331306990881459
24 0.49945513984743917 0.4399696048632219 0.4950962586269524 0.4376899696048632 0.49037413730475843 0.4574468085106383 0.49037413730475843 0.5167173252279635 0.497638939338903 0.6367781155015197 0.5001816200508536 0.7203647416413373 0.5056302215764621 0.7386018237082067 0.5147112241191427 0.7424012158054711 0.5194333454413367 0.6914893617021277 0.5158009444242644 0.5189969604863222 0.5165274246276789 0.45896656534954405 0.5176171449328005 0.44680851063829785
25 0.4667635306937886 0.4430091185410334 0.4613149291681802 0.45896656534954405 0.46603705049037414 0.5250759878419453 0.46603705049037414 0.6109422492401215 0.46385760988013075 0.6831306990881459 0.47838721394841993 0.7340425531914894 0.49291681801670906 0.7173252279635258 0.49436977842353796 0.6177811550151976 0.4950962586269524 0.48024316109422494 0.4961859789320741 0.4490881458966565
26 0.4576825281511079 0.44224924012158057 0.44315292408281876 0.4566869300911854 0.4326189611333091 0.4969604863221885 0.42281147838721395 0.6086626139817629 0.41046131492916815 0.682370820668693 0.40864511442063206 0.7203647416413373 0.4195423174718489 0.7651975683890577 0.4438794042862332 0.7135258358662614 0.46458409008354523 0.5296352583586627 0.4667635306937886 0.5045592705167173
27 0.42717035960770067 0.4331306990881459 0.41917907737014165 0.4399696048632219 0.4115510352342899 0.45592705167173253 0.40355975299673086 0.5372340425531915 0.3893933890301489 0.6603343465045592 0.37813294587722485 0.7203647416413373 0.38757718852161277 0.7537993920972644 0.3988376316745369 0.7446808510638298 0.4093715946240465 0.6922492401215805 0.4224482382855067 0.6139817629179332 0.43588812204867416 0.5303951367781155 0.44569560479476933 0.48556231003039513 0.4478750454050127 0.46656534954407297 0.44315292408281876 0.45364741641337386 0.4377043225572103 0.43237082066869303
28 0.39229930984380673 0.42629179331306993 0.38539774791136944 0.4376899696048632 0.38031238648746823 0.4946808510638298 0.37304758445332364 0.5615501519756839 0.3570650199782056 0.6246200607902735 0.3443516164184526 0.6846504559270516 0.33853977479113695 0.7173252279635258 0.3432618961133309 0.7302431610942249 0.3599709407918634 0.723404255319149 0.3828550671994188 0.6580547112462006 0.3995641118779513 0.5729483282674772 0.41118779513258263 0.5144376899696048 0.42571739920087176 0.4734042553191489 0.4297130403196513 0.4430091185410334 0.4275335997094079 0.42629179331306993 0.4144569560479477 0.425531914893617 0.4093715946240465 0.4194528875379939 0.4057391936069742 0.41793313069908816
29 0.3443516164184526 0.4088145896656535 0.33781329458772247 0.41641337386018235 0.3341808935706502 0.4452887537993921 0.3330911732655285 0.4870820668693009 0.3134762077733382 0.5737082066869301 0.3014892844169996 0.6208206686930091 0.2884126407555394 0.6322188449848024 0.2855067199418816 0.6800911854103343 0.3022157646204141 0.7021276595744681 0.3265528514347984 0.6831306990881459 0.3636033418089357 0.6185410334346505 0.3864874682164911 0.5091185410334347 0.3872139484199056 0.4939209726443769 0.3995641118779513 0.4452887537993921 0.3995641118779513 0.4217325227963526 0.3737740646567381 0.41793313069908816 0.3650563022157646 0.4095744680851064 0.35379585906284056 0.4095744680851064
30 0.286233200145296 0.40425531914893614 0.2775154377043226 0.44452887537993924 0.26625499455139845 0.49772036474164133 0.2502724300762804 0.5706686930091185 0.23792226661823465 0.5987841945288754 0.23792226661823465 0.6398176291793313 0.24555030875408645 0.6436170212765957 0.27134035597529965 0.6231003039513677 0.30693788594260807 0.5585106382978723 0.3330911732655285 0.4749240121580547 0.3443516164184526 0.4521276595744681 0.341808935706502 0.44224924012158057 0.33781329458772247 0.42325227963525835 0.3330911732655285 0.40501519756838905 0.3149291681801671 0.3898176291793313 0.2993098438067563 0.3898176291793313
31 0.24337086814384307 0.3601823708206687 0.22993098438067563 0.38069908814589665 0.22048674173628768 0.44756838905775076 0.20704685797312022 0.5167173252279635 0.1925172539048311 0.5592705167173252 0.21140573919360697 0.6299392097264438 0.2270250635670178 0.6352583586626139 0.2310207046857973 0.6109422492401215 0.22520886305848165 0.5828267477203647 0.24918270977115872 0.520516717325228 0.2626225935343262 0.4810030395136778 0.2738830366872503 0.45440729483282677 0.28223755902651654 0.4369300911854103 0.28732292045041774 0.41641337386018235 0.2884126407555394 0.3943768996960486 0.28078459861968763 0.3708206686930091 0.25935343261896115 0.3601823708206687