0 0.4954225352112676 0.3731003039513678 0.5010563380281691 0.5896656534954408 0.5007042253521127 0.6003039513677811 0.4936619718309859 0.6025835866261399 0.4823943661971831 0.6063829787234043 0.4742957746478873 0.6071428571428571 0.47007042253521125 0.5957446808510638 0.4707746478873239 0.5455927051671733 0.4707746478873239 0.3829787234042553
1 0.4721830985915493 0.3791793313069909 0.4707746478873239 0.5091185410334347 0.4676056338028169 0.5866261398176292 0.4647887323943662 0.5980243161094225 0.4602112676056338 0.6025835866261399 0.45211267605633804 0.60790273556231 0.45035211267605635 0.6063829787234043 0.44647887323943664 0.5949848024316109 0.448943661971831 0.5782674772036475 0.44366197183098594 0.5311550151975684 0.45035211267605635 0.3822188449848024
2 0.43838028169014087 0.3670212765957447 0.4440140845070423 0.4270516717325228 0.44647887323943664 0.4696048632218845 0.4450704225352113 0.5144376899696048 0.4450704225352113 0.5486322188449848 0.44647887323943664 0.5600303951367781 0.44753521126760565 0.5691489361702128 0.44753521126760565 0.581306990881459 0.44577464788732396 0.5942249240121581 0.44366197183098594 0.6041033434650456 0.44014084507042256 0.6162613981762918 0.43697183098591547 0.6208206686930091 0.4334507042253521 0.621580547112462 0.4316901408450704 0.6200607902735562 0.42640845070422534 0.6139817629179332 0.41795774647887324 0.601823708206687 0.41795774647887324 0.5699088145896657 0.4176056338028169 0.506838905775076 0.4197183098591549 0.3981762917933131 0.4204225352112676 0.3677811550151976
3 0.4007042253521127 0.39285714285714285 0.4154929577464789 0.5007598784194529 0.42640845070422534 0.5554711246200608 0.42852112676056336 0.5889057750759878 0.426056338028169 0.6162613981762918 0.4126760563380282 0.6086626139817629 0.40387323943661974 0.6048632218844985 0.39507042253521124 0.6139817629179332 0.3911971830985915 0.6101823708206687 0.3908450704225352 0.5896656534954408 0.3936619718309859 0.5592705167173252 0.3947183098591549 0.4703647416413374 0.3929577464788732 0.4012158054711246 0.397887323943662 0.3974164133738602
4 0.3732394366197183 0.4072948328267477 0.3700704225352113 0.5167173252279635 0.3654929577464789 0.5790273556231003 0.3658450704225352 0.6041033434650456 0.3700704225352113 0.6162613981762918 0.3788732394366197 0.6193009118541033 0.38767605633802815 0.621580547112462 0.3929577464788732 0.6170212765957447 0.39753521126760566 0.6117021276595744 0.4 0.6003039513677811 0.4 0.5858662613981763 0.39753521126760566 0.5645896656534954 0.39401408450704223 0.5235562310030395 0.39330985915492955 0.4369300911854103 0.3873239436619718 0.3844984802431611 0.3732394366197183 0.3913373860182371
6 0.3183098591549296 0.4072948328267477 0.34401408450704224 0.5098784194528876 0.35774647887323946 0.5569908814589666 0.3630281690140845 0.5767477203647416 0.3609154929577465 0.5965045592705167 0.35598591549295777 0.6071428571428571 0.3401408450704225 0.6086626139817629 0.3359154929577465 0.6162613981762918 0.33380281690140845 0.6155015197568389 0.3257042253521127 0.6162613981762918 0.31866197183098594 0.6071428571428571 0.31338028169014087 0.5851063829787234 0.3126760563380282 0.5486322188449848 0.30422535211267604 0.4696048632218845 0.29507042253521126 0.42021276595744683
7 0.2697183098591549 0.41413373860182373 0.2767605633802817 0.48404255319148937 0.2746478873239437 0.5319148936170213 0.273943661971831 0.560790273556231 0.2792253521126761 0.587386018237082 0.2823943661971831 0.5995440729483282 0.2926056338028169 0.6086626139817629 0.2982394366197183 0.5965045592705167 0.3073943661971831 0.5987841945288754 0.3126760563380282 0.6033434650455927 0.3172535211267606 0.5942249240121581 0.32147887323943664 0.5782674772036475 0.3165492957746479 0.5630699088145896 0.3102112676056338 0.5303951367781155 0.303169014084507 0.4810030395136778 0.2915492957746479 0.41033434650455924
8 0.498943661971831 0.3738601823708207 0.5007042253521127 0.5987841945288754 0.5014084507042254 0.6033434650455927 0.5077464788732394 0.6033434650455927 0.5221830985915493 0.6063829787234043 0.5330985915492957 0.6041033434650456 0.5341549295774648 0.5904255319148937 0.5338028169014084 0.5569908814589666 0.528169014084507 0.5075987841945289 0.5278169014084507 0.418693009118541 0.5242957746478873 0.3731003039513678
9 0.5292253521126761 0.36854103343465044 0.5316901408450704 0.4513677811550152 0.5352112676056338 0.506838905775076 0.5348591549295775 0.5501519756838906 0.5348591549295775 0.5782674772036475 0.5359154929577464 0.5919452887537994 0.5408450704225352 0.5949848024316109 0.5538732394366197 0.5949848024316109 0.5584507042253521 0.5820668693009119 0.5595070422535211 0.5448328267477204 0.5538732394366197 0.4430091185410334 0.553169014084507 0.37462006079027355
10 0.5573943661971831 0.37537993920972645 0.5633802816901409 0.5106382978723404 0.5626760563380282 0.5395136778115501 0.5598591549295775 0.5615501519756839 0.5616197183098591 0.5721884498480243 0.5669014084507042 0.5904255319148937 0.5704225352112676 0.601063829787234 0.5764084507042253 0.6033434650455927 0.5866197183098592 0.5896656534954408 0.5897887323943662 0.5615501519756839 0.5859154929577465 0.48632218844984804 0.5816901408450704 0.3723404255319149
11 0.5809859154929577 0.3799392097264438 0.5876760563380282 0.5022796352583586 0.581338028169014 0.5357142857142857 0.5788732394366197 0.5524316109422492 0.579225352112676 0.581306990881459 0.5816901408450704 0.5934650455927052 0.5866197183098592 0.6071428571428571 0.596830985915493 0.601063829787234 0.6031690140845071 0.5949848024316109 0.6095070422535211 0.5972644376899696 0.6144366197183099 0.5972644376899696 0.6154929577464788 0.5858662613981763 0.6140845070422535 0.5455927051671733 0.6088028169014085 0.45896656534954405 0.6031690140845071 0.3670212765957447
12 0.6035211267605634 0.3662613981762918 0.6109154929577465 0.49240121580547114 0.6109154929577465 0.5440729483282675 0.6080985915492958 0.560790273556231 0.6073943661971831 0.5721884498480243 0.6091549295774648 0.5911854103343465 0.6123239436619718 0.5980243161094225 0.6193661971830986 0.6025835866261399 0.6278169014084507 0.5995440729483282 0.6394366197183099 0.5911854103343465 0.645774647887324 0.5843465045592705 0.6429577464788733 0.5478723404255319 0.6232394366197183 0.3768996960486322
14 0.6904929577464789 0.3974164133738602 0.6746478873239437 0.506079027355623 0.672887323943662 0.5653495440729484 0.6869718309859155 0.5866261398176292 0.6971830985915493 0.5790273556231003 0.7095070422535211 0.5752279635258358 0.719718309859155 0.5699088145896657 0.725 0.5433130699088146 0.7186619718309859 0.4908814589665654 0.7112676056338029 0.3882978723404255 0.6929577464788732 0.3837386018237082
16 0.5024647887323944 0.5904255319148937 0.5038732394366198 0.7826747720364742 0.5292253521126761 0.7781155015197568 0.525 0.6101823708206687 0.5242957746478873 0.5889057750759878
17 0.523943661971831 0.5858662613981763 0.525 0.662613981762918 0.5316901408450704 0.7933130699088146 0.5528169014084507 0.7933130699088146 0.546830985915493 0.6512158054711246 0.5475352112676056 0.621580547112462 0.5496478873239437 0.5889057750759878 0.5422535211267606 0.5851063829787234
18 0.5549295774647888 0.5858662613981763 0.5485915492957747 0.60790273556231 0.5475352112676056 0.6291793313069909 0.547887323943662 0.6702127659574468 0.5535211267605634 0.7446808510638298 0.5609154929577465 0.8351063829787234 0.5855633802816902 0.8237082066869301 0.5725352112676056 0.6565349544072948 0.5725352112676056 0.6329787234042553 0.5735915492957746 0.6048632218844985 0.5626760563380282 0.5866261398176292
19 0.5795774647887324 0.601063829787234 0.5732394366197183 0.6109422492401215 0.5725352112676056 0.6360182370820668 0.5753521126760563 0.6664133738601824 0.5834507042253522 0.7773556231003039 0.5911971830985916 0.8267477203647416 0.6116197183098592 0.8161094224924013 0.602112676056338 0.6884498480243161 0.5992957746478873 0.6428571428571429 0.6024647887323944 0.6261398176291794 0.6 0.6094224924012158 0.5943661971830986 0.6033434650455927 0.5876760563380282 0.6071428571428571
20 0.6137323943661972 0.6025835866261399 0.6031690140845071 0.5987841945288754 0.6 0.60790273556231 0.597887323943662 0.628419452887538 0.6049295774647887 0.648176291793313 0.6070422535211267 0.6846504559270516 0.620774647887324 0.8366261398176292 0.651056338028169 0.831306990881459 0.6281690140845071 0.6428571428571429 0.6295774647887324 0.6276595744680851 0.6295774647887324 0.6200607902735562 0.6285211267605634 0.6048632218844985 0.6232394366197183 0.601063829787234
21 0.647887323943662 0.5820668693009119 0.6376760563380282 0.5896656534954408 0.6253521126760564 0.6003039513677811 0.6278169014084507 0.6208206686930091 0.6327464788732394 0.6451367781155015 0.6404929577464789 0.723404255319149 0.6630281690140845 0.8221884498480243 0.7098591549295775 0.7522796352583586 0.6788732394366197 0.6398176291793313 0.6785211267605634 0.6147416413373861 0.6785211267605634 0.6003039513677811 0.6778169014084507 0.5866261398176292 0.6732394366197183 0.5752279635258358 0.6602112676056338 0.5767477203647416
22 0.6894366197183098 0.5835866261398176 0.6806338028169014 0.5904255319148937 0.6757042253521127 0.5987841945288754 0.6753521126760563 0.6041033434650456 0.6774647887323944 0.6253799392097265 0.6823943661971831 0.6413373860182371 0.7014084507042253 0.7150455927051672 0.7352112676056338 0.7750759878419453 0.7573943661971831 0.7302431610942249 0.7489436619718309 0.6861702127659575 0.7383802816901408 0.662613981762918 0.7302816901408451 0.6458966565349544 0.7299295774647887 0.6185410334346505 0.7299295774647887 0.5851063829787234 0.7253521126760564 0.5683890577507599 0.7200704225352113 0.5683890577507599 0.7109154929577465 0.574468085106383 0.706338028169014 0.5767477203647416 0.6950704225352112 0.5797872340425532
23 0.7647887323943662 0.574468085106383 0.747887323943662 0.5896656534954408 0.7450704225352113 0.5965045592705167 0.7373239436619718 0.6063829787234043 0.7345070422535211 0.6147416413373861 0.731338028169014 0.6299392097264438 0.7306338028169014 0.6436170212765957 0.7338028169014085 0.6580547112462006 0.7397887323943662 0.6656534954407295 0.7450704225352113 0.6770516717325228 0.7566901408450705 0.7066869300911854 0.7672535211267606 0.7310030395136778 0.7922535211267606 0.702887537993921 0.8017605633802817 0.6702127659574468 0.7883802816901408 0.6246200607902735 0.7757042253521127 0.5927051671732523
24 0.5007042253521127 0.5904255319148937 0.5045774647887324 0.8115501519756839 0.4820422535211268 0.8054711246200608 0.48063380281690143 0.6306990881458967 0.47746478873239434 0.5889057750759878
25 0.477112676056338 0.5851063829787234 0.48169014084507045 0.6367781155015197 0.4820422535211268 0.8214285714285714 0.4595070422535211 0.8145896656534954 0.4595070422535211 0.6580547112462006 0.4573943661971831 0.6329787234042553 0.45422535211267606 0.5957446808510638
26 0.4517605633802817 0.5995440729483282 0.45704225352112676 0.6223404255319149 0.45985915492957746 0.6588145896656535 0.4602112676056338 0.8465045592705167 0.43415492957746477 0.8404255319148937 0.43309859154929575 0.7218844984802432 0.4355633802816901 0.682370820668693 0.4345070422535211 0.6565349544072948 0.4345070422535211 0.6360182370820668 0.4387323943661972 0.6162613981762918 0.4422535211267606 0.6048632218844985 0.4454225352112676 0.601823708206687 0.448943661971831 0.601063829787234
27 0.42746478873239435 0.6063829787234043 0.43133802816901406 0.6208206686930091 0.4355633802816901 0.6208206686930091 0.4376760563380282 0.6253799392097265 0.43838028169014087 0.6322188449848024 0.4387323943661972 0.6360182370820668 0.4376760563380282 0.6458966565349544 0.43697183098591547 0.6519756838905775 0.4362676056338028 0.6580547112462006 0.4352112676056338 0.6648936170212766 0.43380281690140843 0.6709726443768997 0.4352112676056338 0.6990881458966566 0.43415492957746477 0.7370820668693009 0.43415492957746477 0.8396656534954408 0.4098591549295775 0.8381458966565349 0.40669014084507044 0.7667173252279635 0.4102112676056338 0.6914893617021277 0.4091549295774648 0.662613981762918 0.4084507042253521 0.6382978723404256 0.4109154929577465 0.6231003039513677 0.41514084507042254 0.6139817629179332 0.4214788732394366 0.60790273556231
28 0.40492957746478875 0.60790273556231 0.4080985915492958 0.6177811550151976 0.41338028169014085 0.6162613981762918 0.4197183098591549 0.6170212765957447 0.4225352112676056 0.6231003039513677 0.42183098591549295 0.6314589665653495 0.4197183098591549 0.6436170212765957 0.41795774647887324 0.6550151975683891 0.4158450704225352 0.6671732522796353 0.4130281690140845 0.6778115501519757 0.4119718309859155 0.682370820668693 0.41056338028169015 0.6899696048632219 0.4080985915492958 0.7279635258358662 0.40880281690140846 0.7689969604863222 0.40950704225352114 0.8381458966565349 0.37922535211267605 0.831306990881459 0.3788732394366197 0.7401215805471124 0.3845070422535211 0.6876899696048632 0.38309859154929576 0.6565349544072948 0.3852112676056338 0.6261398176291794 0.38873239436619716 0.6162613981762918 0.39929577464788735 0.6094224924012158 0.4028169014084507 0.60790273556231
29 0.3637323943661972 0.6063829787234043 0.3700704225352113 0.6147416413373861 0.37922535211267605 0.6185410334346505 0.38485915492957745 0.6193009118541033 0.39330985915492955 0.6170212765957447 0.3954225352112676 0.6208206686930091 0.39507042253521124 0.6322188449848024 0.3947183098591549 0.64209726443769 0.3926056338028169 0.6595744680851063 0.38767605633802815 0.6717325227963525 0.38309859154929576 0.6884498480243161 0.38028169014084506 0.7256838905775076 0.37253521126760564 0.7727963525835866 0.3591549295774648 0.8495440729483282 0.3017605633802817 0.8092705167173252 0.33274647887323944 0.6869300911854104 0.34225352112676055 0.6648936170212766 0.3401408450704225 0.6527355623100304 0.3390845070422535 0.6398176291793313 0.3397887323943662 0.6276595744680851 0.3429577464788732 0.6101823708206687 0.34788732394366195 0.6063829787234043 0.35669014084507045 0.60790273556231
30 0.3123239436619718 0.6025835866261399 0.30633802816901406 0.5980243161094225 0.2975352112676056 0.5972644376899696 0.2943661971830986 0.60790273556231 0.2926056338028169 0.6155015197568389 0.2908450704225352 0.621580547112462 0.28943661971830986 0.6329787234042553 0.29014084507042254 0.6451367781155015 0.2890845070422535 0.6550151975683891 0.28380281690140846 0.6770516717325228 0.2778169014084507 0.702887537993921 0.26161971830985914 0.7424012158054711 0.2612676056338028 0.7743161094224924 0.2792253521126761 0.7925531914893617 0.29964788732394365 0.7743161094224924 0.3257042253521127 0.71580547112462 0.3387323943661972 0.662613981762918 0.3457746478873239 0.6474164133738601 0.3464788732394366 0.6299392097264438 0.3390845070422535 0.6170212765957447 0.3341549295774648 0.6147416413373861 0.3302816901408451 0.6185410334346505 0.32711267605633804 0.6185410334346505 0.32535211267605635 0.6155015197568389 0.31795774647887326 0.6056231003039514
31 0.2704225352112676 0.581306990881459 0.2577464788732394 0.5828267477203647 0.2482394366197183 0.5797872340425532 0.24014084507042255 0.5835866261398176 0.23485915492957746 0.5957446808510638 0.23204225352112676 0.6147416413373861 0.23098591549295774 0.6428571428571429 0.2278169014084507 0.6702127659574468 0.2193661971830986 0.7241641337386018 0.24190140845070424 0.7545592705167173 0.2605633802816901 0.7477203647416414 0.2697183098591549 0.7279635258358662 0.2774647887323944 0.7074468085106383 0.28450704225352114 0.6762917933130699 0.29014084507042254 0.6527355623100304 0.29295774647887324 0.6382978723404256 0.2947183098591549 0.6261398176291794 0.2933098591549296 0.6147416413373861 0.2887323943661972 0.6086626139817629 0.28450704225352114 0.6025835866261399 0.2806338028169014 0.5934650455927052 0.2746478873239437 0.5896656534954408