0 0.4698009608785175 0.506079027355623 0.46774193548387094 0.540273556231003 0.4722031571722718 0.5919452887537994 0.4934797529169526 0.5965045592705167 0.5020590253946465 0.5858662613981763 0.5030885380919699 0.520516717325228 0.4934797529169526 0.39285714285714285 0.4883321894303363 0.310790273556231 0.48455730954015097 0.2948328267477204 0.47323266986959506 0.2925531914893617 0.46842827728208647 0.3761398176291793
1 0.44063143445435826 0.5113981762917933 0.44097460535346605 0.540273556231003 0.44852436513383664 0.5835866261398176 0.4605353466026081 0.5881458966565349 0.4735758407687028 0.53419452887538 0.4660260809883322 0.45288753799392095 0.4660260809883322 0.36246200607902734 0.46499656829100894 0.3123100303951368 0.46190803019903914 0.2591185410334346 0.45401509951956076 0.256838905775076 0.4426904598490048 0.2887537993920973
2 0.41935483870967744 0.5113981762917933 0.4203843514070007 0.5547112462006079 0.4279341111873713 0.5782674772036475 0.44715168153740564 0.5516717325227963 0.44715168153740564 0.49772036474164133 0.43994509265614273 0.42325227963525835 0.43617021276595747 0.378419452887538 0.43067947838023335 0.3183890577507599 0.424159231297186 0.30927051671732525 0.41111873713109126 0.32978723404255317 0.4166094715168154 0.43844984802431614
3 0.39842141386410435 0.540273556231003 0.4001372683596431 0.5820668693009119 0.41935483870967744 0.5927051671732523 0.4344543582704187 0.5858662613981763 0.43548387096774194 0.5364741641337386 0.4351407000686342 0.4566869300911854 0.4286204529855868 0.3943768996960486 0.424159231297186 0.34194528875379937 0.4142072752230611 0.303951367781155 0.3991077556623198 0.310790273556231 0.4039121482498284 0.4278115501519757
4 0.37886067261496226 0.5281155015197568 0.37886067261496226 0.5638297872340425 0.394646533973919 0.5881458966565349 0.40494166094715167 0.5927051671732523 0.4118050789293068 0.5721884498480243 0.4131777625257378 0.5182370820668692 0.4094028826355525 0.45440729483282677 0.4039121482498284 0.3913373860182371 0.39361702127659576 0.3495440729483283 0.3812628689087165 0.3556231003039514 0.3768016472203157 0.378419452887538 0.38057652711050105 0.4642857142857143 0.3826355525051476 0.5022796352583586
5 0.349691146190803 0.5083586626139818 0.34420041180507893 0.5387537993920972 0.3490048043925875 0.5835866261398176 0.366506520247083 0.5942249240121581 0.3816060398078243 0.5965045592705167 0.3877831159917639 0.5797872340425532 0.3925875085792725 0.5531914893617021 0.39155799588194923 0.5167173252279635 0.3864104323953329 0.47720364741641336 0.3816060398078243 0.425531914893617 0.37336993822923814 0.3799392097264438 0.36582017844886755 0.3662613981762918 0.34797529169526425 0.3708206686930091 0.3404255319148936 0.39285714285714285 0.33768016472203155 0.41717325227963525 0.3387096774193548 0.45440729483282677 0.34557309540150993 0.49544072948328266
6 0.31400137268359646 0.5 0.3109128345916266 0.53419452887538 0.3119423472889499 0.5615501519756839 0.3304735758407687 0.5782674772036475 0.34797529169526425 0.5752279635258358 0.35724090597117364 0.5364741641337386 0.3544955387783116 0.4787234042553192 0.34797529169526425 0.41185410334346506 0.3452299245024022 0.3882978723404255 0.33630748112560055 0.33890577507598785 0.3287577213452299 0.31534954407294835 0.31468771448181193 0.3168693009118541 0.3026767330130405 0.32674772036474165 0.30199039121482496 0.3556231003039514
8 0.5003431708991077 0.5167173252279635 0.5003431708991077 0.5577507598784195 0.502745367192862 0.5942249240121581 0.514070006863418 0.5980243161094225 0.5281400137268359 0.5919452887537994 0.5343170899107755 0.5775075987841946 0.5336307481125601 0.5326747720364742 0.5298558682223747 0.48328267477203646 0.5298558682223747 0.41109422492401215 0.5298558682223747 0.3594224924012158 0.5288263555250515 0.30623100303951367 0.5253946465339739 0.27811550151975684 0.514070006863418 0.2712765957446808 0.5037748798901853 0.30243161094224924
9 0.5298558682223747 0.4870820668693009 0.5346602608098833 0.5516717325227963 0.5370624571036376 0.5797872340425532 0.544955387783116 0.5858662613981763 0.5514756348661634 0.5782674772036475 0.5542210020590254 0.5569908814589666 0.5542210020590254 0.513677811550152 0.55044612216884 0.4582066869300912 0.5490734385724091 0.40501519756838905 0.5538778311599176 0.36854103343465044 0.5566231983527797 0.32978723404255317 0.5538778311599176 0.30623100303951367 0.5398078242964996 0.30851063829787234 0.5336307481125601 0.32370820668693007 0.5308853809196981 0.3761398176291793 0.5298558682223747 0.41793313069908816
10 0.5514756348661634 0.4878419452887538 0.5473575840768703 0.5144376899696048 0.5490734385724091 0.5486322188449848 0.5579958819492107 0.5820668693009119 0.5669183253260124 0.5904255319148937 0.5792724776938916 0.5782674772036475 0.5816746739876458 0.5433130699088146 0.5809883321894304 0.4749240121580547 0.5782429649965682 0.42933130699088146 0.5782429649965682 0.385258358662614 0.5792724776938916 0.34194528875379937 0.5809883321894304 0.31458966565349544 0.5741249142072752 0.30015197568389057 0.5631434454358271 0.3009118541033435 0.5559368565545642 0.33358662613981765
11 0.5686341798215512 0.5022796352583586 0.5662319835277968 0.5319148936170213 0.5672614962251201 0.5569908814589666 0.577213452299245 0.5759878419452887 0.5919698009608785 0.5820668693009119 0.6022649279341112 0.5615501519756839 0.6029512697323267 0.5372340425531915 0.6002059025394647 0.4848024316109423 0.5947151681537406 0.4376899696048632 0.5947151681537406 0.3943768996960486 0.5957446808510638 0.3738601823708207 0.5957446808510638 0.34194528875379937 0.5974605353466026 0.30243161094224924 0.591283459162663 0.2948328267477204 0.579958819492107 0.30243161094224924 0.5751544269045985 0.32978723404255317 0.5734385724090597 0.3351063829787234 0.5662319835277968 0.385258358662614
12 0.5919698009608785 0.5182370820668692 0.5892244337680165 0.5509118541033434 0.591283459162663 0.5721884498480243 0.6125600549073439 0.5699088145896657 0.6266300617707619 0.5653495440729484 0.6273164035689773 0.5364741641337386 0.6197666437886067 0.48936170212765956 0.6153054221002059 0.3662613981762918 0.6125600549073439 0.33890577507598785 0.6060398078242965 0.3290273556231003 0.594028826355525 0.33282674772036475 0.5875085792724777 0.3434650455927052 0.5902539464653397 0.446048632218845
13 0.6163349347975292 0.5113981762917933 0.6098146877144818 0.5364741641337386 0.6163349347975292 0.5721884498480243 0.6358956760466712 0.5820668693009119 0.650308853809197 0.5699088145896657 0.6599176389842142 0.547112462006079 0.6595744680851063 0.5075987841945289 0.6609471516815374 0.43844984802431614 0.6715854495538778 0.3974164133738602 0.6753603294440631 0.3768996960486322 0.6743308167467399 0.34194528875379937 0.6599176389842142 0.331306990881459 0.6372683596431022 0.3518237082066869 0.6262868908716541 0.39969604863221886 0.6190803019903912 0.49164133738601823
14 0.6568291008922443 0.49544072948328266 0.6585449553877831 0.53419452887538 0.6678105696636926 0.5721884498480243 0.6928620452985587 0.5630699088145896 0.7004118050789293 0.5531914893617021 0.700754975978037 0.5227963525835866 0.6986959505833905 0.4908814589665654 0.7052161976664378 0.44224924012158057 0.710706932052162 0.4088145896656535 0.7137954701441318 0.38677811550151975 0.7199725463280714 0.32978723404255317 0.7086479066575154 0.3130699088145897 0.6901166781056967 0.30851063829787234 0.681194234728895 0.32978723404255317 0.6763898421413864 0.3617021276595745 0.6650652024708305 0.4148936170212766 0.6606039807824297 0.45592705167173253
30 0.3009608785175017 0.5896656534954408 0.29615648592999316 0.6132218844984803 0.29547014413177763 0.6572948328267477 0.27831159917638987 0.7150455927051672 0.27831159917638987 0.7773556231003039 0.303363074811256 0.8031914893617021 0.32395332875772137 0.770516717325228 0.33321894303363075 0.7066869300911854 0.34317089910775567 0.6542553191489362 0.34625943719972546 0.6337386018237082 0.34317089910775567 0.601823708206687 0.3325326012354152 0.5881458966565349 0.31468771448181193 0.581306990881459
29 0.348318462594372 0.6063829787234043 0.34420041180507893 0.60790273556231 0.33802333562113934 0.6193009118541033 0.33630748112560055 0.6534954407294833 0.33768016472203155 0.6869300911854104 0.3304735758407687 0.736322188449848 0.3218943033630748 0.7796352583586627 0.3191489361702128 0.8016717325227963 0.32498284145504464 0.8320668693009119 0.34557309540150993 0.8427051671732523 0.3620452985586822 0.8161094224924013 0.3747426218256692 0.7773556231003039 0.38057652711050105 0.7066869300911854 0.38984214138641043 0.6603343465045592 0.3908716540837337 0.6367781155015197 0.3860672614962251 0.6025835866261399 0.36032944406314343 0.601823708206687
28 0.3877831159917639 0.6132218844984803 0.3798901853122855 0.6352583586626139 0.3785175017158545 0.6861702127659575 0.377831159917639 0.7917933130699089 0.3761153054221002 0.8358662613981763 0.3812628689087165 0.8647416413373861 0.39327385037748797 0.8708206686930091 0.3973919011667811 0.8358662613981763 0.4008236101578586 0.7651975683890577 0.4018531228551819 0.7051671732522796 0.4131777625257378 0.6542553191489362 0.4131777625257378 0.6375379939209727 0.40459849004804394 0.6208206686930091 0.394646533973919 0.6124620060790273
27 0.4118050789293068 0.6223404255319149 0.40288263555250514 0.6375379939209727 0.4008236101578586 0.6724924012158054 0.4001372683596431 0.7682370820668692 0.40288263555250514 0.8487841945288754 0.4142072752230611 0.8693009118541033 0.426904598490048 0.8472644376899696 0.4279341111873713 0.7811550151975684 0.4299931365820178 0.7256838905775076 0.4351407000686342 0.6717325227963525 0.4351407000686342 0.6519756838905775 0.43067947838023335 0.6352583586626139 0.4203843514070007 0.6185410334346505
26 0.4351407000686342 0.6025835866261399 0.4279341111873713 0.6253799392097265 0.42244337680164723 0.6641337386018237 0.42759094028826355 0.709726443768997 0.4351407000686342 0.8267477203647416 0.438229238160604 0.8670212765957447 0.44543582704186685 0.8958966565349544 0.46019217570350035 0.8814589665653495 0.4612216884008236 0.8199088145896657 0.4605353466026081 0.736322188449848 0.45401509951956076 0.6458966565349544 0.4474948524365134 0.6124620060790273
25 0.4612216884008236 0.601823708206687 0.45367192862045297 0.6162613981762918 0.4529855868222375 0.6512158054711246 0.4595058339052848 0.7477203647416414 0.4643102264927934 0.8343465045592705 0.46774193548387094 0.8860182370820668 0.4735758407687028 0.9004559270516718 0.48730267673301303 0.8860182370820668 0.48730267673301303 0.8586626139817629 0.48181194234728897 0.7537993920972644 0.4814687714481812 0.6800911854103343 0.4807824296499657 0.6375379939209727 0.4752916952642416 0.6109422492401215
24 0.4945092656142759 0.6109422492401215 0.48249828414550444 0.6109422492401215 0.47803706245710365 0.6170212765957447 0.4787234042553192 0.6884498480243161 0.48181194234728897 0.7750759878419453 0.4869595058339053 0.8693009118541033 0.4921070693205216 0.8913373860182371 0.5 0.8958966565349544 0.5030885380919699 0.8753799392097265 0.5030885380919699 0.7689969604863222 0.5003431708991077 0.648176291793313 0.5003431708991077 0.6132218844984803
16 0.5120109814687714 0.6170212765957447 0.5041180507892931 0.6162613981762918 0.5003431708991077 0.6246200607902735 0.5020590253946465 0.7583586626139818 0.5020590253946465 0.8472644376899696 0.5058339052848319 0.8791793313069909 0.514070006863418 0.8822188449848024 0.5195607412491421 0.8632218844984803 0.5199039121482498 0.7651975683890577 0.5205902539464653 0.682370820668693 0.5250514756348662 0.6268996960486323 0.5250514756348662 0.6185410334346505
17 0.5291695264241593 0.6109422492401215 0.51681537405628 0.6208206686930091 0.5161290322580645 0.6717325227963525 0.5188743994509266 0.7978723404255319 0.5188743994509266 0.8487841945288754 0.5199039121482498 0.8822188449848024 0.5281400137268359 0.9004559270516718 0.5380919698009609 0.8761398176291794 0.5401509951956074 0.8449848024316109 0.540837336993823 0.7332826747720365 0.546328071379547 0.6496960486322189 0.5446122168840082 0.6170212765957447 0.5363761153054221 0.6086626139817629
18 0.5521619766643788 0.6101823708206687 0.5446122168840082 0.6231003039513677 0.540837336993823 0.6846504559270516 0.5456417295813315 0.7712765957446809 0.5483870967741935 0.8761398176291794 0.5559368565545642 0.9019756838905775 0.5686341798215512 0.8852583586626139 0.5724090597117364 0.8031914893617021 0.5713795470144132 0.6945288753799392 0.5700068634179821 0.6474164133738601 0.5648592999313659 0.6170212765957447
19 0.5816746739876458 0.6124620060790273 0.5686341798215512 0.6337386018237082 0.5679478380233356 0.6580547112462006 0.5761839396019217 0.723404255319149 0.5778997940974605 0.8472644376899696 0.5809883321894304 0.8898176291793313 0.594028826355525 0.8943768996960486 0.6032944406314344 0.8761398176291794 0.6005490734385724 0.7788753799392097 0.5995195607412491 0.6785714285714286 0.6002059025394647 0.6390577507598785 0.5919698009608785 0.6162613981762918
20 0.5991763898421414 0.6162613981762918 0.594028826355525 0.6223404255319149 0.5909402882635553 0.6413373860182371 0.5995195607412491 0.6800911854103343 0.6070693205216198 0.7788753799392097 0.6125600549073439 0.8366261398176292 0.623541523678792 0.8708206686930091 0.6334934797529169 0.8525835866261399 0.6290322580645161 0.756079027355623 0.623541523678792 0.6785714285714286 0.6252573781743308 0.6185410334346505 0.6197666437886067 0.6041033434650456 0.6039807824296499 0.60790273556231
21 0.6225120109814688 0.5980243161094225 0.6177076183939602 0.60790273556231 0.6159917638984214 0.6375379939209727 0.6256005490734385 0.6861702127659575 0.632120796156486 0.7872340425531915 0.6568291008922443 0.8594224924012158 0.6856554564172959 0.8427051671732523 0.6894303363074811 0.7978723404255319 0.6736444749485244 0.7484802431610942 0.6664378860672615 0.6762917933130699 0.6702127659574468 0.6223404255319149 0.6588881262868909 0.5942249240121581
22 0.6660947151681538 0.5904255319148937 0.6544269045984901 0.6048632218844985 0.6585449553877831 0.6474164133738601 0.6743308167467399 0.6990881458966566 0.6894303363074811 0.7857142857142857 0.6976664378860673 0.817629179331307 0.7254632807137955 0.8054711246200608 0.730267673301304 0.7621580547112462 0.7258064516129032 0.6983282674772037 0.7134522992450241 0.6496960486322189 0.7079615648593 0.6063829787234043 0.7024708304735758 0.5775075987841946 0.6949210706932052 0.5721884498480243 0.681194234728895 0.5835866261398176