16 0.5080815179198875 0.6048632218844985 0.5256500351370345 0.6048632218844985 0.533380182712579 0.8328267477203647 0.5091356289529164 0.831306990881459 0.505621925509487 0.6930091185410334
17 0.5267041461700632 0.5987841945288754 0.5453267744202389 0.5987841945288754 0.5470836261419536 0.6428571428571429 0.5498945888966971 0.8434650455927052 0.533380182712579 0.8389057750759878 0.5256500351370345 0.6550151975683891
18 0.5460295151089248 0.5972644376899696 0.5692199578355587 0.5972644376899696 0.5765987350667604 0.8571428571428571 0.5527055516514406 0.851063829787234
19 0.5709768095572734 0.6109422492401215 0.5783555867884751 0.5934650455927052 0.5941672522839072 0.5949848024316109 0.5969782150386508 0.6428571428571429 0.600843288826423 0.8731003039513677 0.5811665495432186 0.8533434650455927 0.5720309205903021 0.6633738601823708
20 0.5906535488404778 0.5972644376899696 0.6156008432888265 0.5889057750759878 0.6201686577652846 0.6193009118541033 0.6286015460295151 0.8533434650455927 0.6061138439915671 0.851063829787234 0.5941672522839072 0.6854103343465046
21 0.6156008432888265 0.587386018237082 0.6553056921995783 0.5949848024316109 0.6784961349262122 0.8229483282674772 0.6359803232607167 0.8389057750759878 0.6201686577652846 0.6854103343465046
22 0.6535488404778637 0.5911854103343465 0.6661981728742095 0.5851063829787234 0.6921995783555868 0.5851063829787234 0.6978215038650738 0.6648936170212766 0.7238229093464511 0.8031914893617021 0.6837666900913563 0.8092705167173252 0.6644413211524948 0.7150455927051672 0.6563598032326071 0.6451367781155015
23 0.691496837666901 0.5775075987841946 0.7301475755446241 0.5433130699088146 0.7403373155305693 0.5729483282674772 0.7793394237526353 0.7393617021276596 0.7392832044975404 0.7811550151975684 0.696767392832045 0.6413373860182371
24 0.4869992972593113 0.5987841945288754 0.5080815179198875 0.5987841945288754 0.5080815179198875 0.6610942249240122 0.5063246661981728 0.8290273556231003 0.4880534082923401 0.8252279635258358 0.4859451862262825 0.7112462006079028
25 0.46556570625439214 0.5987841945288754 0.4813773717498243 0.5987841945288754 0.488756148981026 0.601063829787234 0.4898102600140548 0.8533434650455927 0.4711876317638791 0.8389057750759878 0.4648629655657063 0.6671732522796353
26 0.44342937456078707 0.5934650455927052 0.46661981728742097 0.5934650455927052 0.46661981728742097 0.6534954407294833 0.4648629655657063 0.8434650455927052 0.44342937456078707 0.8411854103343465 0.4427266338721012 0.6648936170212766
27 0.4230498945888967 0.601063829787234 0.4297259311314125 0.5889057750759878 0.4462403373155306 0.6132218844984803 0.44342937456078707 0.8487841945288754 0.4195361911454673 0.8487841945288754 0.4223471539002108 0.6747720364741642 0.41848208011243854 0.6390577507598785
28 0.39529163738580464 0.5911854103343465 0.4258608573436402 0.5911854103343465 0.43042867182009836 0.6291793313069909 0.41848208011243854 0.851063829787234 0.38791286015460297 0.8351063829787234 0.39529163738580464 0.7173252279635258 0.3945888966971188 0.6694528875379939 0.39002108222066056 0.6170212765957447
29 0.3527758257203092 0.5987841945288754 0.40196767392832045 0.5911854103343465 0.4026704146170063 0.6268996960486323 0.38510189739985945 0.8389057750759878 0.33345045678144764 0.8092705167173252 0.342586085734364 0.7507598784194529 0.3510189739985945 0.6648936170212766 0.34750527055516517 0.6329787234042553
30 0.3049894588896697 0.5889057750759878 0.35488404778636684 0.5934650455927052 0.33626141953619115 0.8252279635258358 0.28460997891777934 0.7872340425531915 0.3039353478566409 0.6694528875379939
8 0.5119465917076599 0.36930091185410335 0.5017568517217147 0.5592705167173252 0.5045678144764582 0.5714285714285714 0.5312719606465214 0.581306990881459 0.534082923401265 0.560790273556231 0.5323260716795503 0.4688449848024316 0.5295151089248068 0.3655015197568389
9 0.534082923401265 0.4308510638297872 0.5498945888966971 0.4308510638297872 0.5555165144061841 0.5433130699088146 0.5534082923401265 0.5775075987841946 0.5358397751229796 0.5729483282674772 0.533380182712579 0.5334346504559271
10 0.5544624033731553 0.41109422492401215 0.5748418833450457 0.4088145896656535 0.5765987350667604 0.5288753799392097 0.5758959943780745 0.5729483282674772 0.567463106113844 0.5851063829787234 0.5527055516514406 0.5531914893617021 0.5498945888966971 0.4969604863221885
11 0.5804638088545326 0.4148936170212766 0.5987350667603655 0.41717325227963525 0.600843288826423 0.5250759878419453 0.5997891777933942 0.5714285714285714 0.5878425860857344 0.5775075987841946 0.5702740688685874 0.5630699088145896 0.5702740688685874 0.5273556231003039
12 0.6026001405481377 0.40501519756838905 0.623682361208714 0.4072948328267477 0.6247364722417428 0.5531914893617021 0.6184118060435699 0.5752279635258358 0.5941672522839072 0.5668693009118541 0.5952213633169361 0.5250759878419453
13 0.6275474349964862 0.4194528875379939 0.6479269149683766 0.4209726443768997 0.6588193956430077 0.5493920972644377 0.6524947294448349 0.5790273556231003 0.6247364722417428 0.581306990881459 0.6212227687983134 0.5531914893617021
14 0.6588193956430077 0.3913373860182371 0.6718200983836964 0.3731003039513678 0.6802529866479269 0.4012158054711246 0.6921995783555868 0.5554711246200608 0.6813070976809558 0.5752279635258358 0.6598735066760365 0.5752279635258358 0.6588193956430077 0.5569908814589666
15 0.6820098383696416 0.37537993920972645 0.6978215038650738 0.3609422492401216 0.7069571328179901 0.385258358662614 0.7283907238229094 0.5273556231003039 0.6960646521433591 0.5691489361702128 0.6886858749121574 0.5493920972644377
0 0.47786366830639493 0.385258358662614 0.4880534082923401 0.3670212765957447 0.494378074490513 0.3829787234042553 0.5028109627547435 0.5668693009118541 0.4711876317638791 0.5729483282674772 0.4711876317638791 0.547112462006079
1 0.4564300773014758 0.439209726443769 0.47505270555165147 0.439209726443769 0.4729444834855938 0.560790273556231 0.45748418833450455 0.5752279635258358 0.4479971890372453 0.5509118541033434
2 0.43534785664089953 0.4308510638297872 0.45080815179198874 0.4308510638297872 0.45537596626844695 0.541033434650456 0.44342937456078707 0.5752279635258358 0.43042867182009836 0.5668693009118541
3 0.4111033028812368 0.4331306990881459 0.43534785664089953 0.4331306990881459 0.43710470836261417 0.5531914893617021 0.421293042867182 0.5775075987841946 0.40548137737174983 0.5653495440729484 0.40548137737174983 0.5091185410334347
4 0.3759662684469431 0.3670212765957447 0.39353478566408995 0.3768996960486322 0.41215741391426564 0.5592705167173252 0.39177793394237526 0.5851063829787234 0.3826423049894589 0.5752279635258358 0.3798313422347154 0.4908814589665654
5 0.35664089950808153 0.3708206686930091 0.3713984539704849 0.37537993920972645 0.38334504567814476 0.5790273556231003 0.3527758257203092 0.5828267477203647 0.3453970484891075 0.5729483282674772 0.34645115952213634 0.506838905775076
6 0.32501756851721714 0.3655015197568389 0.34469430780042165 0.3670212765957447 0.34750527055516517 0.5729483282674772 0.32782853127196065 0.587386018237082 0.3085031623330991 0.5691489361702128 0.3039353478566409 0.5509118541033434 0.31131412508784256 0.49544072948328266
7 0.29093464511595224 0.3829787234042553 0.31763879128601546 0.3829787234042553 0.3123682361208714 0.5630699088145896 0.2955024595924104 0.5828267477203647 0.28074490513000705 0.5630699088145896 0.26774420238931834 0.5531914893617021 0.26879831342234717 0.5212765957446809