0 0.5230125523012552 0.3982712765957447 0.5237099023709902 0.5837765957446809 0.5129009762900977 0.5944148936170213 0.4916317991631799 0.5837765957446809 0.49721059972105996 0.4913563829787234 0.5034867503486751 0.3882978723404255
1 0.48430962343096234 0.3882978723404255 0.5045327754532776 0.38430851063829785 0.49616457461645747 0.5299202127659575 0.4905857740585774 0.5771276595744681 0.47419804741980476 0.5771276595744681 0.46687587168758715 0.5558510638297872 0.4679218967921897 0.5279255319148937
2 0.4595536959553696 0.3829787234042553 0.4808228730822873 0.3809840425531915 0.4724546722454672 0.5472074468085106 0.4696652719665272 0.569813829787234 0.45502092050209203 0.5837765957446809 0.4410739191073919 0.5545212765957447 0.4410739191073919 0.5279255319148937
3 0.42294281729428174 0.37898936170212766 0.44595536959553694 0.37433510638297873 0.4382845188284519 0.48404255319148937 0.44037656903765693 0.5452127659574468 0.42294281729428174 0.5684840425531915 0.4072524407252441 0.5352393617021277 0.4117852161785216 0.49800531914893614
4 0.35495118549511856 0.3650265957446808 0.398884239888424 0.3650265957446808 0.401673640167364 0.4720744680851064 0.4089958158995816 0.5139627659574468 0.39609483960948394 0.538563829787234 0.38598326359832635 0.538563829787234 0.3723849372384937 0.5452127659574468 0.36854951185495116 0.538563829787234 0.353207810320781 0.5332446808510638 0.350418410041841 0.5086436170212766 0.35390516039051606 0.47007978723404253
8 0.5282426778242678 0.39694148936170215 0.545676429567643 0.3916223404255319 0.551255230125523 0.5259308510638298 0.5540446304044631 0.5910904255319149 0.5219665271966527 0.5910904255319149 0.5230125523012552 0.5492021276595744
9 0.550557880055788 0.3896276595744681 0.5641562064156206 0.3896276595744681 0.5760111576011158 0.5226063829787234 0.5777545327754533 0.5771276595744681 0.5578800557880056 0.5824468085106383 0.5550906555090656 0.5492021276595744
10 0.5760111576011158 0.3829787234042553 0.5934449093444909 0.3829787234042553 0.5951882845188284 0.4913563829787234 0.6073919107391911 0.5591755319148937 0.5951882845188284 0.5751329787234043 0.5777545327754533 0.5664893617021277 0.5788005578800558 0.511968085106383
11 0.599023709902371 0.38430851063829785 0.6154114365411436 0.38430851063829785 0.6220362622036262 0.4913563829787234 0.6328451882845189 0.5438829787234043 0.6248256624825662 0.5644946808510638 0.6052998605299861 0.5545212765957447 0.599023709902371 0.5053191489361702
12 0.6300557880055788 0.38430851063829785 0.6384239888423989 0.3583776595744681 0.6541143654114365 0.3723404255319149 0.6569037656903766 0.5086436170212766 0.6603905160390516 0.5352393617021277 0.6586471408647141 0.5558510638297872 0.6485355648535565 0.5611702127659575 0.6401673640167364 0.5591755319148937 0.6293584379358438 0.5438829787234043 0.6283124128312413 0.48404255319148937
13 0.6624825662482566 0.3636968085106383 0.6900278940027894 0.35106382978723405 0.700836820083682 0.45811170212765956 0.7109483960948396 0.5279255319148937 0.7074616457461645 0.5472074468085106 0.697350069735007 0.5558510638297872 0.6907252440725244 0.5558510638297872 0.6760808926080892 0.5591755319148937 0.6642259414225942 0.5492021276595744 0.6603905160390516 0.5212765957446809 0.6624825662482566 0.48404255319148937
16 0.5156903765690377 0.6156914893617021 0.5292887029288703 0.6083776595744681 0.5421896792189679 0.6190159574468085 0.5383542538354253 0.6748670212765957 0.547768479776848 0.8098404255319149 0.5275453277545328 0.807845744680851 0.5209205020920502 0.7220744680851063 0.5191771269177127 0.660904255319149
24 0.49337517433751743 0.6190159574468085 0.5118549511854951 0.6070478723404256 0.5181311018131102 0.6223404255319149 0.5156903765690377 0.6875 0.5219665271966527 0.8111702127659575 0.49721059972105996 0.8151595744680851 0.4989539748953975 0.7347074468085106
17 0.5404463040446305 0.6170212765957447 0.5557880055788006 0.6070478723404256 0.5631101813110181 0.6190159574468085 0.5641562064156206 0.648936170212766 0.5679916317991632 0.8025265957446809 0.551255230125523 0.8065159574468085 0.5411436541143654 0.7101063829787234
18 0.5613668061366807 0.6136968085106383 0.5725244072524407 0.5997340425531915 0.5871687587168759 0.6070478723404256 0.5899581589958159 0.6382978723404256 0.5917015341701534 0.7101063829787234 0.6000697350069735 0.8045212765957447 0.5788005578800558 0.8111702127659575 0.5714783821478382 0.7779255319148937
19 0.5878661087866108 0.6156914893617021 0.592747559274756 0.5944148936170213 0.6028591352859135 0.5857712765957447 0.6136680613668062 0.5964095744680851 0.6182008368200836 0.6276595744680851 0.6349372384937239 0.8025265957446809 0.6080892608089261 0.8151595744680851 0.5951882845188284 0.7167553191489362
20 0.6136680613668062 0.6030585106382979 0.6175034867503487 0.5837765957446809 0.6248256624825662 0.5877659574468085 0.6300557880055788 0.5738031914893617 0.6457461645746164 0.5857712765957447 0.6771269177126917 0.7586436170212766 0.6725941422594143 0.7872340425531915 0.6513249651324965 0.7832446808510638 0.6300557880055788 0.6941489361702128
25 0.47315202231520226 0.6256648936170213 0.4898884239888424 0.6170212765957447 0.49546722454672243 0.6402925531914894 0.4898884239888424 0.8251329787234043 0.4640864714086471 0.8218085106382979 0.46582984658298465 0.7220744680851063
26 0.4476987447698745 0.6190159574468085 0.4605997210599721 0.6017287234042553 0.47419804741980476 0.6223404255319149 0.4686192468619247 0.6888297872340425 0.4595536959553696 0.8397606382978723 0.4309623430962343 0.8251329787234043 0.4431659693165969 0.6821808510638298
27 0.4191073919107392 0.6117021276595744 0.4309623430962343 0.5997340425531915 0.449442119944212 0.6117021276595744 0.4476987447698745 0.6555851063829787 0.42642956764295675 0.8238031914893617 0.39609483960948394 0.8218085106382979 0.4089958158995816 0.6974734042553191
28 0.3926080892608089 0.5977393617021277 0.40446304044630405 0.5877659574468085 0.4191073919107392 0.6103723404255319 0.4117852161785216 0.6855053191489362 0.3852859135285914 0.8111702127659575 0.3493723849372385 0.7799202127659575 0.36506276150627615 0.6875
29 0.3493723849372385 0.5718085106382979 0.3577405857740586 0.5631648936170213 0.37517433751743373 0.5751329787234043 0.3926080892608089 0.5910904255319149 0.37796373779637377 0.660904255319149 0.3263598326359833 0.7799202127659575 0.2880055788005579 0.7327127659574468 0.30369595536959554 0.6835106382978723
30 0.29707112970711297 0.5558510638297872 0.3117154811715481 0.519281914893617 0.3291492329149233 0.5279255319148937 0.3486750348675035 0.5591755319148937 0.34309623430962344 0.6050531914893617 0.29253835425383545 0.7446808510638298 0.2615062761506276 0.7101063829787234 0.2834728033472803 0.6190159574468085