0 0.49605168700646085 0.425531914893617 0.4942569992821249 0.44756838905775076 0.4942569992821249 0.4825227963525836 0.49784637473079685 0.5235562310030395 0.5046661880832735 0.560790273556231 0.5068198133524767 0.5919452887537994 0.505743000717875 0.628419452887538 0.49605168700646085 0.6512158054711246 0.477745872218234 0.6512158054711246 0.47092605886575734 0.6428571428571429 0.4687724335965542 0.6162613981762918 0.4687724335965542 0.5645896656534954 0.4687724335965542 0.4969604863221885 0.4687724335965542 0.44376899696048633 0.4748743718592965 0.4209726443768997
1 0.4619526202440775 0.4209726443768997 0.4619526202440775 0.446048632218845 0.4619526202440775 0.4810030395136778 0.4619526202440775 0.5113981762917933 0.46518305814788224 0.5775075987841946 0.4680545585068198 0.6041033434650456 0.4680545585068198 0.628419452887538 0.4486719310839914 0.6329787234042553 0.44077530509691315 0.6185410334346505 0.44077530509691315 0.5775075987841946 0.44077530509691315 0.5281155015197568 0.44364680545585067 0.46048632218844987 0.44364680545585067 0.4270516717325228
2 0.4253409906676238 0.4209726443768997 0.42426417803302224 0.43541033434650456 0.42928930366116297 0.4848024316109423 0.4339554917444365 0.5159574468085106 0.43898061737257715 0.5585106382978723 0.4396984924623116 0.5934650455927052 0.4379038047379756 0.6185410334346505 0.4282124910265614 0.6405775075987842 0.41852117731514715 0.6390577507598785 0.4134960516870065 0.6124620060790273 0.4117013639626705 0.581306990881459 0.40882986360373297 0.5440729483282675 0.4077530509691314 0.4749240121580547 0.4066762383345298 0.42325227963525835 0.4106245513280689 0.4088145896656535
3 0.3969849246231156 0.4209726443768997 0.3962670495333812 0.45592705167173253 0.39985642498205315 0.4908814589665654 0.40954773869346733 0.5364741641337386 0.4134960516870065 0.5630699088145896 0.41277817659727206 0.5980243161094225 0.4030868628858579 0.6246200607902735 0.3872936109117014 0.628419452887538 0.3815506101938263 0.5995440729483282 0.3826274228284279 0.5509118541033434 0.3826274228284279 0.5098784194528876 0.3797559224694903 0.4582066869300912 0.3786791098348887 0.42325227963525835
4 0.37293610911701364 0.4270516717325228 0.37293610911701364 0.45592705167173253 0.3768844221105528 0.4848024316109423 0.38047379755922467 0.5075987841945289 0.3826274228284279 0.5319148936170213 0.38334529791816224 0.5585106382978723 0.3844221105527638 0.581306990881459 0.3786791098348887 0.60790273556231 0.36719310839913855 0.6246200607902735 0.35750179468772436 0.6162613981762918 0.3535534816941852 0.5714285714285714 0.3603732950466619 0.5319148936170213 0.36324479540559945 0.4870820668693009 0.3621679827709978 0.4521276595744681 0.3621679827709978 0.4209726443768997
5 0.34960516870064606 0.41717325227963525 0.34960516870064606 0.4338905775075988 0.35247666905958364 0.45592705167173253 0.3582196697774587 0.5030395136778115 0.3592964824120603 0.5463525835866262 0.3582196697774587 0.5835866261398176 0.3485283560660445 0.6101823708206687 0.3370423546302943 0.6124620060790273 0.32447954055994255 0.587386018237082 0.32160804020100503 0.560790273556231 0.32519741564967697 0.5197568389057751 0.33488872936109115 0.4642857142857143 0.33596554199569273 0.4194528875379939 0.3417085427135678 0.3905775075987842
6 0.33201722900215364 0.42325227963525835 0.33022254127781764 0.44984802431610943 0.32627422828427854 0.4825227963525836 0.3223259152907394 0.513677811550152 0.3176597272074659 0.5440729483282675 0.31478822684852836 0.5585106382978723 0.3079684134960517 0.5752279635258358 0.3018664752333094 0.587386018237082 0.2914572864321608 0.5691489361702128 0.28356066044508255 0.540273556231003 0.27961234745154345 0.5174772036474165 0.2875089734386217 0.4886018237082067 0.2972002871500359 0.46048632218844987 0.30402010050251255 0.4270516717325228 0.3126346015793252 0.3943768996960486 0.32160804020100503 0.3822188449848024 0.3280689160086145 0.3905775075987842
8 0.5172290021536252 0.425531914893617 0.5125628140703518 0.46048632218844987 0.5125628140703518 0.4810030395136778 0.5114860014357502 0.5319148936170213 0.5107681263460158 0.5668693009118541 0.5107681263460158 0.601823708206687 0.5154343144292893 0.6223404255319149 0.5262024407753051 0.6306990881458967 0.5387652548456568 0.6344984802431611 0.544508255563532 0.6200607902735562 0.5416367552045944 0.5919452887537994 0.5387652548456568 0.5569908814589666 0.5387652548456568 0.4992401215805471 0.5398420674802584 0.44148936170212766 0.5405599425699928 0.41717325227963525
9 0.5531227566403446 0.3966565349544073 0.5466618808327351 0.4521276595744681 0.544508255563532 0.5113981762917933 0.544508255563532 0.5691489361702128 0.5473797559224695 0.6185410334346505 0.5649676956209619 0.6405775075987842 0.5707106963388371 0.6124620060790273 0.5735821966977745 0.5509118541033434 0.5678391959798995 0.5030395136778115 0.5649676956209619 0.45440729483282677 0.5660445082555635 0.4027355623100304
10 0.5832735104091888 0.4209726443768997 0.5775305096913137 0.44756838905775076 0.5707106963388371 0.5258358662613982 0.5707106963388371 0.5585106382978723 0.5757358219669777 0.6162613981762918 0.5843503230437904 0.6474164133738601 0.592964824120603 0.6200607902735562 0.5940416367552046 0.5379939209726444 0.592964824120603 0.4726443768996961 0.5958363244795406 0.4209726443768997
11 0.6008614501076812 0.4270516717325228 0.5987078248384781 0.4703647416413374 0.5969131371141422 0.5220364741641338 0.5951184493898062 0.5524316109422492 0.5940416367552046 0.5934650455927052 0.6066044508255564 0.628419452887538 0.6213208901651113 0.6246200607902735 0.6220387652548457 0.5691489361702128 0.6191672648959081 0.513677811550152 0.6213208901651113 0.4726443768996961 0.6213208901651113 0.42933130699088146 0.615218951902369 0.41717325227963525
12 0.6231155778894473 0.4399696048632219 0.6231155778894473 0.4969604863221885 0.6231155778894473 0.5463525835866262 0.6231155778894473 0.5691489361702128 0.6270638908829863 0.6101823708206687 0.6346015793251975 0.6185410334346505 0.6503948312993539 0.6139817629179332 0.6521895190236898 0.5858662613981763 0.6532663316582915 0.5440729483282675 0.6475233309404164 0.4703647416413374 0.6446518305814788 0.42933130699088146 0.6328068916008615 0.4004559270516717 0.6259870782483847 0.4027355623100304
13 0.6521895190236898 0.3860182370820669 0.6446518305814788 0.4004559270516717 0.6424982053122756 0.425531914893617 0.6424982053122756 0.4870820668693009 0.6475233309404164 0.5645896656534954 0.656137832017229 0.60790273556231 0.6744436468054559 0.601823708206687 0.6812634601579325 0.5691489361702128 0.6805455850681982 0.5174772036474165 0.6704953338119167 0.45440729483282677
14 0.6737257717157215 0.3943768996960486 0.6744436468054559 0.44148936170212766 0.6841349605168701 0.5197568389057751 0.6909547738693468 0.560790273556231 0.700646087580761 0.5790273556231003 0.7142857142857143 0.5630699088145896 0.7239770279971285 0.5379939209726444 0.7229002153625269 0.5015197568389058 0.7142857142857143 0.4642857142857143 0.7056712132089017 0.4316109422492401 0.698851399856425 0.4088145896656535 0.6891600861450108 0.3799392097264438 0.6862885857860732 0.3617021276595745 0.676597272074659 0.3655015197568389
16 0.5251256281407035 0.8138297872340425 0.5211773151471644 0.7537993920972644 0.5183058147882269 0.7188449848024316 0.5172290021536252 0.6838905775075987 0.5193826274228285 0.6550151975683891 0.5319454414931802 0.6550151975683891 0.5376884422110553 0.6679331306990881 0.5376884422110553 0.6945288753799392 0.5376884422110553 0.723404255319149 0.5369705671213209 0.7537993920972644 0.5369705671213209 0.7849544072948328 0.5369705671213209 0.8199088145896657 0.5369705671213209 0.8465045592705167 0.5262024407753051 0.8548632218844985
17 0.5524048815506102 0.6550151975683891 0.542713567839196 0.6656534954407295 0.5398420674802584 0.6922492401215805 0.5398420674802584 0.723404255319149 0.5369705671213209 0.8092705167173252 0.5337401292175161 0.8503039513677811 0.5358937544867193 0.8898176291793313 0.548456568557071 0.8670212765957447 0.548456568557071 0.8199088145896657 0.5524048815506102 0.7621580547112462 0.5563531945441493 0.723404255319149 0.5620961952620244 0.6633738601823708
18 0.5735821966977745 0.6595744680851063 0.5649676956209619 0.6945288753799392 0.5638908829863604 0.7150455927051672 0.5628140703517588 0.7393617021276596 0.5628140703517588 0.7644376899696048 0.5628140703517588 0.7948328267477204 0.5628140703517588 0.8320668693009119 0.5696338837042355 0.8753799392097265 0.5786073223259153 0.8898176291793313 0.5814788226848528 0.8419452887537994 0.5832735104091888 0.7993920972644377 0.5861450107681263 0.7583586626139818 0.5861450107681263 0.7044072948328267
19 0.5951184493898062 0.6618541033434651 0.5861450107681263 0.6800911854103343 0.5825556353194544 0.7104863221884499 0.5843503230437904 0.75 0.591170136396267 0.8031914893617021 0.5951184493898062 0.8525835866261399 0.5997846374730796 0.8685410334346505 0.6066044508255564 0.8153495440729484 0.6076812634601579 0.7621580547112462 0.6094759511844939 0.6960486322188449 0.613424264178033 0.6679331306990881
20 0.6123474515434314 0.6800911854103343 0.6087580760947595 0.6983282674772037 0.6087580760947595 0.7165653495440729 0.6105527638190955 0.7621580547112462 0.6213208901651113 0.8092705167173252 0.6299353912419239 0.8586626139817629 0.6378320172290022 0.8624620060790273 0.6424982053122756 0.8054711246200608 0.6435750179468772 0.743920972644377 0.6435750179468772 0.7044072948328267 0.6407035175879398 0.6861702127659575
21 0.6704953338119167 0.6367781155015197 0.6378320172290022 0.6474164133738601 0.6328068916008615 0.6679331306990881 0.6385498923187365 0.6945288753799392 0.6482412060301508 0.7378419452887538 0.6503948312993539 0.770516717325228 0.6532663316582915 0.8031914893617021 0.6618808327351041 0.8343465045592705 0.6744436468054559 0.8275075987841946 0.6870064608758076 0.8153495440729484 0.6880832735104092 0.7887537993920972 0.6834170854271356 0.7583586626139818 0.6773151471643934 0.729483282674772 0.676597272074659 0.708966565349544
22 0.7085427135678392 0.6101823708206687 0.6920315865039484 0.6124620060790273 0.6726489590811199 0.6268996960486323 0.6669059583632448 0.6474164133738601 0.6726489590811199 0.675531914893617 0.7056712132089017 0.7598784194528876 0.7103374012921752 0.7788753799392097 0.7200287150035893 0.7864741641337386 0.7386934673366834 0.7948328267477204 0.7404881550610194 0.7682370820668692 0.7347451543431442 0.7310030395136778 0.7268485283560661 0.6960486322188449 0.7229002153625269 0.675531914893617
24 0.5125628140703518 0.8586626139817629 0.5154343144292893 0.8138297872340425 0.5172290021536252 0.7393617021276596 0.5172290021536252 0.708966565349544 0.5193826274228285 0.6633738601823708 0.5086145010768126 0.6534954407294833 0.49605168700646085 0.6633738601823708 0.4949748743718593 0.6838905775075987 0.49605168700646085 0.7188449848024316 0.49605168700646085 0.756079027355623 0.4971284996410625 0.7887537993920972 0.49784637473079685 0.817629179331307
25 0.4892318736539842 0.6633738601823708 0.4737975592246949 0.6633738601823708 0.47164393395549176 0.6884498480243161 0.47272074659009333 0.7332826747720365 0.47954055994257 0.7887537993920972 0.47954055994257 0.8358662613981763 0.4910265613783202 0.8936170212765957 0.4989231873653984 0.8358662613981763 0.4949748743718593 0.7864741641337386 0.49318018664752333 0.7393617021276596 0.49318018664752333 0.6922492401215805
26 0.45226130653266333 0.6740121580547113 0.44544149318018667 0.7066869300911854 0.44544149318018667 0.7378419452887538 0.44472361809045224 0.7743161094224924 0.4486719310839914 0.8259878419452887 0.457286432160804 0.8829787234042553 0.46410624551328067 0.8936170212765957 0.4687724335965542 0.8358662613981763 0.47092605886575734 0.7644376899696048 0.47164393395549176 0.708966565349544 0.4680545585068198 0.682370820668693 0.46590093323761667 0.6679331306990881
27 0.42318736539842067 0.6633738601823708 0.41457286432160806 0.6740121580547113 0.41277817659727206 0.702887537993921 0.41457286432160806 0.75 0.41457286432160806 0.797112462006079 0.41457286432160806 0.8685410334346505 0.42605886575735824 0.8829787234042553 0.4357501794687724 0.8031914893617021 0.4475951184493898 0.729483282674772 0.4486719310839914 0.6960486322188449 0.44364680545585067 0.6800911854103343
28 0.39231873653984206 0.6633738601823708 0.38837042354630297 0.6922492401215805 0.38837042354630297 0.75 0.38837042354630297 0.8009118541033434 0.3901651112706389 0.8563829787234043 0.39806173725771715 0.8647416413373861 0.4048815506101938 0.7864741641337386 0.4106245513280689 0.7332826747720365 0.41564967695620963 0.6838905775075987 0.4030868628858579 0.6694528875379939
29 0.36324479540559945 0.6451367781155015 0.34565685570710697 0.6618541033434651 0.3388370423546303 0.708966565349544 0.3388370423546303 0.756079027355623 0.33488872936109115 0.8009118541033434 0.34565685570710697 0.8259878419452887 0.36324479540559945 0.8092705167173252 0.3707824838478105 0.7720364741641338 0.38047379755922467 0.7249240121580547 0.39231873653984206 0.6740121580547113 0.38944723618090454 0.6451367781155015
30 0.30294328786791097 0.7887537993920972 0.3108399138549892 0.770516717325228 0.3194544149318019 0.7416413373860182 0.32914572864321606 0.7044072948328267 0.34386216798277097 0.6633738601823708 0.35247666905958364 0.6451367781155015 0.33488872936109115 0.6246200607902735 0.30868628858578606 0.6041033434650456 0.2989949748743719 0.6367781155015197 0.2921751615218952 0.6922492401215805 0.28068916008614503 0.743920972644377 0.2699210337401292 0.7788753799392097