0 0.4645748987854251 0.5512295081967213 0.49696356275303644 0.5543032786885246 0.4898785425101215 0.30225409836065575 0.47115384615384615 0.305327868852459 0.4686234817813765 0.4969262295081967
1 0.44129554655870445 0.5399590163934426 0.4665991902834008 0.548155737704918 0.46305668016194335 0.2930327868852459 0.4392712550607287 0.30020491803278687
2 0.4175101214574899 0.5245901639344263 0.4240890688259109 0.5399590163934426 0.44281376518218624 0.5399590163934426 0.44635627530364375 0.5256147540983607 0.444331983805668 0.4426229508196721 0.43775303643724695 0.29200819672131145 0.41295546558704455 0.29200819672131145 0.42054655870445345 0.42725409836065575
3 0.395748987854251 0.3391393442622951 0.39878542510121456 0.5184426229508197 0.409919028340081 0.5307377049180327 0.4230769230769231 0.5133196721311475 0.42813765182186236 0.48668032786885246 0.41143724696356276 0.30020491803278687 0.39473684210526316 0.319672131147541
4 0.375 0.33811475409836067 0.37955465587044535 0.4969262295081967 0.37601214574898784 0.5276639344262295 0.39271255060728744 0.5327868852459017 0.4033400809716599 0.5122950819672131 0.4033400809716599 0.47848360655737704 0.3937246963562753 0.32889344262295084
5 0.3466599190283401 0.3463114754098361 0.34463562753036436 0.4487704918032787 0.3395748987854251 0.4948770491803279 0.33805668016194335 0.5204918032786885 0.3557692307692308 0.5327868852459017 0.3643724696356275 0.5338114754098361 0.38208502024291496 0.5276639344262295 0.3805668016194332 0.48155737704918034 0.3734817813765182 0.4456967213114754 0.36791497975708504 0.3391393442622951
6 0.30870445344129555 0.35348360655737704 0.31224696356275305 0.430327868852459 0.30465587044534415 0.4774590163934426 0.3026315789473684 0.507172131147541 0.30718623481781376 0.5256147540983607 0.32135627530364375 0.5286885245901639 0.3274291497975709 0.5286885245901639 0.3390688259109312 0.5327868852459017 0.34058704453441296 0.48258196721311475 0.33704453441295545 0.44364754098360654 0.3274291497975709 0.3411885245901639
7 0.2742914979757085 0.3555327868852459 0.270748987854251 0.4426229508196721 0.2687246963562753 0.47848360655737704 0.2687246963562753 0.5020491803278688 0.27378542510121456 0.5194672131147541 0.28643724696356276 0.5245901639344263 0.3016194331983806 0.5235655737704918 0.30364372469635625 0.4733606557377049 0.3066801619433198 0.41700819672131145 0.30111336032388664 0.3350409836065574
8 0.4934210526315789 0.3155737704918033 0.49139676113360325 0.5594262295081968 0.520242914979757 0.5594262295081968 0.5086032388663968 0.30020491803278687
9 0.5222672064777328 0.3073770491803279 0.5197368421052632 0.555327868852459 0.5440283400809717 0.5491803278688525 0.5374493927125507 0.2899590163934426 0.513663967611336 0.30327868852459017
10 0.5425101214574899 0.28790983606557374 0.5404858299595142 0.5194672131147541 0.5475708502024291 0.5286885245901639 0.5592105263157895 0.5327868852459017 0.5668016194331984 0.5235655737704918 0.5602226720647774 0.41700819672131145 0.555161943319838 0.2899590163934426
11 0.5607287449392713 0.28688524590163933 0.555161943319838 0.5020491803278688 0.5592105263157895 0.5133196721311475 0.5647773279352226 0.514344262295082 0.5668016194331984 0.5348360655737705 0.5804655870445344 0.5286885245901639 0.5824898785425101 0.48463114754098363 0.5784412955465587 0.2786885245901639
12 0.5860323886639676 0.29200819672131145 0.5743927125506073 0.47848360655737704 0.5728744939271255 0.5081967213114754 0.5819838056680162 0.514344262295082 0.5855263157894737 0.5276639344262295 0.5976720647773279 0.5245901639344263 0.6027327935222672 0.4918032786885246 0.6027327935222672 0.4057377049180328 0.6062753036437247 0.2838114754098361 0.5931174089068826 0.2899590163934426
13 0.611336032388664 0.28790983606557374 0.5936234817813765 0.4487704918032787 0.5910931174089069 0.48155737704918034 0.5956477732793523 0.4979508196721312 0.604757085020243 0.5092213114754098 0.6108299595141701 0.5133196721311475 0.6290485829959515 0.514344262295082 0.6351214574898786 0.47438524590163933 0.6310728744939271 0.4354508196721312 0.6336032388663968 0.2735655737704918
14 0.6361336032388664 0.29405737704918034 0.6265182186234818 0.44364754098360654 0.6280364372469636 0.4733606557377049 0.6336032388663968 0.49385245901639346 0.6406882591093117 0.5102459016393442 0.6568825910931174 0.5092213114754098 0.6659919028340081 0.5051229508196722 0.6644736842105263 0.46311475409836067 0.6538461538461539 0.26331967213114754
15 0.6568825910931174 0.2766393442622951 0.6553643724696356 0.4077868852459016 0.6594129554655871 0.45184426229508196 0.6659919028340081 0.4692622950819672 0.666497975708502 0.492827868852459 0.6771255060728745 0.5051229508196722 0.6857287449392713 0.49385245901639346 0.6938259109311741 0.48770491803278687 0.7034412955465587 0.46311475409836067 0.6993927125506073 0.430327868852459 0.6847165991902834 0.35963114754098363 0.6892712550607287 0.26844262295081966
16 0.4908906882591093 0.5840163934426229 0.5075910931174089 0.5788934426229508 0.5040485829959515 0.7202868852459017 0.49190283400809715 0.7202868852459017
17 0.506578947368421 0.576844262295082 0.527834008097166 0.5788934426229508 0.5192307692307693 0.7489754098360656 0.5035425101214575 0.742827868852459
18 0.5242914979757085 0.5706967213114754 0.5445344129554656 0.5604508196721312 0.5480769230769231 0.6219262295081968 0.5541497975708503 0.8217213114754098 0.5339068825910931 0.8309426229508197
19 0.5475708502024291 0.5799180327868853 0.5399797570850202 0.5973360655737705 0.5465587044534413 0.6280737704918032 0.5501012145748988 0.8329918032786885 0.5647773279352226 0.8401639344262295 0.5683198380566802 0.6782786885245902 0.569838056680162 0.6055327868852459 0.5703441295546559 0.5665983606557377 0.555161943319838 0.5686475409836066
20 0.5657894736842105 0.5686475409836066 0.5571862348178138 0.5973360655737705 0.5632591093117408 0.6280737704918032 0.5779352226720648 0.7663934426229508 0.5880566801619433 0.764344262295082 0.5905870445344129 0.617827868852459 0.5880566801619433 0.5635245901639344 0.5748987854251012 0.5635245901639344
21 0.5986842105263158 0.5594262295081968 0.582995951417004 0.5594262295081968 0.5784412955465587 0.5870901639344263 0.5850202429149798 0.6311475409836066 0.5875506072874493 0.6864754098360656 0.6098178137651822 0.7766393442622951 0.6437246963562753 0.7592213114754098 0.6351214574898786 0.6629098360655737 0.6275303643724697 0.6168032786885246 0.6305668016194332 0.5942622950819673 0.6300607287449392 0.5450819672131147 0.6103238866396761 0.5532786885245902
22 0.652834008097166 0.5450819672131147 0.6300607287449392 0.555327868852459 0.617914979757085 0.5594262295081968 0.6255060728744939 0.6096311475409836 0.6361336032388664 0.6526639344262295 0.6553643724696356 0.7592213114754098 0.6907894736842105 0.742827868852459 0.6786437246963563 0.6434426229508197 0.6710526315789473 0.5747950819672131 0.6690283400809717 0.5461065573770492
24 0.46963562753036436 0.5840163934426229 0.4883603238866397 0.5747950819672131 0.4908906882591093 0.6157786885245902 0.47874493927125505 0.7551229508196722 0.46710526315789475 0.7551229508196722
25 0.45394736842105265 0.5819672131147541 0.47621457489878544 0.576844262295082 0.4665991902834008 0.7602459016393442 0.4569838056680162 0.7592213114754098
26 0.4326923076923077 0.7971311475409836 0.4316801619433198 0.6331967213114754 0.4326923076923077 0.5635245901639344 0.4564777327935223 0.5758196721311475 0.451417004048583 0.6506147540983607 0.4559716599190283 0.8206967213114754
27 0.40536437246963564 0.7971311475409836 0.4089068825910931 0.6280737704918032 0.409919028340081 0.5840163934426229 0.42105263157894735 0.5747950819672131 0.4316801619433198 0.5973360655737705 0.4326923076923077 0.6434426229508197 0.42105263157894735 0.7961065573770492
28 0.38461538461538464 0.7766393442622951 0.3901821862348178 0.6331967213114754 0.38866396761133604 0.5901639344262295 0.4033400809716599 0.5747950819672131 0.416497975708502 0.5860655737704918 0.41295546558704455 0.6280737704918032 0.395748987854251 0.7889344262295082
29 0.32540485829959515 0.7838114754098361 0.3390688259109312 0.6772540983606558 0.347165991902834 0.6311475409836066 0.3491902834008097 0.5717213114754098 0.37449392712550605 0.5655737704918032 0.3901821862348178 0.5717213114754098 0.39878542510121456 0.5819672131147541 0.38461538461538464 0.6362704918032787 0.3658906882591093 0.7858606557377049
30 0.2859311740890688 0.7735655737704918 0.2975708502024291 0.6608606557377049 0.30465587044534415 0.6075819672131147 0.30516194331983804 0.5747950819672131 0.3269230769230769 0.5635245901639344 0.3466599190283401 0.5706967213114754 0.3532388663967611 0.5747950819672131 0.34463562753036436 0.6362704918032787 0.30718623481781376 0.7899590163934426
31 0.2611336032388664 0.7295081967213115 0.2631578947368421 0.6280737704918032 0.2631578947368421 0.5512295081967213 0.26720647773279355 0.5491803278688525 0.29959514170040485 0.5491803278688525 0.31781376518218624 0.5594262295081968 0.3001012145748988 0.625 0.2925101214574899 0.7438524590163934