0 0.49444829979181126 0.3434650455927052 0.4892435808466343 0.5037993920972644 0.4892435808466343 0.5729483282674772 0.4712005551700208 0.5775075987841946 0.45454545454545453 0.5775075987841946 0.45107564191533656 0.5661094224924013 0.4500346981263012 0.5486322188449848 0.4531575294934074 0.513677811550152 0.45697432338653715 0.34802431610942247
1 0.4580152671755725 0.33814589665653494 0.45489243580846633 0.4703647416413374 0.4541984732824427 0.5212765957446809 0.4489937543372658 0.567629179331307 0.4361554476058293 0.5714285714285714 0.42748091603053434 0.5577507598784195 0.42678695350451074 0.540273556231003 0.42748091603053434 0.5227963525835866 0.4253990284524636 0.49848024316109424 0.4340735600277585 0.3465045592705167
2 0.41880638445523943 0.33358662613981765 0.4250520471894518 0.4787234042553192 0.42748091603053434 0.5106382978723404 0.42748091603053434 0.5357142857142857 0.417765440666204 0.5699088145896657 0.41013185287994447 0.5775075987841946 0.40458015267175573 0.5721884498480243 0.39902845246356694 0.5577507598784195 0.3941707147814018 0.540273556231003 0.39382373351839 0.5220364741641338 0.3941707147814018 0.49240121580547114 0.39139486467730744 0.4194528875379939 0.3948646773074254 0.34194528875379937
3 0.3823733518390007 0.34802431610942247 0.39208882720333105 0.3898176291793313 0.3945176960444136 0.42325227963525835 0.3948646773074254 0.46504559270516715 0.39937543372657874 0.479483282674772 0.40180430256766136 0.4969604863221885 0.4031922276197085 0.5091185410334347 0.4031922276197085 0.5387537993920972 0.40145732130464956 0.5585106382978723 0.39590562109646077 0.567629179331307 0.38792505204718947 0.5683890577507599 0.3823733518390007 0.5668693009118541 0.3789035392088827 0.5638297872340425 0.37369882026370577 0.5585106382978723 0.3712699514226232 0.5569908814589666 0.3653712699514226 0.5493920972644377 0.36328938237335184 0.5372340425531915 0.3650242886884108 0.526595744680851 0.3695350451075642 0.5030395136778115 0.369882026370576 0.48328267477203646 0.3653712699514226 0.35030395136778114 0.3795975017349063 0.34422492401215804
4 0.35079805690492716 0.33358662613981765 0.36328938237335184 0.3966565349544073 0.36814712005551703 0.4430091185410334 0.3695350451075642 0.4969604863221885 0.3743927827897294 0.5075987841945289 0.37716863289382374 0.5227963525835866 0.37612768910478833 0.5440729483282675 0.3705759888965996 0.5554711246200608 0.3674531575294934 0.5615501519756839 0.36224843858431643 0.5645896656534954 0.3563497571131159 0.5661094224924013 0.3535739070090215 0.5645896656534954 0.35010409437890355 0.5592705167173252 0.3431644691186676 0.5493920972644377 0.3410825815405968 0.5387537993920972 0.3428174878556558 0.5113981762917933 0.3410825815405968 0.4490881458966565 0.3379597501734906 0.34498480243161095
5 0.3278972935461485 0.33282674772036475 0.3386537126995142 0.4209726443768997 0.34420541290770296 0.4886018237082067 0.3466342817487856 0.520516717325228 0.34559333795975017 0.5478723404255319 0.33587786259541985 0.5539513677811551 0.32061068702290074 0.5569908814589666 0.3063844552394171 0.5592705167173252 0.29875086745315754 0.5501519756838906 0.2963219986120749 0.5227963525835866 0.29840388619014574 0.4946808510638298 0.2997918112421929 0.4270516717325228 0.3015267175572519 0.33966565349544076
6 0.28591256072172105 0.33966565349544076 0.2786259541984733 0.3974164133738602 0.2591950034698126 0.46504559270516715 0.2477446217904233 0.49620060790273557 0.24843858431644691 0.520516717325228 0.2550312283136711 0.5326747720364742 0.2643997224149896 0.5288753799392097 0.2734212352532963 0.5372340425531915 0.27966689798750866 0.547112462006079 0.2883414295628036 0.5478723404255319 0.2959750173490632 0.5379939209726444 0.29875086745315754 0.526595744680851 0.2997918112421929 0.48632218844984804 0.3001387925052047 0.425531914893617 0.3011797362942401 0.3373860182370821
7 0.2598889659958362 0.30775075987841943 0.2369882026370576 0.3776595744680851 0.21582234559333796 0.4126139817629179 0.21478140180430258 0.44680851063829785 0.21998612074947954 0.479483282674772 0.22761970853573907 0.49848024316109424 0.24392782789729356 0.5022796352583586 0.25260235947258847 0.49164133738601823 0.26162387231089523 0.4627659574468085 0.2789729354614851 0.3943768996960486 0.2873004857737682 0.33206686930091184
8 0.49687716863289383 0.33966565349544076 0.48820263705759886 0.506838905775076 0.48820263705759886 0.5706686930091185 0.5176960444136016 0.5714285714285714 0.5232477446217905 0.5668693009118541 0.5235947258848023 0.5395136778115501 0.5242886884108258 0.4810030395136778 0.5298403886190146 0.34574468085106386
9 0.5294934073560028 0.33814589665653494 0.5235947258848023 0.5083586626139818 0.5218598195697433 0.5699088145896657 0.5364330326162388 0.5737082066869301 0.5520471894517696 0.5683890577507599 0.554823039555864 0.5531914893617021 0.5555170020818876 0.520516717325228 0.5537820957668286 0.3472644376899696
10 0.5645385149201944 0.3305471124620061 0.5551700208188758 0.4612462006079027 0.5541290770298404 0.5212765957446809 0.5544760582928522 0.5592705167173252 0.5610687022900763 0.5820668693009119 0.5704371963913949 0.5828267477203647 0.5815405968077724 0.574468085106383 0.5874392782789729 0.5516717325227963 0.5895211658570437 0.5319148936170213 0.5850104094378904 0.5091185410334347 0.5863983344899375 0.3860182370820669 0.5895211658570437 0.31534954407294835 0.5669673837612769 0.31382978723404253
11 0.6013185287994448 0.31382978723404253 0.5895211658570437 0.4612462006079027 0.5832755031228314 0.49772036474164133 0.5818875780707842 0.5220364741641338 0.5832755031228314 0.5379939209726444 0.5863983344899375 0.5585106382978723 0.5912560721721027 0.574468085106383 0.594031922276197 0.5767477203647416 0.6016655100624566 0.5797872340425532 0.6124219292158224 0.5729483282674772 0.6190145732130465 0.5562310030395137 0.6186675919500347 0.5417933130699089 0.6162387231089521 0.5106382978723404 0.6155447605829285 0.479483282674772 0.6204024982650936 0.3290273556231003
12 0.6263011797362943 0.33282674772036475 0.6169326856349757 0.4612462006079027 0.6110340041637752 0.5091185410334347 0.607911172796669 0.5455927051671733 0.6099930603747398 0.5554711246200608 0.6193615544760583 0.5683890577507599 0.6266481609993061 0.5721884498480243 0.6342817487855655 0.5721884498480243 0.6433032616238723 0.567629179331307 0.6467730742539903 0.5539513677811551 0.6474670367800138 0.5319148936170213 0.6478140180430256 0.5007598784194529 0.6443442054129077 0.33358662613981765
13 0.6467730742539903 0.33206686930091184 0.6474670367800138 0.4878419452887538 0.6478140180430256 0.5448328267477204 0.6474670367800138 0.5577507598784195 0.6571825121443442 0.5706686930091185 0.6769604441360166 0.5706686930091185 0.6939625260235948 0.5547112462006079 0.6977793199167245 0.5433130699088146 0.6977793199167245 0.5220364741641338 0.6956974323386537 0.49848024316109424 0.6845940319222762 0.41793313069908816 0.6741845940319223 0.3290273556231003
14 0.676266481609993 0.33206686930091184 0.6922276197085357 0.4726443768996961 0.6963913948646773 0.5045592705167173 0.6977793199167245 0.5311550151975684 0.7015961138098543 0.5486322188449848 0.7092297015961138 0.5577507598784195 0.7189451769604441 0.5569908814589666 0.7265787647467037 0.5524316109422492 0.734559333795975 0.5357142857142857 0.7421929215822346 0.5106382978723404 0.7390700902151284 0.49012158054711247 0.7088827203331021 0.36854103343465044 0.6988202637057599 0.32370820668693007
15 0.7185981956974323 0.3290273556231003 0.7633587786259542 0.4034954407294833 0.7692574600971548 0.4194528875379939 0.7678695350451076 0.43617021276595747 0.7657876474670368 0.45592705167173253 0.7643997224149895 0.4810030395136778 0.7605829285218598 0.4969604863221885 0.7522553782095767 0.5007598784194529 0.7463566967383761 0.5 0.7401110340041638 0.493161094224924 0.703678001387925 0.34802431610942247
16 0.49236641221374045 0.5866261398176292 0.49340735600277585 0.6405775075987842 0.49236641221374045 0.790273556231003 0.5124913254684247 0.7879939209726444 0.5149201943095073 0.6367781155015197 0.5163081193615545 0.5889057750759878
17 0.5159611380985427 0.5866261398176292 0.5135322692574601 0.7370820668693009 0.5107564191533657 0.7963525835866262 0.5294934073560028 0.7948328267477204 0.5371269951422624 0.6496960486322189 0.5409437890353921 0.5942249240121581
18 0.5430256766134629 0.5889057750759878 0.5395558639833449 0.6155015197568389 0.5343511450381679 0.702887537993921 0.5333102012491325 0.8237082066869301 0.5624566273421235 0.8320668693009119 0.5645385149201944 0.6664133738601824 0.5673143650242887 0.6367781155015197 0.5673143650242887 0.6094224924012158 0.5607217210270645 0.5904255319148937 0.5520471894517696 0.5828267477203647
19 0.5739070090215128 0.5851063829787234 0.5666204024982651 0.6086626139817629 0.5704371963913949 0.6405775075987842 0.5704371963913949 0.7332826747720365 0.5746009715475364 0.8358662613981763 0.6030534351145038 0.8297872340425532 0.5981956974323387 0.6641337386018237 0.6020124913254684 0.6261398176291794 0.6013185287994448 0.6025835866261399 0.5905621096460791 0.5843465045592705 0.5860513532269257 0.581306990881459
20 0.6065232477446217 0.5820668693009119 0.5992366412213741 0.5972644376899696 0.602706453851492 0.6162613981762918 0.6020124913254684 0.6382978723404256 0.6075641915336571 0.8297872340425532 0.6367106176266482 0.8237082066869301 0.6360166551006246 0.6474164133738601 0.6426092990978487 0.6086626139817629 0.6363636363636364 0.587386018237082 0.6269951422623178 0.5843465045592705 0.6169326856349757 0.5805471124620061
22 0.6630811936155447 0.5820668693009119 0.6523247744621791 0.587386018237082 0.6509368494101319 0.6109422492401215 0.6554476058292852 0.6451367781155015 0.6655100624566274 0.6641337386018237 0.703678001387925 0.7659574468085106 0.71235253296322 0.7773556231003039 0.7342123525329632 0.7462006079027356 0.7113115891741846 0.6306990881458967 0.705412907702984 0.5987841945288754 0.7015961138098543 0.5653495440729484 0.6887578070784177 0.5585106382978723 0.676266481609993 0.574468085106383
23 0.7473976405274115 0.5296352583586627 0.7543372657876475 0.5569908814589666 0.7571131158917418 0.5919452887537994 0.7720333102012491 0.6299392097264438 0.785912560721721 0.6724924012158054 0.7758501040943789 0.7059270516717325 0.7435808466342817 0.6846504559270516 0.7168632893823733 0.6253799392097265 0.7074947952810549 0.6101823708206687 0.7022900763358778 0.5623100303951368 0.710617626648161 0.5547112462006079 0.7217210270645386 0.5592705167173252 0.7314365024288688 0.5448328267477204 0.7394170714781402 0.5326747720364742
24 0.49201943095072864 0.5851063829787234 0.49375433726578766 0.6793313069908815 0.49306037473976405 0.7895136778115501 0.46877168632893823 0.791033434650456 0.47085357390700905 0.6428571428571429 0.47085357390700905 0.587386018237082
25 0.47085357390700905 0.5866261398176292 0.47085357390700905 0.6998480243161094 0.47015961138098544 0.8039513677811551 0.4458709229701596 0.8009118541033434 0.4455239417071478 0.6580547112462006 0.44656488549618323 0.6276595744680851 0.4448299791811242 0.5911854103343465 0.4583622484385843 0.5851063829787234
26 0.43684941013185286 0.5797872340425532 0.4455239417071478 0.5927051671732523 0.4458709229701596 0.6314589665653495 0.4448299791811242 0.6808510638297872 0.4448299791811242 0.8381458966565349 0.4174184594031922 0.8282674772036475 0.4163775156141568 0.702887537993921 0.4201943095072866 0.6405775075987842 0.4181124219292158 0.6231003039513677 0.4205412907702984 0.5965045592705167 0.42817487855655795 0.5820668693009119
27 0.4167244968771686 0.5828267477203647 0.4205412907702984 0.6025835866261399 0.4250520471894518 0.6109422492401215 0.4198473282442748 0.6352583586626139 0.4170714781401804 0.6740121580547113 0.41498959056210966 0.8381458966565349 0.3823733518390007 0.8290273556231003 0.38723108952116586 0.7196048632218845 0.3941707147814018 0.64209726443769 0.39174184594031924 0.621580547112462 0.3948646773074254 0.5934650455927052 0.40041637751561415 0.5828267477203647 0.4111727966689799 0.5797872340425532
28 0.38549618320610685 0.5759878419452887 0.3754337265787647 0.5706686930091185 0.3660652324774462 0.5843465045592705 0.36328938237335184 0.5995440729483282 0.36433032616238725 0.6268996960486323 0.3608605135322693 0.6846504559270516 0.35079805690492716 0.7727963525835866 0.34594031922276197 0.8009118541033434 0.3667591950034698 0.817629179331307 0.3886190145732131 0.6983282674772037 0.39174184594031924 0.6451367781155015 0.39625260235947257 0.6291793313069909 0.40180430256766136 0.6063829787234043 0.40145732130464956 0.5843465045592705 0.3945176960444136 0.5767477203647416
29 0.3410825815405968 0.567629179331307 0.3289382373351839 0.5729483282674772 0.32199861207494795 0.5797872340425532 0.32061068702290074 0.5919452887537994 0.32199861207494795 0.6056231003039514 0.32269257460097156 0.6200607902735562 0.32130464954892435 0.6405775075987842 0.29528105482303957 0.7348024316109423 0.28417765440666204 0.7689969604863222 0.3036086051353227 0.8016717325227963 0.3195697432338654 0.8024316109422492 0.33414295628036084 0.791033434650456 0.3518390006939625 0.7469604863221885 0.36016655100624567 0.6869300911854104 0.36433032616238725 0.6352583586626139 0.3691880638445524 0.6193009118541033 0.37300485773768216 0.5980243161094225 0.37404580152671757 0.5858662613981763 0.37196391394864675 0.5759878419452887 0.36398334489937545 0.5721884498480243 0.3570437196391395 0.5752279635258358 0.34871616932685634 0.567629179331307
30 0.3060374739764053 0.567629179331307 0.28764746703678 0.5615501519756839 0.2758501040943789 0.5638297872340425 0.2727272727272727 0.5797872340425532 0.26613462873004856 0.6306990881458967 0.24566273421235255 0.7218844984802432 0.2546842470506593 0.7537993920972644 0.27203331020124916 0.7553191489361702 0.29458709229701596 0.7211246200607903 0.3140180430256766 0.6512158054711246 0.3244274809160305 0.6086626139817629 0.3285912560721721 0.5896656534954408 0.33067314365024286 0.5706686930091185 0.3237335183900069 0.5623100303951368 0.3136710617626648 0.5668693009118541
31 0.22866065232477445 0.5091185410334347 0.21859819569743233 0.547112462006079 0.21686328938237334 0.5904255319148937 0.19604441360166552 0.6656534954407295 0.18841082581540597 0.682370820668693 0.20159611380985426 0.7013677811550152 0.21721027064538515 0.709726443768997 0.23976405274115198 0.6861702127659575 0.25711311589174185 0.64209726443769 0.27203331020124916 0.5881458966565349 0.2765440666204025 0.5691489361702128 0.2782789729354615 0.5539513677811551 0.27550312283136713 0.5440729483282675 0.26925746009715473 0.5357142857142857 0.2623178348369188 0.5311550151975684 0.25294934073560027 0.5326747720364742 0.24739764052741153 0.5303951367781155 0.24323386537126995 0.513677811550152 0.2383761276891048 0.5083586626139818