0 0.4825408618127786 0.3047112462006079 0.4814264487369985 0.3191489361702128 0.48031203566121844 0.3731003039513678 0.47659732540861816 0.4331306990881459 0.475482912332838 0.4810030395136778 0.4862555720653789 0.5189969604863222 0.5029717682020802 0.5151975683890577 0.5078008915304606 0.4688449848024316 0.5096582466567607 0.41717325227963525 0.5096582466567607 0.38069908814589665 0.5078008915304606 0.3427051671732523 0.5048291233283804 0.30927051671732525 0.5 0.27887537993920974
1 0.45690936106983654 0.2993920972644377 0.45022288261515603 0.3351063829787234 0.4442793462109955 0.439209726443769 0.44539375928677566 0.4908814589665654 0.4591381872213967 0.5151975683890577 0.46953937592867756 0.48936170212765956 0.47659732540861816 0.40501519756838905 0.48551263001485884 0.33282674772036475 0.47473997028231796 0.27887537993920974 0.46173848439821696 0.26671732522796354
2 0.4364784546805349 0.3130699088145897 0.4297919762258544 0.33282674772036475 0.42570579494799404 0.4072948328267477 0.42199108469539376 0.4969604863221885 0.4364784546805349 0.5311550151975684 0.44910846953937594 0.4946808510638298 0.45690936106983654 0.4566869300911854 0.46693907875185736 0.4270516717325228 0.4591381872213967 0.35106382978723405 0.4539375928677563 0.2933130699088146 0.4483655274888559 0.2750759878419453
3 0.4138187221396731 0.3191489361702128 0.4101040118870728 0.364741641337386 0.40044576523031206 0.4452887537993921 0.3915304606240713 0.5030395136778115 0.4023031203566122 0.5531914893617021 0.4238484398216939 0.5288753799392097 0.4297919762258544 0.4787234042553192 0.43536404160475484 0.4148936170212766 0.4323922734026746 0.3069908814589666 0.42459138187221396 0.27887537993920974
4 0.3952451708766716 0.2826747720364742 0.3926448736998514 0.32674772036474165 0.3818722139673105 0.418693009118541 0.3681277860326895 0.4870820668693009 0.36701337295690933 0.5227963525835866 0.387444279346211 0.5433130699088146 0.4011887072808321 0.5227963525835866 0.40416047548291234 0.4566869300911854 0.40713224368499257 0.3966565349544073 0.4160475482912333 0.3229483282674772 0.41679049034175336 0.2750759878419453
5 0.3562407132243685 0.2750759878419453 0.34063893016344726 0.331306990881459 0.32800891530460624 0.3890577507598784 0.32392273402674593 0.45288753799392095 0.32317979197622587 0.5091185410334347 0.3298662704309064 0.5387537993920972 0.3447251114413076 0.5433130699088146 0.36218424962852896 0.5372340425531915 0.3651560178306092 0.4908814589665654 0.3640416047548291 0.41717325227963525 0.3699851411589896 0.3609422492401216 0.37184249628528976 0.30927051671732525
6 0.30237741456166417 0.30319148936170215 0.30052005943536403 0.3069908814589666 0.2800891530460624 0.418693009118541 0.2771173848439822 0.4688449848024316 0.29680534918276374 0.5273556231003039 0.3209509658246657 0.4870820668693009 0.3220653789004458 0.4331306990881459 0.3291233283803863 0.3670212765957447 0.3261515601783061 0.3229483282674772 0.31426448736998513 0.29711246200607905
8 0.513744427934621 0.29711246200607905 0.5196879643387816 0.3252279635258359 0.5107726597325408 0.5129179331306991 0.5167161961367014 0.5212765957446809 0.5304606240713224 0.5053191489361702 0.5352897473997028 0.46504559270516715 0.5401188707280832 0.4209726443768997 0.5460624071322436 0.3411854103343465 0.549034175334324 0.2773556231003039 0.5312035661218425 0.2629179331306991
9 0.5575780089153046 0.2826747720364742 0.5538632986627043 0.29711246200607905 0.5468053491827637 0.3829787234042553 0.5419762258543833 0.4513677811550152 0.5419762258543833 0.5007598784194529 0.5538632986627043 0.5250759878419453 0.5676077265973254 0.5129179331306991 0.5683506686478454 0.4749240121580547 0.5683506686478454 0.4247720364741641 0.5683506686478454 0.3487841945288754 0.5713224368499257 0.2826747720364742 0.5653789004457652 0.26671732522796354
10 0.5910104011887073 0.2591185410334346 0.5820950965824666 0.2933130699088146 0.576151560178306 0.331306990881459 0.5742942050520059 0.39285714285714285 0.5742942050520059 0.4430091185410334 0.5731797919762258 0.5030395136778115 0.5820950965824666 0.5250759878419453 0.5958395245170877 0.5167173252279635 0.6025260029717682 0.47720364741641336 0.6025260029717682 0.4270516717325228 0.5995542347696879 0.3609422492401216 0.5995542347696879 0.30927051671732525
11 0.6162704309063893 0.2689969604863222 0.6095839524517088 0.28495440729483285 0.6054977711738484 0.3168693009118541 0.5995542347696879 0.3890577507598784 0.5988112927191679 0.43465045592705165 0.6095839524517088 0.506838905775076 0.6173848439821694 0.5212765957446809 0.6263001485884101 0.5091185410334347 0.6300148588410104 0.4673252279635258 0.6311292719167905 0.418693009118541 0.6311292719167905 0.37537993920972645 0.6311292719167905 0.3130699088145897 0.62518573551263 0.2826747720364742
12 0.6389301634472511 0.2750759878419453 0.637815750371471 0.29103343465045595 0.6341010401188707 0.331306990881459 0.6233283803863299 0.3913373860182371 0.6281575037147102 0.4908814589665654 0.6389301634472511 0.5189969604863222 0.6526745913818722 0.5151975683890577 0.6604754829123328 0.4810030395136778 0.6575037147102526 0.4209726443768997 0.6563893016344725 0.3670212765957447 0.6575037147102526 0.3290273556231003 0.6552748885586924 0.2712765957446808
13 0.6682763744427934 0.28495440729483285 0.6690193164933135 0.3130699088145897 0.6690193164933135 0.3411854103343465 0.6660475482912332 0.38677811550151975 0.6604754829123328 0.44680851063829785 0.662332838038633 0.4870820668693009 0.6797919762258544 0.5189969604863222 0.6994799405646359 0.5129179331306991 0.7083952451708767 0.4848024316109423 0.7054234769687965 0.4308510638297872 0.7031946508172363 0.3708206686930091 0.7061664190193165 0.3290273556231003 0.6946508172362555 0.2872340425531915 0.6790490341753344 0.2712765957446808
14 0.712109955423477 0.27279635258358664 0.7102526002971769 0.310790273556231 0.7102526002971769 0.4148936170212766 0.7102526002971769 0.47112462006079026 0.7277117384843982 0.5106382978723404 0.7473997028231798 0.493161094224924 0.7455423476968797 0.45288753799392095 0.7444279346210996 0.41717325227963525 0.7444279346210996 0.3487841945288754 0.7395988112927192 0.29711246200607905 0.7239970282317979 0.2712765957446808
15 0.7552005943536404 0.23100303951367782 0.7462852897473997 0.23100303951367782 0.7403417533432393 0.24316109422492402 0.7395988112927192 0.3009118541033435 0.7403417533432393 0.3533434650455927 0.7492570579494799 0.418693009118541 0.7678306092124815 0.4270516717325228 0.7726597325408618 0.40501519756838905 0.774888558692422 0.36930091185410335 0.7719167904903418 0.30927051671732525 0.7618870728083209 0.2629179331306991
16 0.5185735512630015 0.7446808510638298 0.513744427934621 0.7249240121580547 0.5048291233283804 0.6732522796352584 0.4921991084695394 0.601063829787234 0.49405646359583955 0.5569908814589666 0.5066864784546805 0.5531914893617021 0.5174591381872214 0.5668693009118541 0.5174591381872214 0.6109422492401215 0.5263744427934621 0.6747720364741642 0.537147102526003 0.7272036474164134 0.5390044576523031 0.7606382978723404 0.525260029717682 0.7712765957446809
17 0.5419762258543833 0.7530395136778115 0.5352897473997028 0.7272036474164134 0.525260029717682 0.6572948328267477 0.5215453194650818 0.5927051671732523 0.5204309063893017 0.5630699088145896 0.5334323922734027 0.5547112462006079 0.5438335809806835 0.5889057750759878 0.5438335809806835 0.6268996960486323 0.5430906389301634 0.668693009118541 0.549034175334324 0.7348024316109423 0.5546062407132244 0.7872340425531915 0.5460624071322436 0.7872340425531915
18 0.5724368499257058 0.7788753799392097 0.5616641901931649 0.7606382978723404 0.549034175334324 0.6831306990881459 0.5460624071322436 0.6329787234042553 0.5460624071322436 0.581306990881459 0.5468053491827637 0.5509118541033434 0.5538632986627043 0.5448328267477204 0.5683506686478454 0.5592705167173252 0.5713224368499257 0.5987841945288754 0.5731797919762258 0.6306990881458967 0.5820950965824666 0.6968085106382979 0.5839524517087668 0.7507598784194529 0.5839524517087668 0.7750759878419453 0.5809806835066865 0.7887537993920972
19 0.5995542347696879 0.7826747720364742 0.5969539375928677 0.7606382978723404 0.5820950965824666 0.6709726443768997 0.5783803863298663 0.6033434650455927 0.5791233283803864 0.5691489361702128 0.5880386329866271 0.5448328267477204 0.6017830609212481 0.5531914893617021 0.6036404160475483 0.5987841945288754 0.6077265973254086 0.6572948328267477 0.6192421991084696 0.7226443768996961 0.6289004457652303 0.7712765957446809 0.6311292719167905 0.8047112462006079 0.6095839524517088 0.8047112462006079
20 0.6448736998514116 0.7948328267477204 0.6348439821693908 0.776595744680851 0.6095839524517088 0.6747720364741642 0.6066121842496285 0.5949848024316109 0.6077265973254086 0.5569908814589666 0.6210995542347697 0.5433130699088146 0.6407875185735513 0.6033434650455927 0.6467310549777118 0.6747720364741642 0.6604754829123328 0.7492401215805471 0.6653046062407132 0.7872340425531915 0.6526745913818722 0.8092705167173252
21 0.6768202080237742 0.7651975683890577 0.6653046062407132 0.7066869300911854 0.6545319465081724 0.6268996960486323 0.6396731054977711 0.5706686930091185 0.6467310549777118 0.541033434650456 0.6671619613670133 0.541033434650456 0.6946508172362555 0.5531914893617021 0.6976225854383358 0.601063829787234 0.7061664190193165 0.6793313069908815 0.7139673105497771 0.7408814589665653
22 0.7336552748885586 0.7188449848024316 0.7306835066864784 0.7006079027355623 0.7031946508172363 0.6451367781155015 0.6905646359583952 0.5889057750759878 0.6953937592867756 0.5531914893617021 0.7132243684992571 0.5326747720364742 0.7317979197622585 0.5311550151975684 0.7377414561664191 0.5706686930091185 0.7533432392273403 0.6268996960486323 0.7689450222882616 0.7051671732522796 0.7641158989598811 0.7332826747720365 0.7414561664190193 0.743161094224924
23 0.7864041604754829 0.689209726443769 0.7774888558692422 0.6747720364741642 0.7589153046062407 0.6367781155015197 0.7492570579494799 0.5729483282674772 0.7600297176820208 0.5486322188449848 0.7696879643387816 0.5372340425531915 0.7864041604754829 0.5349544072948328 0.8020059435364042 0.5706686930091185 0.8276374442793462 0.6246200607902735 0.8068350668647846 0.6671732522796353
24 0.49814264487369986 0.7727963525835866 0.4933135215453195 0.7272036474164134 0.4892273402674591 0.6968085106382979 0.48031203566121844 0.6428571428571429 0.47771173848439824 0.6048632218844985 0.47659732540861816 0.547112462006079 0.487369985141159 0.5448328267477204 0.5018573551263001 0.5851063829787234 0.5029717682020802 0.6466565349544073 0.512630014858841 0.702887537993921 0.5174591381872214 0.756838905775076 0.5156017830609212 0.7887537993920972 0.5029717682020802 0.8047112462006079
25 0.4814264487369985 0.7826747720364742 0.47473997028231796 0.7887537993920972 0.4658246656760773 0.7310030395136778 0.4609955423476969 0.6907294832826748 0.45690936106983654 0.6512158054711246 0.4509658246656761 0.5828267477203647 0.4580237741456166 0.5630699088145896 0.46953937592867756 0.5630699088145896 0.4825408618127786 0.6329787234042553 0.4862555720653789 0.689209726443769 0.4903417533432392 0.7530395136778115 0.49517087667161963 0.7933130699088146
26 0.46285289747399705 0.797112462006079 0.46285289747399705 0.7211246200607903 0.4591381872213967 0.6428571428571429 0.4539375928677563 0.6170212765957447 0.45022288261515603 0.5790273556231003 0.44539375928677566 0.560790273556231 0.43164933135215455 0.5486322188449848 0.4297919762258544 0.5653495440729484 0.43164933135215455 0.6048632218844985 0.43164933135215455 0.6512158054711246 0.4364784546805349 0.7173252279635258 0.4442793462109955 0.776595744680851 0.45022288261515603 0.7948328267477204
27 0.41901931649331353 0.7887537993920972 0.4238484398216939 0.7651975683890577 0.43164933135215455 0.6793313069908815 0.4208766716196137 0.5949848024316109 0.413075780089153 0.5729483282674772 0.4034175334323923 0.5691489361702128 0.38670133729569095 0.5987841945288754 0.39338781575037146 0.6648936170212766 0.39338781575037146 0.702887537993921 0.40044576523031206 0.7606382978723404
28 0.38558692421991086 0.8092705167173252 0.38670133729569095 0.7553191489361702 0.3885586924219911 0.6732522796352584 0.38670133729569095 0.6208206686930091 0.3789004457652303 0.5790273556231003 0.36887072808320953 0.5790273556231003 0.3525260029717682 0.6109422492401215 0.35809806835066865 0.6808510638297872 0.3610698365527489 0.7348024316109423 0.3699851411589896 0.791033434650456
29 0.29271916790490343 0.7788753799392097 0.30534918276374445 0.7591185410334347 0.32689450222882616 0.6869300911854104 0.34843982169390786 0.6147416413373861 0.3298662704309064 0.5767477203647416 0.3190936106983655 0.5729483282674772 0.29271916790490343 0.6231003039513677 0.2867756315007429 0.6451367781155015 0.27228826151560176 0.6793313069908815 0.2674591381872214 0.6907294832826748 0.2596582466567608 0.7127659574468085 0.2652303120356612 0.7492401215805471
30 0.22919762258543833 0.7150455927051672 0.24405646359583952 0.6930091185410334 0.27340267459138184 0.6413373860182371 0.2975482912332838 0.5927051671732523 0.30349182763744426 0.5630699088145896 0.2867756315007429 0.547112462006079 0.26151560178306094 0.5250759878419453 0.2362555720653789 0.6109422492401215 0.2225111441307578 0.6147416413373861 0.20468053491827637 0.6451367781155015 0.20690936106983654 0.6793313069908815 0.21768202080237742 0.7006079027355623