0 0.5058587211248745 0.5288753799392097 0.5071978573819886 0.5911854103343465 0.4854368932038835 0.601823708206687 0.4780716437897556 0.5828267477203647 0.48074991630398395 0.4992401215805471 0.4840977569467693 0.42325227963525835 0.48476732507532644 0.364741641337386 0.4854368932038835 0.31534954407294835 0.5008369601606963 0.2948328267477204 0.5065282892534315 0.38069908814589665
1 0.4596585202544359 0.4908814589665654 0.4549715433545363 0.5098784194528876 0.452293270840308 0.5668693009118541 0.46601941747572817 0.5889057750759878 0.4787412119183127 0.5767477203647416 0.4827586206896552 0.5083586626139818 0.4864412453967191 0.42021276595744683 0.48778038165383325 0.3662613981762918 0.48911951791094743 0.30623100303951367 0.4871108135252762 0.2682370820668693 0.4774020756611985 0.2613981762917933 0.46601941747572817 0.27583586626139817 0.4596585202544359 0.33282674772036475 0.4613324405758286 0.39969604863221886
2 0.43454971543354537 0.48936170212765956 0.43120187479075994 0.5258358662613982 0.4332105791764312 0.5623100303951368 0.4395714763977235 0.5828267477203647 0.4529628389688651 0.581306990881459 0.46601941747572817 0.5547112462006079 0.4673585537328423 0.49240121580547114 0.46534984934717105 0.4308510638297872 0.46903247405423504 0.3533434650455927 0.464680281218614 0.27279635258358664 0.45764981586876463 0.2553191489361702 0.4382323401406093 0.27887537993920974 0.4338801473049883 0.3168693009118541 0.43521928356210243 0.4308510638297872
3 0.4117843990626046 0.49772036474164133 0.4101104787412119 0.5493920972644377 0.4221627050552394 0.5767477203647416 0.4368932038834951 0.560790273556231 0.44526280549045866 0.5653495440729484 0.45430197522597926 0.5151975683890577 0.4512889186474724 0.44072948328267475 0.4512889186474724 0.385258358662614 0.4512889186474724 0.3252279635258359 0.4486106461332441 0.3009118541033435 0.4439236692333445 0.27887537993920974 0.43521928356210243 0.2682370820668693 0.42618011382658183 0.29027355623100304 0.41513223970539004 0.45972644376899696
4 0.39705390023434883 0.47720364741641336 0.38868429862738535 0.5167173252279635 0.4017408771342484 0.5577507598784195 0.4221627050552394 0.5448328267477204 0.43187144291931706 0.4946808510638298 0.43756277201205224 0.39893617021276595 0.43622363575493805 0.32142857142857145 0.43454971543354537 0.2712765957446808 0.42551054569802477 0.256838905775076 0.41379310344827586 0.26595744680851063 0.4074322062269836 0.31534954407294835
24 0.5021760964178105 0.6162613981762918 0.4994978239035822 0.6572948328267477 0.5015065282892535 0.7492401215805471 0.5008369601606963 0.8016717325227963 0.49414127887512554 0.8252279635258358 0.48577167726816206 0.7978723404255319 0.4840977569467693 0.6983282674772037 0.4787412119183127 0.6268996960486323 0.4774020756611985 0.5987841945288754
25 0.460328088382993 0.6132218844984803 0.4589889521258788 0.6443768996960486 0.4633411449614998 0.7826747720364742 0.4620020087043857 0.8191489361702128 0.46903247405423504 0.8442249240121581 0.481419484432541 0.8297872340425532 0.4827586206896552 0.7621580547112462 0.4827586206896552 0.6702127659574468 0.4820890525610981 0.6147416413373861 0.47171074656846335 0.6063829787234043
26 0.44526280549045866 0.601823708206687 0.43890190826916636 0.6048632218844985 0.43521928356210243 0.6291793313069909 0.435554067626381 0.6907294832826748 0.43120187479075994 0.7697568389057751 0.43120187479075994 0.817629179331307 0.43454971543354537 0.8533434650455927 0.44358888516906597 0.8662613981762918 0.4556411114830934 0.8381458966565349 0.45831938399732175 0.7272036474164134 0.46267157683294274 0.6322188449848024 0.4556411114830934 0.60790273556231
27 0.42015400066956815 0.5858662613981763 0.4131235353197188 0.5957446808510638 0.4117843990626046 0.6732522796352584 0.40475393371275525 0.756838905775076 0.39973217274857714 0.8031914893617021 0.4074322062269836 0.8586626139817629 0.42718446601941745 0.8328267477203647 0.4332105791764312 0.7348024316109423 0.4395714763977235 0.668693009118541 0.44526280549045866 0.6117021276595744 0.43890190826916636 0.5896656534954408 0.4291931704050887 0.5797872340425532
28 0.3893538667559424 0.5721884498480243 0.3829929695346502 0.6193009118541033 0.3803146970204218 0.7066869300911854 0.3719450954134583 0.756838905775076 0.37127552728490126 0.8206686930091185 0.3957147639772347 0.8123100303951368 0.4067626380984265 0.7393617021276596 0.4158018078339471 0.6618541033434651 0.4235018413123535 0.601823708206687 0.4184800803481754 0.5653495440729484 0.3990626046200201 0.5668693009118541
30 0.3384666889856043 0.5098784194528876 0.32306662202879144 0.5197568389057751 0.31904921325744895 0.5493920972644377 0.30498828255775023 0.5797872340425532 0.2748577167726816 0.60790273556231 0.2604620020087044 0.6398176291793313 0.27017073987278206 0.7036474164133738 0.30565785068630735 0.6952887537993921 0.3434884499497824 0.6588145896656535 0.3578841647137596 0.6223404255319149 0.3766320723133579 0.5668693009118541 0.3682624707063944 0.5417933130699089 0.3468362905925678 0.5098784194528876
31 0.26782725142283226 0.4939209726443769 0.25209240040174086 0.5129179331306991 0.22129226648811517 0.5357142857142857 0.21627050552393706 0.5987841945288754 0.23669233344492802 0.6367781155015197 0.26380984265148977 0.6322188449848024 0.2855708068295949 0.60790273556231 0.31001004352192835 0.5767477203647416 0.3120187479075996 0.5303951367781155 0.2979578172079009 0.4946808510638298 0.27854034147974555 0.48024316109422494
5 0.35453632407097424 0.42325227963525835 0.35085369936391025 0.45440729483282677 0.352527619685303 0.5053191489361702 0.3726146635420154 0.5258358662613982 0.39973217274857714 0.5022796352583586 0.40040174087713426 0.4513677811550152 0.39638433210579177 0.40425531914893614 0.39705390023434883 0.33586626139817627 0.3950451958486776 0.30927051671732525 0.3843321057917643 0.2978723404255319 0.3642450619350519 0.31382978723404253 0.35855373284231673 0.3373860182370821
6 0.319718781386006 0.3837386018237082 0.3133578841647138 0.41641337386018235 0.3120187479075996 0.46580547112462006 0.3287579511215266 0.4939209726443769 0.3468362905925678 0.48632218844984804 0.36156678942082354 0.45440729483282677 0.3685972547706729 0.3882978723404255 0.3732842316705725 0.3373860182370821 0.3732842316705725 0.2948328267477204 0.36156678942082354 0.25987841945288753 0.35085369936391025 0.2507598784194529 0.33076665550719786 0.2629179331306991 0.32741881486441243 0.28343465045592703 0.3250753264144627 0.3183890577507599
8 0.5065282892534315 0.5288753799392097 0.5058587211248745 0.5668693009118541 0.5065282892534315 0.6063829787234043 0.5272849012387011 0.60790273556231 0.5349849347171075 0.5828267477203647 0.5359892869099431 0.5151975683890577 0.5343153665885504 0.43237082066869303 0.5359892869099431 0.3617021276595745 0.5329762303314363 0.2933130699088146 0.5259457649815868 0.26671732522796354 0.5148978908603951 0.28343465045592703 0.5108804820890526 0.3252279635258359 0.5108804820890526 0.43541033434650456
9 0.5343153665885504 0.5326747720364742 0.5343153665885504 0.5889057750759878 0.5470371610311349 0.6003039513677811 0.5594241714094409 0.587386018237082 0.5624372279879478 0.5319148936170213 0.5567458988952126 0.4133738601823708 0.5567458988952126 0.3427051671732523 0.5533980582524272 0.2743161094224924 0.5463675929025779 0.2553191489361702 0.5329762303314363 0.2857142857142857
10 0.5523937060595916 0.5227963525835866 0.5587546032808838 0.5683890577507599 0.5714763977234684 0.5927051671732523 0.5838634081017744 0.5721884498480243 0.5868764646802812 0.5182370820668692 0.5791764312018748 0.4027355623100304 0.5748242383662537 0.3183890577507599 0.5734851021091396 0.2803951367781155 0.5631067961165048 0.26671732522796354 0.5587546032808838 0.26671732522796354 0.5510545698024774 0.303951367781155
11 0.5734851021091396 0.5007598784194529 0.5684633411449616 0.5326747720364742 0.576832942751925 0.5737082066869301 0.5838634081017744 0.5797872340425532 0.597924338801473 0.581306990881459 0.6096417810512219 0.5531914893617021 0.6029460997656512 0.439209726443769 0.5945764981586876 0.34194528875379937 0.5831938399732173 0.2682370820668693 0.5691329092735186 0.27279635258358664 0.5671242048878473 0.33890577507598785
13 0.610311349179779 0.47188449848024316 0.6096417810512219 0.48024316109422494 0.6109809173083361 0.540273556231003 0.6230331436223636 0.5531914893617021 0.6447941078004688 0.5516717325227963 0.6578506863073318 0.5182370820668692 0.6528289253431536 0.4642857142857143 0.6377636424506193 0.3738601823708207 0.631402745229327 0.31990881458966564 0.6216940073652494 0.2857142857142857 0.6096417810512219 0.28191489361702127 0.5945764981586876 0.30775075987841943 0.597924338801473 0.37537993920972645
14 0.6411114830934047 0.45288753799392095 0.6461332440575829 0.49240121580547114 0.6622028791429528 0.5197568389057751 0.6816203548711082 0.5083586626139818 0.6906595246066287 0.4627659574468085 0.6822899229996652 0.4133738601823708 0.6615333110143957 0.32674772036474165 0.6468028121861399 0.2743161094224924 0.6391027787077335 0.2629179331306991 0.6293940408436558 0.2917933130699088 0.6293940408436558 0.32978723404255317
15 0.66052895882156 0.378419452887538 0.6712420488784734 0.41641337386018235 0.6886508202209575 0.41793313069908816 0.7114161365918982 0.3974164133738602 0.7107465684633412 0.35638297872340424 0.697689989956478 0.30775075987841943 0.6879812520924004 0.26595744680851063 0.6675594241714095 0.20972644376899696 0.6578506863073318 0.20288753799392098 0.6468028121861399 0.21732522796352582 0.6454636759290258 0.2613981762917933
16 0.5021760964178105 0.6147416413373861 0.5021760964178105 0.6648936170212766 0.5015065282892535 0.7416413373860182 0.5015065282892535 0.7773556231003039 0.5058587211248745 0.8206686930091185 0.5135587546032809 0.8267477203647416 0.5225979243388015 0.756838905775076 0.5225979243388015 0.6428571428571429 0.5239370605959156 0.6117021276595744 0.5128891864747238 0.6048632218844985
17 0.5259457649815868 0.6048632218844985 0.5205892199531302 0.6322188449848024 0.5232674924673586 0.7462006079027356 0.5232674924673586 0.7887537993920972 0.5302979578172079 0.8442249240121581 0.5433545363240709 0.8427051671732523 0.5503850016739203 0.8016717325227963 0.5463675929025779 0.689209726443769 0.5450284566454636 0.6428571428571429 0.5456980247740207 0.5972644376899696
18 0.5433545363240709 0.6162613981762918 0.5510545698024774 0.8252279635258358 0.5610980917308336 0.851823708206687 0.5748242383662537 0.8252279635258358 0.5748242383662537 0.7287234042553191 0.5714763977234684 0.6382978723404256 0.5694676933377971 0.5927051671732523 0.5554067626380984 0.5843465045592705 0.5433545363240709 0.601823708206687
19 0.5791764312018748 0.5828267477203647 0.5691329092735186 0.601823708206687 0.5677937730164044 0.6352583586626139 0.5721459658520255 0.6846504559270516 0.5734851021091396 0.7712765957446809 0.5734851021091396 0.8237082066869301 0.5818547037161031 0.8556231003039514 0.5999330431871442 0.8556231003039514 0.6036156678942083 0.7872340425531915 0.6006026113157014 0.6656534954407295 0.5959156344158018 0.5896656534954408 0.5868764646802812 0.581306990881459
20 0.5959156344158018 0.5797872340425532 0.5959156344158018 0.6322188449848024 0.5985939069300301 0.682370820668693 0.6006026113157014 0.7826747720364742 0.6160026782725142 0.851823708206687 0.631402745229327 0.8503039513677811 0.6354201540006695 0.7811550151975684 0.6250418480080349 0.6983282674772037 0.6280549045865417 0.6208206686930091 0.6280549045865417 0.5797872340425532 0.6173418145296284 0.5683890577507599 0.6012721794442585 0.5699088145896657
22 0.643120187479076 0.5463525835866262 0.6391027787077335 0.5623100303951368 0.6461332440575829 0.6238601823708206 0.6712420488784734 0.6778115501519757 0.7033813190492133 0.7241641337386018 0.7234683629059256 0.743161094224924 0.7415467023769668 0.7317629179331308 0.7519250083696016 0.6838905775075987 0.7395379979912956 0.6512158054711246 0.7124204887847339 0.6063829787234043 0.6990291262135923 0.5797872340425532 0.6893203883495146 0.5288753799392097 0.6752594576498159 0.5129179331306991 0.6585202544358888 0.5357142857142857
23 0.6906595246066287 0.5167173252279635 0.6899899564780716 0.53419452887538 0.7060595915634416 0.5911854103343465 0.7284901238701038 0.6428571428571429 0.7499163039839304 0.6648936170212766 0.7653163709407432 0.6671732522796353 0.7639772346836291 0.5957446808510638 0.7485771677268162 0.5463525835866262 0.742216270505524 0.5227963525835866 0.7304988282557751 0.47720364741641336 0.7227987947773686 0.4703647416413374 0.7150987612989622 0.4673252279635258 0.7040508871777703 0.49240121580547114