0 0.47892074198988194 0.5851063829787234 0.5069139966273187 0.5851063829787234 0.5055649241146711 0.5075987841945289 0.49409780775716694 0.34194528875379937 0.4768971332209106 0.34422492401215804 0.47892074198988194 0.513677811550152
1 0.45868465430016864 0.5721884498480243 0.46812816188870154 0.5767477203647416 0.48026981450252954 0.5752279635258358 0.47959527824620574 0.49620060790273557 0.4775716694772344 0.3343465045592705 0.4630691399662732 0.34194528875379937 0.4573355817875211 0.5349544072948328
2 0.436424957841484 0.5440729483282675 0.43946037099494095 0.5782674772036475 0.451602023608769 0.5767477203647416 0.4573355817875211 0.541033434650456 0.45935919055649244 0.5121580547112462 0.45935919055649244 0.439209726443769 0.44957841483979766 0.303951367781155 0.4350758853288364 0.3168693009118541 0.43440134907251265 0.44452887537993924 0.4357504215851602 0.5281155015197568
3 0.41652613827993257 0.5425531914893617 0.4259696458684654 0.5706686930091185 0.43440134907251265 0.5440729483282675 0.44586846543001685 0.5524316109422492 0.44654300168634065 0.506079027355623 0.44721753794266444 0.4316109422492401 0.44586846543001685 0.30167173252279633 0.42563237774030355 0.30851063829787234 0.4202360876897133 0.4217325227963526 0.42225969645868466 0.479483282674772 0.41517706576728497 0.5121580547112462
4 0.3922428330522766 0.520516717325228 0.40134907251264756 0.5539513677811551 0.41517706576728497 0.5311550151975684 0.43069139966273184 0.5281155015197568 0.43069139966273184 0.4848024316109423 0.42731871838111296 0.3472644376899696 0.4114671163575042 0.29711246200607905 0.3993254637436762 0.31155015197568386 0.40134907251264756 0.4635258358662614
5 0.3585160202360877 0.5007598784194529 0.3632377740303541 0.5189969604863222 0.38043844856661047 0.5281155015197568 0.384822934232715 0.5319148936170213 0.4037099494097808 0.5151975683890577 0.41281618887015176 0.4810030395136778 0.41349072512647556 0.30015197568389057 0.37571669477234404 0.2986322188449848 0.37470489038785837 0.4490881458966565 0.3639123102866779 0.47188449848024316
6 0.31871838111298484 0.4521276595744681 0.32613827993254635 0.4749240121580547 0.33625632377740305 0.4848024316109423 0.3490725126475548 0.5007598784194529 0.36559865092748733 0.49772036474164133 0.3770657672849916 0.4635258358662614 0.3834738617200675 0.39893617021276595 0.3905564924114671 0.29559270516717323 0.36694772344013493 0.29711246200607905 0.34603709949409783 0.3860182370820669 0.33254637436762224 0.40501519756838905 0.3231028667790894 0.43617021276595747
7 0.30590219224283305 0.3404255319148936 0.31534569983136596 0.3601823708206687 0.32040472175379425 0.3776595744680851 0.33254637436762224 0.3860182370820669 0.3504215851602024 0.3829787234042553 0.3632377740303541 0.3556231003039514 0.38650927487352443 0.29027355623100304 0.3713322091062395 0.26595744680851063 0.3409780775716695 0.27583586626139817 0.31467116357504216 0.3069908814589666 0.30522765598650925 0.324468085106383
8 0.506239460370995 0.5927051671732523 0.5318718381112985 0.5881458966565349 0.5355817875210792 0.5569908814589666 0.5291736930860034 0.49772036474164133 0.5183811129848229 0.33890577507598785 0.49983136593591904 0.3427051671732523 0.5055649241146711 0.4939209726443769 0.5069139966273187 0.5364741641337386
9 0.5362563237774031 0.581306990881459 0.5507588532883643 0.5752279635258358 0.5541315345699831 0.5577507598784195 0.5507588532883643 0.4810030395136778 0.533558178752108 0.33282674772036475 0.5146711635750422 0.3343465045592705 0.527150084317032 0.48936170212765956 0.5325463743676223 0.5577507598784195
10 0.5615514333895447 0.5668693009118541 0.5541315345699831 0.541033434650456 0.5470489038785835 0.4574468085106383 0.5450252951096122 0.29103343465045595 0.5571669477234401 0.29103343465045595 0.5686340640809443 0.4148936170212766 0.5723440134907252 0.5007598784194529 0.5743676222596965 0.5699088145896657
11 0.5706576728499156 0.541033434650456 0.5635750421585161 0.48328267477203646 0.5642495784148398 0.2872340425531915 0.5831365935919056 0.2826747720364742 0.5888701517706577 0.4072948328267477 0.5942664418212479 0.4992401215805471 0.5966273187183811 0.541033434650456 0.590893760539629 0.5509118541033434 0.5814502529510961 0.5440729483282675
12 0.5966273187183811 0.5395136778115501 0.5865092748735244 0.5037993920972644 0.5888701517706577 0.42629179331306993 0.58212478920742 0.26443768996960487 0.5986509274873525 0.2530395136778115 0.6074198988195616 0.40197568389057753 0.6131534569983137 0.4734042553191489 0.6175379426644182 0.5167173252279635 0.6111298482293424 0.5395136778115501
13 0.6158516020236088 0.5235562310030395 0.603035413153457 0.47188449848024316 0.6053962900505903 0.4034954407294833 0.603035413153457 0.26595744680851063 0.6374367622259697 0.2613981762917933 0.6387858347386172 0.39893617021276595 0.6418212478920742 0.46200607902735563 0.6489038785834739 0.4939209726443769 0.6418212478920742 0.5189969604863222 0.6290050590219224 0.5189969604863222
14 0.6502529510961215 0.4946808510638298 0.6367622259696458 0.4278115501519757 0.6225969645868465 0.26443768996960487 0.6468802698145025 0.2613981762917933 0.6610455311973018 0.3731003039513678 0.6718381112984823 0.41793313069908816 0.6833052276559866 0.44452887537993924 0.6748735244519393 0.4810030395136778 0.6661045531197302 0.49772036474164133
15 0.6728499156829679 0.4088145896656535 0.654637436762226 0.36854103343465044 0.6279932546374367 0.27583586626139817 0.6475548060708263 0.2454407294832827 0.6691399662731872 0.29559270516717323 0.6839797639123103 0.32142857142857145 0.6947723440134908 0.3427051671732523 0.6940978077571669 0.3791793313069909 0.6876897133220911 0.4034954407294833
16 0.5005059021922428 0.6139817629179332 0.5227655986509275 0.6185410334346505 0.5254637436762226 0.8161094224924013 0.5106239460370995 0.8191489361702128
17 0.5197301854974705 0.6170212765957447 0.533558178752108 0.6124620060790273 0.5413153456998314 0.6223404255319149 0.5392917369308601 0.8259878419452887 0.5278246205733558 0.8259878419452887
18 0.5379426644182125 0.6200607902735562 0.5551433389544688 0.601063829787234 0.5629005059021922 0.6337386018237082 0.5699831365935919 0.7112462006079028 0.5686340640809443 0.8746200607902735 0.5470489038785835 0.8708206686930091 0.5426644182124789 0.6869300911854104 0.5369308600337268 0.6398176291793313
19 0.5642495784148398 0.6572948328267477 0.5615514333895447 0.6428571428571429 0.5686340640809443 0.6025835866261399 0.5831365935919056 0.5995440729483282 0.5885328836424958 0.6382978723404256 0.5902192242833052 0.6914893617021277 0.5966273187183811 0.837386018237082 0.5814502529510961 0.8389057750759878
20 0.5888701517706577 0.6641337386018237 0.5794266441821248 0.6170212765957447 0.5929173693086003 0.5965045592705167 0.606070826306914 0.5942249240121581 0.6124789207419898 0.601063829787234 0.6158516020236088 0.675531914893617 0.6374367622259697 0.8305471124620061 0.6225969645868465 0.8290273556231003
21 0.6107925801011804 0.6398176291793313 0.6016863406408094 0.601063829787234 0.6043844856661046 0.5835866261398176 0.6283305227655986 0.5638297872340425 0.6448566610455312 0.5706686930091185 0.6475548060708263 0.5942249240121581 0.6539629005059022 0.6367781155015197 0.6957841483979764 0.7598784194528876 0.651264755480607 0.8031914893617021 0.6367622259696458 0.756079027355623 0.6202360876897133 0.6960486322188449 0.6158516020236088 0.662613981762918
22 0.6532883642495784 0.6352583586626139 0.642495784148398 0.5881458966565349 0.6418212478920742 0.5524316109422492 0.6569983136593592 0.5425531914893617 0.6684654300168634 0.5235562310030395 0.6762225969645869 0.5189969604863222 0.6890387858347387 0.5577507598784195 0.6947723440134908 0.601063829787234 0.7170320404721754 0.6785714285714286 0.6876897133220911 0.709726443768997 0.6617200674536257 0.6572948328267477
23 0.6934232715008432 0.6268996960486323 0.6947723440134908 0.5752279635258358 0.7015177065767285 0.5478723404255319 0.7207419898819561 0.5182370820668692 0.7436762225969646 0.5509118541033434 0.7595278246205733 0.5965045592705167 0.7372681281618887 0.668693009118541 0.7112984822934233 0.6572948328267477 0.6954468802698145 0.6458966565349544
24 0.4816188870151771 0.6170212765957447 0.503204047217538 0.6139817629179332 0.5038785834738617 0.8548632218844985 0.4917369308600337 0.851823708206687
25 0.45801011804384484 0.6223404255319149 0.48195615514333895 0.6185410334346505 0.48263069139966275 0.6998480243161094 0.48026981450252954 0.8320668693009119 0.4623946037099494 0.8206686930091185
26 0.44013490725126475 0.6527355623100304 0.4509274873524452 0.6041033434650456 0.46037099494097805 0.6139817629179332 0.4688026981450253 0.708966565349544 0.4559865092748735 0.8677811550151976 0.4387858347386172 0.8548632218844985
27 0.41652613827993257 0.6572948328267477 0.41922428330522765 0.6185410334346505 0.4330522765598651 0.6041033434650456 0.44249578414839796 0.6329787234042553 0.44654300168634065 0.6527355623100304 0.43743676222596967 0.708966565349544 0.4300168634064081 0.837386018237082 0.41585160202360877 0.8290273556231003
28 0.39291736930860033 0.6899696048632219 0.3905564924114671 0.6314589665653495 0.4043844856661046 0.5965045592705167 0.4145025295109612 0.5965045592705167 0.42731871838111296 0.6025835866261399 0.4323777403035413 0.6329787234042553 0.41989881956155145 0.6671732522796353 0.40876897133220913 0.7720364741641338 0.3935919055649241 0.8290273556231003 0.3784148397976391 0.824468085106383
29 0.32613827993254635 0.7515197568389058 0.3524451939291737 0.6314589665653495 0.3585160202360877 0.5767477203647416 0.3763912310286678 0.5493920972644377 0.4037099494097808 0.5737082066869301 0.4114671163575042 0.5949848024316109 0.39561551433389547 0.6740121580547113 0.37200674536256323 0.8031914893617021
30 0.2715008431703204 0.709726443768997 0.3109612141652614 0.6124620060790273 0.31298482293423274 0.5797872340425532 0.32445193929173693 0.5379939209726444 0.3318718381112985 0.5319148936170213 0.35109612141652613 0.5448328267477204 0.3713322091062395 0.5493920972644377 0.37571669477234404 0.581306990881459 0.3585160202360877 0.6185410334346505 0.33962900505902194 0.6945288753799392 0.2951096121416526 0.7575987841945289
31 0.22563237774030354 0.648176291793313 0.2556492411467116 0.5797872340425532 0.2650927487352445 0.5463525835866262 0.2650927487352445 0.5189969604863222 0.27925801011804385 0.506079027355623 0.2974704890387858 0.5075987841945289 0.3166947723440135 0.5395136778115501 0.32445193929173693 0.5448328267477204 0.3075885328836425 0.5995440729483282 0.2900505902192243 0.628419452887538 0.24991568296795952 0.7044072948328267