0 0.4680349932705249 0.5433130699088146 0.48250336473755046 0.5440729483282675 0.496971736204576 0.5303951367781155 0.496971736204576 0.49164133738601823 0.48250336473755046 0.26367781155015196 0.4687079407806191 0.2712765957446808 0.47106325706594887 0.4726443768996961 0.46635262449528936 0.4848024316109423
1 0.44448183041722744 0.5273556231003039 0.4528936742934051 0.540273556231003 0.45995962314939437 0.5417933130699089 0.46635262449528936 0.5303951367781155 0.4670255720053836 0.48328267477203646 0.4680349932705249 0.4399696048632219 0.46837146702557203 0.27203647416413373 0.45558546433378194 0.27583586626139817 0.4475100942126514 0.4490881458966565 0.44549125168236875 0.5053191489361702
2 0.42429340511440106 0.5235562310030395 0.42900403768506057 0.5448328267477204 0.4427994616419919 0.540273556231003 0.4458277254374159 0.5212765957446809 0.4488559892328398 0.48328267477203646 0.4471736204576043 0.43617021276595747 0.4424629878869448 0.256838905775076 0.42934051144010765 0.2621580547112462 0.42328398384925975 0.3898176291793313 0.42227456258411844 0.46200607902735563 0.4236204576043069 0.5106382978723404
3 0.3997308209959623 0.5037993920972644 0.40713324360699865 0.540273556231003 0.4104979811574697 0.5425531914893617 0.4152086137281292 0.540273556231003 0.4205921938088829 0.5151975683890577 0.4337146702557201 0.5167173252279635 0.4347240915208614 0.4870820668693009 0.43236877523553163 0.446048632218845 0.42328398384925975 0.2393617021276596 0.40814266487213996 0.24240121580547114 0.4037685060565276 0.44072948328267475
4 0.37987886944818305 0.5129179331306991 0.38627187079407804 0.5227963525835866 0.3953566621803499 0.5235562310030395 0.4027590847913863 0.513677811550152 0.411507402422611 0.5121580547112462 0.4155450874831763 0.4992401215805471 0.4152086137281292 0.4551671732522796 0.41218034993270525 0.43617021276595747 0.4037685060565276 0.24240121580547114 0.39064602960969047 0.24088145896656535 0.3879542395693136 0.34422492401215804 0.3876177658142665 0.4194528875379939 0.382907133243607 0.45592705167173253 0.37987886944818305 0.4939209726443769
5 0.3522880215343203 0.4946808510638298 0.36103633916554506 0.49164133738601823 0.36810228802153433 0.5007598784194529 0.3785329744279946 0.49848024316109424 0.3896366083445491 0.4886018237082067 0.39300134589502017 0.45592705167173253 0.39098250336473755 0.41717325227963525 0.3896366083445491 0.23404255319148937 0.37382234185733515 0.24164133738601823 0.3633916554508748 0.3518237082066869 0.35497981157469716 0.41109422492401215 0.34757738896366086 0.43617021276595747 0.3452220726783311 0.45972644376899696 0.3442126514131898 0.4817629179331307
6 0.313257065948856 0.4703647416413374 0.3193135935397039 0.46656534954407297 0.3273889636608345 0.48556231003039513 0.33714670255720053 0.4939209726443769 0.34858681022880217 0.47416413373860183 0.3522880215343203 0.446048632218845 0.3509421265141319 0.4194528875379939 0.3435397039030956 0.2591185410334346 0.3314266487213997 0.2682370820668693 0.32772543741588156 0.36246200607902734 0.3213324360699865 0.3799392097264438 0.3135935397039031 0.4004559270516717 0.3072005383580081 0.43465045592705165 0.3082099596231494 0.4574468085106383
7 0.2732166890982503 0.41109422492401215 0.2812920592193809 0.4247720364741641 0.29004037685060563 0.45364741641337386 0.30551816958277256 0.4506079027355623 0.3152759084791386 0.42933130699088146 0.32065948855989235 0.3966565349544073 0.32772543741588156 0.324468085106383 0.319650067294751 0.2393617021276596 0.30148048452220727 0.23708206686930092 0.3021534320323015 0.28951367781155013 0.29576043068640645 0.3252279635258359 0.28869448183041724 0.3548632218844985 0.27994616419919244 0.371580547112462 0.27254374158815614 0.3951367781155015
8 0.4979811574697174 0.5235562310030395 0.5245625841184388 0.5212765957446809 0.5292732166890982 0.4992401215805471 0.5218707940780619 0.46048632218844987 0.5185060565275909 0.4065349544072948 0.5100942126514132 0.2743161094224924 0.49629878869448185 0.2743161094224924 0.4979811574697174 0.4703647416413374 0.49730820995962316 0.5053191489361702
9 0.5302826379542396 0.5144376899696048 0.5383580080753702 0.5189969604863222 0.5467698519515478 0.5121580547112462 0.550807537012113 0.5045592705167173 0.550807537012113 0.4878419452887538 0.5484522207267833 0.4817629179331307 0.547442799461642 0.44224924012158057 0.5376850605652759 0.23556231003039513 0.5185060565275909 0.25151975683890576 0.5262449528936743 0.38069908814589665 0.5269179004037685 0.42401215805471126 0.5262449528936743 0.47188449848024316 0.5269179004037685 0.49848024316109424
10 0.5501345895020189 0.48556231003039513 0.5582099596231493 0.5106382978723404 0.5746971736204576 0.5030395136778115 0.57907133243607 0.47188449848024316 0.5767160161507402 0.44072948328267475 0.5709959623149394 0.331306990881459 0.5551816958277255 0.23708206686930092 0.5417227456258412 0.25151975683890576 0.5501345895020189 0.3776595744680851 0.5481157469717362 0.43617021276595747 0.5491251682368775 0.4673252279635258
11 0.5743606998654105 0.48936170212765956 0.5800807537012113 0.48024316109422494 0.5871467025572006 0.47720364741641336 0.5955585464333782 0.49544072948328266 0.6019515477792732 0.493161094224924 0.6019515477792732 0.47796352583586627 0.6002691790040376 0.4338905775075988 0.5945491251682369 0.31155015197568386 0.5824360699865411 0.19680851063829788 0.5622476446837147 0.2074468085106383 0.5720053835800808 0.42857142857142855 0.5689771197846568 0.4551671732522796 0.5716689098250336 0.4939209726443769
13 0.6069986541049798 0.4726443768996961 0.6066621803499327 0.425531914893617 0.6110363391655451 0.38145896656534956 0.6100269179004038 0.25759878419452886 0.6275235531628532 0.25227963525835867 0.6362718707940781 0.3617021276595745 0.6446837146702558 0.4133738601823708 0.6507402422611036 0.44756838905775076 0.6463660834454913 0.47188449848024316 0.6339165545087483 0.479483282674772 0.6251682368775235 0.4848024316109423 0.6133916554508748 0.48404255319148937
14 0.6500672947510094 0.44832826747720367 0.6618438761776582 0.45592705167173253 0.6759757738896366 0.4308510638297872 0.6820323014804845 0.42933130699088146 0.6853970390309556 0.41033434650455924 0.6843876177658142 0.385258358662614 0.6749663526244953 0.3639817629179331 0.6682368775235532 0.31155015197568386 0.6631897711978466 0.2066869300911854 0.6470390309555855 0.20972644376899696 0.6453566621803499 0.2993920972644377 0.6460296096904441 0.3609422492401216 0.6453566621803499 0.3890577507598784 0.6446837146702558 0.4034954407294833 0.6453566621803499 0.42401215805471126 0.6480484522207268 0.44224924012158057
15 0.6853970390309556 0.41033434650455924 0.6988559892328399 0.42933130699088146 0.705585464333782 0.41185410334346506 0.7129878869448183 0.3890577507598784 0.7200538358008075 0.3844984802431611 0.7166890982503364 0.35714285714285715 0.7086137281292059 0.3351063829787234 0.7022207267833109 0.3009118541033435 0.6948183041722745 0.21580547112462006 0.6695827725437415 0.23328267477203649 0.6699192462987887 0.2796352583586626 0.6766487213997309 0.3221884498480243 0.6810228802153432 0.3586626139817629 0.6779946164199192 0.38069908814589665 0.6820323014804845 0.4034954407294833
16 0.4909152086137281 0.5562310030395137 0.5107671601615074 0.5509118541033434 0.5373485868102288 0.791033434650456 0.5242261103633916 0.790273556231003
17 0.5111036339165546 0.5501519756838906 0.5309555854643337 0.5425531914893617 0.5353297442799462 0.5630699088145896 0.5545087483176312 0.8031914893617021 0.5400403768506057 0.8047112462006079
18 0.5363391655450875 0.5623100303951368 0.5383580080753702 0.5395136778115501 0.5514804845222072 0.53419452887538 0.5609017496635262 0.5486322188449848 0.5652759084791387 0.581306990881459 0.5851278600269179 0.8199088145896657 0.5662853297442799 0.8252279635258358
19 0.5649394347240915 0.5569908814589666 0.5743606998654105 0.520516717325228 0.5804172274562585 0.5106382978723404 0.5901749663526245 0.5319148936170213 0.5935397039030955 0.5539513677811551 0.5958950201884253 0.6231003039513677 0.6066621803499327 0.8092705167173252 0.5958950201884253 0.8115501519756839 0.5720053835800808 0.6139817629179332 0.5632570659488559 0.5775075987841946
20 0.5972409152086138 0.5273556231003039 0.6090174966352625 0.520516717325228 0.617092866756393 0.5303951367781155 0.6224764468371468 0.541033434650456 0.6258411843876177 0.5569908814589666 0.6231493943472409 0.5858662613981763 0.623485868102288 0.6504559270516718 0.6332436069986541 0.7781155015197568 0.6127187079407806 0.78419452887538 0.5989232839838493 0.6534954407294833 0.5965679676985195 0.5737082066869301 0.5958950201884253 0.5349544072948328
22 0.642328398384926 0.4992401215805471 0.6463660834454913 0.49164133738601823 0.6641991924629879 0.4574468085106383 0.6783310901749664 0.44680851063829785 0.6870794078061911 0.45592705167173253 0.6927994616419919 0.4787234042553192 0.6988559892328399 0.5098784194528876 0.7129878869448183 0.5455927051671733 0.746971736204576 0.601823708206687 0.7304845222072678 0.6519756838905775 0.7065948855989233 0.6162613981762918 0.6830417227456258 0.5949848024316109 0.6689098250336474 0.5714285714285714 0.6608344549125168 0.5577507598784195 0.6463660834454913 0.540273556231003 0.6403095558546433 0.5129179331306991
23 0.7052489905787349 0.4574468085106383 0.7015477792732167 0.4376899696048632 0.7129878869448183 0.41717325227963525 0.7264468371467026 0.42021276595744683 0.7338492597577388 0.42933130699088146 0.7574024226110363 0.4376899696048632 0.7748990578734859 0.44376899696048633 0.769179004037685 0.5311550151975684 0.7409152086137282 0.5319148936170213 0.7240915208613729 0.5288753799392097 0.7123149394347241 0.5349544072948328 0.7005383580080754 0.5273556231003039 0.6954912516823688 0.5182370820668692 0.6965006729475101 0.4908814589665654 0.7002018842530283 0.46580547112462006
24 0.4690444145356662 0.5417933130699089 0.49226110363391656 0.5501519756838906 0.5003364737550471 0.6527355623100304 0.5164872139973082 0.7773556231003039 0.4993270524899058 0.7834346504559271 0.474764468371467 0.6086626139817629
25 0.45121130551816957 0.5448328267477204 0.46029609690444145 0.5417933130699089 0.4740915208613728 0.5440729483282675 0.4734185733512786 0.6041033434650456 0.4956258411843876 0.7887537993920972 0.4808209959623149 0.7963525835866262 0.4549125168236878 0.6155015197568389 0.4478465679676985 0.5691489361702128
26 0.4313593539703903 0.5440729483282675 0.44448183041722744 0.540273556231003 0.4508748317631225 0.5569908814589666 0.45524899057873486 0.5835866261398176 0.4569313593539704 0.6231003039513677 0.47611036339165547 0.8115501519756839 0.45457604306864063 0.8183890577507599 0.43741588156123823 0.6679331306990881 0.42934051144010765 0.5980243161094225 0.42631224764468373 0.5889057750759878 0.4296769851951548 0.5562310030395137
27 0.4047779273216689 0.5645896656534954 0.4078061911170929 0.5524316109422492 0.4148721399730821 0.5448328267477204 0.4306864064602961 0.5569908814589666 0.43304172274562586 0.5805471124620061 0.430349932705249 0.6056231003039514 0.4296769851951548 0.6322188449848024 0.43337819650067294 0.8069908814589666 0.40208613728129206 0.8047112462006079 0.40208613728129206 0.7682370820668692 0.4104979811574697 0.7074468085106383 0.40511440107671604 0.6382978723404256 0.4037685060565276 0.5987841945288754
28 0.3724764468371467 0.5683890577507599 0.382907133243607 0.5395136778115501 0.38526244952893673 0.5311550151975684 0.39569313593539707 0.5364741641337386 0.4027590847913863 0.5478723404255319 0.4044414535666218 0.5858662613981763 0.40208613728129206 0.628419452887538 0.4007402422611036 0.7917933130699089 0.37987886944818305 0.776595744680851 0.37415881561238223 0.6846504559270516 0.37012113055181695 0.5980243161094225 0.36978465679676986 0.5820668693009119
29 0.32772543741588156 0.5220364741641338 0.338492597577389 0.4969604863221885 0.34825033647375503 0.5045592705167173 0.3509421265141319 0.5235562310030395 0.35699865410497983 0.5159574468085106 0.367092866756393 0.506838905775076 0.37584118438761777 0.5167173252279635 0.37987886944818305 0.5387537993920972 0.37886944818304175 0.5653495440729484 0.36978465679676986 0.587386018237082 0.35868102288021536 0.6436170212765957 0.32200538358008074 0.7507598784194529 0.3041722745625841 0.7264437689969605 0.32166890982503366 0.6231003039513677 0.32873485868102287 0.5965045592705167 0.3273889636608345 0.5448328267477204
30 0.2759084791386272 0.5182370820668692 0.27994616419919244 0.5037993920972644 0.29071332436069985 0.46200607902735563 0.2971063257065949 0.4642857142857143 0.30080753701211305 0.4696048632218845 0.31662180349932706 0.47796352583586627 0.319650067294751 0.4939209726443769 0.32570659488559894 0.5030395136778115 0.3341184387617766 0.5037993920972644 0.33815612382234184 0.5334346504559271 0.3310901749663526 0.5585106382978723 0.3152759084791386 0.5737082066869301 0.2984522207267833 0.6041033434650456 0.25336473755047106 0.648176291793313 0.2399057873485868 0.5896656534954408 0.26783310901749663 0.5379939209726444