0 0.45799595141700405 0.5573770491803278 0.4949392712550607 0.5563524590163934 0.4868421052631579 0.46209016393442626 0.4797570850202429 0.3401639344262295 0.4640688259109312 0.3432377049180328 0.4600202429149798 0.48360655737704916
1 0.42965587044534415 0.5450819672131147 0.4590080971659919 0.5532786885245902 0.465080971659919 0.3391393442622951 0.44483805668016196 0.3411885245901639 0.4352226720647773 0.4989754098360656
2 0.4018218623481781 0.5081967213114754 0.41194331983805665 0.5461065573770492 0.4240890688259109 0.5502049180327869 0.4402834008097166 0.5204918032786885 0.4392712550607287 0.33094262295081966 0.41548582995951416 0.3350409836065574
3 0.3785425101214575 0.4979508196721312 0.38917004048583 0.5368852459016393 0.4159919028340081 0.5163934426229508 0.4200404858299595 0.4713114754098361 0.4139676113360324 0.33709016393442626 0.39271255060728744 0.3442622950819672 0.38714574898785425 0.46209016393442626
4 0.3582995951417004 0.4979508196721312 0.37044534412955465 0.5245901639344263 0.39068825910931176 0.5040983606557377 0.3952429149797571 0.4600409836065574 0.38309716599190285 0.3432377049180328 0.3648785425101215 0.3483606557377049 0.3658906882591093 0.41905737704918034
5 0.32034412955465585 0.47438524590163933 0.32945344129554655 0.5122950819672131 0.3603238866396761 0.5133196721311475 0.3729757085020243 0.4661885245901639 0.3638663967611336 0.41598360655737704 0.35880566801619435 0.319672131147541 0.340080971659919 0.32684426229508196 0.3299595141700405 0.42520491803278687
6 0.2813765182186235 0.4364754098360656 0.28643724696356276 0.47950819672131145 0.31224696356275305 0.4989754098360656 0.32894736842105265 0.4774590163934426 0.3274291497975709 0.41905737704918034 0.3309716599190283 0.31864754098360654 0.30465587044534415 0.32479508196721313 0.29453441295546556 0.4036885245901639
7 0.24595141700404857 0.39344262295081966 0.2606275303643725 0.45286885245901637 0.2899797570850202 0.4487704918032787 0.29453441295546556 0.4057377049180328 0.31123481781376516 0.32479508196721313 0.29605263157894735 0.30635245901639346 0.26366396761133604 0.3668032786885246
8 0.48582995951417 0.5532786885245902 0.5187246963562753 0.5563524590163934 0.5121457489878543 0.4692622950819672 0.5060728744939271 0.33811475409836067 0.4893724696356275 0.3422131147540984
9 0.5126518218623481 0.5502049180327869 0.5409919028340081 0.5430327868852459 0.5339068825910931 0.4682377049180328 0.5293522267206477 0.33094262295081966 0.5091093117408907 0.3360655737704918
10 0.5308704453441295 0.48258196721311475 0.5475708502024291 0.5450819672131147 0.5632591093117408 0.5204918032786885 0.5632591093117408 0.46209016393442626 0.5511133603238867 0.32684426229508196 0.5323886639676113 0.33094262295081966
11 0.5465587044534413 0.4641393442622951 0.5571862348178138 0.5225409836065574 0.5662955465587044 0.5092213114754098 0.5799595141700404 0.5235655737704918 0.5910931174089069 0.48975409836065575 0.5814777327935222 0.4385245901639344 0.5759109311740891 0.32991803278688525 0.5561740890688259 0.3319672131147541
12 0.5738866396761133 0.4600409836065574 0.5784412955465587 0.5112704918032787 0.5895748987854251 0.507172131147541 0.6027327935222672 0.5133196721311475 0.6082995951417004 0.49385245901639346 0.604251012145749 0.43135245901639346 0.5986842105263158 0.3452868852459016 0.5789473684210527 0.3442622950819672 0.5774291497975709 0.4354508196721312
13 0.5956477732793523 0.4569672131147541 0.604251012145749 0.5081967213114754 0.6391700404858299 0.5081967213114754 0.645242914979757 0.4569672131147541 0.6255060728744939 0.3411885245901639 0.6062753036437247 0.3432377049180328 0.6007085020242915 0.4364754098360656
14 0.6376518218623481 0.47848360655737704 0.6578947368421053 0.49077868852459017 0.6751012145748988 0.4661885245901639 0.6751012145748988 0.42827868852459017 0.6432186234817814 0.30327868852459017 0.6310728744939271 0.3073770491803279
15 0.6715587044534413 0.4415983606557377 0.6837044534412956 0.4569672131147541 0.6988866396761133 0.4487704918032787 0.708502024291498 0.4067622950819672 0.7009109311740891 0.367827868852459 0.6644736842105263 0.2848360655737705 0.6518218623481782 0.29610655737704916 0.6609311740890689 0.3862704918032787
16 0.4898785425101215 0.5840163934426229 0.5096153846153846 0.5727459016393442 0.5111336032388664 0.610655737704918 0.5075910931174089 0.7551229508196722 0.49696356275303644 0.7551229508196722 0.4924089068825911 0.6229508196721312
17 0.5096153846153846 0.5645491803278688 0.534919028340081 0.5645491803278688 0.52834008097166 0.6352459016393442 0.5323886639676113 0.7663934426229508 0.5172064777327935 0.7663934426229508 0.5106275303643725 0.6260245901639344 0.506578947368421 0.5778688524590164
18 0.5232793522267206 0.5799180327868853 0.5334008097165992 0.5532786885245902 0.5490890688259109 0.555327868852459 0.5536437246963563 0.6352459016393442 0.5662955465587044 0.7848360655737705 0.5521255060728745 0.7899590163934426
19 0.5455465587044535 0.5840163934426229 0.5602226720647774 0.5461065573770492 0.5774291497975709 0.5614754098360656 0.5759109311740891 0.625 0.5860323886639676 0.7786885245901639 0.5748987854251012 0.7807377049180327 0.5581983805668016 0.6772540983606558 0.5536437246963563 0.6147540983606558
20 0.5657894736842105 0.5614754098360656 0.5774291497975709 0.5543032786885246 0.583502024291498 0.5430327868852459 0.5986842105263158 0.5543032786885246 0.603744939271255 0.6342213114754098 0.6305668016194332 0.742827868852459 0.6189271255060729 0.7530737704918032 0.5895748987854251 0.6741803278688525 0.5743927125506073 0.6065573770491803
22 0.6214574898785425 0.5430327868852459 0.6553643724696356 0.5010245901639344 0.6720647773279352 0.5225409836065574 0.6776315789473685 0.5655737704918032 0.7186234817813765 0.6444672131147541 0.6938259109311741 0.6813524590163934 0.6447368421052632 0.6034836065573771
23 0.6624493927125507 0.4979508196721312 0.6907894736842105 0.45901639344262296 0.7044534412955465 0.4774590163934426 0.7444331983805668 0.6024590163934426 0.7211538461538461 0.6383196721311475 0.6938259109311741 0.5911885245901639 0.6837044534412956 0.5614754098360656 0.6675101214574899 0.5338114754098361
24 0.4777327935222672 0.5840163934426229 0.4964574898785425 0.5819672131147541 0.49291497975708504 0.617827868852459 0.4944331983805668 0.7581967213114754 0.48228744939271256 0.7581967213114754 0.4772267206477733 0.6229508196721312 0.47469635627530365 0.6004098360655737
25 0.4534412955465587 0.5747950819672131 0.48228744939271256 0.5788934426229508 0.47621457489878544 0.632172131147541 0.47469635627530365 0.7674180327868853 0.4590080971659919 0.7663934426229508 0.4569838056680162 0.6301229508196722 0.4534412955465587 0.6045081967213115
26 0.4291497975708502 0.6055327868852459 0.4352226720647773 0.569672131147541 0.4509109311740891 0.569672131147541 0.4610323886639676 0.6034836065573771 0.4509109311740891 0.6915983606557377 0.44534412955465585 0.7858606557377049 0.42813765182186236 0.7797131147540983 0.4291497975708502 0.6598360655737705
27 0.4068825910931174 0.5747950819672131 0.402834008097166 0.6147540983606558 0.4063765182186235 0.6895491803278688 0.3876518218623482 0.7715163934426229 0.4048582995951417 0.7909836065573771 0.4251012145748988 0.7213114754098361 0.42813765182186236 0.6526639344262295 0.43724696356275305 0.5891393442622951 0.4240890688259109 0.5665983606557377
28 0.3825910931174089 0.5665983606557377 0.395748987854251 0.5532786885245902 0.40384615384615385 0.5686475409836066 0.4109311740890688 0.5665983606557377 0.4200404858299595 0.5860655737704918 0.4068825910931174 0.6260245901639344 0.4023279352226721 0.6700819672131147 0.37550607287449395 0.7776639344262295 0.3481781376518219 0.7418032786885246 0.3643724696356275 0.6813524590163934 0.37550607287449395 0.6618852459016393
29 0.3395748987854251 0.5471311475409836 0.3932186234817814 0.5614754098360656 0.3866396761133603 0.6086065573770492 0.37550607287449395 0.632172131147541 0.3431174089068826 0.7530737704918032 0.3026315789473684 0.7069672131147541 0.33653846153846156 0.6075819672131147
30 0.2990890688259109 0.5430327868852459 0.31224696356275305 0.514344262295082 0.35121457489878544 0.5543032786885246 0.33299595141700405 0.6045081967213115 0.2925101214574899 0.7100409836065574 0.2575910931174089 0.6577868852459017 0.29554655870445345 0.5737704918032787
31 0.25860323886639675 0.5081967213114754 0.26619433198380565 0.48463114754098363 0.2808704453441296 0.47848360655737704 0.2899797570850202 0.4948770491803279 0.29959514170040485 0.4959016393442623 0.3076923076923077 0.5184426229508197 0.30516194331983804 0.5399590163934426 0.2925101214574899 0.5665983606557377 0.27530364372469635 0.625 0.2606275303643725 0.6485655737704918 0.2312753036437247 0.5870901639344263 0.25303643724696356 0.5450819672131147