0 0.4640688259109312 0.5594262295081968 0.4939271255060729 0.5430327868852459 0.4645748987854251 0.257172131147541 0.44534412955465585 0.26639344262295084 0.45951417004048584 0.4713114754098361 0.458502024291498 0.5297131147540983
1 0.4331983805668016 0.4764344262295082 0.4331983805668016 0.548155737704918 0.4564777327935223 0.5532786885245902 0.4564777327935223 0.46311475409836067 0.43775303643724695 0.26229508196721313 0.42054655870445345 0.26741803278688525 0.4291497975708502 0.4323770491803279
2 0.39220647773279355 0.28688524590163933 0.4033400809716599 0.4672131147540984 0.40131578947368424 0.5133196721311475 0.41143724696356276 0.548155737704918 0.43016194331983804 0.5430327868852459 0.4357287449392713 0.5184426229508197 0.430668016194332 0.4405737704918033 0.4124493927125506 0.27151639344262296
3 0.3805668016194332 0.3176229508196721 0.38461538461538464 0.48258196721311475 0.37196356275303644 0.5194672131147541 0.3825910931174089 0.5399590163934426 0.39625506072874495 0.5450819672131147 0.4073886639676113 0.5225409836065574 0.4104251012145749 0.48975409836065575 0.3937246963562753 0.28688524590163933 0.37803643724696356 0.30020491803278687
4 0.354251012145749 0.32889344262295084 0.354251012145749 0.4682377049180328 0.35020242914979755 0.5030737704918032 0.3522267206477733 0.5204918032786885 0.36285425101214575 0.5245901639344263 0.3785425101214575 0.5030737704918032 0.38208502024291496 0.4672131147540984 0.3734817813765182 0.30327868852459017
5 0.3147773279352227 0.3125 0.3188259109311741 0.4057377049180328 0.3147773279352227 0.45286885245901637 0.31224696356275305 0.4918032786885246 0.3142712550607287 0.5174180327868853 0.3243927125506073 0.5174180327868853 0.3557692307692308 0.5051229508196722 0.35779352226720645 0.48155737704918034 0.3547570850202429 0.42725409836065575 0.3466599190283401 0.38114754098360654 0.33046558704453444 0.30327868852459017
6 0.28846153846153844 0.30327868852459017 0.2859311740890688 0.3555327868852459 0.28643724696356276 0.4016393442622951 0.27631578947368424 0.44774590163934425 0.2722672064777328 0.4774590163934426 0.2859311740890688 0.4979508196721312 0.29706477732793524 0.5020491803278688 0.31629554655870445 0.48463114754098363 0.31983805668016196 0.4672131147540984 0.32186234817813764 0.41290983606557374 0.31224696356275305 0.2930327868852459 0.2950404858299595 0.29508196721311475
7 0.2687246963562753 0.2735655737704918 0.26214574898785425 0.32479508196721313 0.2535425101214575 0.3790983606557377 0.24696356275303644 0.4016393442622951 0.2408906882591093 0.42827868852459017 0.24190283400809717 0.44364754098360654 0.2560728744939271 0.45901639344262296 0.26720647773279355 0.4672131147540984 0.2808704453441296 0.4405737704918033 0.2818825910931174 0.4108606557377049 0.2874493927125506 0.27151639344262296
8 0.4944331983805668 0.4672131147540984 0.4908906882591093 0.5020491803278688 0.4883603238866397 0.5491803278688525 0.5151821862348178 0.5543032786885246 0.5222672064777328 0.5348360655737705 0.521255060728745 0.45184426229508196 0.5040485829959515 0.29405737704918034 0.4807692307692308 0.30327868852459017
9 0.5101214574898786 0.3094262295081967 0.5227732793522267 0.5409836065573771 0.5470647773279352 0.5338114754098361 0.5288461538461539 0.30327868852459017
10 0.5490890688259109 0.2827868852459016 0.541497975708502 0.5051229508196722 0.5607287449392713 0.5409836065573771 0.5743927125506073 0.48975409836065575 0.5678137651821862 0.26434426229508196
11 0.5668016194331984 0.29405737704918034 0.562753036437247 0.46311475409836067 0.5743927125506073 0.5174180327868853 0.597165991902834 0.5051229508196722 0.5926113360323887 0.45594262295081966 0.5824898785425101 0.35040983606557374 0.583502024291498 0.27459016393442626
12 0.5880566801619433 0.2899590163934426 0.5809716599190283 0.4713114754098361 0.6022267206477733 0.4969262295081967 0.6174089068825911 0.48258196721311475 0.6082995951417004 0.4016393442622951 0.6072874493927125 0.26741803278688525
13 0.617914979757085 0.2786885245901639 0.6103238866396761 0.46311475409836067 0.6265182186234818 0.48360655737704916 0.6594129554655871 0.4723360655737705 0.6492914979757085 0.4047131147540984 0.6427125506072875 0.32479508196721313 0.6351214574898786 0.26844262295081966
14 0.6543522267206477 0.26639344262295084 0.6427125506072875 0.4364754098360656 0.6578947368421053 0.4672131147540984 0.6862348178137652 0.45184426229508196 0.6882591093117408 0.42110655737704916 0.6710526315789473 0.3094262295081967 0.667004048582996 0.257172131147541
15 0.6821862348178138 0.24692622950819673 0.6685222672064778 0.28688524590163933 0.6720647773279352 0.3637295081967213 0.6821862348178138 0.42315573770491804 0.7090080971659919 0.4262295081967213 0.7171052631578947 0.4016393442622951 0.7115384615384616 0.35860655737704916 0.7069838056680162 0.32581967213114754 0.6983805668016194 0.2899590163934426 0.6918016194331984 0.23668032786885246
16 0.4848178137651822 0.5840163934426229 0.5075910931174089 0.5788934426229508 0.5075910931174089 0.7756147540983607 0.4868421052631579 0.7756147540983607
17 0.5045546558704453 0.569672131147541 0.5247975708502024 0.5799180327868853 0.5288461538461539 0.7715163934426229 0.5096153846153846 0.7704918032786885
18 0.5253036437246964 0.6475409836065574 0.5187246963562753 0.5870901639344263 0.5217611336032388 0.5594262295081968 0.5268218623481782 0.5491803278688525 0.5480769230769231 0.5747950819672131 0.5748987854251012 0.8278688524590164 0.5455465587044535 0.8227459016393442 0.5253036437246964 0.6782786885245902
19 0.5506072874493927 0.6116803278688525 0.541497975708502 0.5891393442622951 0.5566801619433198 0.548155737704918 0.5743927125506073 0.5655737704918032 0.5728744939271255 0.6168032786885246 0.5931174089068826 0.7756147540983607 0.5759109311740891 0.7653688524590164
20 0.5723684210526315 0.6055327868852459 0.5617408906882592 0.5614754098360656 0.5809716599190283 0.5399590163934426 0.5981781376518218 0.5532786885245902 0.5996963562753036 0.6065573770491803 0.6234817813765182 0.7479508196721312 0.5986842105263158 0.7479508196721312
21 0.5936234817813765 0.5788934426229508 0.583502024291498 0.5358606557377049 0.6027327935222672 0.5235655737704918 0.6300607287449392 0.5102459016393442 0.6336032388663968 0.5747950819672131 0.6705465587044535 0.701844262295082 0.6351214574898786 0.7202868852459017 0.6088056680161943 0.6434426229508197 0.6012145748987854 0.5870901639344263
22 0.6401821862348178 0.5665983606557377 0.6255060728744939 0.5286885245901639 0.6411943319838057 0.49385245901639346 0.6614372469635628 0.47950819672131145 0.6781376518218624 0.5194672131147541 0.7034412955465587 0.6844262295081968 0.6761133603238867 0.694672131147541
23 0.6786437246963563 0.5307377049180327 0.666497975708502 0.47848360655737704 0.7069838056680162 0.4385245901639344 0.7186234817813765 0.492827868852459 0.7530364372469636 0.6198770491803278 0.722165991902834 0.6403688524590164 0.6857287449392713 0.5645491803278688
24 0.46204453441295545 0.5850409836065574 0.4888663967611336 0.5747950819672131 0.48380566801619435 0.7817622950819673 0.4665991902834008 0.7745901639344263
25 0.4483805668016194 0.6629098360655737 0.44129554655870445 0.5747950819672131 0.46356275303643724 0.5788934426229508 0.472165991902834 0.7920081967213115 0.45293522267206476 0.7991803278688525
26 0.4008097165991903 0.7950819672131147 0.4190283400809717 0.5891393442622951 0.4326923076923077 0.5747950819672131 0.4438259109311741 0.6229508196721312 0.42054655870445345 0.8360655737704918
27 0.3800607287449393 0.7838114754098361 0.39220647773279355 0.5809426229508197 0.40131578947368424 0.5594262295081968 0.4200404858299595 0.5973360655737705 0.41295546558704455 0.6670081967213115 0.3901821862348178 0.8125
28 0.3476720647773279 0.7797131147540983 0.36690283400809715 0.5706967213114754 0.38208502024291496 0.5584016393442623 0.402834008097166 0.5737704918032787 0.3932186234817814 0.6219262295081968 0.3633603238866397 0.7899590163934426
29 0.2859311740890688 0.7336065573770492 0.32540485829959515 0.6004098360655737 0.326417004048583 0.5450819672131147 0.3532388663967611 0.5358606557377049 0.37955465587044535 0.5563524590163934 0.3648785425101215 0.6045081967213115 0.3491902834008097 0.7182377049180327 0.32135627530364375 0.7704918032786885
30 0.2555668016194332 0.7028688524590164 0.2798582995951417 0.569672131147541 0.2889676113360324 0.5245901639344263 0.30111336032388664 0.5174180327868853 0.31983805668016196 0.5389344262295082 0.3350202429149798 0.5389344262295082 0.32945344129554655 0.5799180327868853 0.2783400809716599 0.7274590163934426 0.2560728744939271 0.7192622950819673
31 0.21811740890688258 0.6516393442622951 0.23633603238866396 0.5399590163934426 0.23937246963562753 0.5020491803278688 0.24645748987854252 0.4764344262295082 0.26720647773279355 0.49385245901639346 0.284919028340081 0.4979508196721312 0.28846153846153844 0.5307377049180327 0.2813765182186235 0.5543032786885246 0.27378542510121456 0.5799180327868853 0.242914979757085 0.673155737704918