0 0.48854166666666665 0.5288753799392097 0.48368055555555556 0.26595744680851063 0.4510416666666667 0.2743161094224924 0.45381944444444444 0.5349544072948328
1 0.4548611111111111 0.5326747720364742 0.45 0.26595744680851063 0.4270833333333333 0.2765957446808511 0.4222222222222222 0.39209726443769 0.43020833333333336 0.4696048632218845 0.428125 0.5220364741641338
2 0.4239583333333333 0.5311550151975684 0.43020833333333336 0.4635258358662614 0.42118055555555556 0.2613981762917933 0.3954861111111111 0.27203647416413373 0.40243055555555557 0.5349544072948328
3 0.4013888888888889 0.526595744680851 0.40729166666666666 0.46808510638297873 0.39826388888888886 0.26367781155015196 0.3815972222222222 0.270516717325228 0.37743055555555555 0.42629179331306993 0.37256944444444445 0.5311550151975684
4 0.3736111111111111 0.5243161094224924 0.384375 0.45896656534954405 0.3784722222222222 0.2682370820668693 0.35555555555555557 0.27887537993920974 0.3548611111111111 0.446048632218845 0.3548611111111111 0.5372340425531915
5 0.35555555555555557 0.5197568389057751 0.35868055555555556 0.45440729483282677 0.35381944444444446 0.2682370820668693 0.31979166666666664 0.27887537993920974 0.3170138888888889 0.49848024316109424
6 0.31805555555555554 0.5007598784194529 0.31979166666666664 0.27203647416413373 0.2763888888888889 0.26595744680851063 0.27534722222222224 0.47416413373860183
8 0.4895833333333333 0.5372340425531915 0.4875 0.27887537993920974 0.5243055555555556 0.2765957446808511 0.5232638888888889 0.5288753799392097
9 0.5243055555555556 0.526595744680851 0.5222222222222223 0.2743161094224924 0.5520833333333334 0.2765957446808511 0.5482638888888889 0.5311550151975684
10 0.5541666666666667 0.2553191489361702 0.5482638888888889 0.5372340425531915 0.5760416666666667 0.5288753799392097 0.575 0.2530395136778115
11 0.5739583333333333 0.5220364741641338 0.5697916666666667 0.4612462006079027 0.5760416666666667 0.24620060790273557 0.6065972222222222 0.2530395136778115 0.6065972222222222 0.4810030395136778 0.5996527777777778 0.526595744680851
12 0.6038194444444445 0.5113981762917933 0.5958333333333333 0.4696048632218845 0.6086805555555556 0.24620060790273557 0.6322916666666667 0.2613981762917933 0.6322916666666667 0.5159574468085106
13 0.6305555555555555 0.5091185410334347 0.6263888888888889 0.44832826747720367 0.6454861111111111 0.29407294832826747 0.6861111111111111 0.3009118541033435 0.6739583333333333 0.5091185410334347
14 0.6809027777777777 0.49620060790273557 0.6739583333333333 0.41109422492401215 0.6878472222222223 0.27203647416413373 0.7236111111111111 0.30243161094224924 0.7177083333333333 0.4088145896656535 0.7246527777777778 0.4848024316109423
15 0.7236111111111111 0.4810030395136778 0.7159722222222222 0.40501519756838905 0.7246527777777778 0.2986322188449848 0.7534722222222222 0.3009118541033435 0.759375 0.45440729483282677
16 0.4986111111111111 0.5288753799392097 0.5114583333333333 0.8039513677811551 0.53125 0.791033434650456 0.5204861111111111 0.5243161094224924
17 0.5222222222222223 0.5243161094224924 0.53125 0.8024316109422492 0.5520833333333334 0.7955927051671733 0.5451388888888888 0.526595744680851
18 0.5472222222222223 0.5349544072948328 0.553125 0.8085106382978723 0.5809027777777778 0.7933130699088146 0.5729166666666666 0.5243161094224924
19 0.5729166666666666 0.5220364741641338 0.5829861111111111 0.8024316109422492 0.6097222222222223 0.7849544072948328 0.6017361111111111 0.5197568389057751
20 0.5986111111111111 0.526595744680851 0.6166666666666667 0.7826747720364742 0.6472222222222223 0.7629179331306991 0.6322916666666667 0.5091185410334347
22 0.6670138888888889 0.5478723404255319 0.7159722222222222 0.7264437689969605 0.7465277777777778 0.6542553191489362 0.7038194444444444 0.4848024316109423
23 0.7496527777777777 0.6542553191489362 0.7027777777777777 0.48936170212765956 0.7513888888888889 0.4506079027355623 0.7930555555555555 0.6071428571428571 0.7565972222222223 0.6740121580547113
24 0.4996527777777778 0.5311550151975684 0.5104166666666666 0.817629179331307 0.4857638888888889 0.8130699088145896 0.4756944444444444 0.5311550151975684
25 0.4756944444444444 0.5311550151975684 0.4875 0.8214285714285714 0.465625 0.8153495440729484 0.4510416666666667 0.5311550151975684
26 0.45 0.526595744680851 0.4666666666666667 0.8259878419452887 0.4361111111111111 0.8153495440729484 0.42916666666666664 0.6306990881458967 0.42604166666666665 0.5288753799392097
27 0.42604166666666665 0.5440729483282675 0.4361111111111111 0.817629179331307 0.41631944444444446 0.8130699088145896 0.4041666666666667 0.6155015197568389 0.4013888888888889 0.5805471124620061 0.4083333333333333 0.5395136778115501
28 0.41215277777777776 0.5524316109422492 0.41215277777777776 0.5896656534954408 0.3954861111111111 0.810790273556231 0.38263888888888886 0.7849544072948328 0.3746527777777778 0.5440729483282675
30 0.3527777777777778 0.5372340425531915 0.31979166666666664 0.743161094224924 0.2763888888888889 0.6960486322188449 0.3138888888888889 0.5022796352583586
31 0.3138888888888889 0.5113981762917933 0.27326388888888886 0.7066869300911854 0.2267361111111111 0.6329787234042553 0.2673611111111111 0.46808510638297873