0 0.4722419928825623 0.4148936170212766 0.46725978647686833 0.44224924012158057 0.46512455516014234 0.48024316109422494 0.46512455516014234 0.513677811550152 0.46512455516014234 0.5539513677811551 0.4693950177935943 0.581306990881459 0.48505338078291815 0.5858662613981763 0.5039145907473309 0.5767477203647416 0.500711743772242 0.5349544072948328 0.5 0.48024316109422494 0.5 0.4316109422492401 0.498932384341637 0.3974164133738602 0.4811387900355872 0.3958966565349544
1 0.4483985765124555 0.3958966565349544 0.4494661921708185 0.4247720364741641 0.4494661921708185 0.4673252279635258 0.44555160142348754 0.513677811550152 0.44163701067615657 0.5455927051671733 0.44163701067615657 0.5752279635258358 0.45622775800711746 0.5858662613981763 0.46512455516014234 0.5729483282674772 0.46512455516014234 0.5288753799392097 0.46512455516014234 0.4908814589665654 0.46619217081850534 0.45288753799392095 0.4722419928825623 0.3958966565349544
2 0.4295373665480427 0.38677811550151975 0.4316725978647687 0.4247720364741641 0.4277580071174377 0.4506079027355623 0.42384341637010675 0.48024316109422494 0.4199288256227758 0.4992401215805471 0.41779359430604984 0.5243161094224924 0.41779359430604984 0.5645896656534954 0.4327402135231317 0.5752279635258358 0.4377224199288256 0.5539513677811551 0.44163701067615657 0.5098784194528876 0.44163701067615657 0.4756838905775076 0.44341637010676155 0.4316109422492401 0.4473309608540925 0.37462006079027355
3 0.3911032028469751 0.40577507598784196 0.3932384341637011 0.42933130699088146 0.39715302491103205 0.4566869300911854 0.39715302491103205 0.4969604863221885 0.39715302491103205 0.5243161094224924 0.39501779359430605 0.5539513677811551 0.39715302491103205 0.5683890577507599 0.4128113879003559 0.5706686930091185 0.42384341637010675 0.5668693009118541 0.4277580071174377 0.5478723404255319 0.42562277580071173 0.5197568389057751 0.42277580071174375 0.4908814589665654 0.42170818505338076 0.4566869300911854 0.42170818505338076 0.3958966565349544 0.4078291814946619 0.3829787234042553
4 0.3715302491103203 0.39361702127659576 0.3704626334519573 0.4247720364741641 0.3704626334519573 0.45288753799392095 0.3704626334519573 0.4817629179331307 0.3704626334519573 0.5053191489361702 0.3704626334519573 0.5182370820668692 0.3704626334519573 0.541033434650456 0.3693950177935943 0.5600303951367781 0.37829181494661923 0.5790273556231003 0.39608540925266905 0.5683890577507599 0.398220640569395 0.5516717325227963 0.39715302491103205 0.513677811550152 0.39501779359430605 0.4886018237082067 0.3921708185053381 0.4506079027355623 0.3900355871886121 0.41641337386018235 0.3900355871886121 0.3890577507598784
5 0.3476868327402135 0.3768996960486322 0.34483985765124553 0.40805471124620063 0.3377224199288256 0.44376899696048633 0.3227758007117438 0.5220364741641338 0.32597864768683277 0.5577507598784195 0.33594306049822065 0.5752279635258358 0.35551601423487544 0.5858662613981763 0.3715302491103203 0.587386018237082 0.37330960854092526 0.5433130699088146 0.3715302491103203 0.526595744680851 0.3693950177935943 0.4886018237082067 0.37224199288256227 0.41641337386018235 0.37224199288256227 0.378419452887538 0.3604982206405694 0.378419452887538
6 0.31601423487544483 0.3617021276595745 0.31601423487544483 0.3768996960486322 0.31209964412811386 0.4126139817629179 0.304270462633452 0.44376899696048633 0.297153024911032 0.4696048632218845 0.28647686832740216 0.4946808510638298 0.2804270462633452 0.5098784194528876 0.2804270462633452 0.541033434650456 0.29323843416370104 0.5577507598784195 0.30604982206405695 0.5645896656534954 0.3181494661921708 0.5668693009118541 0.32597864768683277 0.5478723404255319 0.33167259786476866 0.5220364741641338 0.33167259786476866 0.49240121580547114 0.33594306049822065 0.44376899696048633 0.3427046263345196 0.3677811550151976
7 0.30711743772241995 0.310790273556231 0.301067615658363 0.32370820668693007 0.28825622775800713 0.3487841945288754 0.2782918149466192 0.3662613981762918 0.2715302491103203 0.3829787234042553 0.2743772241992883 0.41641337386018235 0.2814946619217082 0.4376899696048632 0.30604982206405695 0.4338905775075988 0.3181494661921708 0.40197568389057753 0.3309608540925267 0.35790273556231 0.3398576512455516 0.32598784194528874 0.3288256227758007 0.29407294832826747
8 0.5067615658362989 0.40805471124620063 0.5067615658362989 0.446048632218845 0.505693950177936 0.4992401215805471 0.505693950177936 0.5790273556231003 0.5256227758007117 0.5729483282674772 0.5355871886120996 0.5706686930091185 0.5355871886120996 0.5303951367781155 0.5334519572953736 0.5075987841945289 0.5284697508896797 0.4612462006079027 0.5256227758007117 0.40805471124620063 0.5274021352313167 0.3890577507598784
9 0.5405693950177936 0.40425531914893614 0.5334519572953736 0.44224924012158057 0.5323843416370106 0.47796352583586627 0.5323843416370106 0.5030395136778115 0.5323843416370106 0.5288753799392097 0.5355871886120996 0.5623100303951368 0.5483985765124555 0.5767477203647416 0.5612099644128113 0.5752279635258358 0.5629893238434164 0.5478723404255319 0.5601423487544483 0.4908814589665654 0.5551601423487544 0.4316109422492401 0.5533807829181495 0.3890577507598784
10 0.5612099644128113 0.385258358662614 0.5622775800711743 0.44224924012158057 0.5622775800711743 0.48024316109422494 0.5622775800711743 0.5220364741641338 0.5651245551601424 0.5516717325227963 0.5718861209964413 0.5623100303951368 0.5829181494661921 0.5645896656534954 0.5918149466192171 0.5349544072948328 0.5889679715302492 0.5007598784194529 0.5857651245551602 0.4673252279635258 0.5850533807829181 0.4247720364741641 0.5839857651245551 0.3913373860182371
11 0.601779359430605 0.3974164133738602 0.5928825622775801 0.42325227963525835 0.5818505338078291 0.4696048632218845 0.5800711743772242 0.5007598784194529 0.5818505338078291 0.5516717325227963 0.5907473309608541 0.5683890577507599 0.607473309608541 0.5645896656534954 0.6145907473309609 0.5478723404255319 0.6145907473309609 0.4886018237082067 0.6156583629893239 0.4376899696048632 0.6195729537366548 0.38069908814589665
12 0.6234875444839858 0.3890577507598784 0.6224199288256228 0.40805471124620063 0.6174377224199288 0.446048632218845 0.6156583629893239 0.48632218844984804 0.6145907473309609 0.5303951367781155 0.6145907473309609 0.5516717325227963 0.6213523131672598 0.5767477203647416 0.6352313167259787 0.5729483282674772 0.6423487544483986 0.5577507598784195 0.6423487544483986 0.5303951367781155 0.6391459074733096 0.4969604863221885 0.6373665480427047 0.42933130699088146 0.6373665480427047 0.38677811550151975
13 0.6519572953736655 0.3768996960486322 0.6430604982206406 0.4399696048632219 0.6412811387900356 0.5455927051671733 0.6451957295373666 0.5645896656534954 0.6551601423487544 0.5683890577507599 0.6640569395017794 0.5683890577507599 0.6697508896797153 0.5683890577507599 0.6758007117437722 0.5683890577507599 0.6896797153024911 0.5645896656534954 0.691814946619217 0.5387537993920972 0.6818505338078292 0.47188449848024316 0.6718861209964413 0.40197568389057753 0.6718861209964413 0.3662613981762918
14 0.6740213523131673 0.35790273556231 0.6708185053380783 0.385258358662614 0.6679715302491103 0.45440729483282677 0.6679715302491103 0.4734042553191489 0.6718861209964413 0.5053191489361702 0.6797153024911032 0.5349544072948328 0.6875444839857652 0.5577507598784195 0.697508896797153 0.5668693009118541 0.7096085409252669 0.5668693009118541 0.7213523131672598 0.5516717325227963 0.7241992882562278 0.5303951367781155 0.7263345195729537 0.5007598784194529 0.7185053380782919 0.47188449848024316 0.7074733096085409 0.4566869300911854 0.699644128113879 0.43541033434650456 0.6935943060498221 0.4126139817629179 0.6946619217081851 0.3556231003039514
15 0.69644128113879 0.3047112462006079 0.698576512455516 0.3556231003039514 0.698576512455516 0.38069908814589665 0.697508896797153 0.4148936170212766 0.697508896797153 0.4316109422492401 0.7046263345195729 0.446048632218845 0.7185053380782919 0.446048632218845 0.7330960854092526 0.446048632218845 0.7391459074733097 0.4270516717325228 0.7330960854092526 0.39361702127659576 0.7281138790035587 0.34498480243161095 0.7281138790035587 0.31534954407294835
16 0.5049822064056939 0.7773556231003039 0.501779359430605 0.7272036474164134 0.501779359430605 0.6930091185410334 0.501779359430605 0.6550151975683891 0.501779359430605 0.6132218844984803 0.5185053380782918 0.6048632218844985 0.5195729537366548 0.6466565349544073 0.5195729537366548 0.6785714285714286 0.5195729537366548 0.7120060790273556 0.5195729537366548 0.7522796352583586 0.5195729537366548 0.7758358662613982 0.5206405693950178 0.8047112462006079
17 0.5395017793594306 0.6063829787234043 0.5274021352313167 0.6063829787234043 0.5167259786476869 0.6322188449848024 0.5167259786476869 0.6679331306990881 0.5206405693950178 0.7310030395136778 0.5234875444839857 0.7689969604863222 0.5234875444839857 0.8092705167173252 0.5266903914590747 0.8259878419452887 0.5373665480427047 0.8031914893617021 0.5405693950177936 0.7522796352583586 0.5405693950177936 0.7203647416413373 0.5412811387900356 0.6717325227963525
18 0.5512455516014235 0.6132218844984803 0.5423487544483986 0.6337386018237082 0.5423487544483986 0.6679331306990881 0.5444839857651246 0.7249240121580547 0.5451957295373665 0.7712765957446809 0.5494661921708185 0.8221884498480243 0.5590747330960855 0.8237082066869301 0.5690391459074733 0.7925531914893617 0.5711743772241993 0.7629179331306991 0.5718861209964413 0.7332826747720365 0.5729537366548043 0.7120060790273556 0.5729537366548043 0.6762917933130699 0.5729537366548043 0.6253799392097265 0.5622775800711743 0.6025835866261399
19 0.5768683274021352 0.6276595744680851 0.5672597864768684 0.6382978723404256 0.5672597864768684 0.6762917933130699 0.5750889679715302 0.7120060790273556 0.5768683274021352 0.7651975683890577 0.5829181494661921 0.8153495440729484 0.595729537366548 0.8305471124620061 0.5939501779359431 0.7651975683890577 0.5918149466192171 0.6975683890577508 0.595729537366548 0.6337386018237082 0.5889679715302492 0.621580547112462
20 0.598576512455516 0.6253799392097265 0.5868327402135232 0.6527355623100304 0.598576512455516 0.6975683890577508 0.6067615658362989 0.7188449848024316 0.6135231316725979 0.7629179331306991 0.6224199288256228 0.8092705167173252 0.6373665480427047 0.8389057750759878 0.6462633451957296 0.8305471124620061 0.6423487544483986 0.7963525835866262 0.6391459074733096 0.756838905775076 0.6373665480427047 0.7287234042553191 0.6323843416370106 0.6846504559270516 0.6274021352313167 0.6443768996960486 0.6245551601423488 0.621580547112462
21 0.6334519572953736 0.6337386018237082 0.6213523131672598 0.6443768996960486 0.6313167259786477 0.7013677811550152 0.6384341637010676 0.7203647416413373 0.6491103202846975 0.7689969604863222 0.6569395017793594 0.8138297872340425 0.6697508896797153 0.8343465045592705 0.6875444839857652 0.8237082066869301 0.691814946619217 0.7986322188449848 0.6875444839857652 0.7651975683890577 0.6807829181494662 0.7165653495440729 0.6768683274021352 0.6717325227963525 0.6718861209964413 0.6299392097264438 0.6540925266903914 0.6193009118541033 0.6423487544483986 0.6193009118541033
22 0.6829181494661922 0.6193009118541033 0.6718861209964413 0.6337386018237082 0.6718861209964413 0.6702127659574468 0.6797153024911032 0.7036474164133738 0.6907473309608541 0.7355623100303952 0.7053380782918149 0.7629179331306991 0.7213523131672598 0.8009118541033434 0.7330960854092526 0.8153495440729484 0.7352313167259786 0.7712765957446809 0.7330960854092526 0.7165653495440729 0.7330960854092526 0.6679331306990881 0.7252669039145907 0.6322188449848024 0.7163701067615659 0.6147416413373861 0.698576512455516 0.6132218844984803
23 0.7498220640569395 0.6253799392097265 0.7380782918149467 0.6360182370820668 0.7291814946619217 0.6618541033434651 0.7281138790035587 0.6808510638297872 0.7313167259786477 0.709726443768997 0.7441281138790036 0.7393617021276596 0.7608540925266903 0.7629179331306991 0.7736654804270463 0.7879939209726444 0.7903914590747331 0.8009118541033434 0.797508896797153 0.7819148936170213 0.800355871886121 0.7545592705167173 0.7953736654804271 0.7036474164133738 0.7786476868327402 0.6656534954407295 0.7697508896797153 0.6443768996960486
24 0.4918149466192171 0.78419452887538 0.49395017793594304 0.7249240121580547 0.49501779359430603 0.6656534954407295 0.49608540925266903 0.6063829787234043 0.4800711743772242 0.6048632218844985 0.4761565836298932 0.6253799392097265 0.4772241992882562 0.6466565349544073 0.4782918149466192 0.6762917933130699 0.4800711743772242 0.7082066869300911 0.4800711743772242 0.7462006079027356 0.4800711743772242 0.8092705167173252 0.4928825622775801 0.8092705167173252
25 0.4701067615658363 0.8092705167173252 0.4750889679715303 0.7796352583586627 0.4772241992882562 0.7393617021276596 0.4772241992882562 0.7082066869300911 0.4772241992882562 0.6170212765957447 0.46512455516014234 0.6025835866261399 0.4555160142348754 0.6193009118541033 0.45729537366548045 0.6443768996960486 0.4583629893238434 0.6656534954407295 0.4604982206405694 0.6907294832826748 0.46227758007117437 0.7188449848024316 0.46334519572953736 0.7477203647416414 0.46120996441281137 0.790273556231003 0.4594306049822064 0.8138297872340425
26 0.44448398576512455 0.8153495440729484 0.4555160142348754 0.7477203647416414 0.4594306049822064 0.6907294832826748 0.4594306049822064 0.6428571428571429 0.46120996441281137 0.6048632218844985 0.44555160142348754 0.6132218844984803 0.4405693950177936 0.6382978723404256 0.43558718861209966 0.6572948328267477 0.43558718861209966 0.6869300911854104 0.43558718861209966 0.7120060790273556 0.43558718861209966 0.743920972644377 0.43558718861209966 0.7735562310030395 0.43451957295373667 0.8115501519756839
27 0.4206405693950178 0.8305471124620061 0.42170818505338076 0.8092705167173252 0.4288256227758007 0.7796352583586627 0.43451957295373667 0.7416413373860182 0.4405693950177936 0.6998480243161094 0.44341637010676155 0.6679331306990881 0.44341637010676155 0.6428571428571429 0.4377224199288256 0.621580547112462 0.42491103202846975 0.6253799392097265 0.41387900355871887 0.6527355623100304 0.4110320284697509 0.6762917933130699 0.4110320284697509 0.7165653495440729 0.4117437722419929 0.75 0.4117437722419929 0.790273556231003
28 0.3822064056939502 0.8199088145896657 0.3893238434163701 0.8047112462006079 0.39715302491103205 0.78419452887538 0.40213523131672596 0.7629179331306991 0.40498220640569393 0.7355623100303952 0.40711743772241993 0.6975683890577508 0.41387900355871887 0.6679331306990881 0.41779359430604984 0.6512158054711246 0.402846975088968 0.6382978723404256 0.39501779359430605 0.6382978723404256 0.3871886120996441 0.6550151975683891 0.38434163701067614 0.6762917933130699 0.3850533807829182 0.7165653495440729 0.3822064056939502 0.7651975683890577 0.37722419928825623 0.7925531914893617
29 0.35444839857651245 0.8221884498480243 0.3654804270462633 0.790273556231003 0.3693950177935943 0.756838905775076 0.37224199288256227 0.7272036474164134 0.3822064056939502 0.6785714285714286 0.38434163701067614 0.6512158054711246 0.3822064056939502 0.6322188449848024 0.3644128113879004 0.6322188449848024 0.3494661921708185 0.6299392097264438 0.3427046263345196 0.6276595744680851 0.3377224199288256 0.6762917933130699 0.3377224199288256 0.7249240121580547 0.3209964412811388 0.7948328267477204 0.33487544483985765 0.8138297872340425
30 0.2921708185053381 0.8031914893617021 0.3092526690391459 0.7712765957446809 0.31387900355871884 0.7583586626139818 0.3220640569395018 0.7310030395136778 0.33167259786476866 0.6785714285714286 0.33167259786476866 0.6550151975683891 0.33487544483985765 0.6238601823708206 0.32597864768683277 0.6086626139817629 0.3099644128113879 0.6025835866261399 0.297153024911032 0.6025835866261399 0.2921708185053381 0.6382978723404256 0.29145907473309607 0.6679331306990881 0.29145907473309607 0.689209726443769 0.29039145907473307 0.7226443768996961 0.28540925266903916 0.7583586626139818 0.2814946619217082 0.7758358662613982