0 0.4881450488145049 0.3976063829787234 0.4755927475592748 0.5179521276595744 0.4755927475592748 0.5824468085106383 0.4755927475592748 0.6043882978723404 0.50278940027894 0.6023936170212766 0.5115062761506276 0.5990691489361702 0.5097629009762901 0.543218085106383 0.5076708507670851 0.4933510638297872 0.5076708507670851 0.45279255319148937 0.5135983263598326 0.3976063829787234
1 0.4602510460251046 0.40492021276595747 0.4504881450488145 0.48603723404255317 0.449442119944212 0.5472074468085106 0.451534170153417 0.6083776595744681 0.4679218967921897 0.6043882978723404 0.47489539748953974 0.5525265957446809 0.4707112970711297 0.4973404255319149 0.4766387726638773 0.3996010638297872
2 0.42433751743375175 0.40492021276595747 0.42329149232914925 0.488031914893617 0.42329149232914925 0.5511968085106383 0.4225941422594142 0.5857712765957447 0.4407252440725244 0.5990691489361702 0.4504881450488145 0.5678191489361702 0.44281729428172945 0.5086436170212766 0.4400278940027894 0.4454787234042553 0.4417712691771269 0.39561170212765956
3 0.4041143654114365 0.40691489361702127 0.3971408647140865 0.4933510638297872 0.38563458856345884 0.5565159574468085 0.3905160390516039 0.5731382978723404 0.4096931659693166 0.5970744680851063 0.4271269177126918 0.5545212765957447 0.41841004184100417 0.4933510638297872 0.4166666666666667 0.42686170212765956 0.4166666666666667 0.39361702127659576
4 0.37099023709902373 0.4122340425531915 0.36157601115760113 0.4900265957446808 0.36052998605299863 0.5418882978723404 0.36052998605299863 0.5711436170212766 0.3817991631799163 0.5711436170212766 0.3866806136680614 0.5378989361702128 0.3866806136680614 0.4973404255319149 0.3866806136680614 0.43617021276595747 0.3877266387726639 0.3976063829787234
5 0.32461645746164575 0.418218085106383 0.3158995815899582 0.4660904255319149 0.3158995815899582 0.5232712765957447 0.3169456066945607 0.5678191489361702 0.351813110181311 0.5691489361702128 0.36052998605299863 0.5345744680851063 0.35564853556485354 0.48470744680851063 0.351813110181311 0.42154255319148937 0.351813110181311 0.40691489361702127
6 0.28765690376569036 0.4122340425531915 0.27615062761506276 0.5099734042553191 0.2723152022315202 0.5452127659574468 0.2859135285913529 0.5598404255319149 0.3023012552301255 0.5598404255319149 0.3092747559274756 0.5618351063829787 0.3110181311018131 0.5179521276595744 0.3110181311018131 0.45146276595744683 0.31311018131101814 0.42154255319148937 0.31311018131101814 0.40691489361702127
7 0.25871687587168757 0.40691489361702127 0.2402370990237099 0.48470744680851063 0.22873082287308227 0.5232712765957447 0.23361227336122734 0.5418882978723404 0.24511854951185494 0.5492021276595744 0.2615062761506276 0.5585106382978723 0.2712691771269177 0.5378989361702128 0.2712691771269177 0.48271276595744683 0.2789400278940028 0.42686170212765956 0.2859135285913529 0.4029255319148936
8 0.5191771269177127 0.4015957446808511 0.5125523012552301 0.4953457446808511 0.5125523012552301 0.5678191489361702 0.5163877266387726 0.5990691489361702 0.5338214783821479 0.5990691489361702 0.5474198047419805 0.5930851063829787 0.5474198047419805 0.5305851063829787 0.543584379358438 0.480718085106383 0.5366108786610879 0.418218085106383 0.5359135285913529 0.39228723404255317
9 0.5453277545327755 0.4142287234042553 0.546373779637378 0.511968085106383 0.548465829846583 0.5857712765957447 0.553347280334728 0.6023936170212766 0.5697350069735007 0.5970744680851063 0.5763598326359832 0.5784574468085106 0.5714783821478382 0.5345744680851063 0.5648535564853556 0.4787234042553192 0.5638075313807531 0.42353723404255317 0.5627615062761506 0.4029255319148936
10 0.5794979079497908 0.418218085106383 0.5735704323570432 0.5026595744680851 0.5735704323570432 0.5452127659574468 0.5794979079497908 0.5917553191489362 0.596931659693166 0.5917553191489362 0.6063458856345886 0.5585106382978723 0.602510460251046 0.5232712765957447 0.6007670850767085 0.449468085106383 0.604602510460251 0.4122340425531915
11 0.6094839609483961 0.4162234042553192 0.5986750348675035 0.46808510638297873 0.5986750348675035 0.511968085106383 0.602510460251046 0.5711436170212766 0.6101813110181311 0.5844414893617021 0.6220362622036262 0.5844414893617021 0.6356345885634589 0.5751329787234043 0.6363319386331938 0.5252659574468085 0.6324965132496513 0.5013297872340425 0.6317991631799164 0.4308510638297872 0.6307531380753139 0.41023936170212766
12 0.6405160390516039 0.425531914893617 0.6324965132496513 0.488031914893617 0.6356345885634589 0.5378989361702128 0.6373779637377964 0.5638297872340425 0.6499302649930265 0.5804521276595744 0.6569037656903766 0.5804521276595744 0.6673640167364017 0.5525265957446809 0.6617852161785216 0.5159574468085106 0.6558577405857741 0.46808510638297873 0.6607391910739191 0.41023936170212766 0.6607391910739191 0.3863031914893617 0.6394700139470014 0.3882978723404255
13 0.6792189679218968 0.4029255319148936 0.6684100418410042 0.48470744680851063 0.6673640167364017 0.5731382978723404 0.689679218967922 0.5764627659574468 0.701534170153417 0.5711436170212766 0.7140864714086471 0.5585106382978723 0.7081589958158996 0.5066489361702128 0.702231520223152 0.48603723404255317 0.6983960948396095 0.4288563829787234 0.702231520223152 0.39029255319148937
14 0.7179218967921897 0.41023936170212766 0.7081589958158996 0.5099734042553191 0.7119944211994421 0.5658244680851063 0.7468619246861925 0.5525265957446809 0.7538354253835425 0.5159574468085106 0.747907949790795 0.480718085106383 0.745118549511855 0.418218085106383 0.7440725244072525 0.39228723404255317 0.7391910739191074 0.36436170212765956 0.7158298465829847 0.37367021276595747
15 0.75278940027894 0.36236702127659576 0.745118549511855 0.4308510638297872 0.74581589958159 0.49933510638297873 0.7576708507670851 0.519281914893617 0.7740585774058577 0.526595744680851 0.8019525801952581 0.5026595744680851 0.7887029288702929 0.46941489361702127 0.7751046025104602 0.4162234042553192 0.7730125523012552 0.3550531914893617
16 0.5387029288702929 0.7945478723404256 0.5366108786610879 0.7466755319148937 0.5289400278940027 0.6781914893617021 0.5278940027894002 0.6416223404255319 0.549163179916318 0.6429521276595744 0.548465829846583 0.6761968085106383 0.546373779637378 0.7300531914893617 0.551255230125523 0.7759308510638298 0.551255230125523 0.8131648936170213
17 0.551255230125523 0.6469414893617021 0.5523012552301255 0.7207446808510638 0.5523012552301255 0.7559840425531915 0.5599721059972106 0.817154255319149 0.5707810320781032 0.8091755319148937 0.5784518828451883 0.7539893617021277 0.5686889818688982 0.6841755319148937 0.5676429567642957 0.6376329787234043
18 0.5665969316596932 0.6841755319148937 0.5794979079497908 0.7579787234042553 0.5871687587168759 0.8091755319148937 0.5937935843793585 0.8577127659574468 0.6094839609483961 0.8277925531914894 0.6094839609483961 0.7799202127659575 0.602510460251046 0.7081117021276596 0.602510460251046 0.6821808510638298 0.6007670850767085 0.6688829787234043 0.5920502092050209 0.6303191489361702 0.5794979079497908 0.6210106382978723 0.5676429567642957 0.6582446808510638
19 0.602510460251046 0.6376329787234043 0.6056485355648535 0.711436170212766 0.6101813110181311 0.7539893617021277 0.6237796373779637 0.7945478723404256 0.6324965132496513 0.7965425531914894 0.6384239888423989 0.7852393617021277 0.6317991631799164 0.7393617021276596 0.6269177126917713 0.6988031914893617 0.6276150627615062 0.65625 0.6248256624825662 0.6263297872340425
20 0.6297071129707112 0.6263297872340425 0.6324965132496513 0.6855053191489362 0.6450488145048815 0.7007978723404256 0.6520223152022315 0.7486702127659575 0.6635285913528591 0.7686170212765957 0.6732914923291492 0.7852393617021277 0.6799163179916318 0.7852393617021277 0.6820083682008368 0.7393617021276596 0.6684100418410042 0.7041223404255319 0.6624825662482566 0.6728723404255319 0.6607391910739191 0.6429521276595744 0.6624825662482566 0.6156914893617021 0.6443514644351465 0.617686170212766
22 0.6858437935843794 0.6303191489361702 0.702231520223152 0.6855053191489362 0.7276847977684798 0.7207446808510638 0.7517433751743375 0.7373670212765957 0.7702231520223152 0.7340425531914894 0.7681311018131102 0.7041223404255319 0.75278940027894 0.6655585106382979 0.7370990237099023 0.6396276595744681 0.7304741980474198 0.5917553191489362 0.7071129707112971 0.6023936170212766
23 0.7304741980474198 0.5877659574468085 0.7468619246861925 0.6396276595744681 0.7719665271966527 0.6615691489361702 0.7925383542538355 0.6841755319148937 0.8029986052998606 0.6855053191489362 0.8117154811715481 0.6821808510638298 0.8089260808926081 0.6522606382978723 0.7894002789400278 0.6343085106382979 0.7866108786610879 0.5970744680851063 0.7719665271966527 0.5618351063829787 0.7517433751743375 0.5691489361702128
24 0.5055788005578801 0.6582446808510638 0.5055788005578801 0.694813829787234 0.5087168758716876 0.7280585106382979 0.5115062761506276 0.7925531914893617 0.5174337517433751 0.817154255319149 0.5310320781032078 0.8111702127659575 0.5278940027894002 0.7593085106382979 0.5278940027894002 0.7061170212765957 0.5261506276150628 0.648936170212766
25 0.4825662482566248 0.6469414893617021 0.4776847977684798 0.6855053191489362 0.4804741980474198 0.711436170212766 0.48535564853556484 0.7466755319148937 0.48535564853556484 0.7819148936170213 0.49128312412831243 0.817154255319149 0.5038354253835425 0.8091755319148937 0.50278940027894 0.7559840425531915 0.5 0.7174202127659575 0.5017433751743375 0.6914893617021277 0.5017433751743375 0.6469414893617021
26 0.45432357043235705 0.6469414893617021 0.4525801952580195 0.6968085106382979 0.451534170153417 0.7593085106382979 0.4504881450488145 0.817154255319149 0.46617852161785217 0.8131648936170213 0.4679218967921897 0.7799202127659575 0.4755927475592748 0.6988031914893617 0.4794281729428173 0.6356382978723404 0.4640864714086471 0.6356382978723404
27 0.4271269177126918 0.6396276595744681 0.4215481171548117 0.6821808510638298 0.4177126917712692 0.7320478723404256 0.4117852161785216 0.800531914893617 0.42642956764295675 0.7925531914893617 0.43793584379358436 0.7672872340425532 0.449442119944212 0.6988031914893617 0.45327754532775455 0.6303191489361702
28 0.39539748953974896 0.6156914893617021 0.38284518828451886 0.7227393617021277 0.37412831241283123 0.8018617021276596 0.38458856345885634 0.8058510638297872 0.39330543933054396 0.7799202127659575 0.405160390516039 0.711436170212766 0.42642956764295675 0.6263297872340425
29 0.3410041841004184 0.6063829787234043 0.3392608089260809 0.6655585106382979 0.32670850767085075 0.7300531914893617 0.3207810320781032 0.7779255319148937 0.3410041841004184 0.7759308510638298 0.35564853556485354 0.7759308510638298 0.3682008368200837 0.7486702127659575 0.37587168758716877 0.6928191489361702 0.38284518828451886 0.6582446808510638 0.39330543933054396 0.6210106382978723 0.39330543933054396 0.5990691489361702 0.36052998605299863 0.6117021276595744
30 0.300557880055788 0.5844414893617021 0.2907949790794979 0.6210106382978723 0.2869595536959554 0.65625 0.2744072524407252 0.6914893617021277 0.2702231520223152 0.7227393617021277 0.28870292887029286 0.7506648936170213 0.3082287308228731 0.711436170212766 0.3218270571827057 0.6855053191489362 0.3333333333333333 0.6416223404255319 0.3399581589958159 0.6283244680851063 0.34309623430962344 0.5917553191489362