0 0.46687587168758715 0.598404255319149 0.4839609483960948 0.5997340425531915 0.49337517433751743 0.5910904255319149 0.5017433751743375 0.581781914893617 0.5024407252440726 0.5631648936170213 0.49860529986053 0.5172872340425532 0.49721059972105996 0.49933510638297873 0.4909344490934449 0.4507978723404255 0.4724546722454672 0.3304521276595745 0.452231520223152 0.34375 0.4560669456066946 0.4773936170212766 0.4581589958158996 0.5126329787234043 0.4581589958158996 0.5365691489361702
1 0.4341004184100418 0.5777925531914894 0.4421199442119944 0.5910904255319149 0.4560669456066946 0.5851063829787234 0.4605997210599721 0.5718085106382979 0.4599023709902371 0.5319148936170213 0.452231520223152 0.33111702127659576 0.4302649930264993 0.3351063829787234 0.4306136680613668 0.4920212765957447 0.4313110181311018 0.5232712765957447 0.4313110181311018 0.5598404255319149
2 0.39400278940027894 0.5598404255319149 0.40097629009762903 0.5764627659574468 0.4194560669456067 0.5877659574468085 0.4302649930264993 0.5777925531914894 0.43340306834030684 0.5571808510638298 0.4341004184100418 0.5199468085106383 0.4327057182705718 0.4740691489361702 0.4166666666666667 0.29720744680851063 0.40481171548117156 0.31183510638297873 0.3957461645746165 0.3470744680851064 0.3985355648535565 0.3896276595744681 0.3992329149232915 0.4375 0.399581589958159 0.48470744680851063 0.400278940027894 0.5172872340425532 0.3978382147838215 0.5378989361702128
3 0.36366806136680613 0.5585106382978723 0.37308228730822873 0.589095744680851 0.3877266387726639 0.5924202127659575 0.3947001394700139 0.5837765957446809 0.3971408647140865 0.5644946808510638 0.400278940027894 0.5305851063829787 0.399581589958159 0.49933510638297873 0.3978382147838215 0.3497340425531915 0.3817991631799163 0.35305851063829785 0.37552301255230125 0.43617021276595747 0.37691771269177127 0.4714095744680851 0.37552301255230125 0.5026595744680851
4 0.33577405857740583 0.5438829787234043 0.34205020920502094 0.574468085106383 0.35355648535564854 0.581781914893617 0.36541143654114366 0.5757978723404256 0.3668061366806137 0.5558510638297872 0.36750348675034866 0.5139627659574468 0.3668061366806137 0.4714095744680851 0.36297071129707115 0.32646276595744683 0.34658298465829845 0.32779255319148937 0.34205020920502094 0.4507978723404255 0.34205020920502094 0.4753989361702128 0.3399581589958159 0.5099734042553191
5 0.3103207810320781 0.4488031914893617 0.3197350069735007 0.47007978723404253 0.33437935843793587 0.47606382978723405 0.3507670850767085 0.47606382978723405 0.3647140864714086 0.4654255319148936 0.3668061366806137 0.4428191489361702 0.3608786610878661 0.4015957446808511 0.3291492329149233 0.26861702127659576 0.30578800557880054 0.28324468085106386 0.3082287308228731 0.3304521276595745 0.3103207810320781 0.37101063829787234 0.30962343096234307 0.4029255319148936 0.3089260808926081 0.4162234042553192 0.3082287308228731 0.43018617021276595
6 0.2716178521617852 0.5611702127659575 0.2824267782426778 0.5611702127659575 0.2900976290097629 0.5538563829787234 0.31415620641562064 0.5332446808510638 0.30962343096234307 0.5113031914893617 0.30404463040446306 0.47273936170212766 0.30264993026499304 0.45944148936170215 0.30509065550906556 0.43018617021276595 0.29323570432357043 0.3238031914893617 0.2716178521617852 0.32779255319148937 0.2419804741980474 0.3503989361702128 0.24616457461645747 0.4035904255319149 0.24616457461645747 0.42686170212765956 0.24755927475592748 0.45811170212765956 0.25 0.4833776595744681 0.25313807531380755 0.49933510638297873 0.25592747559274753 0.5345744680851063 0.26324965132496514 0.5598404255319149
8 0.5101115760111576 0.5897606382978723 0.5320781032078103 0.59375 0.550557880055788 0.5851063829787234 0.5519525801952581 0.5684840425531915 0.5519525801952581 0.5378989361702128 0.551255230125523 0.5139627659574468 0.549860529986053 0.47273936170212766 0.5289400278940027 0.29853723404255317 0.50697350069735 0.3045212765957447 0.50418410041841 0.38231382978723405 0.5062761506276151 0.45611702127659576 0.5062761506276151 0.4886968085106383 0.5073221757322176 0.5232712765957447 0.5080195258019525 0.5452127659574468
9 0.5523012552301255 0.581781914893617 0.5613668061366807 0.5804521276595744 0.5777545327754533 0.5777925531914894 0.5868200836820083 0.5757978723404256 0.5808926080892608 0.4920212765957447 0.5767085076708508 0.4228723404255319 0.5589260808926081 0.30851063829787234 0.5380055788005579 0.33111702127659576 0.5352161785216178 0.3836436170212766 0.5428870292887029 0.44481382978723405 0.549163179916318 0.5452127659574468 0.5523012552301255 0.567154255319149
10 0.5885634588563459 0.574468085106383 0.5847280334728033 0.5425531914893617 0.5854253835425384 0.5099734042553191 0.5885634588563459 0.4753989361702128 0.5878661087866108 0.4109042553191489 0.6032078103207811 0.2839095744680851 0.6279637377963738 0.28523936170212766 0.6317991631799164 0.3384308510638298 0.6220362622036262 0.4148936170212766 0.6227336122733612 0.46808510638297873 0.6265690376569037 0.5006648936170213 0.6265690376569037 0.5425531914893617 0.6157601115760112 0.5791223404255319 0.6115760111576011 0.5791223404255319
11 0.6209902370990237 0.5718085106382979 0.6171548117154811 0.5392287234042553 0.6178521617852162 0.5006648936170213 0.6202928870292888 0.4607712765957447 0.6317991631799164 0.31183510638297873 0.6589958158995816 0.33111702127659576 0.6565550906555091 0.38563829787234044 0.6520223152022315 0.4800531914893617 0.6576011157601116 0.5039893617021277 0.6614365411436541 0.5285904255319149 0.6638772663877266 0.5684840425531915 0.6576011157601116 0.5764627659574468 0.6436541143654114 0.5804521276595744 0.6359832635983264 0.5804521276595744 0.6279637377963738 0.5764627659574468
12 0.6596931659693166 0.5731382978723404 0.6565550906555091 0.5538563829787234 0.6558577405857741 0.5212765957446809 0.6558577405857741 0.4773936170212766 0.6596931659693166 0.4295212765957447 0.6673640167364017 0.32180851063829785 0.6861924686192469 0.32513297872340424 0.6861924686192469 0.45944148936170215 0.6868898186889819 0.48736702127659576 0.6952580195258019 0.5465425531914894 0.693863319386332 0.5658244680851063 0.6893305439330544 0.5704787234042553 0.6778242677824268 0.574468085106383
13 0.693863319386332 0.5704787234042553 0.6875871687587168 0.5418882978723404 0.6854951185495118 0.5066489361702128 0.6907252440725244 0.4753989361702128 0.6882845188284519 0.43018617021276595 0.7071129707112971 0.33976063829787234 0.7552301255230126 0.37632978723404253 0.7381450488145049 0.44481382978723405 0.7357043235704324 0.48138297872340424 0.7343096234309623 0.4946808510638298 0.7343096234309623 0.5152925531914894 0.7388423988842399 0.555186170212766 0.7311715481171548 0.5691489361702128 0.7224546722454672 0.5704787234042553 0.7165271966527197 0.5691489361702128 0.708507670850767 0.5718085106382979
14 0.7364016736401674 0.5465425531914894 0.7311715481171548 0.5139627659574468 0.7364016736401674 0.46941489361702127 0.7402370990237099 0.449468085106383 0.752092050209205 0.38231382978723405 0.7681311018131102 0.38430851063829785 0.7719665271966527 0.43550531914893614 0.7782426778242678 0.4740691489361702 0.7820781032078103 0.49933510638297873 0.7792887029288703 0.5332446808510638 0.7705718270571827 0.5478723404255319 0.7552301255230126 0.5498670212765957 0.7503486750348675 0.5498670212765957 0.7395397489539749 0.5345744680851063
15 0.791492329149233 0.5392287234042553 0.7761506276150628 0.5232712765957447 0.7723152022315202 0.48470744680851063 0.7730125523012552 0.46941489361702127 0.7730125523012552 0.44148936170212766 0.7761506276150628 0.39893617021276595 0.7820781032078103 0.3690159574468085 0.805439330543933 0.35305851063829785 0.8155509065550907 0.4089095744680851 0.8193863319386332 0.43617021276595747 0.8225244072524407 0.45944148936170215 0.8288005578800558 0.4833776595744681 0.8301952580195258 0.5079787234042553 0.8211297071129707 0.5292553191489362 0.806136680613668 0.5319148936170213 0.797768479776848 0.5378989361702128
16 0.5094142259414226 0.629654255319149 0.5226638772663877 0.6263297872340425 0.5313807531380753 0.6276595744680851 0.5383542538354253 0.6276595744680851 0.5383542538354253 0.6688829787234043 0.5352161785216178 0.7034574468085106 0.5289400278940027 0.7460106382978723 0.5104602510460251 0.851063829787234 0.497907949790795 0.8291223404255319 0.5 0.7493351063829787 0.50697350069735 0.6841755319148937 0.5073221757322176 0.6555851063829787
17 0.5373082287308228 0.6781914893617021 0.5359135285913529 0.6589095744680851 0.5313807531380753 0.6336436170212766 0.5303347280334728 0.6230053191489362 0.5529986052998606 0.6117021276595744 0.5676429567642957 0.6117021276595744 0.5700836820083682 0.6236702127659575 0.5683403068340307 0.6735372340425532 0.5658995815899581 0.7280585106382979 0.550557880055788 0.8617021276595744 0.5310320781032078 0.8570478723404256 0.5341701534170153 0.7825797872340425 0.5352161785216178 0.7267287234042553
18 0.5683403068340307 0.6841755319148937 0.5638075313807531 0.65625 0.5631101813110181 0.6230053191489362 0.5784518828451883 0.6083776595744681 0.5923988842398884 0.6083776595744681 0.6077405857740585 0.6190159574468085 0.6056485355648535 0.6496010638297872 0.6056485355648535 0.6841755319148937 0.6070432357043236 0.7253989361702128 0.6108786610878661 0.773936170212766 0.6171548117154811 0.8291223404255319 0.6185495118549512 0.855718085106383 0.5993723849372385 0.8583776595744681 0.5868200836820083 0.7965425531914894 0.5770571827057183 0.7413563829787234
19 0.6147140864714087 0.6748670212765957 0.6070432357043236 0.6555851063829787 0.6056485355648535 0.636968085106383 0.604602510460251 0.6216755319148937 0.6185495118549512 0.6156914893617021 0.6297071129707112 0.6156914893617021 0.6419107391910739 0.6230053191489362 0.6450488145048815 0.651595744680851 0.648884239888424 0.7047872340425532 0.6582984658298466 0.7945478723404256 0.6569037656903766 0.8490691489361702 0.6387726638772664 0.8344414893617021 0.6328451882845189 0.773936170212766 0.6265690376569037 0.7340425531914894 0.6188981868898187 0.7047872340425532
20 0.6589958158995816 0.7061170212765957 0.6520223152022315 0.6881648936170213 0.6457461645746164 0.6662234042553191 0.6436541143654114 0.6456117021276596 0.6464435146443515 0.6143617021276596 0.6520223152022315 0.6070478723404256 0.6645746164574616 0.6070478723404256 0.6753835425383543 0.6117021276595744 0.6799163179916318 0.6349734042553191 0.6854951185495118 0.6708776595744681 0.6907252440725244 0.7061170212765957 0.701534170153417 0.7626329787234043 0.7130404463040446 0.8257978723404256 0.6886331938633193 0.824468085106383 0.6774755927475593 0.7825797872340425 0.6705020920502092 0.742686170212766 0.6621338912133892 0.7167553191489362
21 0.6983960948396095 0.7087765957446809 0.6900278940027894 0.6881648936170213 0.6861924686192469 0.6708776595744681 0.6806136680613668 0.6615691489361702 0.6767782426778243 0.6409574468085106 0.6746861924686193 0.6216755319148937 0.6785216178521618 0.613031914893617 0.6844490934449093 0.6070478723404256 0.700836820083682 0.6023936170212766 0.7154811715481172 0.5970744680851063 0.7273361227336123 0.6023936170212766 0.7304741980474198 0.6236702127659575 0.7374476987447699 0.6602393617021277 0.7496513249651325 0.6988031914893617 0.7649930264993027 0.7579787234042553 0.7597629009762901 0.8138297872340425 0.7273361227336123 0.8091755319148937 0.7154811715481172 0.7799202127659575 0.7046722454672245 0.7506648936170213
22 0.75139470013947 0.6914893617021277 0.7444211994421199 0.6688829787234043 0.7381450488145049 0.6575797872340425 0.7294281729428173 0.6349734042553191 0.7269874476987448 0.6163563829787234 0.7304741980474198 0.5957446808510638 0.7409344490934449 0.586436170212766 0.7622036262203626 0.574468085106383 0.7674337517433751 0.574468085106383 0.7799860529986054 0.5824468085106383 0.7859135285913529 0.6070478723404256 0.7907949790794979 0.632313829787234 0.799860529986053 0.663563829787234 0.8225244072524407 0.6954787234042553 0.8288005578800558 0.7473404255319149 0.8124128312412832 0.7639627659574468 0.799163179916318 0.7726063829787234 0.7827754532775453 0.7579787234042553 0.7674337517433751 0.7360372340425532 0.7611576011157601 0.7253989361702128
24 0.4794281729428173 0.6143617021276596 0.496513249651325 0.613031914893617 0.5055788005578801 0.6163563829787234 0.5101115760111576 0.6230053191489362 0.50418410041841 0.65625 0.5024407252440726 0.6974734042553191 0.499302649930265 0.754654255319149 0.4829149232914923 0.8610372340425532 0.4714086471408647 0.8304521276595744 0.4714086471408647 0.7752659574468085 0.47384937238493724 0.7300531914893617 0.4783821478382148 0.6914893617021277 0.4783821478382148 0.6628989361702128 0.47594142259414224 0.6363031914893617
25 0.4497907949790795 0.6855053191489362 0.4490934449093445 0.6482712765957447 0.4504881450488145 0.6230053191489362 0.4560669456066946 0.6156914893617021 0.47384937238493724 0.6190159574468085 0.48221757322175735 0.6429521276595744 0.47629009762900976 0.7001329787234043 0.4689679218967922 0.7446808510638298 0.4630404463040446 0.7965425531914894 0.44595536959553694 0.8643617021276596 0.4421199442119944 0.8291223404255319 0.4445606694560669 0.7752659574468085 0.44839609483960946 0.7240691489361702 0.44735006973500696 0.7074468085106383
26 0.4166666666666667 0.6941489361702128 0.4166666666666667 0.6761968085106383 0.4166666666666667 0.644281914893617 0.42189679218967924 0.6190159574468085 0.42503486750348674 0.6103723404255319 0.44281729428172945 0.6097074468085106 0.4511854951185495 0.6083776595744681 0.453626220362622 0.6469414893617021 0.4445606694560669 0.6928191489361702 0.4396792189679219 0.7400265957446809 0.4306136680613668 0.7892287234042553 0.4086471408647141 0.8776595744680851 0.39539748953974896 0.8656914893617021 0.39400278940027894 0.839095744680851 0.399581589958159 0.8025265957446809 0.4093444909344491 0.7413563829787234 0.41248256624825663 0.7094414893617021 0.41562064156206413 0.6821808510638298
27 0.3800557880055788 0.7074468085106383 0.38389121338912136 0.6722074468085106 0.38563458856345884 0.6382978723404256 0.38563458856345884 0.6263297872340425 0.3947001394700139 0.6097074468085106 0.4041143654114365 0.6070478723404256 0.41422594142259417 0.6117021276595744 0.4201534170153417 0.6396276595744681 0.4187587168758717 0.6662234042553191 0.4086471408647141 0.6901595744680851 0.400278940027894 0.7220744680851063 0.38145048814504884 0.8490691489361702 0.36541143654114366 0.8424202127659575 0.36750348675034866 0.8091755319148937 0.3762203626220363 0.7679521276595744 0.3793584379358438 0.7340425531914894
28 0.3399581589958159 0.7666223404255319 0.34309623430962344 0.7207446808510638 0.349721059972106 0.6768617021276596 0.3500697350069735 0.6482712765957447 0.3500697350069735 0.617686170212766 0.35390516039051606 0.6083776595744681 0.36541143654114366 0.601063829787234 0.3762203626220363 0.6023936170212766 0.3807531380753138 0.6236702127659575 0.38947001394700137 0.6309840425531915 0.38249651324965134 0.6768617021276596 0.3716875871687587 0.7121010638297872 0.36366806136680613 0.7579787234042553 0.3528591352859135 0.805186170212766 0.3427475592747559 0.8477393617021277 0.3298465829846583 0.8477393617021277 0.33263598326359833 0.8111702127659575 0.3382147838214784 0.785904255319149
29 0.2733612273361227 0.7845744680851063 0.2824267782426778 0.7353723404255319 0.29323570432357043 0.7014627659574468 0.3002092050209205 0.6748670212765957 0.3009065550906555 0.651595744680851 0.301255230125523 0.629654255319149 0.30718270571827055 0.5997340425531915 0.31520223152022314 0.581781914893617 0.3291492329149233 0.5837765957446809 0.34658298465829845 0.5997340425531915 0.35390516039051606 0.6163563829787234 0.35390516039051606 0.6409574468085106 0.3458856345885635 0.6748670212765957 0.34205020920502094 0.6974734042553191 0.33577405857740583 0.7626329787234043 0.3190376569037657 0.8211436170212766 0.3089260808926081 0.8271276595744681 0.2907949790794979 0.8184840425531915
30 0.2210599721059972 0.7772606382978723 0.2210599721059972 0.7360372340425532 0.22663877266387727 0.6974734042553191 0.23535564853556484 0.6708776595744681 0.24616457461645747 0.6469414893617021 0.249302649930265 0.6263297872340425 0.2569735006973501 0.598404255319149 0.2709205020920502 0.5824468085106383 0.28556485355648537 0.5764627659574468 0.29707112970711297 0.5851063829787234 0.3117154811715481 0.6216755319148937 0.303347280334728 0.6496010638297872 0.29707112970711297 0.6662234042553191 0.28730822873082285 0.6894946808510638 0.2803347280334728 0.7207446808510638 0.2615062761506276 0.7712765957446809 0.249302649930265 0.785904255319149 0.23744769874476987 0.7905585106382979 0.2297768479776848 0.7892287234042553
31 0.1792189679218968 0.6961436170212766 0.1823570432357043 0.65625 0.19177126917712692 0.6117021276595744 0.199442119944212 0.5957446808510638 0.20711297071129708 0.5764627659574468 0.20815899581589958 0.5538563829787234 0.21443514644351463 0.5305851063829787 0.22663877266387727 0.5232712765957447 0.24302649930264994 0.5292553191489362 0.2569735006973501 0.5452127659574468 0.2629009762900976 0.5611702127659575 0.26324965132496514 0.581781914893617 0.25767085076708507 0.6023936170212766 0.2482566248256625 0.6216755319148937 0.2398884239888424 0.636968085106383 0.23291492329149233 0.6589095744680851 0.22280334728033474 0.6881648936170213 0.20571827057182707 0.7160904255319149 0.1795676429567643 0.7220744680851063