8 0.5027378507871321 0.48632218844984804 0.5174537987679672 0.49620060790273557 0.5331964407939768 0.48404255319148937 0.5325119780971937 0.42857142857142855 0.5314852840520191 0.3708206686930091 0.5331964407939768 0.3130699088145897 0.5331964407939768 0.27203647416413373 0.5119780971937029 0.26595744680851063 0.5082135523613963 0.31155015197568386 0.5075290896646133 0.38753799392097266
9 0.5331964407939768 0.48404255319148937 0.5482546201232033 0.49848024316109424 0.5581793292265571 0.45896656534954405 0.5574948665297741 0.3974164133738602 0.5574948665297741 0.32750759878419455 0.5581793292265571 0.270516717325228 0.5331964407939768 0.27203647416413373 0.5304585900068446 0.38145896656534956 0.5314852840520191 0.4612462006079027
10 0.5574948665297741 0.4612462006079027 0.5704996577686516 0.48632218844984804 0.5797399041752225 0.4490881458966565 0.5804243668720055 0.385258358662614 0.5804243668720055 0.31534954407294835 0.5739219712525667 0.23708206686930092 0.5581793292265571 0.2393617021276596 0.5581793292265571 0.2682370820668693 0.5574948665297741 0.35030395136778114
11 0.5824777549623545 0.4490881458966565 0.5906913073237509 0.4673252279635258 0.5999315537303217 0.47796352583586627 0.6064339493497605 0.4490881458966565 0.6036960985626283 0.37537993920972645 0.605407255304586 0.3009118541033435 0.605407255304586 0.26443768996960487 0.5859000684462696 0.26443768996960487 0.5804243668720055 0.3130699088145897 0.58145106091718 0.39969604863221886
13 0.62217659137577 0.43237082066869303 0.634154688569473 0.4635258358662614 0.6461327857631759 0.4490881458966565 0.6563997262149213 0.4034954407294833 0.6509240246406571 0.3548632218844985 0.6509240246406571 0.2925531914893617 0.6509240246406571 0.2621580547112462 0.6303901437371663 0.2621580547112462 0.6266255989048597 0.3404255319148936 0.6238877481177276 0.3974164133738602
14 0.6536618754277892 0.40197568389057753 0.6574264202600958 0.4308510638297872 0.66290212183436 0.44452887537993924 0.6731690622861054 0.43844984802431614 0.6830937713894593 0.42629179331306993 0.6830937713894593 0.37537993920972645 0.6841204654346338 0.31762917933130697 0.6858316221765913 0.2682370820668693 0.6841204654346338 0.24164133738601823 0.6666666666666666 0.24772036474164133 0.660848733744011 0.3009118541033435 0.6498973305954825 0.35030395136778114
0 0.5027378507871321 0.4878419452887538 0.473990417522245 0.4878419452887538 0.47707049965776865 0.43237082066869303 0.4804928131416838 0.3768996960486322 0.48254620123203285 0.32750759878419455 0.48323066392881586 0.26443768996960487 0.5037645448323066 0.2621580547112462 0.5075290896646133 0.31534954407294835 0.5065023956194388 0.3890577507598784
1 0.4750171115674196 0.45896656534954405 0.4620123203285421 0.46504559270516715 0.4548254620123203 0.42401215805471126 0.45824777549623547 0.3791793313069909 0.45824777549623547 0.32750759878419455 0.46132785763175904 0.25835866261398177 0.48425735797399044 0.25987841945288753 0.4815195071868583 0.34422492401215804 0.4787816563997262 0.3768996960486322
2 0.45550992470910334 0.42249240121580545 0.45003422313483915 0.47188449848024316 0.4397672826830938 0.46504559270516715 0.43052703627652295 0.4369300911854103 0.43052703627652295 0.38145896656534956 0.432580424366872 0.32978723404255317 0.43702943189596166 0.270516717325228 0.44353182751540043 0.22720364741641338 0.45756331279945245 0.2621580547112462 0.45927446954141 0.3343465045592705 0.45824777549623547 0.38753799392097266
3 0.43908281998631077 0.45288753799392095 0.4277891854893908 0.4490881458966565 0.41581108829568786 0.4696048632218845 0.4113620807665982 0.44680851063829785 0.4140999315537303 0.41033434650455924 0.41581108829568786 0.34194528875379937 0.41204654346338127 0.2864741641337386 0.4140999315537303 0.25379939209726443 0.4380561259411362 0.25 0.43908281998631077 0.2925531914893617 0.4397672826830938 0.33586626139817627 0.44284736481861736 0.38145896656534956 0.44353182751540043 0.41033434650455924 0.44353182751540043 0.43237082066869303
4 0.41204654346338127 0.44680851063829785 0.39835728952772076 0.4696048632218845 0.3863791923340178 0.43844984802431614 0.391854893908282 0.3791793313069909 0.3928815879534565 0.30927051671732525 0.38809034907597534 0.23328267477203649 0.41033538672142367 0.22492401215805471 0.4140999315537303 0.2560790273556231 0.4130732375085558 0.2925531914893617 0.41786447638603696 0.34422492401215804 0.41786447638603696 0.3768996960486322 0.41786447638603696 0.41413373860182373
5 0.38432580424366874 0.4369300911854103 0.3805612594113621 0.4513677811550152 0.3723477070499658 0.44452887537993924 0.3593429158110883 0.42629179331306993 0.3548939082819986 0.41793313069908816 0.3593429158110883 0.3586626139817629 0.3593429158110883 0.31534954407294835 0.3620807665982204 0.24772036474164133 0.37782340862423 0.23100303951367782 0.391854893908282 0.2743161094224924 0.39082819986310746 0.31155015197568386 0.3928815879534565 0.35638297872340424 0.39082819986310746 0.38753799392097266
6 0.3548939082819986 0.41641337386018235 0.3401779603011636 0.41793313069908816 0.3271731690622861 0.41413373860182373 0.3278576317590691 0.37537993920972645 0.32238193018480493 0.32370820668693007 0.3131416837782341 0.2743161094224924 0.31519507186858314 0.22720364741641338 0.3343600273785079 0.23556231003039513 0.34360027378507874 0.27887537993920974 0.351129363449692 0.30547112462006076 0.3586584531143053 0.3404255319148936 0.3586584531143053 0.35638297872340424 0.3593429158110883 0.3913373860182371
16 0.5010266940451745 0.5144376899696048 0.5047912388774812 0.5759878419452887 0.5112936344969199 0.6238601823708206 0.5147159479808351 0.6854103343465046 0.5232717316906229 0.6998480243161094 0.526009582477755 0.6443768996960486 0.5212183436002737 0.5805471124620061 0.5195071868583162 0.520516717325228
17 0.5184804928131417 0.5227963525835866 0.5325119780971937 0.5083586626139818 0.5462012320328542 0.5083586626139818 0.5462012320328542 0.5638297872340425 0.5462012320328542 0.6398176291793313 0.5462012320328542 0.7013677811550152 0.5331964407939768 0.7241641337386018 0.5325119780971937 0.6709726443768997 0.5297741273100616 0.6155015197568389 0.5249828884325805 0.5577507598784195
18 0.5472279260780287 0.506838905775076 0.5694729637234771 0.5045592705167173 0.5704996577686516 0.5638297872340425 0.5722108145106092 0.6382978723404256 0.5722108145106092 0.6998480243161094 0.5619438740588638 0.7591185410334347 0.554757015742642 0.7591185410334347 0.552703627652293 0.6854103343465046 0.5489390828199863 0.6170212765957447 0.5482546201232033 0.5600303951367781
19 0.5711841204654347 0.5022796352583586 0.5831622176591376 0.49240121580547114 0.5961670088980151 0.5083586626139818 0.5944558521560575 0.5577507598784195 0.5951403148528405 0.6033434650455927 0.5951403148528405 0.6542553191489362 0.5971937029431896 0.71580547112462 0.5841889117043121 0.7142857142857143 0.5797399041752225 0.64209726443769 0.5739219712525667 0.5661094224924013
20 0.5961670088980151 0.506838905775076 0.608145106091718 0.49012158054711247 0.6211498973305954 0.5 0.6232032854209446 0.5516717325227963 0.6286789869952087 0.5987841945288754 0.6201232032854209 0.6603343465045592 0.6129363449691991 0.7424012158054711 0.6047227926078029 0.6998480243161094 0.6016427104722792 0.648176291793313 0.5961670088980151 0.5987841945288754 0.5951403148528405 0.5516717325227963
21 0.6211498973305954 0.4939209726443769 0.6331279945242985 0.4939209726443769 0.6516084873374401 0.47796352583586627 0.6618754277891855 0.5250759878419453 0.6759069130732375 0.5843465045592705 0.6916495550992471 0.6504559270516718 0.6656399726214921 0.6952887537993921 0.6498973305954825 0.6398176291793313 0.6314168377823408 0.574468085106383 0.6232032854209446 0.5455927051671733
22 0.6509240246406571 0.4734042553191489 0.6700889801505818 0.45896656534954405 0.686858316221766 0.4369300911854103 0.6988364134154689 0.4817629179331307 0.7173169062286106 0.5395136778115501 0.7330595482546202 0.5805471124620061 0.7200547570157426 0.6193009118541033 0.7091033538672142 0.6360182370820668 0.689596167008898 0.6033434650455927 0.6776180698151951 0.5843465045592705 0.660164271047228 0.5227963525835866
24 0.5027378507871321 0.5167173252279635 0.47775496235455167 0.5045592705167173 0.47775496235455167 0.5478723404255319 0.48254620123203285 0.5965045592705167 0.4815195071868583 0.6588145896656535 0.4815195071868583 0.6930091185410334 0.4945242984257358 0.6869300911854104 0.49555099247091033 0.6238601823708206 0.4972621492128679 0.5661094224924013
25 0.4750171115674196 0.5129179331306991 0.4603011635865845 0.49620060790273557 0.4510609171800137 0.5227963525835866 0.4510609171800137 0.5661094224924013 0.4510609171800137 0.6071428571428571 0.4483230663928816 0.6793313069908815 0.4620123203285421 0.7408814589665653 0.473305954825462 0.6930091185410334 0.4722792607802875 0.6155015197568389 0.4787816563997262 0.541033434650456
26 0.4520876112251882 0.5167173252279635 0.43908281998631077 0.49012158054711247 0.4206023271731691 0.5045592705167173 0.42231348391512663 0.5554711246200608 0.42334017796030116 0.6193009118541033 0.4277891854893908 0.6831306990881459 0.4397672826830938 0.736322188449848 0.4510609171800137 0.6793313069908815 0.4490075290896646 0.5577507598784195
27 0.42505133470225875 0.5129179331306991 0.4055441478439425 0.49012158054711247 0.39630390143737165 0.5288753799392097 0.3973305954825462 0.5949848024316109 0.3993839835728953 0.648176291793313 0.4028062970568104 0.7036474164133738 0.4048596851471595 0.7218844984802432 0.41204654346338127 0.7218844984802432 0.41854893908282 0.662613981762918 0.4260780287474333 0.6132218844984803 0.42505133470225875 0.5516717325227963
29 0.38809034907597534 0.49848024316109424 0.3788501026694045 0.47796352583586627 0.3668720054757016 0.46504559270516715 0.3538672142368241 0.4574468085106383 0.3463381245722108 0.4673252279635258 0.3381245722108145 0.5144376899696048 0.3326488706365503 0.5661094224924013 0.32238193018480493 0.6071428571428571 0.3141683778234086 0.64209726443769 0.3343600273785079 0.6869300911854104 0.34941820670773444 0.648176291793313 0.365160848733744 0.5866261398176292 0.38432580424366874 0.5334346504559271
30 0.35010266940451745 0.4673252279635258 0.3343600273785079 0.4430091185410334 0.32511978097193706 0.41793313069908816 0.3028747433264887 0.4369300911854103 0.29089664613278576 0.49012158054711247 0.26865160848733743 0.5273556231003039 0.26420260095824777 0.5455927051671733 0.27720739219712526 0.601063829787234 0.2973990417522245 0.6094224924012158 0.31793292265571527 0.5577507598784195 0.3401779603011636 0.5106382978723404