0 0.46730901582931866 0.29711246200607905 0.46730901582931866 0.31458966565349544 0.46730901582931866 0.3556231003039514 0.46558843771507225 0.40805471124620063 0.46558843771507225 0.4490881458966565 0.46558843771507225 0.4817629179331307 0.4741913282863042 0.5053191489361702 0.4989676531314522 0.4946808510638298 0.49483826565726086 0.41641337386018235 0.49002064693737096 0.3183890577507599 0.4889883000688231 0.2796352583586626 0.4662766689607708 0.2712765957446808
1 0.44287680660701995 0.28799392097264437 0.43977976600137647 0.46656534954407297 0.4449415003441156 0.4992401215805471 0.4635237439779766 0.4992401215805471 0.47040605643496214 0.4338905775075988 0.46937370956641433 0.35106382978723405 0.46730901582931866 0.2993920972644377 0.46730901582931866 0.2750759878419453 0.4518238128011012 0.2750759878419453
2 0.4064005505849966 0.2689969604863222 0.4043358568479009 0.3168693009118541 0.4005505849965588 0.39893617021276595 0.4005505849965588 0.44452887537993924 0.40949759119064005 0.5098784194528876 0.43392980041293877 0.479483282674772 0.44562973158981417 0.44680851063829785 0.4439091534755678 0.3966565349544073 0.44287680660701995 0.3533434650455927 0.4408121128699243 0.31458966565349544 0.43977976600137647 0.2712765957446808 0.43392980041293877 0.25987841945288753
3 0.38196834136269786 0.25987841945288753 0.3799036476256022 0.32066869300911854 0.3778389538885065 0.40805471124620063 0.3799036476256022 0.46200607902735563 0.38781830695113556 0.4817629179331307 0.4043358568479009 0.4817629179331307 0.4112181693048864 0.4513677811550152 0.40949759119064005 0.3100303951367781 0.4026152787336545 0.25379939209726443
4 0.35030970406056433 0.2712765957446808 0.35237439779766 0.38145896656534956 0.35650378527185134 0.4817629179331307 0.37302133516861663 0.5030395136778115 0.3888506538196834 0.4969604863221885 0.38781830695113556 0.43844984802431614 0.3830006882312457 0.36854103343465044 0.3740536820371645 0.29711246200607905 0.370956641431521 0.2560790273556231
5 0.3189951823812801 0.32066869300911854 0.3131452167928424 0.4270516717325228 0.3131452167928424 0.4969604863221885 0.32278045423262214 0.5144376899696048 0.3454920853406745 0.5182370820668692 0.3633860977288369 0.49240121580547114 0.3475567790777701 0.41413373860182373 0.3417068134893324 0.2993920972644377 0.33757742601514107 0.28191489361702127 0.32381280110117 0.2796352583586626 0.31589814177563663 0.2948328267477204
6 0.2873365450791466 0.3168693009118541 0.286648313833448 0.33206686930091184 0.2797660013764625 0.42325227963525835 0.27288368891947695 0.4574468085106383 0.27288368891947695 0.49012158054711247 0.2924982794218858 0.5159574468085106 0.31108052305574674 0.4946808510638298 0.31211286992429454 0.39285714285714285 0.3072952512044047 0.29711246200607905 0.30523055746730904 0.2773556231003039 0.28940123881624225 0.28419452887537994
7 0.2522367515485203 0.30547112462006076 0.25017205781142465 0.37537993920972645 0.23743977976600136 0.4551671732522796 0.23916035788024775 0.4969604863221885 0.25602202339986235 0.5007598784194529 0.2708189951823813 0.479483282674772 0.27770130763936685 0.42325227963525835 0.286648313833448 0.3168693009118541 0.28355127322780455 0.28799392097264437
8 0.508602890571232 0.2864741641337386 0.503785271851342 0.3662613981762918 0.4989676531314522 0.4703647416413374 0.5048176187198898 0.4946808510638298 0.5233998623537509 0.4946808510638298 0.5302821748107364 0.47720364741641336 0.5323468685478321 0.43844984802431614 0.5361321403991741 0.3776595744680851 0.5361321403991741 0.32750759878419455 0.5333792154163799 0.2773556231003039
9 0.5402615278733655 0.26443768996960487 0.5282174810736407 0.33586626139817627 0.5254645560908465 0.38145896656534956 0.5254645560908465 0.4316109422492401 0.5264969029593943 0.4551671732522796 0.5323468685478321 0.49240121580547114 0.5419821059876119 0.4969604863221885 0.5557467309015829 0.48556231003039513 0.5636613902271164 0.4316109422492401 0.56194081211287 0.38145896656534956 0.5578114246386786 0.3168693009118541 0.5598761183757742 0.2621580547112462
10 0.5677907777013076 0.24924012158054712 0.5667584308327598 0.30775075987841943 0.5626290433585684 0.3662613981762918 0.5609084652443221 0.41641337386018235 0.56194081211287 0.4490881458966565 0.5715760495526497 0.4878419452887538 0.5805230557467309 0.5053191489361702 0.5884377150722643 0.4992401215805471 0.5970406056434963 0.4688449848024316 0.594287680660702 0.3791793313069909 0.5922229869236063 0.3252279635258359 0.5911906400550585 0.24240121580547114
11 0.6049552649690296 0.2560790273556231 0.5980729525120441 0.32978723404255317 0.5980729525120441 0.3882978723404255 0.5953200275292498 0.43617021276595747 0.5963523743977976 0.4749240121580547 0.6118375774260152 0.49240121580547114 0.6266345492085341 0.4642857142857143 0.6266345492085341 0.42933130699088146 0.6297315898141775 0.38145896656534956 0.6245698554714384 0.2993920972644377 0.6256022023399862 0.25379939209726443
12 0.6276668960770819 0.25759878419452886 0.6276668960770819 0.30547112462006076 0.6256022023399862 0.36246200607902734 0.6256022023399862 0.4034954407294833 0.6256022023399862 0.44680851063829785 0.6256022023399862 0.48556231003039513 0.6383344803854095 0.4946808510638298 0.6589814177563661 0.4703647416413374 0.6503785271851342 0.40577507598784196 0.6503785271851342 0.3404255319148936 0.6503785271851342 0.2689969604863222
14 0.7054370268410186 0.2993920972644377 0.6944253269098417 0.38145896656534956 0.6916724019270475 0.46656534954407297 0.7143840330350998 0.4878419452887538 0.7329662766689607 0.46200607902735563 0.7319339298004129 0.41185410334346506 0.7298692360633173 0.3472644376899696 0.7298692360633173 0.30319148936170215 0.7298692360633173 0.28191489361702127 0.7092222986923606 0.27279635258358664
16 0.5213351686166552 0.520516717325228 0.503785271851342 0.5250759878419453 0.503785271851342 0.5752279635258358 0.5058499655884378 0.6056231003039514 0.5058499655884378 0.6595744680851063 0.5068823124569856 0.7135258358662614 0.522367515485203 0.7272036474164134 0.5213351686166552 0.6770516717325228 0.5213351686166552 0.64209726443769 0.5196145905024088 0.5858662613981763
17 0.5419821059876119 0.5273556231003039 0.5302821748107364 0.5273556231003039 0.5275292498279421 0.5463525835866262 0.5275292498279421 0.5858662613981763 0.5275292498279421 0.64209726443769 0.5302821748107364 0.7120060790273556 0.5361321403991741 0.743920972644377 0.5412938747419133 0.7051671732522796 0.5412938747419133 0.6747720364741642 0.5440467997247075 0.6398176291793313 0.5440467997247075 0.5881458966565349 0.547143840330351 0.5554711246200608
18 0.5578114246386786 0.5227963525835866 0.5488644184445974 0.5357142857142857 0.5461114934618032 0.5752279635258358 0.547143840330351 0.6117021276595744 0.550929112181693 0.6512158054711246 0.5550584996558844 0.6854103343465046 0.5567790777701308 0.7332826747720365 0.56194081211287 0.7788753799392097 0.5688231245698555 0.7788753799392097 0.5746730901582932 0.7180851063829787 0.5763936682725396 0.6618541033434651 0.5763936682725396 0.6117021276595744 0.5763936682725396 0.5661094224924013 0.5757054370268411 0.5334346504559271
19 0.5853406744666207 0.5296352583586627 0.5763936682725396 0.5379939209726444 0.5715760495526497 0.5683890577507599 0.5774260151410874 0.601063829787234 0.5853406744666207 0.64209726443769 0.5884377150722643 0.6876899696048632 0.5901582931865107 0.7591185410334347 0.5953200275292498 0.7857142857142857 0.6039229181004817 0.7575987841945289 0.6049552649690296 0.6968085106382979 0.6049552649690296 0.6534954407294833 0.6059876118375774 0.6094224924012158 0.6039229181004817 0.5683890577507599 0.6011699931176876 0.5311550151975684
20 0.6176875430144528 0.5182370820668692 0.6101169993117688 0.520516717325228 0.6032346868547832 0.540273556231003 0.6022023399862354 0.5638297872340425 0.6070199587061252 0.6231003039513677 0.6169993117687543 0.6724924012158054 0.6238816242257399 0.709726443768997 0.6286992429456297 0.763677811550152 0.6355815554026153 0.7462006079027356 0.6345492085340675 0.6922492401215805 0.6297315898141775 0.6231003039513677 0.6307639366827253 0.5227963525835866
21 0.6403991741225051 0.5075987841945289 0.6307639366827253 0.5144376899696048 0.6286992429456297 0.5554711246200608 0.6376462491397109 0.5987841945288754 0.6445285615966965 0.6360182370820668 0.6503785271851342 0.6816109422492401 0.660013764624914 0.7135258358662614 0.6796283551273228 0.743920972644377 0.7006194081211287 0.7484802431610942 0.6975223675154852 0.7051671732522796 0.6927047487955953 0.6770516717325228 0.6875430144528561 0.64209726443769 0.6789401238816243 0.601063829787234 0.6727460426703372 0.5661094224924013 0.6727460426703372 0.5311550151975684 0.6651754989676532 0.5007598784194529
22 0.6847900894700619 0.5075987841945289 0.6796283551273228 0.5250759878419453 0.6816930488644184 0.5661094224924013 0.6933929800412939 0.5965045592705167 0.7064693737095664 0.6398176291793313 0.7112869924294563 0.6770516717325228 0.7281486579490709 0.7272036474164134 0.7339986235375086 0.7120060790273556 0.7367515485203028 0.6854103343465046 0.7377838953888507 0.6512158054711246 0.7329662766689607 0.6162613981762918 0.7281486579490709 0.5661094224924013 0.7260839642119752 0.5357142857142857 0.7202339986235375 0.5098784194528876 0.713351686166552 0.4946808510638298 0.6975223675154852 0.4946808510638298
24 0.4869236063317275 0.5182370820668692 0.4821059876118376 0.5334346504559271 0.48107364074328973 0.5729483282674772 0.4821059876118376 0.6314589665653495 0.48623537508602893 0.7135258358662614 0.49105299380591877 0.7310030395136778 0.4969029593943565 0.648936170212766 0.4969029593943565 0.6208206686930091 0.4969029593943565 0.5661094224924013 0.4989676531314522 0.5182370820668692
25 0.4741913282863042 0.5296352583586627 0.4593943565037853 0.520516717325228 0.4556090846524432 0.5790273556231003 0.4593943565037853 0.6231003039513677 0.46145905024088096 0.6816109422492401 0.46730901582931866 0.7484802431610942 0.47625602202339984 0.7575987841945289 0.47935306262904337 0.709726443768997 0.47935306262904337 0.648936170212766 0.4783207157604955 0.5881458966565349
26 0.44666207845836203 0.5159574468085106 0.4270474879559532 0.520516717325228 0.42601514108740535 0.5706686930091185 0.428079834824501 0.6268996960486323 0.4291121816930489 0.6876899696048632 0.4359944941500344 0.743920972644377 0.4408121128699243 0.7788753799392097 0.4518238128011012 0.7355623100303952 0.45354439091534754 0.6466565349544073 0.4545767377838954 0.5790273556231003 0.4576737783895389 0.5250759878419453
27 0.41052993805918786 0.5227963525835866 0.399518238128011 0.5273556231003039 0.3977976600137646 0.5531914893617021 0.4005505849965588 0.601063829787234 0.4053682037164487 0.6572948328267477 0.40846524432209225 0.7226443768996961 0.42016517549896765 0.6056231003039514
28 0.3788713007570544 0.5182370820668692 0.3682037164487268 0.5425531914893617 0.3682037164487268 0.5835866261398176 0.370956641431521 0.6360182370820668 0.3719889883000688 0.709726443768997 0.3750860289057123 0.743920972644377 0.38678596008258775 0.7135258358662614 0.39263592567102545 0.6550151975683891 0.3967653131452168 0.60790273556231 0.39848589125946315 0.5486322188449848
29 0.33964211975223674 0.5311550151975684 0.3189951823812801 0.5425531914893617 0.3210598761183758 0.5752279635258358 0.3248451479697178 0.6033434650455927 0.3269098417068135 0.6618541033434651 0.3210598761183758 0.71580547112462 0.3210598761183758 0.743920972644377 0.33654507914659326 0.7462006079027356 0.3513420509291122 0.702887537993921 0.35547143840330353 0.6595744680851063 0.36235375086028904 0.6117021276595744 0.36235375086028904 0.5729483282674772 0.35340674466620786 0.5463525835866262
30 0.33654507914659326 0.5250759878419453 0.3072952512044047 0.5144376899696048 0.286648313833448 0.5159574468085106 0.28458362009635235 0.5379939209726444 0.2797660013764625 0.5683890577507599 0.2718513420509291 0.6246200607902735 0.2629043358568479 0.6816109422492401 0.2649690295939436 0.7120060790273556 0.2797660013764625 0.702887537993921 0.29525120440467995 0.6618541033434651 0.3100481761871989 0.6314589665653495 0.3248451479697178 0.5987841945288754 0.33654507914659326 0.5615501519756839