0 0.49859154929577465 0.27811550151975684 0.49859154929577465 0.43465045592705165 0.5028169014084507 0.49240121580547114 0.5003521126760564 0.5197568389057751 0.4823943661971831 0.5288753799392097 0.4725352112676056 0.5220364741641338 0.4707746478873239 0.5022796352583586 0.47464788732394364 0.28419452887537994
1 0.46161971830985915 0.2735562310030395 0.47288732394366195 0.3487841945288754 0.4714788732394366 0.4217325227963526 0.47288732394366195 0.4688449848024316 0.4707746478873239 0.5227963525835866 0.4552816901408451 0.5220364741641338 0.44647887323943664 0.5106382978723404 0.44295774647887326 0.4939209726443769 0.44366197183098594 0.4688449848024316 0.44753521126760565 0.33358662613981765 0.44647887323943664 0.2765957446808511
2 0.4355633802816901 0.2613981762917933 0.4440140845070423 0.3609422492401216 0.44577464788732396 0.4399696048632219 0.448943661971831 0.4696048632218845 0.44859154929577466 0.48632218844984804 0.446830985915493 0.5030395136778115 0.4443661971830986 0.5151975683890577 0.43838028169014087 0.5281155015197568 0.43133802816901406 0.5311550151975684 0.4242957746478873 0.526595744680851 0.41619718309859155 0.5075987841945289 0.41161971830985916 0.47796352583586627 0.41056338028169015 0.25759878419452886 0.43415492957746477 0.2530395136778115
4 0.3845070422535211 0.2872340425531915 0.396830985915493 0.3951367781155015 0.4042253521126761 0.4521276595744681 0.40598591549295776 0.5 0.40035211267605636 0.5197568389057751 0.38767605633802815 0.5212765957446809 0.3806338028169014 0.5189969604863222 0.3742957746478873 0.5151975683890577 0.3644366197183099 0.506079027355623 0.3637323943661972 0.48024316109422494 0.3665492957746479 0.4430091185410334 0.36056338028169016 0.2933130699088146
5 0.34119718309859154 0.2933130699088146 0.3563380281690141 0.3586626139817629 0.3630281690140845 0.39969604863221886 0.36408450704225354 0.42857142857142855 0.3672535211267606 0.44984802431610943 0.36901408450704226 0.46200607902735563 0.3711267605633803 0.47796352583586627 0.37183098591549296 0.48328267477203646 0.37077464788732395 0.49544072948328266 0.3676056338028169 0.5075987841945289 0.3630281690140845 0.5151975683890577 0.35669014084507045 0.5197568389057751 0.34894366197183097 0.5212765957446809 0.33943661971830985 0.5167173252279635 0.3306338028169014 0.5083586626139818 0.32640845070422536 0.4946808510638298 0.3257042253521127 0.4726443768996961 0.32359154929577466 0.4217325227963526 0.31690140845070425 0.2978723404255319
6 0.30704225352112674 0.2826747720364742 0.3211267605633803 0.3548632218844985 0.3246478873239437 0.42249240121580545 0.32816901408450705 0.4688449848024316 0.3267605633802817 0.5022796352583586 0.322887323943662 0.5098784194528876 0.31514084507042256 0.5182370820668692 0.3084507042253521 0.5189969604863222 0.2982394366197183 0.5151975683890577 0.29014084507042254 0.5106382978723404 0.2830985915492958 0.5015197568389058 0.27816901408450706 0.4817629179331307 0.28169014084507044 0.41641337386018235 0.28274647887323945 0.36930091185410335 0.27992957746478875 0.29635258358662614
8 0.504225352112676 0.27811550151975684 0.5007042253521127 0.4452887537993921 0.5031690140845071 0.5144376899696048 0.5119718309859155 0.5189969604863222 0.5218309859154929 0.5189969604863222 0.530281690140845 0.5151975683890577 0.5292253521126761 0.46808510638297873 0.5257042253521127 0.3305471124620061 0.5242957746478873 0.2887537993920973
9 0.5334507042253521 0.27811550151975684 0.5267605633802817 0.3487841945288754 0.5274647887323943 0.4156534954407295 0.5292253521126761 0.47796352583586627 0.5292253521126761 0.5151975683890577 0.543661971830986 0.5144376899696048 0.5507042253521127 0.5121580547112462 0.5535211267605634 0.5022796352583586 0.5528169014084507 0.48632218844984804 0.5496478873239437 0.4635258358662614 0.5514084507042254 0.418693009118541 0.5514084507042254 0.2826747720364742 0.5401408450704225 0.2735562310030395
10 0.5521126760563381 0.25151975683890576 0.5521126760563381 0.3518237082066869 0.5517605633802817 0.4278115501519757 0.548943661971831 0.4627659574468085 0.5535211267605634 0.493161094224924 0.5573943661971831 0.513677811550152 0.5640845070422535 0.5212765957446809 0.5700704225352112 0.5174772036474165 0.5757042253521126 0.506838905775076 0.5795774647887324 0.49620060790273557 0.5802816901408451 0.4825227963525836 0.5809859154929577 0.46504559270516715 0.581338028169014 0.43617021276595747 0.581338028169014 0.3738601823708207 0.575 0.31458966565349544 0.5711267605633803 0.24848024316109424
11 0.5834507042253522 0.270516717325228 0.5778169014084507 0.34574468085106386 0.5816901408450704 0.3791793313069909 0.5795774647887324 0.42249240121580545 0.5746478873239437 0.4452887537993921 0.5714788732394366 0.4574468085106383 0.5700704225352112 0.4696048632218845 0.5693661971830986 0.48632218844984804 0.5711267605633803 0.4992401215805471 0.5732394366197183 0.506079027355623 0.5788732394366197 0.506838905775076 0.5841549295774648 0.5098784194528876 0.5904929577464789 0.5167173252279635 0.5950704225352113 0.5159574468085106 0.6024647887323944 0.5098784194528876 0.6049295774647887 0.5045592705167173 0.6091549295774648 0.48936170212765956 0.606338028169014 0.46580547112462006 0.6052816901408451 0.42933130699088146 0.6035211267605634 0.3723404255319149 0.6035211267605634 0.27583586626139817
12 0.6049295774647887 0.2803951367781155 0.6038732394366197 0.378419452887538 0.6038732394366197 0.4194528875379939 0.6035211267605634 0.4582066869300912 0.6014084507042253 0.47720364741641336 0.601056338028169 0.49164133738601823 0.6035211267605634 0.506079027355623 0.6084507042253521 0.5151975683890577 0.6154929577464788 0.5189969604863222 0.620774647887324 0.5189969604863222 0.6288732394366198 0.513677811550152 0.6355633802816901 0.5037993920972644 0.6390845070422535 0.49164133738601823 0.6369718309859155 0.46656534954407297 0.6355633802816901 0.41793313069908816 0.6285211267605634 0.324468085106383 0.6285211267605634 0.2887537993920973
14 0.6894366197183098 0.2925531914893617 0.6644366197183098 0.3525835866261398 0.6464788732394366 0.4217325227963526 0.6440140845070422 0.4574468085106383 0.6440140845070422 0.48632218844984804 0.6450704225352113 0.5045592705167173 0.6517605633802817 0.5182370820668692 0.6676056338028169 0.5235562310030395 0.6799295774647888 0.5129179331306991 0.6869718309859155 0.4992401215805471 0.6869718309859155 0.47416413373860183 0.6855633802816902 0.4521276595744681 0.6887323943661972 0.41109422492401215 0.7 0.34422492401215804 0.7112676056338029 0.30851063829787234
15 0.7105633802816902 0.303951367781155 0.6975352112676056 0.3609422492401216 0.6926056338028169 0.39285714285714285 0.6894366197183098 0.418693009118541 0.6876760563380282 0.4399696048632219 0.6859154929577465 0.46048632218844987 0.6855633802816902 0.4817629179331307 0.6852112676056338 0.5 0.6855633802816902 0.5159574468085106 0.6971830985915493 0.5258358662613982 0.7109154929577465 0.5235562310030395 0.7242957746478873 0.5098784194528876 0.7309859154929578 0.49544072948328266 0.7295774647887324 0.4452887537993921 0.7267605633802817 0.3844984802431611 0.7338028169014085 0.32370820668693007
16 0.49859154929577465 0.5417933130699089 0.5010563380281691 0.5949848024316109 0.5056338028169014 0.7743161094224924 0.520774647887324 0.7712765957446809 0.5214788732394366 0.6398176291793313 0.5200704225352113 0.5699088145896657 0.5200704225352113 0.541033434650456
17 0.5197183098591549 0.5357142857142857 0.5193661971830986 0.601063829787234 0.5221830985915493 0.7173252279635258 0.5214788732394366 0.7819148936170213 0.5352112676056338 0.7750759878419453 0.5362676056338028 0.6132218844984803 0.5373239436619718 0.5752279635258358 0.5404929577464789 0.5395136778115501
18 0.5419014084507042 0.5349544072948328 0.5352112676056338 0.5767477203647416 0.5359154929577464 0.6451367781155015 0.5359154929577464 0.7606382978723404 0.5387323943661971 0.7986322188449848 0.5633802816901409 0.7895136778115501 0.5595070422535211 0.648176291793313 0.5580985915492958 0.6132218844984803 0.5573943661971831 0.5775075987841946 0.5570422535211268 0.5524316109422492 0.5482394366197183 0.53419452887538
19 0.5545774647887324 0.5311550151975684 0.5528169014084507 0.5516717325227963 0.5492957746478874 0.5615501519756839 0.5535211267605634 0.5889057750759878 0.5595070422535211 0.6253799392097265 0.5640845070422535 0.7317629179331308 0.5690140845070423 0.7796352583586627 0.5866197183098592 0.7735562310030395 0.581338028169014 0.6238601823708206 0.5795774647887324 0.5805471124620061 0.575 0.5478723404255319 0.5686619718309859 0.5319148936170213 0.5595070422535211 0.5281155015197568
20 0.5820422535211267 0.53419452887538 0.576056338028169 0.5425531914893617 0.5704225352112676 0.5539513677811551 0.5704225352112676 0.5661094224924013 0.5735915492957746 0.581306990881459 0.5767605633802817 0.5980243161094225 0.5806338028169014 0.6170212765957447 0.5816901408450704 0.6610942249240122 0.5873239436619718 0.729483282674772 0.598943661971831 0.7826747720364742 0.6126760563380281 0.7986322188449848 0.6232394366197183 0.791033434650456 0.6197183098591549 0.756079027355623 0.6105633802816901 0.7036474164133738 0.6084507042253521 0.6382978723404256 0.6070422535211267 0.5972644376899696 0.6056338028169014 0.5721884498480243 0.6056338028169014 0.5569908814589666 0.6035211267605634 0.5357142857142857 0.5971830985915493 0.5311550151975684 0.5894366197183099 0.526595744680851
21 0.6133802816901408 0.53419452887538 0.6077464788732394 0.541033434650456 0.6066901408450704 0.5478723404255319 0.6045774647887324 0.5661094224924013 0.6056338028169014 0.587386018237082 0.6080985915492958 0.6101823708206687 0.6091549295774648 0.6246200607902735 0.6088028169014085 0.6527355623100304 0.6084507042253521 0.675531914893617 0.6109154929577465 0.7082066869300911 0.6165492957746479 0.7424012158054711 0.6264084507042254 0.7826747720364742 0.6341549295774648 0.8039513677811551 0.655281690140845 0.8047112462006079 0.6757042253521127 0.791033434650456 0.6834507042253521 0.7781155015197568 0.6830985915492958 0.7507598784194529 0.6757042253521127 0.7241641337386018 0.668661971830986 0.6930091185410334 0.6602112676056338 0.6542553191489362 0.6563380281690141 0.621580547112462 0.6542253521126761 0.5972644376899696 0.6545774647887324 0.5775075987841946 0.655281690140845 0.5683890577507599 0.6542253521126761 0.5554711246200608 0.6517605633802817 0.5433130699088146 0.6475352112676056 0.5349544072948328 0.6387323943661972 0.5288753799392097 0.6323943661971831 0.5273556231003039
22 0.6630281690140845 0.5303951367781155 0.6556338028169014 0.540273556231003 0.65 0.5486322188449848 0.6471830985915493 0.560790273556231 0.65 0.5858662613981763 0.6538732394366197 0.5987841945288754 0.6566901408450704 0.6101823708206687 0.6570422535211268 0.6261398176291794 0.6580985915492957 0.6398176291793313 0.6609154929577464 0.6610942249240122 0.6669014084507042 0.6854103343465046 0.6711267605633803 0.7051671732522796 0.676056338028169 0.7279635258358662 0.6855633802816902 0.7545592705167173 0.703169014084507 0.776595744680851 0.729225352112676 0.7834346504559271 0.7334507042253521 0.7553191489361702 0.7221830985915493 0.7006079027355623 0.7066901408450704 0.6428571428571429 0.7014084507042253 0.581306990881459 0.7017605633802817 0.5478723404255319 0.7014084507042253 0.5372340425531915 0.6943661971830986 0.5273556231003039 0.6845070422535211 0.5227963525835866 0.6795774647887324 0.5227963525835866 0.6742957746478874 0.5250759878419453 0.6693661971830986 0.5243161094224924
23 0.7278169014084507 0.5220364741641338 0.7190140845070423 0.5273556231003039 0.7105633802816902 0.5288753799392097 0.7059859154929577 0.5334346504559271 0.701056338028169 0.5486322188449848 0.701056338028169 0.560790273556231 0.702112676056338 0.5851063829787234 0.704225352112676 0.6003039513677811 0.7059859154929577 0.621580547112462 0.7102112676056338 0.6504559270516718 0.7151408450704225 0.6694528875379939 0.7200704225352113 0.6998480243161094 0.7267605633802817 0.7256838905775076 0.7306338028169014 0.7469604863221885 0.7538732394366198 0.7591185410334347 0.7714788732394366 0.7477203647416414 0.7735915492957747 0.7165653495440729 0.768661971830986 0.6512158054711246 0.7573943661971831 0.5889057750759878 0.7482394366197183 0.5250759878419453 0.7475352112676056 0.5091185410334347
24 0.498943661971831 0.5395136778115501 0.5059859154929578 0.7917933130699089 0.4866197183098592 0.7940729483282675 0.4869718309859155 0.6329787234042553 0.4823943661971831 0.6025835866261399 0.48098591549295777 0.5691489361702128 0.4830985915492958 0.5562310030395137 0.49014084507042255 0.547112462006079
25 0.48626760563380284 0.5455927051671733 0.48274647887323946 0.5957446808510638 0.48908450704225354 0.7963525835866262 0.4693661971830986 0.7963525835866262 0.4637323943661972 0.6451367781155015 0.4637323943661972 0.5972644376899696 0.4602112676056338 0.5349544072948328 0.47746478873239434 0.541033434650456
26 0.45598591549295775 0.5281155015197568 0.46267605633802816 0.5486322188449848 0.46901408450704224 0.8183890577507599 0.44471830985915495 0.8153495440729484 0.43415492957746477 0.6405775075987842 0.4327464788732394 0.5790273556231003 0.43415492957746477 0.5478723404255319 0.44366197183098594 0.5303951367781155 0.45 0.5258358662613982
27 0.43028169014084505 0.5357142857142857 0.4334507042253521 0.5486322188449848 0.4376760563380282 0.5569908814589666 0.43802816901408453 0.5668693009118541 0.43591549295774645 0.5820668693009119 0.4327464788732394 0.6056231003039514 0.43485915492957744 0.6937689969604863 0.4373239436619718 0.7857142857142857 0.41056338028169015 0.7849544072948328 0.4056338028169014 0.6071428571428571 0.4045774647887324 0.5759878419452887 0.4073943661971831 0.5600303951367781 0.40950704225352114 0.5448328267477204 0.4130281690140845 0.5349544072948328 0.4165492957746479 0.5303951367781155 0.4186619718309859 0.5296352583586627 0.4232394366197183 0.5311550151975684
28 0.40211267605633805 0.526595744680851 0.40880281690140846 0.53419452887538 0.4130281690140845 0.5425531914893617 0.4140845070422535 0.5486322188449848 0.41161971830985916 0.5645896656534954 0.40880281690140846 0.5775075987841946 0.4052816901408451 0.5919452887537994 0.40316901408450706 0.6223404255319149 0.4028169014084507 0.6762917933130699 0.3971830985915493 0.7530395136778115 0.3897887323943662 0.8100303951367781 0.3714788732394366 0.8054711246200608 0.3757042253521127 0.6618541033434651 0.3778169014084507 0.587386018237082 0.3778169014084507 0.5592705167173252 0.3816901408450704 0.5349544072948328 0.38661971830985914 0.5311550151975684 0.39154929577464787 0.5258358662613982 0.39823943661971833 0.5243161094224924
29 0.36514084507042255 0.5273556231003039 0.35352112676056335 0.5288753799392097 0.34330985915492956 0.5250759878419453 0.3362676056338028 0.5334346504559271 0.3334507042253521 0.5372340425531915 0.32992957746478874 0.5478723404255319 0.32922535211267606 0.5524316109422492 0.3295774647887324 0.5691489361702128 0.3334507042253521 0.5843465045592705 0.3341549295774648 0.6094224924012158 0.3316901408450704 0.6405775075987842 0.3278169014084507 0.6671732522796353 0.3246478873239437 0.6838905775075987 0.3211267605633803 0.7059270516717325 0.31690140845070425 0.729483282674772 0.3126760563380282 0.7408814589665653 0.30915492957746477 0.7522796352583586 0.3095070422535211 0.7575987841945289 0.32359154929577466 0.7743161094224924 0.3334507042253521 0.7758358662613982 0.3443661971830986 0.7773556231003039 0.352112676056338 0.776595744680851 0.35845070422535213 0.770516717325228 0.36690140845070424 0.7507598784194529 0.3714788732394366 0.7302431610942249 0.376056338028169 0.6922492401215805 0.376056338028169 0.6633738601823708 0.3742957746478873 0.6329787234042553 0.3721830985915493 0.60790273556231 0.3767605633802817 0.5904255319148937 0.3816901408450704 0.5691489361702128 0.3816901408450704 0.5501519756838906 0.3778169014084507 0.5357142857142857 0.372887323943662 0.5227963525835866
30 0.32253521126760565 0.5174772036474165 0.3147887323943662 0.5167173252279635 0.3049295774647887 0.5182370820668692 0.29683098591549295 0.5197568389057751 0.2926056338028169 0.5227963525835866 0.2880281690140845 0.5357142857142857 0.2869718309859155 0.5509118541033434 0.28732394366197184 0.5592705167173252 0.28732394366197184 0.5820668693009119 0.28661971830985916 0.60790273556231 0.28661971830985916 0.6246200607902735 0.2862676056338028 0.6474164133738601 0.28556338028169015 0.668693009118541 0.2852112676056338 0.6922492401215805 0.28661971830985916 0.7188449848024316 0.2852112676056338 0.7386018237082067 0.2852112676056338 0.7469604863221885 0.29225352112676056 0.7621580547112462 0.29964788732394365 0.7644376899696048 0.30633802816901406 0.7644376899696048 0.31197183098591547 0.7621580547112462 0.32147887323943664 0.7059270516717325 0.3330985915492958 0.628419452887538 0.3345070422535211 0.5934650455927052 0.33767605633802816 0.5790273556231003 0.33943661971830985 0.5638297872340425 0.33943661971830985 0.5478723404255319 0.3373239436619718 0.53419452887538 0.3334507042253521 0.5235562310030395 0.3285211267605634 0.5189969604863222
31 0.272887323943662 0.5828267477203647 0.2577464788732394 0.5790273556231003 0.2471830985915493 0.5843465045592705 0.23133802816901408 0.5934650455927052 0.2193661971830986 0.6003039513677811 0.2112676056338028 0.6048632218844985 0.20809859154929577 0.6306990881458967 0.20809859154929577 0.6542553191489362 0.21725352112676055 0.6846504559270516 0.24225352112676057 0.6983282674772037 0.2545774647887324 0.7006079027355623 0.2630281690140845 0.7006079027355623 0.275 0.7021276595744681 0.2830985915492958 0.7006079027355623 0.28732394366197184 0.6930091185410334 0.2859154929577465 0.6816109422492401 0.2813380281690141 0.662613981762918 0.28380281690140846 0.6390577507598785 0.28556338028169015 0.6306990881458967 0.28661971830985916 0.60790273556231 0.2852112676056338 0.5957446808510638 0.2792253521126761 0.5790273556231003