0 0.4939587775408671 0.4270516717325228 0.48720682302771856 0.4886018237082067 0.48365316275764036 0.5113981762917933 0.48365316275764036 0.5752279635258358 0.4864960909737029 0.5896656534954408 0.501776830135039 0.5980243161094225 0.5131485429992892 0.5995440729483282 0.5191897654584222 0.587386018237082 0.5199004975124378 0.5585106382978723 0.5181236673773987 0.5235562310030395 0.5170575692963753 0.4969604863221885 0.5181236673773987 0.45364741641337386 0.5181236673773987 0.42325227963525835 0.5181236673773987 0.41109422492401215
1 0.47476901208244493 0.418693009118541 0.4616204690831556 0.4764437689969605 0.45557924662402277 0.5151975683890577 0.4548685145700071 0.5547112462006079 0.45557924662402277 0.587386018237082 0.4644633972992182 0.60790273556231 0.48365316275764036 0.5957446808510638 0.48933901918976547 0.5706686930091185 0.4904051172707889 0.540273556231003 0.48933901918976547 0.5015197568389058 0.49111584932480457 0.44148936170212766 0.49111584932480457 0.4004559270516717
2 0.43745557924662404 0.42325227963525835 0.43354655294953803 0.45592705167173253 0.43176972281449894 0.4848024316109423 0.4289267945984364 0.5197568389057751 0.42963752665245203 0.560790273556231 0.43176972281449894 0.581306990881459 0.43852167732764746 0.5934650455927052 0.44527363184079605 0.5980243161094225 0.45557924662402277 0.5995440729483282 0.4623312011371713 0.5775075987841946 0.4662402274342573 0.5425531914893617 0.4662402274342573 0.5151975683890577 0.4662402274342573 0.493161094224924 0.4651741293532338 0.439209726443769 0.4633972992181947 0.41717325227963525
3 0.4076048329779673 0.42933130699088146 0.40191897654584224 0.4703647416413374 0.40191897654584224 0.4946808510638298 0.40191897654584224 0.5197568389057751 0.40476190476190477 0.5630699088145896 0.4058280028429282 0.581306990881459 0.4115138592750533 0.5995440729483282 0.42608386638237383 0.5980243161094225 0.43461265103056146 0.5851063829787234 0.43567874911158494 0.5319148936170213 0.4431414356787491 0.47416413373860183 0.43745557924662404 0.4331306990881459
4 0.3805970149253731 0.425531914893617 0.3798862828713575 0.4886018237082067 0.38272921108742003 0.540273556231003 0.3759772565742715 0.5775075987841946 0.3855721393034826 0.601823708206687 0.40085287846481876 0.60790273556231 0.4143567874911159 0.6041033434650456 0.4161336176261549 0.5379939209726444 0.4115138592750533 0.4908814589665654 0.4076048329779673 0.44756838905775076 0.40085287846481876 0.4065349544072948
5 0.3308457711442786 0.4209726443768997 0.3347547974413646 0.46656534954407297 0.33759772565742713 0.4946808510638298 0.33759772565742713 0.5220364741641338 0.3347547974413646 0.5775075987841946 0.3422174840085288 0.5835866261398176 0.37100213219616207 0.5957446808510638 0.3777540867093106 0.5896656534954408 0.38272921108742003 0.5486322188449848 0.369225302061123 0.5091185410334347 0.369225302061123 0.4521276595744681 0.35963041933191187 0.4126139817629179 0.3482587064676617 0.3981762917933131
8 0.5334044065387349 0.41717325227963525 0.5209665955934613 0.45592705167173253 0.5220326936744847 0.4946808510638298 0.5209665955934613 0.53419452887538 0.5238095238095238 0.5934650455927052 0.5373134328358209 0.5995440729483282 0.5525941719971571 0.581306990881459 0.5525941719971571 0.560790273556231 0.5518834399431415 0.513677811550152 0.550817341862118 0.4726443768996961 0.550817341862118 0.44148936170212766 0.5497512437810945 0.41717325227963525
9 0.5650319829424307 0.41717325227963525 0.5614783226723525 0.4582066869300912 0.5554371002132196 0.5197568389057751 0.5554371002132196 0.5706686930091185 0.5593461265103056 0.587386018237082 0.5778251599147122 0.5775075987841946 0.5796019900497512 0.5486322188449848 0.5767590618336887 0.5075987841945289 0.5842217484008528 0.446048632218845 0.5852878464818764 0.4126139817629179 0.5835110163468372 0.3882978723404255 0.5621890547263682 0.3905775075987842
10 0.5909737029140014 0.4027355623100304 0.5824449182658138 0.4946808510638298 0.5778251599147122 0.5258358662613982 0.5785358919687278 0.560790273556231 0.5920398009950248 0.5851063829787234 0.601634683724236 0.5706686930091185 0.6027007818052594 0.5463525835866262 0.605543710021322 0.5015197568389058 0.6066098081023454 0.47416413373860183 0.6133617626154939 0.43541033434650456 0.605543710021322 0.3943768996960486
11 0.6094527363184079 0.4148936170212766 0.6083866382373845 0.44984802431610943 0.6083866382373845 0.4825227963525836 0.6083866382373845 0.5113981762917933 0.601634683724236 0.5425531914893617 0.6044776119402985 0.5729483282674772 0.6133617626154939 0.581306990881459 0.6257995735607675 0.581306990881459 0.6325515280739161 0.5463525835866262 0.6304193319118693 0.5174772036474165 0.6304193319118693 0.46808510638297873 0.6325515280739161 0.42933130699088146 0.6325515280739161 0.41109422492401215
12 0.6421464108031272 0.418693009118541 0.6343283582089553 0.44984802431610943 0.6325515280739161 0.4886018237082067 0.6293532338308457 0.5296352583586627 0.6247334754797441 0.5585106382978723 0.6257995735607675 0.5911854103343465 0.6343283582089553 0.5934650455927052 0.652452025586354 0.5934650455927052 0.6584932480454868 0.5524316109422492 0.6574271499644634 0.5258358662613982 0.6552949538024165 0.4870820668693009 0.6552949538024165 0.46200607902735563 0.6592039800995025 0.43541033434650456 0.660270078180526 0.4126139817629179
13 0.665955934612651 0.425531914893617 0.6584932480454868 0.46808510638297873 0.652452025586354 0.513677811550152 0.6517412935323383 0.5706686930091185 0.65636105188344 0.601823708206687 0.6670220326936744 0.601823708206687 0.6805259417199716 0.601823708206687 0.6918976545842217 0.5790273556231003 0.6908315565031983 0.5585106382978723 0.6844349680170576 0.5151975683890577 0.6862117981520967 0.4726443768996961 0.6872778962331201 0.4582066869300912 0.6879886282871357 0.4270516717325228
14 0.6975835110163469 0.42933130699088146 0.6908315565031983 0.4521276595744681 0.6823027718550106 0.5091185410334347 0.6823027718550106 0.5562310030395137 0.6890547263681592 0.5934650455927052 0.7043354655294953 0.5957446808510638 0.7228144989339019 0.5911854103343465 0.7228144989339019 0.5357142857142857 0.7189054726368159 0.4992401215805471 0.7228144989339019 0.439209726443769
15 0.7228144989339019 0.42933130699088146 0.7189054726368159 0.46808510638297873 0.7189054726368159 0.5151975683890577 0.7256574271499645 0.5775075987841946 0.7380952380952381 0.5752279635258358 0.7544420753375978 0.5691489361702128 0.7611940298507462 0.5319148936170213 0.7572850035536602 0.4969604863221885 0.7523098791755508 0.4703647416413374 0.7409381663113006 0.44376899696048633
16 0.5362473347547975 0.7887537993920972 0.5248756218905473 0.7082066869300911 0.5199004975124378 0.6656534954407295 0.5191897654584222 0.6306990881458967 0.5334044065387349 0.6200607902735562 0.5440653873489695 0.6246200607902735 0.5429992892679459 0.6610942249240122 0.5422885572139303 0.6899696048632219 0.5422885572139303 0.7355623100303952 0.5479744136460555 0.7743161094224924
17 0.5497512437810945 0.628419452887538 0.5614783226723525 0.6200607902735562 0.5689410092395167 0.6428571428571429 0.5700071073205402 0.743161094224924 0.5739161336176262 0.7743161094224924 0.5604122245913291 0.797112462006079 0.5565031982942431 0.7598784194528876 0.5565031982942431 0.7211246200607903 0.5518834399431415 0.6816109422492401
18 0.5689410092395167 0.6223404255319149 0.5778251599147122 0.6117021276595744 0.5863539445628998 0.6117021276595744 0.5920398009950248 0.6306990881458967 0.593816631130064 0.6572948328267477 0.593816631130064 0.6778115501519757 0.593816631130064 0.7066869300911854 0.593816631130064 0.7332826747720365 0.593816631130064 0.776595744680851 0.5852878464818764 0.7948328267477204 0.5767590618336887 0.7682370820668692 0.5746268656716418 0.7127659574468085 0.5739161336176262 0.6610942249240122
19 0.6151385927505331 0.6246200607902735 0.6005685856432125 0.6261398176291794 0.593816631130064 0.6451367781155015 0.6005685856432125 0.7044072948328267 0.6027007818052594 0.7477203647416414 0.6044776119402985 0.78419452887538 0.6112295664534471 0.8031914893617021 0.6218905472636815 0.7659574468085106 0.6197583511016347 0.7370820668693009 0.6179815209665956 0.6983282674772037 0.6190476190476191 0.6595744680851063
20 0.6257995735607675 0.6344984802431611 0.6393034825870647 0.6390577507598785 0.6488983653162758 0.6550151975683891 0.6496090973702914 0.6876899696048632 0.6496090973702914 0.7211246200607903 0.652452025586354 0.7537993920972644 0.6496090973702914 0.7887537993920972 0.6361051883439943 0.7803951367781155 0.6353944562899787 0.7454407294832827 0.6247334754797441 0.6922492401215805
22 0.6918976545842217 0.6428571428571429 0.7071783937455579 0.6223404255319149 0.716773276474769 0.6246200607902735 0.7235252309879175 0.6876899696048632 0.7420042643923241 0.7355623100303952 0.7228144989339019 0.7659574468085106 0.7036247334754797 0.7537993920972644 0.6918976545842217 0.7104863221884499 0.6844349680170576 0.6717325227963525
23 0.720682302771855 0.6246200607902735 0.7370291400142146 0.601823708206687 0.7515991471215352 0.601823708206687 0.7651030561478323 0.6117021276595744 0.7707889125799574 0.6960486322188449 0.7764747690120825 0.7416413373860182 0.7679459843638948 0.7575987841945289 0.7494669509594882 0.7454407294832827 0.7427149964463398 0.7188449848024316 0.7331201137171286 0.675531914893617
24 0.4978678038379531 0.6322188449848024 0.5163468372423596 0.6390577507598785 0.5220326936744847 0.6512158054711246 0.5220326936744847 0.6899696048632219 0.5266524520255863 0.7393617021276596 0.5287846481876333 0.7826747720364742 0.5209665955934613 0.8130699088145896 0.5124378109452736 0.7682370820668692 0.5103056147832267 0.7272036474164134 0.501776830135039 0.6861702127659575
25 0.47476901208244493 0.6322188449848024 0.48720682302771856 0.6390577507598785 0.49502487562189057 0.6451367781155015 0.5007107320540156 0.675531914893617 0.505685856432125 0.7370820668693009 0.5124378109452736 0.7803951367781155 0.5131485429992892 0.8069908814589666 0.5028429282160626 0.8092705167173252 0.488272921108742 0.7743161094224924 0.484363894811656 0.7477203647416414 0.47867803837953093 0.7021276595744681 0.47405828002842926 0.6572948328267477
26 0.4548685145700071 0.628419452887538 0.4509594882729211 0.6671732522796353 0.45557924662402277 0.7477203647416414 0.4662402274342573 0.8009118541033434 0.47583511016346836 0.8115501519756839 0.48933901918976547 0.7948328267477204 0.48258706467661694 0.7310030395136778 0.48258706467661694 0.6671732522796353 0.47690120824449184 0.6306990881458967
27 0.42608386638237383 0.6405775075987842 0.43923240938166314 0.6390577507598785 0.44598436389481166 0.6466565349544073 0.4509594882729211 0.6694528875379939 0.4538024164889837 0.7082066869300911 0.4548685145700071 0.7416413373860182 0.4605543710021322 0.776595744680851 0.4616204690831556 0.8092705167173252 0.44989339019189767 0.8115501519756839 0.43852167732764746 0.791033434650456 0.43354655294953803 0.763677811550152 0.43070362473347545 0.7211246200607903 0.4267945984363895 0.6838905775075987
28 0.41044776119402987 0.6405775075987842 0.39907604832977966 0.6405775075987842 0.39907604832977966 0.6656534954407295 0.39907604832977966 0.6899696048632219 0.40298507462686567 0.7454407294832827 0.40085287846481876 0.776595744680851 0.4267945984363895 0.7826747720364742 0.43354655294953803 0.7150455927051672 0.43567874911158494 0.6694528875379939 0.42786069651741293 0.6428571428571429
29 0.3663823738450604 0.6223404255319149 0.36140724946695096 0.6778115501519757 0.35572139303482586 0.7150455927051672 0.35110163468372424 0.7621580547112462 0.35678749111584934 0.7986322188449848 0.36069651741293535 0.8115501519756839 0.3759772565742715 0.797112462006079 0.3855721393034826 0.770516717325228 0.40298507462686567 0.7082066869300911 0.40298507462686567 0.6861702127659575 0.40298507462686567 0.6390577507598785
30 0.3280028429282161 0.6139817629179332 0.31947405828002845 0.6512158054711246 0.30952380952380953 0.7066869300911854 0.2953091684434968 0.7537993920972644 0.31840796019900497 0.763677811550152 0.3326226012793177 0.7477203647416414 0.34719260838663824 0.7044072948328267 0.35785358919687277 0.6717325227963525 0.36069651741293535 0.6451367781155015 0.35003553660270076 0.6246200607902735 0.33759772565742713 0.6200607902735562
31 0.30881307746979386 0.5668693009118541 0.2903340440653874 0.581306990881459 0.2828713574982232 0.6101823708206687 0.27114427860696516 0.6595744680851063 0.259772565742715 0.7066869300911854 0.28002842928216065 0.7165653495440729 0.2970859985785359 0.7006079027355623 0.31272210376687987 0.6694528875379939 0.3308457711442786 0.6428571428571429 0.3319118692253021 0.60790273556231 0.31556503198294245 0.5896656534954408