0 0.47873541588257434 0.5851063829787234 0.49529544599172 0.5835866261398176 0.5080918328942416 0.5820668693009119 0.5088445615355665 0.5516717325227963 0.5088445615355665 0.5220364741641338 0.4975536319156944 0.324468085106383 0.47196085811065114 0.3366261398176292 0.4757245013172751 0.5037993920972644 0.4723372224313135 0.5600303951367781
1 0.45201354911554387 0.5759878419452887 0.4591644712081295 0.5759878419452887 0.4730899510726383 0.5706686930091185 0.47835905156191194 0.5433130699088146 0.47948814452389915 0.513677811550152 0.4745954083552879 0.32750759878419455 0.45577719232216785 0.32598784194528874 0.45540082800150544 0.4726443768996961 0.45464809936018064 0.5151975683890577
2 0.42077531050056455 0.5683890577507599 0.4316898757997742 0.5858662613981763 0.44335716974030864 0.587386018237082 0.45540082800150544 0.5645896656534954 0.45765901392547986 0.541033434650456 0.45163718479488146 0.49240121580547114 0.4316898757997742 0.3069908814589666 0.41324802408731653 0.30927051671732525 0.4181407602559277 0.4316109422492401 0.42228076778321416 0.47112462006079026 0.41964621753857734 0.513677811550152
3 0.39217162213022205 0.5189969604863222 0.39217162213022205 0.5630699088145896 0.39856981558148286 0.5889057750759878 0.41588257433195336 0.5911854103343465 0.41964621753857734 0.5858662613981763 0.430560782837787 0.5782674772036475 0.432442604441099 0.541033434650456 0.430560782837787 0.5091185410334347 0.4094843808806925 0.2948328267477204 0.3823861497929996 0.30547112462006076 0.39330071509220926 0.45364741641337386 0.39405344373353407 0.4688449848024316
4 0.3654497553631916 0.5668693009118541 0.37749341362438843 0.5721884498480243 0.38652615732028606 0.5759878419452887 0.39217162213022205 0.5691489361702128 0.39969890854347007 0.5562310030395137 0.4015807301467821 0.5258358662613982 0.39856981558148286 0.48936170212765956 0.388407978923598 0.3890577507598784 0.3722243131351148 0.32598784194528874 0.35829883327060597 0.3351063829787234 0.36394429808054196 0.4247720364741641 0.3665788483251788 0.45972644376899696 0.3654497553631916 0.4946808510638298 0.3680843056078284 0.5395136778115501
5 0.318027850959729 0.541033434650456 0.32179149416635305 0.5592705167173252 0.32969514490026347 0.5782674772036475 0.3391042529168235 0.574468085106383 0.34813699661272113 0.5729483282674772 0.3654497553631916 0.5759878419452887 0.3763643206624012 0.5668693009118541 0.3756115920210764 0.5319148936170213 0.3654497553631916 0.48936170212765956 0.36356793375987956 0.4635258358662614 0.3537824614226571 0.4133738601823708 0.3240496800903274 0.35030395136778114 0.3078660143018442 0.3670212765957447 0.3176514866390666 0.4726443768996961 0.32066240120436584 0.5053191489361702
6 0.26947685359427925 0.5113981762917933 0.26759503199096724 0.5372340425531915 0.2728641324802409 0.5592705167173252 0.2818968761761385 0.5630699088145896 0.2894241625893865 0.5615501519756839 0.30485509973654495 0.5683890577507599 0.31953330824237863 0.5615501519756839 0.32141512984569065 0.5243161094224924 0.31953330824237863 0.4886018237082067 0.3176514866390666 0.4247720364741641 0.316146029356417 0.378419452887538 0.2882950696273993 0.3366261398176292 0.2717350395182537 0.34498480243161095 0.27662777568686486 0.44148936170212766 0.27738050432818967 0.4635258358662614 0.2736168611215657 0.49848024316109424
7 0.22958223560406474 0.4688449848024316 0.23522770041400076 0.5022796352583586 0.24651863003387278 0.5220364741641338 0.26082047421904403 0.5258358662613982 0.2736168611215657 0.5098784194528876 0.2792623259315017 0.4870820668693009 0.2781332329695145 0.4506079027355623 0.2736168611215657 0.3890577507598784 0.26759503199096724 0.2948328267477204 0.2536695521264584 0.2948328267477204 0.23710952201731275 0.3366261398176292 0.23823861497929996 0.41641337386018235 0.23635679337598794 0.4521276595744681
8 0.5163718479488144 0.587386018237082 0.5415882574331954 0.5835866261398176 0.5453519006398193 0.5600303951367781 0.5434700790365073 0.5243161094224924 0.5408355287918706 0.46656534954407297 0.5318027850959729 0.3130699088145897 0.5099736544975536 0.3191489361702128 0.5126082047421905 0.5075987841945289 0.5099736544975536 0.5448328267477204
9 0.5453519006398193 0.5706686930091185 0.5491155438464433 0.5759878419452887 0.5585246518630034 0.5729483282674772 0.5645464809936018 0.5600303951367781 0.5630410237109522 0.5167173252279635 0.5547610086563793 0.33206686930091184 0.5355664283025969 0.34498480243161095 0.5400828001505458 0.4946808510638298 0.5400828001505458 0.547112462006079
10 0.5622882950696274 0.5645896656534954 0.5701919458035378 0.5820668693009119 0.5803537824614227 0.587386018237082 0.5875047045540083 0.587386018237082 0.5961610839292435 0.5645896656534954 0.5961610839292435 0.5334346504559271 0.5931501693639443 0.5037993920972644 0.5905156191193075 0.31534954407294835 0.573202860368837 0.32066869300911854 0.5664283025969138 0.47112462006079026 0.563793752352277 0.513677811550152
11 0.5822356040647346 0.5387537993920972 0.5822356040647346 0.5630699088145896 0.5878810688746707 0.5797872340425532 0.5931501693639443 0.5820668693009119 0.5987956341738803 0.5797872340425532 0.6063229205871283 0.5896656534954408 0.6161083929243508 0.5927051671732523 0.6217538577342868 0.5600303951367781 0.6243884079789236 0.526595744680851 0.6251411366202484 0.513677811550152 0.6134738426797139 0.31458966565349544 0.5923974407226195 0.32066869300911854 0.5875047045540083 0.506079027355623
12 0.6142265713210388 0.5258358662613982 0.6070756492284531 0.5463525835866262 0.6070756492284531 0.5645896656534954 0.6104629281144147 0.5835866261398176 0.6161083929243508 0.587386018237082 0.6236356793375988 0.5851063829787234 0.6420775310500565 0.587386018237082 0.6435829883327061 0.5645896656534954 0.6420775310500565 0.5357142857142857 0.6428302596913813 0.44072948328267475 0.6307866014301844 0.3069908814589666 0.6134738426797139 0.32066869300911854 0.6146029356417012 0.4521276595744681
13 0.6465939028980052 0.5858662613981763 0.6383138878434325 0.574468085106383 0.6353029732781332 0.5562310030395137 0.6390666164847573 0.5357142857142857 0.6458411742566804 0.5022796352583586 0.6480993601806548 0.4764437689969605 0.6503575461046293 0.40577507598784196 0.6639066616484757 0.378419452887538 0.6695521264584118 0.378419452887538 0.6812194203989462 0.42933130699088146 0.685735792246895 0.4612462006079027 0.6812194203989462 0.49620060790273557 0.6793375987956342 0.5174772036474165 0.6842303349642453 0.5645896656534954 0.6868648852088822 0.5835866261398176 0.6793375987956342 0.5889057750759878 0.6703048550997366 0.5889057750759878 0.6620248400451637 0.5889057750759878 0.6529920963492661 0.587386018237082
14 0.7022958223560406 0.5721884498480243 0.6831012420022582 0.5668693009118541 0.6831012420022582 0.5539513677811551 0.6804666917576214 0.49240121580547114 0.6797139631162966 0.4764437689969605 0.6714339480617237 0.4506079027355623 0.6710575837410614 0.40197568389057753 0.6759503199096726 0.3670212765957447 0.687617613850207 0.3518237082066869 0.7173503951825367 0.35030395136778114 0.7211140383891607 0.40197568389057753 0.7211140383891607 0.44680851063829785 0.7252540459164472 0.4756838905775076 0.7335340609710199 0.4886018237082067 0.7384267971396311 0.5174772036474165 0.7346631539330072 0.541033434650456 0.7282649604817464 0.5577507598784195 0.7233722243131351 0.5668693009118541
15 0.7512231840421528 0.4946808510638298 0.7365449755363191 0.506079027355623 0.7282649604817464 0.48556231003039513 0.7233722243131351 0.45592705167173253 0.7233722243131351 0.43009118541033436 0.7098231087692887 0.3191489361702128 0.737297704177644 0.2925531914893617 0.7482122694768536 0.33206686930091184 0.7568686488520888 0.40197568389057753 0.7632668423033496 0.42629179331306993 0.7685359427926233 0.4574468085106383 0.7632668423033496 0.48404255319148937
16 0.5077154685735792 0.6155015197568389 0.5310500564546481 0.6223404255319149 0.5280391418893489 0.8092705167173252 0.5159954836281521 0.8130699088145896
17 0.5287918705306737 0.7074468085106383 0.5287918705306737 0.648176291793313 0.5280391418893489 0.6185410334346505 0.5427173503951825 0.6063829787234043 0.5472337222431314 0.6063829787234043 0.5509973654497554 0.6375379939209727 0.5502446368084306 0.668693009118541 0.5415882574331954 0.8389057750759878 0.5261573202860369 0.8427051671732523
18 0.5472337222431314 0.709726443768997 0.5502446368084306 0.6527355623100304 0.5491155438464433 0.6314589665653495 0.5622882950696274 0.6041033434650456 0.5803537824614227 0.6322188449848024 0.5769665035754611 0.7006079027355623 0.5777192322167859 0.8723404255319149 0.5528791870530674 0.8601823708206687
19 0.5758374106134738 0.7074468085106383 0.5739555890101619 0.6785714285714286 0.569439217162213 0.6610942249240122 0.5701919458035378 0.6375379939209727 0.571321038765525 0.6170212765957447 0.5822356040647346 0.60790273556231 0.5875047045540083 0.6025835866261399 0.5976665412118931 0.6132218844984803 0.6044410989838164 0.6405775075987842 0.605946556266466 0.6648936170212766 0.607828377869778 0.8768996960486323 0.5859992472713587 0.8768996960486323
20 0.6044410989838164 0.6930091185410334 0.5950319909672563 0.6709726443768997 0.5931501693639443 0.6413373860182371 0.5942792623259315 0.6223404255319149 0.6006774557771923 0.6056231003039514 0.6070756492284531 0.6041033434650456 0.6273993225442228 0.6109422492401215 0.6319156943921717 0.6375379939209727 0.6420775310500565 0.8449848024316109 0.621001129092962 0.8525835866261399
21 0.6353029732781332 0.6952887537993921 0.6292811441475348 0.6709726443768997 0.6251411366202484 0.6542553191489362 0.6236356793375988 0.6299392097264438 0.6236356793375988 0.6147416413373861 0.6251411366202484 0.6063829787234043 0.6428302596913813 0.6025835866261399 0.6612721114038389 0.601823708206687 0.6710575837410614 0.6056231003039514 0.6733157696650357 0.648176291793313 0.6767030485509974 0.6800911854103343 0.7154685735792247 0.8191489361702128 0.6684230334964245 0.8343465045592705 0.6484757245013173 0.7727963525835866
22 0.6849830636055702 0.6876899696048632 0.6729394053443734 0.6572948328267477 0.6695521264584118 0.628419452887538 0.6710575837410614 0.6025835866261399 0.685735792246895 0.5927051671732523 0.695144900263455 0.5835866261398176 0.7071885585246519 0.5797872340425532 0.7199849454271735 0.5835866261398176 0.7297704177643959 0.5987841945288754 0.7335340609710199 0.6375379939209727 0.735415882574332 0.668693009118541 0.7824614226571321 0.78419452887538 0.7403086187429432 0.8100303951367781 0.7068121942039894 0.7651975683890577 0.685735792246895 0.7226443768996961
23 0.7455777192322168 0.6724924012158054 0.7327813323296951 0.6451367781155015 0.7290176891230711 0.6231003039513677 0.7256304102371095 0.5949848024316109 0.7271358675197591 0.5683890577507599 0.7335340609710199 0.5615501519756839 0.746706812194204 0.5562310030395137 0.7549868272487769 0.5600303951367781 0.767406849830636 0.5486322188449848 0.7741814076025593 0.5524316109422492 0.7843432442604441 0.5767477203647416 0.7881068874670681 0.6117021276595744 0.8182160331200602 0.7613981762917933 0.7794505080918329 0.7507598784194529 0.7512231840421528 0.7120060790273556
24 0.48776815957847197 0.6185410334346505 0.5088445615355665 0.6170212765957447 0.5144900263455024 0.8343465045592705 0.4892736168611216 0.8168693009118541
25 0.46405720737674067 0.6648936170212766 0.46405720737674067 0.6223404255319149 0.4745954083552879 0.6109422492401215 0.48400451637184794 0.6109422492401215 0.4885208882197968 0.6527355623100304 0.48776815957847197 0.6762917933130699 0.49529544599172 0.8472644376899696 0.4693263078660143 0.824468085106383
26 0.44185171245765903 0.7674772036474165 0.439969890854347 0.7203647416413373 0.439969890854347 0.6610942249240122 0.44185171245765903 0.6314589665653495 0.44373353406097105 0.60790273556231 0.4535190063981934 0.6041033434650456 0.4663153933007151 0.6413373860182371 0.4681972149040271 0.6800911854103343 0.4723372224313135 0.8708206686930091 0.44937899887090704 0.8708206686930091
27 0.41889348889725253 0.8389057750759878 0.42642077531050054 0.7613981762917933 0.430560782837787 0.6983282674772037 0.436206247647723 0.6648936170212766 0.44260444109898384 0.6451367781155015 0.44260444109898384 0.6208206686930091 0.4309371471584494 0.6063829787234043 0.4245389537071886 0.601823708206687 0.4094843808806925 0.6117021276595744 0.4076025592773805 0.6413373860182371 0.4076025592773805 0.6945288753799392 0.39781708694015805 0.8434650455927052
28 0.3805043281896876 0.8427051671732523 0.3951825366955213 0.7667173252279635 0.4076025592773805 0.6914893617021277 0.4106134738426797 0.6656534954407295 0.41512984569062855 0.6352583586626139 0.41437711704930374 0.6094224924012158 0.39330071509220926 0.5965045592705167 0.3737297704177644 0.6041033434650456 0.3737297704177644 0.7036474164133738 0.3594279262325932 0.8396656534954408
29 0.3455024463680843 0.8343465045592705 0.35453519006398193 0.7803951367781155 0.3654497553631916 0.7287234042553191 0.3722243131351148 0.6876899696048632 0.3812570568310124 0.6504559270516718 0.38652615732028606 0.6147416413373861 0.3823861497929996 0.5911854103343465 0.35829883327060597 0.5980243161094225 0.3391042529168235 0.5896656534954408 0.32894241625893866 0.5934650455927052 0.32517877305231463 0.648176291793313 0.32141512984569065 0.6990881458966566 0.2950696273993225 0.8039513677811551
30 0.2803914188934889 0.8024316109422492 0.29958599924727136 0.7241641337386018 0.3131351147911178 0.6724924012158054 0.32706059465562665 0.6375379939209727 0.33345878810688745 0.6147416413373861 0.32706059465562665 0.5851063829787234 0.3097478359051562 0.5759878419452887 0.2894241625893865 0.5759878419452887 0.2781332329695145 0.5729483282674772 0.2717350395182537 0.5797872340425532 0.2657132103876553 0.648936170212766 0.2510350018818216 0.7006079027355623 0.24049680090327438 0.78419452887538
31 0.23334587881068874 0.7302431610942249 0.24651863003387278 0.6983282674772037 0.26194956718103124 0.6610942249240122 0.2717350395182537 0.628419452887538 0.2754986827248777 0.5949848024316109 0.2747459540835529 0.5653495440729484 0.26646593902898 0.5486322188449848 0.25705683101242 0.5448328267477204 0.24651863003387278 0.5433130699088146 0.23184042152803913 0.541033434650456 0.22167858487015432 0.5653495440729484 0.2194203989461799 0.6223404255319149 0.1874294316898758 0.7165653495440729