0 0.4698668535388928 0.49772036474164133 0.46636299929922914 0.5668693009118541 0.4758234057463209 0.5820668693009119 0.49789768745620183 0.5835866261398176 0.49964961457603363 0.5706686930091185 0.49754730203223546 0.49620060790273557 0.49614576033637003 0.37462006079027355 0.49754730203223546 0.2872340425531915 0.4950946040644709 0.2530395136778115 0.4775753328661528 0.28343465045592703 0.47477224947442187 0.36930091185410335 0.4698668535388928 0.48328267477203646
1 0.44358794674141555 0.4886018237082067 0.4432375613174492 0.5493920972644377 0.4572529782761037 0.574468085106383 0.46811492641906094 0.5623100303951368 0.47056762438682553 0.5037993920972644 0.47512263489838824 0.3731003039513678 0.47862648913805184 0.28951367781155013 0.4810791871058164 0.25151975683890576 0.4758234057463209 0.23404255319148937 0.4670637701471619 0.22112462006079028 0.4625087596355992 0.2317629179331307
2 0.42081289418360196 0.4810030395136778 0.4215136650315347 0.5227963525835866 0.43027330063069374 0.5623100303951368 0.4400840925017519 0.5630699088145896 0.45234758234057465 0.5151975683890577 0.44849334267694463 0.439209726443769 0.44358794674141555 0.33282674772036475 0.4442887175893483 0.27203647416413373 0.4432375613174492 0.24316109422492402 0.42957252978276106 0.23024316109422494 0.4222144358794674 0.270516717325228
3 0.401541695865452 0.4810030395136778 0.3994393833216538 0.53419452887538 0.41170287316047655 0.547112462006079 0.41976173791170285 0.5364741641337386 0.4355290819901892 0.5288753799392097 0.42852137351086195 0.3951367781155015 0.42396636299929924 0.2439209726443769 0.42081289418360196 0.22644376899696048 0.41030133146461106 0.24164133738601823
4 0.37841625788367206 0.47112462006079026 0.3752627890679748 0.5227963525835866 0.3917309039943938 0.5433130699088146 0.3959355290819902 0.53419452887538 0.41205325858444286 0.5326747720364742 0.41520672740014014 0.4946808510638298 0.4064470918009811 0.4072948328267477 0.40119131044148565 0.3191489361702128 0.3987386124737211 0.28951367781155013 0.3857743517869657 0.27811550151975684 0.3759635599159075 0.3100303951367781 0.37841625788367206 0.4012158054711246
5 0.3479327259985985 0.44680851063829785 0.3437281009110021 0.4946808510638298 0.34548002803083394 0.526595744680851 0.3566923615977575 0.5212765957446809 0.3717589348283111 0.5326747720364742 0.38472319551506656 0.5167173252279635 0.3857743517869657 0.4825227963525836 0.3766643307638402 0.38069908814589665 0.3759635599159075 0.30015197568389057 0.3777154870357393 0.2796352583586626 0.37245970567624387 0.25151975683890576 0.3601962158374212 0.2439209726443769 0.3538892782060266 0.2948328267477204
6 0.30833917309039943 0.41793313069908816 0.31009110021023123 0.47720364741641336 0.3258584442887176 0.5129179331306991 0.3433777154870357 0.49772036474164133 0.34723195515066574 0.45972644376899696 0.34688156972669937 0.3723404255319149 0.3524877365101612 0.30243161094224924 0.3521373510861948 0.2591185410334346 0.3332165381920112 0.2317629179331307 0.31114225648213034 0.2507598784194529 0.3135949544498949 0.32750759878419455
7 0.2771548703573931 0.39969604863221886 0.27154870357393135 0.418693009118541 0.27154870357393135 0.4430091185410334 0.2848633496846531 0.4642857142857143 0.29887876664330765 0.4756838905775076 0.3104414856341976 0.47188449848024316 0.3192011212333567 0.4126139817629179 0.3269096005606167 0.331306990881459 0.3346180798878767 0.26443768996960487 0.3286615276804485 0.21504559270516718 0.3209530483531885 0.182370820668693 0.29782761037140854 0.21124620060790272 0.28941836019621586 0.30623100303951367
8 0.49929922915206726 0.4939209726443769 0.49964961457603363 0.5455927051671733 0.5126138752627891 0.5767477203647416 0.5294323756131745 0.574468085106383 0.5350385423966363 0.5486322188449848 0.5294323756131745 0.4969604863221885 0.5259285213735109 0.41413373860182373 0.5255781359495445 0.3487841945288754 0.5255781359495445 0.30167173252279633 0.5133146461107218 0.25 0.5045550105115627 0.2530395136778115 0.5014015416958655 0.2864741641337386
9 0.5259285213735109 0.48632218844984804 0.5318850735809391 0.5387537993920972 0.5388927820602663 0.5653495440729484 0.5564120532585844 0.5577507598784195 0.559915907498248 0.5364741641337386 0.5546601261387526 0.4787234042553192 0.5476524176594254 0.378419452887538 0.547302032235459 0.3069908814589666 0.5508058864751226 0.22948328267477203 0.5346881569726699 0.21732522796352582 0.5238262088297126 0.23632218844984804 0.5248773651016118 0.3556231003039514
10 0.5557112824106517 0.4734042553191489 0.5557112824106517 0.5091185410334347 0.5606166783461808 0.5387537993920972 0.5683251576734408 0.5577507598784195 0.578135949544499 0.5600303951367781 0.5872459705676244 0.5433130699088146 0.5886475122634899 0.5007598784194529 0.5802382620882971 0.43237082066869303 0.5774351786965662 0.33206686930091184 0.5798878766643307 0.29103343465045595 0.581990189208129 0.26063829787234044 0.5788367203924317 0.2256838905775076 0.5686755430974072 0.22340425531914893 0.562718990889979 0.23708206686930092 0.5574632095304836 0.2803951367781155 0.5532585844428872 0.38069908814589665
11 0.5756832515767344 0.4574468085106383 0.5721793973370708 0.49772036474164133 0.5749824807288016 0.5273556231003039 0.5858444288717589 0.5319148936170213 0.5970567624386826 0.5463525835866262 0.6065171688857743 0.5455927051671733 0.6114225648213034 0.5243161094224924 0.6135248773651016 0.49012158054711247 0.6075683251576735 0.4331306990881459 0.6051156271899089 0.3229483282674772 0.6033637000700771 0.28799392097264437 0.5977575332866153 0.2553191489361702 0.5932025227750526 0.25 0.581990189208129 0.2750759878419453 0.5823405746320953 0.31762917933130697
12 0.6012613875262789 0.4703647416413374 0.602312543798178 0.5167173252279635 0.6096706377014717 0.5379939209726444 0.6306937631394534 0.5334346504559271 0.6384022424667134 0.5189969604863222 0.6373510861948143 0.4787234042553192 0.6313945339873861 0.4369300911854103 0.6306937631394534 0.3799392097264438 0.6306937631394534 0.3556231003039514 0.6320953048353188 0.3161094224924012 0.6359495444989488 0.27583586626139817 0.6370007007708479 0.25151975683890576 0.6289418360196216 0.22796352583586627 0.613875262789068 0.23404255319148937 0.6114225648213034 0.2887537993920973 0.606166783461808 0.3670212765957447
13 0.6306937631394534 0.4673252279635258 0.6271899088997898 0.5007598784194529 0.6313945339873861 0.526595744680851 0.6461107217939733 0.5433130699088146 0.6583742116327961 0.5296352583586627 0.6699369306236861 0.526595744680851 0.6748423265592152 0.506079027355623 0.6727400140154169 0.4764437689969605 0.666082690960056 0.4369300911854103 0.6748423265592152 0.3799392097264438 0.6765942536790469 0.32598784194528874 0.6751927119831815 0.2826747720364742 0.6695865451997197 0.2621580547112462 0.6545199719691661 0.2454407294832827 0.6426068675543097 0.2591185410334346 0.6334968465311843 0.2933130699088146 0.6299929922915207 0.3351063829787234 0.6296426068675544 0.41793313069908816
14 0.6674842326559215 0.4316109422492401 0.6685353889278206 0.4726443768996961 0.673791170287316 0.4946808510638298 0.6913104414856343 0.5091185410334347 0.708479327259986 0.4870820668693009 0.7137351086194814 0.45972644376899696 0.7095304835318851 0.4209726443768997 0.7039243167484233 0.378419452887538 0.7011212333566924 0.31762917933130697 0.700770847932726 0.29407294832826747 0.7025227750525578 0.25835866261398177 0.700770847932726 0.22872340425531915 0.6920112123335669 0.2188449848024316 0.6772950245269796 0.2188449848024316 0.6685353889278206 0.25379939209726443 0.665031534688157 0.2796352583586626 0.6657323055360898 0.3123100303951368
15 0.704625087596356 0.41033434650455924 0.7116327960756833 0.45440729483282677 0.7224947442186405 0.47112462006079026 0.7365101611772951 0.45896656534954405 0.7477224947442186 0.43237082066869303 0.7484232655921513 0.40197568389057753 0.7400140154169587 0.3594224924012158 0.7386124737210932 0.3123100303951368 0.7361597757533287 0.2613981762917933 0.7323055360896986 0.22036474164133737 0.7302032235459005 0.16717325227963525 0.724947442186405 0.15273556231003038 0.7098808689558515 0.16337386018237082 0.7028731604765242 0.18768996960486323 0.6965662228451296 0.24316109422492402 0.6983181499649614 0.33966565349544076
23 0.704625087596356 0.5174772036474165 0.704625087596356 0.5364741641337386 0.7196916608269096 0.5835866261398176 0.7445690259285214 0.648936170212766 0.7648913805185704 0.6816109422492401 0.7824106517168886 0.6937689969604863 0.7946741415557113 0.6785714285714286 0.7950245269796776 0.6474164133738601 0.7754029432375613 0.5904255319148937 0.7564821303433777 0.5326747720364742 0.7508759635599159 0.49240121580547114 0.7400140154169587 0.4696048632218845 0.731604765241766 0.4734042553191489 0.7088297126839523 0.5007598784194529
22 0.6601261387526279 0.5493920972644377 0.6587245970567625 0.5790273556231003 0.668885774351787 0.6033434650455927 0.6888577435178697 0.6770516717325228 0.7116327960756833 0.7317629179331308 0.724947442186405 0.7644376899696048 0.7410651716888578 0.7712765957446809 0.7536790469516468 0.7477203647416414 0.7550805886475123 0.7173252279635258 0.7459705676243868 0.6785714285714286 0.7312543798177996 0.6177811550151976 0.7126839523475823 0.5714285714285714 0.7039243167484233 0.5281155015197568 0.6990189208128942 0.5227963525835866 0.6850035038542397 0.5349544072948328 0.6744919411352488 0.541033434650456
21 0.6250875963559915 0.5866261398176292 0.622634898388227 0.5987841945288754 0.6299929922915207 0.6474164133738601 0.6394533987386125 0.7074468085106383 0.6562718990889979 0.7773556231003039 0.6765942536790469 0.8115501519756839 0.6920112123335669 0.8214285714285714 0.7070777855641205 0.8047112462006079 0.7112824106517169 0.7743161094224924 0.6983181499649614 0.7127659574468085 0.6783461807988788 0.6352583586626139 0.6758934828311143 0.5949848024316109 0.6702873160476525 0.5737082066869301 0.657323055360897 0.5623100303951368 0.6464611072179397 0.5699088145896657
20 0.5970567624386826 0.5759878419452887 0.590749824807288 0.5889057750759878 0.5974071478626489 0.6382978723404256 0.6135248773651016 0.7583586626139818 0.6222845129642607 0.8062310030395137 0.6289418360196216 0.8472644376899696 0.6426068675543097 0.8533434650455927 0.6499649614576034 0.8442249240121581 0.6510161177295024 0.7940729483282675 0.6377014716187807 0.7507598784194529 0.6289418360196216 0.6542553191489362 0.6257883672039243 0.6109422492401215 0.6257883672039243 0.5835866261398176 0.6145760336370008 0.5737082066869301
19 0.5746320953048353 0.574468085106383 0.5683251576734408 0.5972644376899696 0.5651716888577435 0.6147416413373861 0.5700770847932726 0.6413373860182371 0.578135949544499 0.7142857142857143 0.5875963559915908 0.7978723404255319 0.593552908199019 0.8457446808510638 0.6033637000700771 0.8647416413373861 0.6131744919411353 0.8442249240121581 0.611072179397337 0.7613981762917933 0.5998598458304134 0.6443768996960486 0.598458304134548 0.5896656534954408 0.593552908199019 0.574468085106383
18 0.5501051156271899 0.5653495440729484 0.5371408549404345 0.5896656534954408 0.54239663629993 0.6405775075987842 0.5487035739313244 0.7530395136778115 0.5606166783461808 0.8358662613981763 0.5658724597056762 0.8586626139817629 0.5774351786965662 0.8700607902735562 0.5858444288717589 0.8503039513677811 0.5774351786965662 0.7720364741641338 0.5707778556412053 0.6496960486322189 0.5725297827610372 0.6033434650455927 0.5683251576734408 0.574468085106383 0.5564120532585844 0.5683890577507599
17 0.5213735108619482 0.5835866261398176 0.5175192711983182 0.6086626139817629 0.5224246671338473 0.7249240121580547 0.5234758234057463 0.7933130699088146 0.5255781359495445 0.8237082066869301 0.5332866152768044 0.8343465045592705 0.5444989488437281 0.8214285714285714 0.54239663629993 0.6557750759878419 0.5444989488437281 0.5896656534954408 0.5332866152768044 0.5797872340425532
16 0.5035038542396636 0.5919452887537994 0.49929922915206726 0.601063829787234 0.5014015416958655 0.6519756838905775 0.5045550105115627 0.7796352583586627 0.5119131044148564 0.8267477203647416 0.5210231254379818 0.831306990881459 0.5238262088297126 0.7925531914893617 0.5234758234057463 0.6876899696048632 0.5206727400140154 0.6276595744680851 0.5231254379817799 0.5934650455927052
24 0.4863349684653118 0.5927051671732523 0.4821303433777155 0.5927051671732523 0.4772249474421864 0.5957446808510638 0.47967764540995095 0.6633738601823708 0.4835318850735809 0.7667173252279635 0.4835318850735809 0.8153495440729484 0.48738612473721094 0.8404255319148937 0.49754730203223546 0.8419452887537994 0.5010511562718991 0.7963525835866262 0.5021023125437982 0.6899696048632219 0.5 0.6170212765957447 0.4985984583041346 0.5934650455927052
25 0.4611072179397337 0.5896656534954408 0.4537491240364401 0.6041033434650456 0.4583041345480028 0.6474164133738601 0.464260686755431 0.7712765957446809 0.4625087596355992 0.8069908814589666 0.4695164681149264 0.8206686930091185 0.4793272599859846 0.8100303951367781 0.4835318850735809 0.7606382978723404 0.4821303433777155 0.6648936170212766 0.4800280308339173 0.6246200607902735 0.4793272599859846 0.5972644376899696
26 0.44078486334968464 0.5820668693009119 0.4337771548703574 0.5987841945288754 0.43307638402242465 0.6633738601823708 0.4299229152067274 0.7355623100303952 0.433426769446391 0.8039513677811551 0.44078486334968464 0.8548632218844985 0.4533987386124737 0.8525835866261399 0.4607568325157673 0.8069908814589666 0.46180798878766643 0.6800911854103343 0.46320953048353186 0.6246200607902735 0.4583041345480028 0.5896656534954408 0.4548002803083392 0.5851063829787234
27 0.4222144358794674 0.5797872340425532 0.41170287316047655 0.5904255319148937 0.41240364400840923 0.6390577507598785 0.4060967063770147 0.7370820668693009 0.4060967063770147 0.8009118541033434 0.40679747722494747 0.8290273556231003 0.4204625087596356 0.8480243161094225 0.4299229152067274 0.8343465045592705 0.4306236860546601 0.7879939209726444 0.43307638402242465 0.7127659574468085 0.44078486334968464 0.6466565349544073 0.4456902592852137 0.6086626139817629 0.4432375613174492 0.5927051671732523 0.4306236860546601 0.5820668693009119
28 0.3973370707778556 0.5714285714285714 0.3910301331464611 0.587386018237082 0.3875262789067975 0.6413373860182371 0.382270497547302 0.7127659574468085 0.3766643307638402 0.7743161094224924 0.3693062368605466 0.8115501519756839 0.37736510161177295 0.8533434650455927 0.3882270497547302 0.8548632218844985 0.39838822704975474 0.8259878419452887 0.4050455501051156 0.743920972644377 0.4187105816398038 0.6458966565349544 0.4306236860546601 0.587386018237082 0.4260686755430974 0.5790273556231003 0.41205325858444286 0.5699088145896657
29 0.3693062368605466 0.5440729483282675 0.3559915907498248 0.5509118541033434 0.3507358093903294 0.5653495440729484 0.350385423966363 0.601063829787234 0.34583041345480026 0.6656534954407295 0.3342676944639103 0.7218844984802432 0.32796075683251574 0.7629179331306991 0.3248072880168185 0.8062310030395137 0.34232655921513666 0.8290273556231003 0.3644008409250175 0.8024316109422492 0.3721093202522775 0.7689969604863222 0.38927820602662927 0.6740121580547113 0.3945339873861247 0.6314589665653495 0.40119131044148565 0.5980243161094225 0.4032936229852838 0.5714285714285714 0.38927820602662927 0.5577507598784195
30 0.32340574632095304 0.5189969604863222 0.3118430273300631 0.5326747720364742 0.30448493342676947 0.5904255319148937 0.28731604765241764 0.6603343465045592 0.2697967764540995 0.7256838905775076 0.2631394533987386 0.7644376899696048 0.28100911002102313 0.7925531914893617 0.30343377715487035 0.7682370820668692 0.3258584442887176 0.7180851063829787 0.3479327259985985 0.6360182370820668 0.35739313244569026 0.5904255319148937 0.3608969866853539 0.5623100303951368 0.35459004905395936 0.5387537993920972 0.33566923615977573 0.5243161094224924
31 0.27785564120532585 0.4726443768996961 0.2697967764540995 0.4969604863221885 0.2620882971268395 0.540273556231003 0.24036440084092503 0.587386018237082 0.22319551506657323 0.6337386018237082 0.21829011913104415 0.6656534954407295 0.22109320252277506 0.6937689969604863 0.24036440084092503 0.6937689969604863 0.2666433076384022 0.662613981762918 0.29607568325157674 0.6268996960486323 0.30798878766643306 0.5820668693009119 0.32445690259285215 0.5463525835866262 0.3241065171688858 0.5250759878419453 0.3135949544498949 0.5022796352583586 0.29432375613174494 0.48328267477203646