0 0.45652173913043476 0.5516717325227963 0.4800140252454418 0.5531914893617021 0.4845722300140252 0.5091185410334347 0.47580645161290325 0.2933130699088146 0.4579242636746143 0.2948328267477204 0.45582047685834504 0.49240121580547114
1 0.43863955119214587 0.5501519756838906 0.4526647966339411 0.5417933130699089 0.4547685834502104 0.49240121580547114 0.45652173913043476 0.2826747720364742 0.43934081346423565 0.29103343465045595 0.4330294530154278 0.42325227963525835 0.4340813464235624 0.5091185410334347
2 0.4049789621318373 0.5395136778115501 0.42005610098176716 0.5653495440729484 0.4361851332398317 0.5379939209726444 0.43688639551192143 0.42325227963525835 0.43022440392706873 0.2378419452887538 0.4112903225806452 0.25759878419452886 0.40918653576437586 0.4095744680851064
3 0.3888499298737728 0.5448328267477204 0.39726507713884995 0.5615501519756839 0.40918653576437586 0.5463525835866262 0.4158485273492286 0.5326747720364742 0.4228611500701262 0.42629179331306993 0.4161991584852735 0.2378419452887538 0.39901823281907434 0.2613981762917933 0.39481065918653574 0.44680851063829785 0.3888499298737728 0.5129179331306991
4 0.36605890603085556 0.5379939209726444 0.3807854137447405 0.5547112462006079 0.3902524544179523 0.5417933130699089 0.3958625525946704 0.5227963525835866 0.39481065918653574 0.4551671732522796 0.39481065918653574 0.24088145896656535 0.3709677419354839 0.25227963525835867 0.37166900420757365 0.42325227963525835
5 0.3341514726507714 0.5030395136778115 0.3390603085553997 0.5334346504559271 0.3443197755960729 0.526595744680851 0.37237026647966337 0.5349544072948328 0.3755259467040673 0.5174772036474165 0.3748246844319776 0.47416413373860183 0.3737727910238429 0.3966565349544073 0.3653576437587658 0.2743161094224924 0.33520336605890605 0.2796352583586626 0.33660589060308554 0.3898176291793313 0.3397615708274895 0.44148936170212766
6 0.29453015427769985 0.48556231003039513 0.31626928471248245 0.5075987841945289 0.33520336605890605 0.5030395136778115 0.3373071528751753 0.4247720364741641 0.3373071528751753 0.28951367781155013 0.3085553997194951 0.30015197568389057 0.3061009817671809 0.3860182370820669 0.3022440392706872 0.43541033434650456
8 0.494039270687237 0.5448328267477204 0.517531556802244 0.5531914893617021 0.5241935483870968 0.5349544072948328 0.5196353436185134 0.4703647416413374 0.5210378681626928 0.2765957446808511 0.5035063113604488 0.2864741641337386 0.49719495091164095 0.44680851063829785 0.49228611500701264 0.48936170212765956
9 0.5259467040673211 0.5364741641337386 0.5392706872370266 0.5448328267477204 0.5455820476858345 0.5144376899696048 0.5455820476858345 0.43844984802431614 0.5438288920056101 0.2811550151975684 0.5241935483870968 0.2682370820668693 0.5280504908835905 0.42857142857142855 0.5227910238429172 0.5007598784194529
10 0.5490883590462833 0.5379939209726444 0.5673211781206171 0.5615501519756839 0.5771388499298737 0.5395136778115501 0.5788920056100981 0.4331306990881459 0.5666199158485273 0.2765957446808511 0.5515427769985974 0.2917933130699088 0.5455820476858345 0.46504559270516715
11 0.5701262272089762 0.5197568389057751 0.5743338008415148 0.5486322188449848 0.5936185133239832 0.5638297872340425 0.6044880785413744 0.5364741641337386 0.6006311360448808 0.4521276595744681 0.6051893408134642 0.27279635258358664 0.5841514726507714 0.2811550151975684 0.5725806451612904 0.48404255319148937
12 0.6013323983169705 0.5174772036474165 0.6216690042075736 0.5144376899696048 0.6272791023842917 0.5045592705167173 0.6223702664796634 0.45364741641337386 0.6227208976157083 0.3069908814589666 0.603085553997195 0.31382978723404253 0.5974754558204769 0.4194528875379939 0.5974754558204769 0.5045592705167173
13 0.6223702664796634 0.5182370820668692 0.6223702664796634 0.46048632218844987 0.6216690042075736 0.40501519756838905 0.6262272089761571 0.30015197568389057 0.6567321178120618 0.3069908814589666 0.652875175315568 0.42629179331306993 0.6683029453015428 0.48556231003039513 0.6616409537166901 0.5258358662613982 0.64726507713885 0.5326747720364742 0.6325385694249649 0.541033434650456
14 0.6756661991584852 0.506079027355623 0.6644460028050491 0.49240121580547114 0.664796633941094 0.43541033434650456 0.6661991584852734 0.3100303951367781 0.7051192145862553 0.2986322188449848 0.6963534361851332 0.4133738601823708 0.7096774193548387 0.4825227963525836 0.7012622720897616 0.4992401215805471
16 0.5049088359046283 0.5737082066869301 0.5213884992987378 0.5782674772036475 0.520336605890603 0.6831306990881459 0.5196353436185134 0.7978723404255319 0.5017531556802244 0.8031914893617021 0.4992987377279102 0.6732522796352584
17 0.5241935483870968 0.6512158054711246 0.5210378681626928 0.5767477203647416 0.5420757363253857 0.5683890577507599 0.5406732117812062 0.6428571428571429 0.5350631136044881 0.8085106382978723 0.5241935483870968 0.8085106382978723
18 0.5420757363253857 0.6580547112462006 0.5431276297335204 0.5942249240121581 0.5494389901823282 0.5752279635258358 0.5666199158485273 0.5805471124620061 0.5687237026647967 0.6291793313069909 0.5687237026647967 0.6869300911854104 0.5666199158485273 0.8541033434650456 0.5494389901823282 0.8609422492401215
19 0.57328190743338 0.7013677811550152 0.5687237026647967 0.6329787234042553 0.5610098176718092 0.5820668693009119 0.576437587657784 0.5668693009118541 0.5929172510518934 0.5790273556231003 0.5967741935483871 0.6413373860182371 0.6016830294530154 0.8305471124620061 0.5827489481065918 0.8335866261398176
20 0.6125525946704067 0.723404255319149 0.6013323983169705 0.6458966565349544 0.5866058906030855 0.5904255319148937 0.5967741935483871 0.5600303951367781 0.6164095371669004 0.5638297872340425 0.6227208976157083 0.6193009118541033 0.634992987377279 0.708966565349544 0.6413043478260869 0.8047112462006079 0.6248246844319776 0.8085106382978723
22 0.6644460028050491 0.6056231003039514 0.7082748948106592 0.7317629179331308 0.7345722300140253 0.6952887537993921 0.717391304347826 0.6223404255319149 0.6995091164095372 0.5737082066869301 0.6896914446002805 0.5106382978723404 0.6725105189340813 0.5022796352583586 0.664796633941094 0.5326747720364742 0.6714586255259467 0.5721884498480243
23 0.717741935483871 0.5866261398176292 0.6942496493688639 0.5569908814589666 0.6854838709677419 0.5296352583586627 0.6963534361851332 0.49544072948328266 0.7107293127629734 0.48936170212765956 0.7191444600280504 0.47720364741641336 0.7370266479663394 0.5182370820668692 0.7713884992987378 0.587386018237082 0.7556100981767181 0.6306990881458967 0.7244039270687237 0.6071428571428571
24 0.46107994389901824 0.5790273556231003 0.48246844319775595 0.5790273556231003 0.48667601683029454 0.6717325227963525 0.4950911640953717 0.8396656534954408 0.479312762973352 0.8404255319148937 0.4670406732117812 0.6504559270516718
25 0.44635343618513323 0.5782674772036475 0.4547685834502104 0.574468085106383 0.46143057503506313 0.574468085106383 0.46669004207573633 0.6337386018237082 0.47720897615708274 0.8427051671732523 0.46037868162692847 0.8366261398176292 0.45091164095371666 0.7074468085106383 0.44985974754558206 0.6588145896656535 0.4435483870967742 0.6033434650455927
26 0.4228611500701262 0.5843465045592705 0.4330294530154278 0.5630699088145896 0.44495091164095374 0.581306990881459 0.45091164095371666 0.6952887537993921 0.4526647966339411 0.8563829787234043 0.43688639551192143 0.8563829787234043 0.42917251051893407 0.7446808510638298 0.4221598877980365 0.6436170212765957
27 0.3993688639551192 0.5805471124620061 0.41339410939691446 0.560790273556231 0.42496493688639553 0.5942249240121581 0.42075736325385693 0.6869300911854104 0.4172510518934081 0.8153495440729484 0.3965638148667602 0.8001519756838906 0.39831697054698456 0.6451367781155015
28 0.3748246844319776 0.6033434650455927 0.37868162692847124 0.5691489361702128 0.391304347826087 0.5615501519756839 0.40392706872370265 0.5775075987841946 0.40848527349228614 0.5949848024316109 0.4007713884992987 0.6405775075987842 0.3811360448807854 0.7993920972644377 0.36640953716690045 0.78419452887538 0.37166900420757365 0.648176291793313
30 0.3082047685834502 0.6998480243161094 0.3380084151472651 0.6261398176291794 0.3548387096774194 0.5752279635258358 0.3548387096774194 0.5501519756838906 0.3390603085553997 0.5364741641337386 0.3278401122019635 0.5243161094224924 0.3120617110799439 0.5440729483282675 0.30434782608695654 0.5889057750759878 0.27875175315568024 0.6572948328267477 0.2717391304347826 0.6884498480243161 0.296984572230014 0.7272036474164134
31 0.24579242636746143 0.5775075987841946 0.26823281907433383 0.5440729483282675 0.27980364656381485 0.5037993920972644 0.29277699859747547 0.4878419452887538 0.3032959326788219 0.5045592705167173 0.3155680224403927 0.5053191489361702 0.32082748948106593 0.5319148936170213 0.3169705469845722 0.5592705167173252 0.2966339410939691 0.6025835866261399 0.25666199158485276 0.6565349544072948 0.23457223001402525 0.5896656534954408