0 0.46963562753036436 0.32991803278688525 0.47368421052631576 0.35758196721311475 0.47368421052631576 0.38114754098360654 0.4726720647773279 0.4108606557377049 0.46963562753036436 0.4364754098360656 0.46963562753036436 0.4774590163934426 0.46963562753036436 0.48975409836065575 0.4767206477732793 0.5245901639344263 0.4873481781376518 0.5286885245901639 0.4939271255060729 0.5286885245901639 0.4949392712550607 0.4948770491803279 0.4908906882591093 0.4456967213114754 0.4883603238866397 0.4088114754098361 0.4893724696356275 0.35758196721311475 0.4883603238866397 0.32991803278688525
1 0.45293522267206476 0.3319672131147541 0.45293522267206476 0.35758196721311475 0.4524291497975709 0.38114754098360654 0.4483805668016194 0.4088114754098361 0.4473684210526316 0.44774590163934425 0.4473684210526316 0.47950819672131145 0.44534412955465585 0.5051229508196722 0.4473684210526316 0.5194672131147541 0.46305668016194335 0.5204918032786885 0.46963562753036436 0.5153688524590164 0.4706477732793522 0.4713114754098361 0.4676113360323887 0.4047131147540984 0.4676113360323887 0.3790983606557377 0.46963562753036436 0.33811475409836067 0.4686234817813765 0.319672131147541
2 0.44534412955465585 0.32581967213114754 0.44129554655870445 0.33811475409836067 0.4397773279352227 0.3668032786885246 0.4367408906882591 0.39241803278688525 0.4316801619433198 0.4149590163934426 0.4271255060728745 0.4364754098360656 0.42206477732793524 0.47540983606557374 0.42611336032388664 0.5051229508196722 0.44129554655870445 0.4948770491803279 0.4473684210526316 0.45799180327868855 0.4473684210526316 0.4026639344262295 0.4493927125506073 0.3473360655737705
3 0.4240890688259109 0.3145491803278688 0.42206477732793524 0.33811475409836067 0.4190283400809717 0.3637295081967213 0.4144736842105263 0.375 0.4104251012145749 0.39139344262295084 0.40536437246963564 0.41290983606557374 0.4023279352226721 0.4385245901639344 0.39878542510121456 0.46209016393442626 0.39878542510121456 0.49385245901639346 0.4073886639676113 0.4969262295081967 0.42105263157894735 0.48565573770491804 0.4276315789473684 0.45799180327868855 0.42965587044534415 0.4262295081967213 0.4347165991902834 0.38524590163934425 0.4397773279352227 0.3401639344262295 0.44129554655870445 0.3155737704918033
5 0.39271255060728744 0.29405737704918034 0.39068825910931176 0.30635245901639346 0.3896761133603239 0.32786885245901637 0.3861336032388664 0.3514344262295082 0.3841093117408907 0.38524590163934425 0.38309716599190285 0.4067622950819672 0.3851214574898785 0.430327868852459 0.37449392712550605 0.4456967213114754 0.36285425101214575 0.4456967213114754 0.35121457489878544 0.4405737704918033 0.3481781376518219 0.42213114754098363 0.3491902834008097 0.3944672131147541 0.3527327935222672 0.3668032786885246 0.3567813765182186 0.32991803278688525 0.3567813765182186 0.2612704918032787 0.38208502024291496 0.257172131147541 0.3937246963562753 0.26331967213114754
6 0.32945344129554655 0.24282786885245902 0.3274291497975709 0.27049180327868855 0.32388663967611336 0.29200819672131145 0.3157894736842105 0.3084016393442623 0.3081983805668016 0.33401639344262296 0.30516194331983804 0.35348360655737704 0.30516194331983804 0.375 0.30516194331983804 0.39241803278688525 0.31224696356275305 0.4108606557377049 0.3324898785425101 0.4149590163934426 0.3410931174089069 0.40061475409836067 0.3441295546558704 0.3668032786885246 0.3491902834008097 0.3176229508196721 0.3547570850202429 0.27459016393442626 0.3527327935222672 0.2530737704918033
8 0.5035425101214575 0.3104508196721312 0.49898785425101216 0.3514344262295082 0.4959514170040486 0.42008196721311475 0.4939271255060729 0.4641393442622951 0.4939271255060729 0.49385245901639346 0.5030364372469636 0.5225409836065574 0.513663967611336 0.5174180327868853 0.5161943319838057 0.47950819672131145 0.5156882591093117 0.4262295081967213 0.5156882591093117 0.36168032786885246 0.5161943319838057 0.3043032786885246
9 0.5263157894736842 0.30020491803278687 0.5222672064777328 0.33401639344262296 0.5192307692307693 0.36577868852459017 0.5172064777327935 0.4026639344262295 0.5182186234817814 0.46209016393442626 0.5222672064777328 0.4989754098360656 0.5308704453441295 0.5133196721311475 0.5369433198380567 0.5112704918032787 0.5399797570850202 0.48770491803278687 0.5399797570850202 0.4426229508196721 0.5389676113360324 0.39651639344262296 0.541497975708502 0.3043032786885246 0.5409919028340081 0.2766393442622951
10 0.5435222672064778 0.2889344262295082 0.5409919028340081 0.32581967213114754 0.5369433198380567 0.3790983606557377 0.5369433198380567 0.41700819672131145 0.5399797570850202 0.4641393442622951 0.5455465587044535 0.5010245901639344 0.5536437246963563 0.5153688524590164 0.5581983805668016 0.4733606557377049 0.5581983805668016 0.42418032786885246 0.5602226720647774 0.3514344262295082 0.562246963562753 0.29610655737704916 0.5602226720647774 0.26844262295081966
11 0.5668016194331984 0.30635245901639346 0.5632591093117408 0.3432377049180328 0.5612348178137652 0.4047131147540984 0.5592105263157895 0.45594262295081966 0.5642712550607287 0.49385245901639346 0.5718623481781376 0.48155737704918034 0.5769230769230769 0.44364754098360654 0.5779352226720648 0.4108606557377049 0.5779352226720648 0.36885245901639346 0.5789473684210527 0.30225409836065575 0.5804655870445344 0.27459016393442626
12 0.5804655870445344 0.2807377049180328 0.5789473684210527 0.3176229508196721 0.5769230769230769 0.35963114754098363 0.5759109311740891 0.39241803278688525 0.5855263157894737 0.4682377049180328 0.6022267206477733 0.48360655737704916 0.6057692307692307 0.4661885245901639 0.6012145748987854 0.4180327868852459 0.5961538461538461 0.3790983606557377 0.5961538461538461 0.33811475409836067 0.5961538461538461 0.2889344262295082 0.5961538461538461 0.26434426229508196
13 0.5961538461538461 0.2899590163934426 0.5951417004048583 0.3360655737704918 0.5961538461538461 0.36168032786885246 0.6012145748987854 0.3985655737704918 0.604251012145749 0.44979508196721313 0.604757085020243 0.4774590163934426 0.6169028340080972 0.48565573770491804 0.6300607287449392 0.4456967213114754 0.632085020242915 0.42827868852459017 0.6330971659919028 0.4026639344262295 0.6275303643724697 0.34938524590163933 0.618421052631579 0.28688524590163933 0.6169028340080972 0.2510245901639344 0.5991902834008097 0.26639344262295084 0.5951417004048583 0.32786885245901637
16 0.5020242914979757 0.6987704918032787 0.49696356275303644 0.6670081967213115 0.4949392712550607 0.6229508196721312 0.49291497975708504 0.5860655737704918 0.49038461538461536 0.5665983606557377 0.49898785425101216 0.5665983606557377 0.5 0.5901639344262295 0.5 0.6198770491803278 0.5020242914979757 0.6485655737704918 0.5030364372469636 0.6690573770491803
17 0.5222672064777328 0.6926229508196722 0.5232793522267206 0.673155737704918 0.5232793522267206 0.6331967213114754 0.5242914979757085 0.6014344262295082 0.5242914979757085 0.5799180327868853 0.5161943319838057 0.5737704918032787 0.5096153846153846 0.5860655737704918 0.5096153846153846 0.6075819672131147 0.5106275303643725 0.6331967213114754 0.513663967611336 0.6588114754098361
18 0.5425101214574899 0.6987704918032787 0.5435222672064778 0.680327868852459 0.5425101214574899 0.6372950819672131 0.5435222672064778 0.6034836065573771 0.5445344129554656 0.5758196721311475 0.5455465587044535 0.5543032786885246 0.5298582995951417 0.5461065573770492 0.5298582995951417 0.5778688524590164 0.5298582995951417 0.6157786885245902 0.5298582995951417 0.6454918032786885 0.5328947368421053 0.6967213114754098
19 0.5738866396761133 0.7141393442622951 0.5708502024291497 0.6844262295081968 0.5678137651821862 0.6475409836065574 0.5688259109311741 0.6096311475409836 0.5728744939271255 0.5799180327868853 0.5708502024291497 0.5522540983606558 0.562246963562753 0.5389344262295082 0.548582995951417 0.5450819672131147 0.5465587044534413 0.5706967213114754 0.5516194331983806 0.5973360655737705 0.555161943319838 0.617827868852459 0.5571862348178138 0.6506147540983607 0.5642712550607287 0.6823770491803278
20 0.6067813765182186 0.6782786885245902 0.604251012145749 0.6485655737704918 0.5991902834008097 0.6116803278688525 0.5961538461538461 0.5860655737704918 0.5921052631578947 0.5543032786885246 0.5905870445344129 0.5307377049180327 0.5748987854251012 0.5174180327868853 0.5688259109311741 0.5286885245901639 0.5668016194331984 0.5430327868852459 0.5708502024291497 0.5778688524590164 0.5769230769230769 0.6014344262295082 0.5824898785425101 0.6311475409836066 0.5905870445344129 0.6629098360655737
21 0.652834008097166 0.6270491803278688 0.6553643724696356 0.6137295081967213 0.6563765182186235 0.5942622950819673 0.652834008097166 0.5717213114754098 0.6411943319838057 0.5389344262295082 0.6330971659919028 0.5174180327868853 0.6265182186234818 0.5051229508196722 0.6174089068825911 0.48770491803278687 0.6067813765182186 0.48155737704918034 0.5991902834008097 0.4918032786885246 0.5921052631578947 0.5092213114754098 0.5895748987854251 0.5204918032786885 0.5941295546558705 0.5502049180327869 0.6022267206477733 0.5645491803278688 0.6098178137651822 0.5778688524590164 0.6234817813765182 0.5993852459016393 0.6295546558704453 0.6137295081967213
22 0.6826923076923077 0.5563524590163934 0.6771255060728745 0.5327868852459017 0.6573886639676113 0.48975409836065575 0.652834008097166 0.4713114754098361 0.6497975708502024 0.4385245901639344 0.6391700404858299 0.4344262295081967 0.6265182186234818 0.45389344262295084 0.6255060728744939 0.4692622950819672 0.6234817813765182 0.4918032786885246 0.6310728744939271 0.5153688524590164 0.6437246963562753 0.5307377049180327 0.6553643724696356 0.5522540983606558 0.6680161943319838 0.5706967213114754 0.6761133603238867 0.5778688524590164
24 0.4873481781376518 0.7182377049180327 0.4883603238866397 0.6905737704918032 0.49038461538461536 0.6475409836065574 0.49038461538461536 0.617827868852459 0.49038461538461536 0.5942622950819673 0.4853238866396761 0.5686475409836066 0.4757085020242915 0.5665983606557377 0.47469635627530365 0.5922131147540983 0.47368421052631576 0.6137295081967213 0.4757085020242915 0.6413934426229508 0.4777327935222672 0.6588114754098361 0.4777327935222672 0.6997950819672131
25 0.46963562753036436 0.7079918032786885 0.4726720647773279 0.6588114754098361 0.4726720647773279 0.6229508196721312 0.4726720647773279 0.5799180327868853 0.4726720647773279 0.5584016393442623 0.4610323886639676 0.5645491803278688 0.45293522267206476 0.5901639344262295 0.4524291497975709 0.6229508196721312 0.45394736842105265 0.6413934426229508 0.4559716599190283 0.6741803278688525 0.4569838056680162 0.7120901639344263
26 0.4433198380566802 0.7079918032786885 0.44534412955465585 0.6864754098360656 0.4493927125506073 0.6608606557377049 0.45394736842105265 0.6290983606557377 0.4569838056680162 0.5860655737704918 0.4590080971659919 0.5686475409836066 0.4590080971659919 0.5502049180327869 0.44534412955465585 0.5389344262295082 0.4357287449392713 0.548155737704918 0.4347165991902834 0.5717213114754098 0.4326923076923077 0.6014344262295082 0.4326923076923077 0.625 0.4326923076923077 0.6608606557377049 0.4326923076923077 0.680327868852459 0.4326923076923077 0.7059426229508197
29 0.30313765182186236 0.5901639344262295 0.3147773279352227 0.5758196721311475 0.33856275303643724 0.5461065573770492 0.35374493927125505 0.5245901639344263 0.36082995951417 0.5051229508196722 0.35880566801619435 0.47950819672131145 0.340080971659919 0.45184426229508196 0.3324898785425101 0.4456967213114754 0.3168016194331984 0.4661885245901639 0.3061740890688259 0.48975409836065575 0.2975708502024291 0.5204918032786885 0.28846153846153844 0.548155737704918 0.2859311740890688 0.5758196721311475
30 0.2535425101214575 0.5368852459016393 0.2682186234817814 0.5225409836065574 0.28846153846153844 0.4989754098360656 0.3092105263157895 0.48155737704918034 0.32186234817813764 0.45799180327868855 0.31983805668016196 0.4323770491803279 0.2965587044534413 0.41290983606557374 0.28289473684210525 0.4026639344262295 0.25860323886639675 0.44774590163934425 0.24595141700404857 0.48360655737704916 0.2408906882591093 0.5112704918032787