0 0.47494473102431833 0.5235562310030395 0.48526160648489314 0.5258358662613982 0.5003684598378777 0.5258358662613982 0.5062638172439204 0.5258358662613982 0.5044215180545321 0.4513677811550152 0.49594694178334564 0.2507598784194529 0.4756816507000737 0.2507598784194529 0.47494473102431833 0.4065349544072948 0.4745762711864407 0.4726443768996961
1 0.44841562269712604 0.4635258358662614 0.4509948415622697 0.5144376899696048 0.4546794399410464 0.5197568389057751 0.4679439941046426 0.5182370820668692 0.4756816507000737 0.5091185410334347 0.4756816507000737 0.4278115501519757 0.4679439941046426 0.26671732522796354 0.45025792188651437 0.27203647416413373 0.45025792188651437 0.42629179331306993
2 0.4240972733971997 0.44452887537993924 0.4185703758290346 0.4764437689969605 0.4185703758290346 0.5022796352583586 0.4266764922623434 0.5167173252279635 0.4388356669123066 0.5250759878419453 0.44325718496683864 0.5288753799392097 0.449521002210759 0.5053191489361702 0.4528371407516581 0.46808510638297873 0.4509948415622697 0.4399696048632219 0.42999263080324246 0.2629179331306991 0.4064112011790715 0.2811550151975684
3 0.3983050847457627 0.4673252279635258 0.3983050847457627 0.506079027355623 0.39941046425939575 0.5258358662613982 0.4071481208548268 0.5296352583586627 0.4152542372881356 0.5250759878419453 0.4240972733971997 0.5250759878419453 0.4333087693441415 0.520516717325228 0.4336772291820192 0.4635258358662614 0.4292557111274871 0.418693009118541 0.4053058216654385 0.2560790273556231 0.38725128960943256 0.270516717325228 0.3949889462048637 0.446048632218845
4 0.37840825350036844 0.5455927051671733 0.37030213706705967 0.5250759878419453 0.37361827560795874 0.4787234042553192 0.3747236551215917 0.44376899696048633 0.36698599852616065 0.29407294832826747 0.39425202652910835 0.2864741641337386 0.39388356669123065 0.4278115501519757 0.4012527634487841 0.47796352583586627 0.4064112011790715 0.5113981762917933 0.4071481208548268 0.5379939209726444 0.39056742815033163 0.5417933130699089 0.38504053058216653 0.5417933130699089
5 0.35703758290346355 0.5509118541033434 0.35003684598378776 0.5455927051671733 0.3459837877671334 0.5395136778115501 0.3389830508474576 0.5311550151975684 0.3371407516580693 0.49620060790273557 0.3371407516580693 0.4696048632218845 0.3327192336035372 0.3100303951367781 0.36219602063375095 0.2993920972644377 0.37546057479734707 0.4513677811550152 0.37730287398673545 0.4870820668693009 0.3791451731761238 0.5197568389057751 0.368828297715549 0.5455927051671733 0.36514369933677226 0.5547112462006079
6 0.318349299926308 0.5395136778115501 0.30434782608695654 0.5379939209726444 0.2966101694915254 0.5037993920972644 0.2966101694915254 0.4878419452887538 0.2999263080324245 0.44984802431610943 0.3021370670596905 0.2917933130699088 0.32313927781871776 0.29407294832826747 0.33456153279292555 0.4513677811550152 0.3367722918201916 0.5 0.3327192336035372 0.5455927051671733 0.31613854089904203 0.5539513677811551
8 0.5029476787030214 0.5311550151975684 0.5213706705969049 0.53419452887538 0.5316875460574797 0.53419452887538 0.5342667649226235 0.49848024316109424 0.5309506263817244 0.4278115501519757 0.529108327192336 0.25455927051671734 0.5095799557848194 0.25987841945288753 0.5070007369196757 0.43541033434650456
9 0.5335298452468681 0.5296352583586627 0.5405305821665438 0.5296352583586627 0.55379513633014 0.5288753799392097 0.5563743551952837 0.5053191489361702 0.5596904937361827 0.4065349544072948 0.5545320560058954 0.29407294832826747 0.5394252026529108 0.3009118541033435 0.5386882829771555 0.4399696048632219 0.5368459837877672 0.4787234042553192
10 0.55379513633014 0.5129179331306991 0.5626381724392041 0.5311550151975684 0.578481945467944 0.5349544072948328 0.5832719233603537 0.5258358662613982 0.5843773028739867 0.49848024316109424 0.5825350036845984 0.42933130699088146 0.5913780397936624 0.2796352583586626 0.5696389093588798 0.2796352583586626 0.5615327929255711 0.4209726443768997 0.5571112748710391 0.47112462006079026
11 0.5677966101694916 0.49848024316109424 0.5677966101694916 0.5235562310030395 0.5711127487103905 0.5417933130699089 0.5862196020633751 0.5296352583586627 0.5913780397936624 0.5417933130699089 0.6028002947678703 0.5524316109422492 0.6109064112011791 0.5037993920972644 0.6109064112011791 0.4870820668693009 0.6149594694178334 0.2682370820668693 0.5876934414148858 0.2826747720364742
12 0.6109064112011791 0.5524316109422492 0.5994841562269713 0.5493920972644377 0.5976418570375829 0.5129179331306991 0.6028002947678703 0.47112462006079026 0.6201179071481209 0.2978723404255319 0.6422254974207812 0.3069908814589666 0.6440677966101694 0.3495440729483283 0.63448784082535 0.5113981762917933 0.633382461311717 0.5440729483282675 0.6230655858511422 0.5615501519756839
14 0.6687546057479735 0.547112462006079 0.6588061901252763 0.5220364741641338 0.6543846720707442 0.4734042553191489 0.6635961680176861 0.4316109422492401 0.6879145173176123 0.31155015197568386 0.7019159911569639 0.34498480243161095 0.7011790714812085 0.4004559270516717 0.6956521739130435 0.46580547112462006 0.6985998526160648 0.4946808510638298 0.6985998526160648 0.5235562310030395 0.6879145173176123 0.547112462006079
16 0.5 0.5455927051671733 0.5213706705969049 0.5440729483282675 0.5195283714075166 0.6124620060790273 0.5195283714075166 0.7659574468085106 0.5036845983787767 0.7674772036474165
17 0.5169491525423728 0.5493920972644377 0.5412675018422992 0.5440729483282675 0.5438467207074429 0.5524316109422492 0.5416359616801769 0.574468085106383 0.5316875460574797 0.7720364741641338 0.5221075902726603 0.7735562310030395
18 0.5346352247605011 0.7537993920972644 0.5346352247605011 0.6793313069908815 0.5368459837877672 0.6048632218844985 0.5397936624907885 0.5615501519756839 0.5486366985998526 0.5509118541033434 0.5578481945467944 0.5493920972644377 0.5659543109801032 0.581306990881459 0.5670596904937362 0.621580547112462 0.5685335298452469 0.662613981762918 0.5519528371407516 0.8092705167173252 0.5368459837877672 0.8009118541033434
19 0.5648489314664702 0.6322188449848024 0.5600589535740604 0.601063829787234 0.5615327929255711 0.5775075987841946 0.5736919675755343 0.567629179331307 0.5862196020633751 0.5653495440729484 0.5991156963890936 0.6124620060790273 0.5913780397936624 0.6557750759878419 0.5895357406042742 0.7317629179331308 0.5921149594694178 0.7857142857142857 0.5766396462785557 0.7933130699088146 0.5641120117907148 0.7135258358662614 0.5670596904937362 0.6610942249240122
20 0.5969049373618276 0.6610942249240122 0.5924834193072955 0.6253799392097265 0.5899042004421519 0.5957446808510638 0.5899042004421519 0.5835866261398176 0.6002210759027266 0.574468085106383 0.6186440677966102 0.5759878419452887 0.630066322770818 0.5919452887537994 0.6267501842299189 0.6322188449848024 0.6414885777450258 0.8206686930091185 0.6131171702284451 0.8290273556231003
21 0.6319086219602064 0.6557750759878419 0.6230655858511422 0.6162613981762918 0.6223286661753868 0.581306990881459 0.6223286661753868 0.5653495440729484 0.6492262343404569 0.5615501519756839 0.6624907885040531 0.5653495440729484 0.6713338246131172 0.5691489361702128 0.6720707442888725 0.5995440729483282 0.6713338246131172 0.6466565349544073 0.6915991156963891 0.8100303951367781 0.6606484893146647 0.8130699088145896 0.6326455416359617 0.668693009118541
22 0.6798084008843036 0.6428571428571429 0.6731761238025056 0.6124620060790273 0.6702284450994842 0.5782674772036475 0.6683861459100958 0.5615501519756839 0.6853352984524687 0.5509118541033434 0.7026529108327192 0.5547112462006079 0.7100221075902726 0.5455927051671733 0.7170228445099485 0.5691489361702128 0.7210759027266028 0.6033434650455927 0.7229182019159912 0.6360182370820668 0.7468680913780398 0.7644376899696048 0.710759027266028 0.7773556231003039
24 0.476418570375829 0.5440729483282675 0.5044215180545321 0.547112462006079 0.4885777450257922 0.7537993920972644 0.47383935151068535 0.7462006079027356
25 0.4528371407516581 0.5379939209726444 0.48268238761974946 0.5455927051671733 0.47494473102431833 0.6124620060790273 0.4727339719970523 0.7697568389057751 0.45210022107590275 0.7659574468085106
26 0.42299189388356667 0.648176291793313 0.41967575534266766 0.5797872340425532 0.42225497420781133 0.5433130699088146 0.4288872512896094 0.53419452887538 0.44030950626381726 0.53419452887538 0.44841562269712604 0.5539513677811551 0.4491525423728814 0.5957446808510638 0.44841562269712604 0.6200607902735562 0.4546794399410464 0.797112462006079 0.4358879882092852 0.7879939209726444
27 0.420412675018423 0.7750759878419453 0.42483419307295506 0.6610942249240122 0.4255711127487104 0.6048632218844985 0.42630803242446574 0.5775075987841946 0.41930729550478996 0.5577507598784195 0.4089904200442152 0.5493920972644377 0.3920412675018423 0.5615501519756839 0.38872512896094324 0.5782674772036475 0.39056742815033163 0.6193009118541033 0.4089904200442152 0.791033434650456 0.41930729550478996 0.7879939209726444
28 0.3879882092851879 0.8039513677811551 0.39056742815033163 0.7408814589665653 0.391304347826087 0.6595744680851063 0.391304347826087 0.6398176291793313 0.3949889462048637 0.5759878419452887 0.3879882092851879 0.5562310030395137 0.37730287398673545 0.5493920972644377 0.36514369933677226 0.567629179331307 0.3596168017686072 0.5851063829787234 0.36072218128224026 0.6246200607902735 0.367722918201916 0.6633738601823708 0.37361827560795874 0.791033434650456
30 0.2815033161385409 0.7537993920972644 0.291451731761238 0.7264437689969605 0.30619012527634487 0.6914893617021277 0.3176123802505527 0.6231003039513677 0.3238761974944731 0.6048632218844985 0.3275607958732498 0.5577507598784195 0.32829771554900516 0.5455927051671733 0.3087693441414886 0.5440729483282675 0.29587324981577007 0.5417933130699089 0.28592483419307296 0.5417933130699089 0.27671333824613115 0.5706686930091185 0.2737656595431098 0.648936170212766 0.2560795873249816 0.7279635258358662 0.27818717759764183 0.7682370820668692