0 0.45394736842105265 0.5430327868852459 0.4908906882591093 0.5440573770491803 0.4868421052631579 0.2776639344262295 0.4605263157894737 0.2899590163934426 0.4569838056680162 0.4692622950819672
1 0.4564777327935223 0.5358606557377049 0.4331983805668016 0.5286885245901639 0.42813765182186236 0.5102459016393442 0.4291497975708502 0.45594262295081966 0.44635627530364375 0.24385245901639344 0.45799595141700405 0.26331967213114754 0.4564777327935223 0.4323770491803279
2 0.4048582995951417 0.48258196721311475 0.402834008097166 0.4979508196721312 0.4084008097165992 0.5225409836065574 0.4200404858299595 0.5245901639344263 0.4291497975708502 0.5153688524590164 0.4331983805668016 0.44774590163934425 0.4407894736842105 0.2520491803278688 0.4180161943319838 0.26331967213114754 0.41143724696356276 0.41290983606557374 0.4058704453441296 0.45799180327868855
3 0.3982793522267207 0.31864754098360654 0.3881578947368421 0.3862704918032787 0.38360323886639675 0.45594262295081966 0.3770242914979757 0.49385245901639346 0.37803643724696356 0.5225409836065574 0.3952429149797571 0.5092213114754098 0.41143724696356276 0.4887295081967213 0.42054655870445345 0.47848360655737704 0.4180161943319838 0.2899590163934426 0.40384615384615385 0.29713114754098363
4 0.36690283400809715 0.3176229508196721 0.36285425101214575 0.35450819672131145 0.3598178137651822 0.42213114754098363 0.3547570850202429 0.4713114754098361 0.35020242914979755 0.4948770491803279 0.36791497975708504 0.507172131147541 0.3810728744939271 0.48258196721311475 0.3881578947368421 0.44364754098360654 0.3881578947368421 0.35655737704918034 0.37803643724696356 0.28688524590163933
5 0.33299595141700405 0.2797131147540984 0.3274291497975709 0.319672131147541 0.3117408906882591 0.42520491803278687 0.3076923076923077 0.45594262295081966 0.3147773279352227 0.48975409836065575 0.33704453441295545 0.48770491803278687 0.3456477732793522 0.48975409836065575 0.35728744939271256 0.47950819672131145 0.3547570850202429 0.4016393442622951 0.35779352226720645 0.32889344262295084 0.3567813765182186 0.29405737704918034
6 0.2909919028340081 0.3135245901639344 0.2909919028340081 0.36065573770491804 0.2793522267206478 0.4016393442622951 0.26720647773279355 0.4375 0.2798582995951417 0.4723360655737705 0.30718623481781376 0.48258196721311475 0.3173076923076923 0.44364754098360654 0.319331983805668 0.375 0.3248987854251012 0.33299180327868855 0.31376518218623484 0.28688524590163933 0.3016194331983806 0.27459016393442626
8 0.4868421052631579 0.48360655737704916 0.4898785425101215 0.5297131147540983 0.4984817813765182 0.5584016393442623 0.520242914979757 0.5491803278688525 0.5227732793522267 0.5245901639344263 0.513663967611336 0.30225409836065575 0.49190283400809715 0.3094262295081967
9 0.5161943319838057 0.4672131147540984 0.5197368421052632 0.5092213114754098 0.5374493927125507 0.5358606557377049 0.5445344129554656 0.5245901639344263 0.5445344129554656 0.48258196721311475 0.5430161943319838 0.42008196721311475 0.5318825910931174 0.27459016393442626 0.520242914979757 0.3094262295081967
10 0.5450404858299596 0.45594262295081966 0.5450404858299596 0.4969262295081967 0.5480769230769231 0.5286885245901639 0.562246963562753 0.5327868852459017 0.5774291497975709 0.5204918032786885 0.5733805668016194 0.48668032786885246 0.5683198380566802 0.4364754098360656 0.5571862348178138 0.29200819672131145 0.5394736842105263 0.30327868852459017
11 0.5526315789473685 0.4456967213114754 0.5531376518218624 0.4723360655737705 0.5597165991902834 0.4969262295081967 0.569838056680162 0.5020491803278688 0.5748987854251012 0.5133196721311475 0.5926113360323887 0.5081967213114754 0.5926113360323887 0.48463114754098363 0.5880566801619433 0.4334016393442623 0.569838056680162 0.26639344262295084 0.5506072874493927 0.3125
12 0.5804655870445344 0.3176229508196721 0.5809716599190283 0.382172131147541 0.582995951417004 0.4487704918032787 0.5870445344129555 0.4918032786885246 0.6027327935222672 0.507172131147541 0.618421052631579 0.5102459016393442 0.6275303643724697 0.47848360655737704 0.617914979757085 0.4098360655737705 0.6012145748987854 0.3104508196721312 0.5905870445344129 0.23770491803278687
13 0.6002024291497976 0.2889344262295082 0.604757085020243 0.34938524590163933 0.6108299595141701 0.4334016393442623 0.6153846153846154 0.45286885245901637 0.6189271255060729 0.48155737704918034 0.6341093117408907 0.48463114754098363 0.6518218623481782 0.4887295081967213 0.6629554655870445 0.47438524590163933 0.6589068825910931 0.4415983606557377 0.6518218623481782 0.39959016393442626 0.6204453441295547 0.2776639344262295
14 0.6477732793522267 0.29815573770491804 0.6492914979757085 0.3514344262295082 0.6553643724696356 0.4057377049180328 0.6589068825910931 0.45901639344262296 0.6685222672064778 0.47848360655737704 0.6862348178137652 0.4733606557377049 0.6968623481781376 0.4569672131147541 0.7049595141700404 0.44774590163934425 0.6912955465587044 0.39549180327868855 0.6887651821862348 0.3719262295081967 0.667004048582996 0.27459016393442626
16 0.4832995951417004 0.5686475409836066 0.5035425101214575 0.5747950819672131 0.4959514170040486 0.7633196721311475 0.47115384615384615 0.764344262295082
17 0.5010121457489879 0.5635245901639344 0.521255060728745 0.5645491803278688 0.527834008097166 0.6055327868852459 0.520242914979757 0.6895491803278688 0.5 0.7745901639344263 0.4908906882591093 0.764344262295082
18 0.5217611336032388 0.6331967213114754 0.5217611336032388 0.5870901639344263 0.534919028340081 0.5717213114754098 0.5490890688259109 0.5860655737704918 0.5506072874493927 0.6075819672131147 0.5576923076923077 0.6465163934426229 0.5470647773279352 0.8114754098360656 0.5288461538461539 0.805327868852459
19 0.5516194331983806 0.6219262295081968 0.5404858299595142 0.5840163934426229 0.5394736842105263 0.5635245901639344 0.5521255060728745 0.548155737704918 0.5592105263157895 0.548155737704918 0.5733805668016194 0.5665983606557377 0.5708502024291497 0.6280737704918032 0.5845141700404858 0.7735655737704918 0.5617408906882592 0.7735655737704918 0.5506072874493927 0.6383196721311475
20 0.5779352226720648 0.6168032786885246 0.5642712550607287 0.5788934426229508 0.5581983805668016 0.555327868852459 0.562753036437247 0.5450819672131147 0.5855263157894737 0.5399590163934426 0.5951417004048583 0.5461065573770492 0.6027327935222672 0.5737704918032787 0.6204453441295547 0.7397540983606558 0.6027327935222672 0.7551229508196722
21 0.611336032388664 0.5963114754098361 0.603744939271255 0.5655737704918032 0.5951417004048583 0.5440573770491803 0.5946356275303644 0.5297131147540983 0.6128542510121457 0.5225409836065574 0.6300607287449392 0.5245901639344263 0.6513157894736842 0.5194672131147541 0.6553643724696356 0.5389344262295082 0.6508097165991903 0.5942622950819673 0.680668016194332 0.7131147540983607 0.6401821862348178 0.7254098360655737 0.6204453441295547 0.6977459016393442 0.617914979757085 0.6516393442622951
22 0.6553643724696356 0.5665983606557377 0.6467611336032388 0.5512295081967213 0.6432186234817814 0.5307377049180327 0.6432186234817814 0.5122950819672131 0.6518218623481782 0.5020491803278688 0.6619433198380567 0.5020491803278688 0.673582995951417 0.48770491803278687 0.6837044534412956 0.48463114754098363 0.694838056680162 0.5379098360655737 0.6983805668016194 0.5635245901639344 0.7201417004048583 0.6721311475409836 0.6907894736842105 0.6977459016393442 0.6685222672064778 0.6424180327868853 0.6644736842105263 0.6168032786885246 0.6578947368421053 0.5901639344262295
23 0.6963562753036437 0.555327868852459 0.6897773279352226 0.5204918032786885 0.6897773279352226 0.5020491803278688 0.7074898785425101 0.47950819672131145 0.7186234817813765 0.4774590163934426 0.7348178137651822 0.48668032786885246 0.7403846153846154 0.507172131147541 0.7373481781376519 0.5430327868852459 0.7449392712550608 0.6536885245901639 0.7196356275303644 0.6629098360655737 0.7044534412955465 0.6014344262295082 0.6988866396761133 0.5819672131147541
24 0.46153846153846156 0.5686475409836066 0.4868421052631579 0.5655737704918032 0.4731781376518219 0.7735655737704918 0.45040485829959515 0.7786885245901639
25 0.4352226720647773 0.6588114754098361 0.4407894736842105 0.6004098360655737 0.44281376518218624 0.5747950819672131 0.4483805668016194 0.5717213114754098 0.4605263157894737 0.5706967213114754 0.46204453441295545 0.5973360655737705 0.46204453441295545 0.6659836065573771 0.4418016194331984 0.7745901639344263 0.4311740890688259 0.742827868852459
26 0.4104251012145749 0.6629098360655737 0.4104251012145749 0.6383196721311475 0.4104251012145749 0.6065573770491803 0.4139676113360324 0.5819672131147541 0.4291497975708502 0.5747950819672131 0.4382591093117409 0.576844262295082 0.4433198380566802 0.6075819672131147 0.4175101214574899 0.805327868852459 0.3952429149797571 0.8022540983606558
27 0.3694331983805668 0.7540983606557377 0.375 0.6823770491803278 0.38866396761133604 0.5963114754098361 0.3952429149797571 0.5686475409836066 0.39979757085020245 0.5512295081967213 0.4159919028340081 0.5512295081967213 0.423582995951417 0.5819672131147541 0.4256072874493927 0.6014344262295082 0.41295546558704455 0.6383196721311475 0.38714574898785425 0.7807377049180327
28 0.3415991902834008 0.7489754098360656 0.35931174089068824 0.6516393442622951 0.3699392712550607 0.5850409836065574 0.3699392712550607 0.5604508196721312 0.375 0.5399590163934426 0.39473684210526316 0.5409836065573771 0.4048582995951417 0.5635245901639344 0.3952429149797571 0.6116803278688525 0.35526315789473684 0.7735655737704918
29 0.2935222672064777 0.6936475409836066 0.3001012145748988 0.6475409836065574 0.31224696356275305 0.6055327868852459 0.31781376518218624 0.5850409836065574 0.31983805668016196 0.555327868852459 0.31983805668016196 0.5358606557377049 0.3248987854251012 0.5194672131147541 0.35728744939271256 0.5225409836065574 0.37550607287449395 0.5297131147540983 0.3674089068825911 0.569672131147541 0.354251012145749 0.6055327868852459 0.354251012145749 0.632172131147541 0.32034412955465585 0.7510245901639344
30 0.24392712550607287 0.6690573770491803 0.2565789473684211 0.5993852459016393 0.2687246963562753 0.555327868852459 0.27125506072874495 0.5389344262295082 0.2732793522267207 0.5133196721311475 0.2813765182186235 0.4979508196721312 0.291497975708502 0.48975409836065575 0.3188259109311741 0.5020491803278688 0.32793522267206476 0.5092213114754098 0.31275303643724695 0.5665983606557377 0.28441295546558704 0.701844262295082