0 0.4689559486645855 0.5965045592705167 0.48491155046826223 0.6048632218844985 0.5019077349982657 0.60790273556231 0.49913284772806105 0.5106382978723404 0.4953173777315297 0.32142857142857145 0.47589316684009714 0.32066869300911854 0.4779743322927506 0.4764437689969605 0.4696496704821367 0.5759878419452887
1 0.4436351023239681 0.5220364741641338 0.44259451959764134 0.5729483282674772 0.4474505723204995 0.5949848024316109 0.46583420048560525 0.5995440729483282 0.471037114117239 0.5866261398176292 0.4748525841137704 0.513677811550152 0.47589316684009714 0.32750759878419455 0.4505723204994797 0.33586626139817627 0.4474505723204995 0.5106382978723404
3 0.39889004509191817 0.3601823708206687 0.39264654873395766 0.5098784194528876 0.3888310787374263 0.5493920972644377 0.38952480055497746 0.5759878419452887 0.3916059660076309 0.5866261398176292 0.40097121054457163 0.5866261398176292 0.41033645508151234 0.5797872340425532 0.419701699618453 0.5592705167173252 0.42351716961498437 0.5182370820668692 0.4165799514394728 0.33586626139817627
4 0.3732223378425251 0.3768996960486322 0.37183489420742283 0.48328267477203646 0.36628511966701355 0.5288753799392097 0.36420395421436 0.5562310030395137 0.36628511966701355 0.5790273556231003 0.37114117238987165 0.5896656534954408 0.3870967741935484 0.5775075987841946 0.39264654873395766 0.5524316109422492 0.39334027055150883 0.49848024316109424 0.39264654873395766 0.3966565349544073 0.39021852237252863 0.34498480243161095 0.374956642386403 0.35790273556231
5 0.3333333333333333 0.3837386018237082 0.3333333333333333 0.4726443768996961 0.32951786333680194 0.49544072948328266 0.3263961151578217 0.5220364741641338 0.32466181061394384 0.5509118541033434 0.32466181061394384 0.567629179331307 0.3357613596947624 0.5714285714285714 0.34547346514047866 0.5775075987841946 0.3572667360388484 0.5858662613981763 0.3701005896635449 0.5638297872340425 0.3701005896635449 0.520516717325228 0.37114117238987165 0.4817629179331307 0.3732223378425251 0.35638297872340424
6 0.29552549427679503 0.3411854103343465 0.3007284079084287 0.4072948328267477 0.3000346860908776 0.45972644376899696 0.29309746791536595 0.48328267477203646 0.2892819979188345 0.506838905775076 0.29101630246271243 0.5182370820668692 0.30939993062781823 0.5303951367781155 0.3232743669788415 0.5372340425531915 0.33472077696843566 0.513677811550152 0.33714880332986474 0.46504559270516715 0.3333333333333333 0.418693009118541 0.32951786333680194 0.32142857142857145
8 0.5012140131807146 0.5896656534954408 0.5175164758931668 0.6048632218844985 0.5258411377037808 0.6094224924012158 0.5376344086021505 0.6063829787234043 0.5404092958723552 0.5896656534954408 0.5383281304197017 0.5037993920972644 0.5282691640652099 0.34498480243161095 0.5043357613596947 0.34802431610942247 0.5098855359001041 0.4886018237082067
9 0.5383281304197017 0.5220364741641338 0.5359001040582726 0.5896656534954408 0.5542837322233785 0.5995440729483282 0.5615678113076656 0.5995440729483282 0.5685050294831773 0.581306990881459 0.5636489767603191 0.4764437689969605 0.5560180367672564 0.3768996960486322 0.5365938258758238 0.3768996960486322 0.5359001040582726 0.49848024316109424
10 0.5646895594866459 0.3518237082066869 0.5612209503988901 0.5037993920972644 0.5646895594866459 0.5319148936170213 0.5674644467568505 0.5577507598784195 0.5691987513007284 0.5714285714285714 0.5792577176552203 0.5790273556231003 0.586888657648283 0.5858662613981763 0.5913978494623656 0.5729483282674772 0.5931321540062435 0.5387537993920972 0.5820326049254249 0.33966565349544076
11 0.5799514394727714 0.364741641337386 0.5799514394727714 0.48328267477203646 0.5813388831078737 0.5098784194528876 0.5851543531044051 0.5372340425531915 0.5889698231009365 0.5524316109422492 0.597641345820326 0.5691489361702128 0.6122095039889005 0.574468085106383 0.6229621921609435 0.567629179331307 0.6246964967048214 0.5387537993920972 0.6160249739854319 0.49012158054711247 0.6028442594519597 0.34498480243161095 0.5920915712799167 0.35638297872340424
13 0.6493236212278877 0.44984802431610943 0.6444675685050295 0.49012158054711247 0.6430801248699272 0.513677811550152 0.6486298994103364 0.5303951367781155 0.6625043357613597 0.5357142857142857 0.6770724939299341 0.5303951367781155 0.6892126257370794 0.520516717325228 0.6916406520985084 0.5037993920972644 0.6916406520985084 0.4817629179331307 0.6916406520985084 0.4278115501519757 0.6916406520985084 0.3411854103343465 0.6708289975719737 0.34422492401215804 0.6555671175858481 0.3951367781155015 0.6475893166840098 0.4338905775075988
16 0.5081512313562262 0.6231003039513677 0.5296566077003122 0.6162613981762918 0.5268817204301075 0.8039513677811551 0.5168227540756157 0.810790273556231 0.5081512313562262 0.6876899696048632
17 0.5313909122441901 0.6329787234042553 0.5421436004162331 0.621580547112462 0.5497745404092959 0.6246200607902735 0.5508151231356226 0.6793313069908815 0.5515088449531738 0.824468085106383 0.5383281304197017 0.8343465045592705
18 0.5497745404092959 0.689209726443769 0.5497745404092959 0.6329787234042553 0.5504682622268471 0.6101823708206687 0.5660770031217481 0.601823708206687 0.57613596947624 0.6117021276595744 0.578563995837669 0.6436170212765957 0.57613596947624 0.7317629179331308 0.5813388831078737 0.85790273556231 0.5598335067637877 0.85790273556231
19 0.5782171349288935 0.682370820668693 0.5691987513007284 0.6382978723404256 0.5698924731182796 0.6063829787234043 0.5820326049254249 0.5965045592705167 0.5969476240027749 0.6132218844984803 0.6038848421782865 0.6337386018237082 0.6139438085327783 0.8153495440729484 0.5990287894554284 0.8206686930091185
20 0.608394033992369 0.6702127659574468 0.6000693721817552 0.6253799392097265 0.5983350676378772 0.5949848024316109 0.6090877558099203 0.5790273556231003 0.6170655567117586 0.5797872340425532 0.631633714880333 0.6094224924012158 0.6330211585154353 0.6504559270516718 0.6500173430454388 0.8009118541033434 0.6354491848768644 0.8161094224924013 0.6198404439819633 0.71580547112462
21 0.6298994103364551 0.6268996960486323 0.6240027748872702 0.6132218844984803 0.6201873048907388 0.5965045592705167 0.6146375303503295 0.5797872340425532 0.6160249739854319 0.5691489361702128 0.6309399930627818 0.5509118541033434 0.6444675685050295 0.547112462006079 0.6562608394033992 0.5509118541033434 0.6708289975719737 0.5524316109422492 0.6715227193895248 0.5759878419452887 0.6708289975719737 0.6177811550151976 0.6777662157474853 0.6466565349544073 0.6822754075615678 0.6876899696048632 0.6933749566423864 0.7545592705167173 0.6687478321193202 0.7834346504559271 0.6479361775927853 0.7446808510638298 0.6354491848768644 0.6671732522796353 0.6340617412417621 0.6436170212765957
22 0.6756850502948317 0.6200607902735562 0.6593825875823794 0.6063829787234043 0.6593825875823794 0.5797872340425532 0.6614637530350329 0.560790273556231 0.6808879639264654 0.540273556231003 0.7034339229968782 0.53419452887538 0.7093305584460631 0.567629179331307 0.7415886229621922 0.7180851063829787 0.7186958029830038 0.7279635258358662 0.6954561220950399 0.6960486322188449
23 0.711064862989941 0.5896656534954408 0.7055150884495317 0.5645896656534954 0.7023933402705516 0.5455927051671733 0.7048213666319806 0.5250759878419453 0.7141866111689212 0.5098784194528876 0.7277141866111689 0.5015197568389058 0.7370794311481096 0.5015197568389058 0.7485258411377038 0.5037993920972644 0.7502601456815817 0.5577507598784195 0.7832119320152618 0.6671732522796353 0.7571973638570934 0.7006079027355623 0.7384668747832119 0.6793313069908815 0.7294484911550468 0.6618541033434651 0.7249392993409642 0.6352583586626139
24 0.4890738813735692 0.6299392097264438 0.5098855359001041 0.6253799392097265 0.5098855359001041 0.8077507598784195 0.49739854318418314 0.8077507598784195
25 0.46826222684703434 0.621580547112462 0.4911550468262227 0.6329787234042553 0.4953173777315297 0.8024316109422492 0.4779743322927506 0.8001519756838906
26 0.4474505723204995 0.6253799392097265 0.4543877904960111 0.5965045592705167 0.4689559486645855 0.601063829787234 0.47519944502254596 0.6398176291793313 0.4727714186611169 0.6876899696048632 0.4797086368366285 0.8290273556231003 0.460284425945196 0.8328267477203647 0.4457162677766216 0.6975683890577508
27 0.42282344779743325 0.7044072948328267 0.42039542143600417 0.6633738601823708 0.42282344779743325 0.6299392097264438 0.4287200832466181 0.6147416413373861 0.4405133541449879 0.6094224924012158 0.4481442941380506 0.6253799392097265 0.4481442941380506 0.6838905775075987 0.45195976413458205 0.837386018237082 0.4325355532431495 0.8411854103343465 0.4249046132500867 0.7849544072948328
30 0.3600416233090531 0.5995440729483282 0.3541449878598682 0.6329787234042553 0.3357613596947624 0.6808510638297872 0.30627818244883803 0.7317629179331308 0.27228581338883107 0.7469604863221885 0.2715920915712799 0.6975683890577508 0.2941380506416927 0.6550151975683891 0.3048907388137357 0.6253799392097265 0.31321540062434966 0.5881458966565349 0.3225806451612903 0.5623100303951368
31 0.2445369406867846 0.6876899696048632 0.26534859521331944 0.5965045592705167 0.2684703433922997 0.5645896656534954 0.2708983697537288 0.5319148936170213 0.2715920915712799 0.5220364741641338 0.2778355879292404 0.5220364741641338 0.29621921609434615 0.5303951367781155 0.31494970516822757 0.5425531914893617 0.32466181061394384 0.5623100303951368 0.3076656260839403 0.621580547112462 0.284772806104752 0.6702127659574468 0.25841137703780787 0.709726443768997