31 0.28145454545454546 0.5562310030395137 0.2690909090909091 0.5653495440729484 0.2650909090909091 0.5980243161094225 0.2687272727272727 0.6428571428571429 0.26690909090909093 0.7127659574468085 0.27054545454545453 0.7537993920972644 0.2861818181818182 0.7659574468085106 0.3018181818181818 0.7629179331306991 0.31272727272727274 0.708966565349544 0.31963636363636366 0.6344984802431611 0.32472727272727275 0.6048632218844985 0.32581818181818184 0.5828267477203647 0.32072727272727275 0.5623100303951368 0.3094545454545455 0.5524316109422492 0.2989090909090909 0.5524316109422492 0.28763636363636363 0.5417933130699089
30 0.33454545454545453 0.5425531914893617 0.3269090909090909 0.5547112462006079 0.324 0.5805471124620061 0.3225454545454545 0.6147416413373861 0.3130909090909091 0.6884498480243161 0.30763636363636365 0.729483282674772 0.30472727272727274 0.75 0.30654545454545457 0.7803951367781155 0.3221818181818182 0.7933130699088146 0.34545454545454546 0.756838905775076 0.3618181818181818 0.6816109422492401 0.3781818181818182 0.6261398176291794 0.38545454545454544 0.5972644376899696 0.384 0.5759878419452887 0.3810909090909091 0.5661094224924013 0.37054545454545457 0.5706686930091185 0.36072727272727273 0.5600303951367781 0.3563636363636364 0.5577507598784195 0.34363636363636363 0.5486322188449848
29 0.41054545454545455 0.5706686930091185 0.39745454545454545 0.5623100303951368 0.3829090909090909 0.5577507598784195 0.376 0.5729483282674772 0.37272727272727274 0.5927051671732523 0.37272727272727274 0.6428571428571429 0.3603636363636364 0.7150455927051672 0.35345454545454547 0.7819148936170213 0.3610909090909091 0.824468085106383 0.3770909090909091 0.8389057750759878 0.4069090909090909 0.7986322188449848 0.424 0.7264437689969605 0.4309090909090909 0.648176291793313 0.44072727272727275 0.601823708206687 0.43927272727272726 0.5828267477203647 0.4290909090909091 0.5759878419452887 0.41818181818181815 0.5737082066869301
28 0.44836363636363635 0.5615501519756839 0.43854545454545457 0.5706686930091185 0.43563636363636365 0.5889057750759878 0.4349090909090909 0.6694528875379939 0.4334545454545455 0.7575987841945289 0.4370909090909091 0.8039513677811551 0.4450909090909091 0.8297872340425532 0.4567272727272727 0.8016717325227963 0.46254545454545454 0.6854103343465046 0.464 0.6162613981762918 0.4618181818181818 0.5790273556231003 0.45454545454545453 0.5600303951367781
27 0.4690909090909091 0.5615501519756839 0.46254545454545454 0.5683890577507599 0.4581818181818182 0.5896656534954408 0.45890909090909093 0.6519756838905775 0.464 0.7545592705167173 0.4727272727272727 0.8419452887537994 0.48472727272727273 0.8525835866261399 0.4930909090909091 0.7803951367781155 0.48763636363636365 0.6854103343465046 0.4818181818181818 0.5828267477203647 0.47345454545454546 0.560790273556231
25 0.4894545454545455 0.5668693009118541 0.4818181818181818 0.5683890577507599 0.47963636363636364 0.574468085106383 0.48145454545454547 0.6177811550151976 0.48872727272727273 0.75 0.4930909090909091 0.824468085106383 0.49963636363636366 0.8449848024316109 0.5058181818181818 0.8411854103343465 0.5083636363636364 0.7978723404255319 0.5047272727272727 0.7044072948328267 0.5014545454545455 0.6299392097264438 0.5014545454545455 0.5790273556231003 0.5003636363636363 0.5683890577507599
24 0.508 0.5691489361702128 0.49963636363636366 0.5699088145896657 0.5007272727272727 0.6185410334346505 0.5058181818181818 0.743920972644377 0.5123636363636364 0.8214285714285714 0.5218181818181818 0.8259878419452887 0.5269090909090909 0.797112462006079 0.5196363636363637 0.7044072948328267 0.516 0.6185410334346505 0.5174545454545455 0.5782674772036475
16 0.521090909090909 0.5729483282674772 0.5134545454545455 0.5767477203647416 0.5138181818181818 0.6231003039513677 0.5207272727272727 0.7378419452887538 0.5258181818181819 0.791033434650456 0.5301818181818182 0.8168693009118541 0.5349090909090909 0.8138297872340425 0.536 0.7682370820668692 0.5316363636363637 0.6413373860182371 0.5316363636363637 0.5828267477203647 0.5316363636363637 0.574468085106383
17 0.5447272727272727 0.5683890577507599 0.5367272727272727 0.5706686930091185 0.5309090909090909 0.5737082066869301 0.5330909090909091 0.601823708206687 0.5341818181818182 0.6930091185410334 0.5367272727272727 0.7613981762917933 0.5392727272727272 0.7986322188449848 0.5458181818181819 0.8252279635258358 0.5570909090909091 0.8199088145896657 0.5556363636363636 0.7484802431610942 0.5534545454545454 0.6534954407294833 0.552 0.5851063829787234 0.5523636363636364 0.5699088145896657
19 0.5581818181818182 0.5623100303951368 0.552 0.5775075987841946 0.5516363636363636 0.5972644376899696 0.5556363636363636 0.6899696048632219 0.556 0.7826747720364742 0.5603636363636364 0.8335866261398176 0.5690909090909091 0.851063829787234 0.58 0.8366261398176292 0.5818181818181818 0.7218844984802432 0.5792727272727273 0.60790273556231 0.5789090909090909 0.5805471124620061 0.5727272727272728 0.5645896656534954 0.5650909090909091 0.5547112462006079
20 0.5832727272727273 0.5699088145896657 0.5767272727272728 0.5881458966565349 0.5763636363636364 0.6109422492401215 0.5829090909090909 0.6534954407294833 0.5876363636363636 0.770516717325228 0.5905454545454546 0.8221884498480243 0.6010909090909091 0.8449848024316109 0.6098181818181818 0.817629179331307 0.6076363636363636 0.6975683890577508 0.6105454545454545 0.621580547112462 0.612 0.5934650455927052 0.6094545454545455 0.5767477203647416 0.5996363636363636 0.5615501519756839
23 0.7258181818181818 0.5493920972644377 0.7196363636363636 0.574468085106383 0.7192727272727273 0.6200607902735562 0.7247272727272728 0.6793313069908815 0.7338181818181818 0.743920972644377 0.7425454545454545 0.7606382978723404 0.7716363636363637 0.7788753799392097 0.7712727272727272 0.7188449848024316 0.7643636363636364 0.6747720364741642 0.7643636363636364 0.6299392097264438 0.7661818181818182 0.5957446808510638 0.7614545454545455 0.5615501519756839 0.7487272727272727 0.5524316109422492
22 0.6803636363636364 0.5539513677811551 0.6665454545454546 0.5623100303951368 0.6603636363636364 0.5782674772036475 0.6690909090909091 0.6177811550151976 0.6869090909090909 0.682370820668693 0.7101818181818181 0.7743161094224924 0.7225454545454545 0.7940729483282675 0.7323636363636363 0.790273556231003 0.7385454545454545 0.743920972644377 0.7214545454545455 0.6458966565349544 0.7174545454545455 0.5896656534954408 0.7189090909090909 0.560790273556231 0.7101818181818181 0.5493920972644377 0.7021818181818181 0.5433130699088146 0.6934545454545454 0.5486322188449848
21 0.6429090909090909 0.5661094224924013 0.6327272727272727 0.5638297872340425 0.6298181818181818 0.5721884498480243 0.62 0.5721884498480243 0.6156363636363636 0.5737082066869301 0.6163636363636363 0.6208206686930091 0.6305454545454545 0.7036474164133738 0.6476363636363637 0.7857142857142857 0.6709090909090909 0.8328267477203647 0.6930909090909091 0.8358662613981763 0.6981818181818182 0.8085106382978723 0.7007272727272728 0.743161094224924 0.6869090909090909 0.6709726443768997 0.6752727272727272 0.6352583586626139 0.672 0.5987841945288754 0.6698181818181819 0.5775075987841946 0.66 0.5585106382978723 0.6494545454545455 0.5592705167173252
14 0.6512727272727272 0.49620060790273557 0.6494545454545455 0.5364741641337386 0.648 0.5524316109422492 0.6570909090909091 0.5592705167173252 0.6763636363636364 0.560790273556231 0.6770909090909091 0.5562310030395137 0.6894545454545454 0.5524316109422492 0.6967272727272728 0.540273556231003 0.6927272727272727 0.49620060790273557 0.6898181818181818 0.44756838905775076 0.6909090909090909 0.3829787234042553 0.6941818181818182 0.3525835866261398 0.6858181818181818 0.30851063829787234 0.6803636363636364 0.30167173252279633 0.668 0.3541033434650456 0.6636363636363637 0.3958966565349544 0.6552727272727272 0.44224924012158057
13 0.6083636363636363 0.4969604863221885 0.6050909090909091 0.5319148936170213 0.6094545454545455 0.5562310030395137 0.6098181818181818 0.5661094224924013 0.6214545454545455 0.5699088145896657 0.6312727272727273 0.5615501519756839 0.641090909090909 0.5623100303951368 0.6476363636363637 0.5630699088145896 0.6494545454545455 0.5455927051671733 0.6505454545454545 0.506079027355623 0.649090909090909 0.44072948328267475 0.6476363636363637 0.3670212765957447 0.644 0.3161094224924012 0.64 0.28799392097264437 0.6312727272727273 0.28343465045592703 0.6196363636363637 0.3556231003039514
12 0.5723636363636364 0.5250759878419453 0.5749090909090909 0.5592705167173252 0.5810909090909091 0.5721884498480243 0.5949090909090909 0.5858662613981763 0.6032727272727273 0.5866261398176292 0.6101818181818182 0.567629179331307 0.6058181818181818 0.5182370820668692 0.602909090909091 0.40805471124620063 0.6007272727272728 0.3411854103343465 0.596 0.29559270516717323 0.5949090909090909 0.2857142857142857 0.5872727272727273 0.27887537993920974 0.5778181818181818 0.30167173252279633 0.5712727272727273 0.4513677811550152
11 0.5527272727272727 0.5326747720364742 0.5512727272727272 0.5585106382978723 0.5607272727272727 0.5843465045592705 0.5665454545454546 0.5904255319148937 0.5749090909090909 0.5919452887537994 0.5850909090909091 0.574468085106383 0.5843636363636364 0.5440729483282675 0.5807272727272728 0.5053191489361702 0.5785454545454546 0.43465045592705165 0.5756363636363636 0.3487841945288754 0.5738181818181818 0.31534954407294835 0.5741818181818181 0.30015197568389057 0.5694545454545454 0.27203647416413373 0.5596363636363636 0.2811550151975684 0.5538181818181818 0.31990881458966564 0.5516363636363636 0.4490881458966565
9 0.5316363636363637 0.5250759878419453 0.5316363636363637 0.5683890577507599 0.5407272727272727 0.5767477203647416 0.5498181818181819 0.5729483282674772 0.5527272727272727 0.5296352583586627 0.5512727272727272 0.40805471124620063 0.5512727272727272 0.3161094224924012 0.5458181818181819 0.30319148936170215 0.5396363636363637 0.303951367781155 0.5370909090909091 0.3229483282674772 0.5330909090909091 0.43541033434650456
8 0.509090909090909 0.5121580547112462 0.509090909090909 0.5547112462006079 0.5105454545454545 0.5729483282674772 0.5178181818181818 0.574468085106383 0.5272727272727272 0.574468085106383 0.5294545454545454 0.5463525835866262 0.5323636363636364 0.43009118541033436 0.536 0.33282674772036475 0.5338181818181819 0.30319148936170215 0.5287272727272727 0.29559270516717323 0.5218181818181818 0.31534954407294835 0.5112727272727273 0.4566869300911854
0 0.48618181818181816 0.5189969604863222 0.484 0.567629179331307 0.49163636363636365 0.5767477203647416 0.509090909090909 0.5699088145896657 0.512 0.5258358662613982 0.5116363636363637 0.4506079027355623 0.5116363636363637 0.3882978723404255 0.5138181818181818 0.3404255319148936 0.5149090909090909 0.3047112462006079 0.512 0.2887537993920973 0.504 0.29559270516717323 0.4970909090909091 0.3837386018237082 0.4909090909090909 0.4635258358662614
1 0.4661818181818182 0.520516717325228 0.4636363636363636 0.5554711246200608 0.47163636363636363 0.5729483282674772 0.48218181818181816 0.5699088145896657 0.4883636363636364 0.5509118541033434 0.49236363636363634 0.4574468085106383 0.4974545454545454 0.40197568389057753 0.5003636363636363 0.3655015197568389 0.5029090909090909 0.31534954407294835 0.5029090909090909 0.28799392097264437 0.4978181818181818 0.27811550151975684 0.49018181818181816 0.28343465045592703 0.4832727272727273 0.3609422492401216 0.47854545454545455 0.42629179331306993
3 0.4505454545454545 0.46048632218844987 0.4421818181818182 0.520516717325228 0.444 0.5501519756838906 0.45345454545454544 0.5691489361702128 0.4592727272727273 0.5828267477203647 0.4701818181818182 0.5797872340425532 0.47563636363636363 0.5569908814589666 0.4781818181818182 0.5227963525835866 0.4763636363636364 0.4278115501519757 0.4763636363636364 0.3533434650455927 0.47745454545454546 0.30167173252279633 0.47745454545454546 0.270516717325228 0.47163636363636363 0.24240121580547114 0.4610909090909091 0.25379939209726443 0.4570909090909091 0.3123100303951368
4 0.4192727272727273 0.5182370820668692 0.41963636363636364 0.5478723404255319 0.42254545454545456 0.5714285714285714 0.42872727272727273 0.5797872340425532 0.4421818181818182 0.5759878419452887 0.45236363636363636 0.560790273556231 0.45454545454545453 0.5326747720364742 0.45236363636363636 0.4817629179331307 0.4476363636363636 0.38677811550151975 0.4476363636363636 0.33814589665653494 0.4490909090909091 0.30167173252279633 0.44727272727272727 0.27583586626139817 0.43854545454545457 0.26671732522796354 0.42763636363636365 0.28951367781155013 0.4232727272727273 0.378419452887538 0.42145454545454547 0.43465045592705165
5 0.3869090909090909 0.5075987841945289 0.38327272727272726 0.5372340425531915 0.3850909090909091 0.5615501519756839 0.39636363636363636 0.5645896656534954 0.41309090909090906 0.5729483282674772 0.4232727272727273 0.5706686930091185 0.4254545454545455 0.5303951367781155 0.4203636363636364 0.48632218844984804 0.4258181818181818 0.41641337386018235 0.4229090909090909 0.3822188449848024 0.4192727272727273 0.3434650455927052 0.4149090909090909 0.32750759878419455 0.4112727272727273 0.32142857142857145 0.3967272727272727 0.324468085106383 0.384 0.34574468085106386 0.3749090909090909 0.39285714285714285 0.37563636363636366 0.42021276595744683 0.3829090909090909 0.4696048632218845 0.3865454545454545 0.4946808510638298
6 0.3450909090909091 0.5075987841945289 0.34254545454545454 0.5288753799392097 0.3421818181818182 0.547112462006079 0.3549090909090909 0.5600303951367781 0.37345454545454543 0.5714285714285714 0.38545454545454544 0.5706686930091185 0.3930909090909091 0.5319148936170213 0.38945454545454544 0.4810030395136778 0.3829090909090909 0.4209726443768997 0.3821818181818182 0.3655015197568389 0.37927272727272726 0.3351063829787234 0.3770909090909091 0.2948328267477204 0.37345454545454543 0.2773556231003039 0.3654545454545455 0.27583586626139817 0.3538181818181818 0.3168693009118541 0.35309090909090907 0.3518237082066869 0.35309090909090907 0.40425531914893614 0.3509090909090909 0.45592705167173253