0 0.4592879802608389 0.5250759878419453 0.475502291152626 0.5303951367781155 0.4924215720831865 0.5227963525835866 0.4913641170250264 0.47112462006079026 0.4818470215015862 0.21200607902735563 0.46739513570673247 0.22112462006079028 0.463517800493479 0.44832826747720367 0.45964046528022556 0.49240121580547114
1 0.43637645400070496 0.5007598784194529 0.44342615438843846 0.5174772036474165 0.45717307014451886 0.5250759878419453 0.46175537539654565 0.506079027355623 0.462460345435319 0.42933130699088146 0.4666901656679591 0.35030395136778114 0.4508283397955587 0.24620060790273557 0.43778639407825165 0.25227963525835867 0.44659851956291857 0.3662613981762918 0.44095875925273176 0.44376899696048633 0.43637645400070496 0.4870820668693009
2 0.4067677123722242 0.5243161094224924 0.4289742685935848 0.5250759878419453 0.43531899894254494 0.5106382978723404 0.43531899894254494 0.46580547112462006 0.4346140289037716 0.43465045592705165 0.4258019034191047 0.24620060790273557 0.40888262248854423 0.24468085106382978 0.40994007754670425 0.36246200607902734 0.4081776524497709 0.4642857142857143 0.4050052872752908 0.48632218844984804
3 0.3799788508988368 0.4939209726443769 0.38667606626718365 0.5334346504559271 0.4050052872752908 0.5197568389057751 0.4138174127599577 0.5296352583586627 0.42016214310891786 0.4992401215805471 0.4067677123722242 0.41641337386018235 0.4011279520620374 0.32750759878419455 0.3930207966161438 0.2135258358662614 0.3746915756080367 0.26367781155015196 0.3768064857243567 0.3434650455927052 0.3803313359182235 0.4278115501519757 0.3768064857243567 0.45896656534954405
4 0.35988720479379627 0.5174772036474165 0.3560098695805428 0.48328267477203646 0.3560098695805428 0.4004559270516717 0.338385618611209 0.25151975683890576 0.36341205498766305 0.25227963525835867 0.37610151568558337 0.3366261398176292 0.38561861120902363 0.43541033434650456 0.39513570673246384 0.48024316109422494 0.38984843144166376 0.5129179331306991 0.37751145576313005 0.5212765957446809
6 0.26577370461755373 0.49012158054711247 0.28480789566443426 0.5053191489361702 0.3038420867113148 0.5091185410334347 0.311244272118435 0.4848024316109423 0.3094818470215016 0.4506079027355623 0.28974268593584773 0.22796352583586627 0.2626013394430737 0.24848024316109424 0.2647162495593937 0.3677811550151976 0.26647867465632713 0.42629179331306993 0.26577370461755373 0.4749240121580547
7 0.22488544236869934 0.47112462006079026 0.24497708847373986 0.4817629179331307 0.26401127952062037 0.49012158054711247 0.26859358477264716 0.47112462006079026 0.26859358477264716 0.4209726443768997 0.25696157913288686 0.23632218844984804 0.22171307719421923 0.256838905775076 0.23017271765949948 0.3465045592705167 0.23193514275643284 0.41109422492401215 0.22488544236869934 0.4247720364741641 0.22453295734931267 0.4506079027355623
8 0.4924215720831865 0.526595744680851 0.524497708847374 0.5250759878419453 0.5252026788861474 0.4612462006079027 0.5188579485371871 0.24012158054711247 0.5026436376454001 0.25 0.4948889672188932 0.4399696048632219 0.4913641170250264 0.48024316109422494
9 0.5252026788861474 0.5250759878419453 0.538597109622841 0.526595744680851 0.5428269298554811 0.5106382978723404 0.5467042650687346 0.47112462006079026 0.5467042650687346 0.3465045592705167 0.5442368699330279 0.24316109422492402 0.5220303137116673 0.25 0.5241452238279873 0.39361702127659576 0.5220303137116673 0.46808510638297873 0.5220303137116673 0.5129179331306991
10 0.5534014804370814 0.5129179331306991 0.548466690165668 0.48328267477203646 0.5562213605921749 0.3799392097264438 0.563623545999295 0.24164133738601823 0.5844201621431089 0.24316109422492402 0.5741980965808953 0.3966565349544073 0.5763130066972154 0.4749240121580547 0.5611561508635883 0.5227963525835866
14 0.6764187522030314 0.4749240121580547 0.6781811772999647 0.3951367781155015 0.687698272823405 0.2773556231003039 0.7197744095875925 0.2773556231003039 0.7134296792386323 0.44680851063829785 0.7046175537539655 0.506079027355623 0.6774762072611914 0.5053191489361702 0.672541416989778 0.49240121580547114
16 0.49559393725766654 0.5554711246200608 0.5178004934790271 0.5592705167173252 0.5139231582657737 0.7925531914893617 0.5012336975678534 0.7955927051671733
17 0.5163905534014804 0.5577507598784195 0.539654564681001 0.5623100303951368 0.536482199506521 0.6299392097264438 0.5371871695452943 0.8077507598784195 0.5227352837504406 0.8062310030395137 0.5181529784984138 0.6922492401215805 0.5178004934790271 0.6124620060790273
18 0.5389495946422277 0.6177811550151976 0.5371871695452943 0.5729483282674772 0.5452943249911879 0.5493920972644377 0.5650334860768418 0.567629179331307 0.5629185759605216 0.6451367781155015 0.5685583362707085 0.8685410334346505 0.5491716602044413 0.8601823708206687 0.5421219598167077 0.6572948328267477
19 0.5858301022206556 0.8145896656534954 0.5724356714839619 0.723404255319149 0.5682058512513218 0.628419452887538 0.5629185759605216 0.5904255319148937 0.5741980965808953 0.5661094224924013 0.5851251321818822 0.5714285714285714 0.5932322876277758 0.5904255319148937 0.5918223475502291 0.6231003039513677 0.5949947127247092 0.7249240121580547 0.6140289037715897 0.8480243161094225 0.5918223475502291 0.8533434650455927
20 0.5949947127247092 0.6664133738601824 0.5918223475502291 0.6109422492401215 0.5826577370461755 0.5835866261398176 0.5861825872400424 0.5630699088145896 0.6038068382093761 0.5554711246200608 0.6182587240042298 0.567629179331307 0.6203736341205499 0.6094224924012158 0.62777581952767 0.7386018237082067 0.6443426154388439 0.8457446808510638 0.6221360592174833 0.8442249240121581 0.6101515685583363 0.7651975683890577 0.5949947127247092 0.6838905775075987
22 0.6764187522030314 0.6504559270516718 0.6654917166020444 0.5835866261398176 0.6686640817765245 0.567629179331307 0.6894606979203384 0.5630699088145896 0.7141346492774057 0.5554711246200608 0.7183644695100458 0.5851063829787234 0.7204793796263659 0.6382978723404256 0.7557278815650335 0.790273556231003 0.7204793796263659 0.8100303951367781 0.697567853366232 0.7264437689969605
24 0.47479732111385264 0.5509118541033434 0.4962989072964399 0.5509118541033434 0.4917166020444131 0.7993920972644377 0.47796968628833275 0.7993920972644377
25 0.45400070497003875 0.5554711246200608 0.4762072611913994 0.5486322188449848 0.46915756080366583 0.8077507598784195 0.4536482199506521 0.8092705167173252
26 0.4332040888262249 0.5486322188449848 0.45717307014451886 0.5509118541033434 0.4554106450475855 0.6299392097264438 0.45153330983433204 0.8252279635258358 0.4300317236517448 0.8153495440729484 0.4289742685935848 0.5942249240121581
31 0.19280930560451182 0.6816109422492401 0.2047937962636588 0.6094224924012158 0.22136059217483256 0.5539513677811551 0.22735283750440607 0.5113981762917933 0.24779696862883327 0.5243161094224924 0.26859358477264716 0.5364741641337386 0.27775819527670076 0.560790273556231 0.2671836446951005 0.6124620060790273 0.2358124779696863 0.6679331306990881 0.21113852661261898 0.709726443768997