0 0.4625506072874494 0.5512295081967213 0.4883603238866397 0.5532786885245902 0.4873481781376518 0.48463114754098363 0.4807692307692308 0.29918032786885246 0.46305668016194335 0.30225409836065575 0.46204453441295545 0.47950819672131145
1 0.43218623481781376 0.5307377049180327 0.4423076923076923 0.548155737704918 0.4564777327935223 0.5461065573770492 0.4640688259109312 0.5327868852459017 0.4665991902834008 0.5020491803278688 0.465080971659919 0.42213114754098363 0.46305668016194335 0.3043032786885246 0.45445344129554655 0.3104508196721312 0.44686234817813764 0.3483606557377049 0.4438259109311741 0.4293032786885246 0.44129554655870445 0.45594262295081966 0.43623481781376516 0.49385245901639346
2 0.409919028340081 0.5266393442622951 0.4190283400809717 0.5502049180327869 0.4266194331983806 0.5584016393442623 0.43775303643724695 0.5122950819672131 0.44129554655870445 0.5 0.4392712550607287 0.44364754098360654 0.4367408906882591 0.29610655737704916 0.42105263157894735 0.3043032786885246 0.4149797570850202 0.4354508196721312 0.4149797570850202 0.4610655737704918 0.41194331983805665 0.4948770491803279
3 0.3881578947368421 0.5194672131147541 0.39625506072874495 0.5348360655737705 0.4058704453441296 0.5358606557377049 0.4225708502024291 0.5256147540983607 0.42206477732793524 0.5 0.4139676113360324 0.3975409836065574 0.4063765182186235 0.2817622950819672 0.38360323886639675 0.29508196721311475 0.38714574898785425 0.41700819672131145 0.3896761133603239 0.44774590163934425 0.3896761133603239 0.49077868852459017
4 0.34868421052631576 0.5194672131147541 0.354251012145749 0.5450819672131147 0.36791497975708504 0.5420081967213115 0.3770242914979757 0.5379098360655737 0.4008097165991903 0.5297131147540983 0.4018218623481781 0.5010245901639344 0.3932186234817814 0.44979508196721313 0.38461538461538464 0.4026639344262295 0.3734817813765182 0.26434426229508196 0.3466599190283401 0.27049180327868855 0.3567813765182186 0.3975409836065574 0.3567813765182186 0.42213114754098363 0.3562753036437247 0.4610655737704918 0.35374493927125505 0.48565573770491804 0.35121457489878544 0.5051229508196722
5 0.3152834008097166 0.5266393442622951 0.3081983805668016 0.5051229508196722 0.3081983805668016 0.4948770491803279 0.31781376518218624 0.44979508196721313 0.32135627530364375 0.42725409836065575 0.31275303643724695 0.3155737704918033 0.3188259109311741 0.3012295081967213 0.333502024291498 0.32274590163934425 0.34058704453441296 0.3770491803278688 0.3436234817813765 0.4077868852459016 0.3436234817813765 0.42725409836065575 0.3466599190283401 0.44979508196721313 0.3491902834008097 0.47848360655737704 0.3532388663967611 0.514344262295082 0.3451417004048583 0.5266393442622951 0.3350202429149798 0.5399590163934426 0.3299595141700405 0.5307377049180327
8 0.4949392712550607 0.5532786885245902 0.5045546558704453 0.5584016393442623 0.5156882591093117 0.5379098360655737 0.5197368421052632 0.5245901639344263 0.5161943319838057 0.4713114754098361 0.5020242914979757 0.3094262295081967 0.4868421052631579 0.319672131147541 0.48279352226720645 0.39959016393442626 0.4868421052631579 0.45901639344262296 0.4883603238866397 0.48668032786885246 0.4883603238866397 0.5266393442622951
9 0.5187246963562753 0.5317622950819673 0.5237854251012146 0.5399590163934426 0.5339068825910931 0.5450819672131147 0.5389676113360324 0.5327868852459017 0.5404858299595142 0.5174180327868853 0.5404858299595142 0.48565573770491804 0.5359311740890689 0.444672131147541 0.534919028340081 0.36577868852459017 0.5263157894736842 0.30635245901639346 0.5121457489878543 0.319672131147541 0.5121457489878543 0.4098360655737705 0.5151821862348178 0.4805327868852459 0.5156882591093117 0.5010245901639344
10 0.5465587044534413 0.5358606557377049 0.5389676113360324 0.5051229508196722 0.5384615384615384 0.47540983606557374 0.5384615384615384 0.42520491803278687 0.5374493927125507 0.3637295081967213 0.5384615384615384 0.3145491803278688 0.5536437246963563 0.3411885245901639 0.5607287449392713 0.4354508196721312 0.5632591093117408 0.4805327868852459 0.5668016194331984 0.5102459016393442 0.5581983805668016 0.5461065573770492
11 0.5668016194331984 0.5122950819672131 0.555668016194332 0.5174180327868853 0.555161943319838 0.48975409836065575 0.555668016194332 0.4600409836065574 0.5592105263157895 0.430327868852459 0.5617408906882592 0.36885245901639346 0.5708502024291497 0.3043032786885246 0.5809716599190283 0.3012295081967213 0.5870445344129555 0.32479508196721313 0.583502024291498 0.35655737704918034 0.582995951417004 0.38934426229508196 0.5845141700404858 0.4375 0.5845141700404858 0.4682377049180328 0.5855263157894737 0.5 0.5819838056680162 0.5204918032786885 0.5743927125506073 0.5215163934426229
12 0.5855263157894737 0.5112704918032787 0.5794534412955465 0.4989754098360656 0.5789473684210527 0.4610655737704918 0.5794534412955465 0.4344262295081967 0.5840080971659919 0.4139344262295082 0.5860323886639676 0.3411885245901639 0.5855263157894737 0.30020491803278687 0.5855263157894737 0.27049180327868855 0.6067813765182186 0.2817622950819672 0.6108299595141701 0.3360655737704918 0.6123481781376519 0.3719262295081967 0.6189271255060729 0.4323770491803279 0.6214574898785425 0.4600409836065574 0.6239878542510121 0.48975409836065575 0.6174089068825911 0.5163934426229508 0.6138663967611336 0.5204918032786885 0.6082995951417004 0.5112704918032787 0.6012145748987854 0.5122950819672131 0.5921052631578947 0.514344262295082
13 0.6265182186234818 0.5092213114754098 0.6194331983805668 0.48668032786885246 0.6209514170040485 0.4405737704918033 0.6219635627530364 0.41700819672131145 0.6219635627530364 0.38114754098360654 0.6325910931174089 0.26639344262295084 0.6472672064777328 0.27459016393442626 0.6497975708502024 0.3483606557377049 0.6492914979757085 0.39139344262295084 0.6513157894736842 0.41188524590163933 0.6523279352226721 0.4344262295081967 0.6589068825910931 0.45799180327868855 0.659919028340081 0.48155737704918034 0.6589068825910931 0.49077868852459017 0.6523279352226721 0.4969262295081967 0.6467611336032388 0.4969262295081967 0.6371457489878543 0.5051229508196722
14 0.6578947368421053 0.4969262295081967 0.6568825910931174 0.4713114754098361 0.6548582995951417 0.4323770491803279 0.6548582995951417 0.4098360655737705 0.6513157894736842 0.382172131147541 0.6437246963562753 0.29713114754098363 0.6553643724696356 0.26434426229508196 0.6654858299595142 0.2817622950819672 0.6690283400809717 0.3319672131147541 0.6740890688259109 0.36270491803278687 0.6796558704453441 0.39959016393442626 0.6821862348178138 0.41905737704918034 0.687753036437247 0.4375 0.6923076923076923 0.45594262295081966 0.6897773279352226 0.4733606557377049 0.6826923076923077 0.47950819672131145 0.6791497975708503 0.47950819672131145 0.666497975708502 0.4887295081967213
16 0.4944331983805668 0.5788934426229508 0.5010121457489879 0.5788934426229508 0.507085020242915 0.5829918032786885 0.5121457489878543 0.5922131147540983 0.5172064777327935 0.7622950819672131 0.5086032388663968 0.7612704918032787 0.5005060728744939 0.6834016393442623 0.5005060728744939 0.6506147540983607 0.49949392712550605 0.6075819672131147
17 0.5096153846153846 0.5870901639344263 0.5131578947368421 0.5665983606557377 0.5258097165991903 0.5686475409836066 0.5288461538461539 0.5819672131147541 0.5339068825910931 0.6936475409836066 0.5384615384615384 0.7786885245901639 0.5247975708502024 0.7725409836065574 0.5146761133603239 0.6854508196721312 0.513663967611336 0.6629098360655737 0.5121457489878543 0.6045081967213115
18 0.5263157894736842 0.6116803278688525 0.5263157894736842 0.5717213114754098 0.5308704453441295 0.5584016393442623 0.5364372469635628 0.555327868852459 0.5480769230769231 0.5809426229508197 0.5531376518218624 0.5963114754098361 0.555161943319838 0.6229508196721312 0.555161943319838 0.6526639344262295 0.5561740890688259 0.680327868852459 0.5587044534412956 0.7090163934426229 0.5632591093117408 0.7520491803278688 0.5632591093117408 0.7889344262295082 0.555161943319838 0.7991803278688525 0.5460526315789473 0.7909836065573771 0.5425101214574899 0.7561475409836066 0.5399797570850202 0.7223360655737705 0.5364372469635628 0.680327868852459 0.5328947368421053 0.6434426229508197
19 0.5561740890688259 0.6352459016393442 0.548582995951417 0.617827868852459 0.5399797570850202 0.6024590163934426 0.5404858299595142 0.576844262295082 0.5435222672064778 0.5614754098360656 0.5592105263157895 0.5522540983606558 0.5678137651821862 0.5502049180327869 0.5728744939271255 0.5655737704918032 0.5743927125506073 0.5860655737704918 0.5789473684210527 0.6086065573770492 0.5814777327935222 0.6342213114754098 0.583502024291498 0.6608606557377049 0.5880566801619433 0.6905737704918032 0.6082995951417004 0.7735655737704918 0.5936234817813765 0.7807377049180327 0.5845141700404858 0.7612704918032787 0.5789473684210527 0.7254098360655737 0.5612348178137652 0.6639344262295082
21 0.576417004048583 0.6342213114754098 0.5662955465587044 0.617827868852459 0.5607287449392713 0.5922131147540983 0.555668016194332 0.5686475409836066 0.5541497975708503 0.5522540983606558 0.562753036437247 0.5379098360655737 0.5779352226720648 0.5348360655737705 0.5880566801619433 0.5348360655737705 0.6007085020242915 0.5430327868852459 0.6072874493927125 0.5532786885245902 0.6133603238866396 0.5665983606557377 0.6138663967611336 0.5963114754098361 0.6158906882591093 0.617827868852459 0.6285425101214575 0.6659836065573771 0.6411943319838057 0.7141393442622951 0.645242914979757 0.7264344262295082 0.638663967611336 0.75 0.6158906882591093 0.7622950819672131 0.611336032388664 0.7479508196721312 0.5991902834008097 0.7305327868852459 0.5905870445344129 0.7069672131147541 0.5794534412955465 0.6608606557377049
22 0.6589068825910931 0.7254098360655737 0.6513157894736842 0.7141393442622951 0.6396761133603239 0.6987704918032787 0.631578947368421 0.6844262295081968 0.6189271255060729 0.6014344262295082 0.6108299595141701 0.5891393442622951 0.6032388663967612 0.5737704918032787 0.6022267206477733 0.5614754098360656 0.604251012145749 0.548155737704918 0.6093117408906883 0.5420081967213115 0.6194331983805668 0.5379098360655737 0.6351214574898786 0.5307377049180327 0.6401821862348178 0.5245901639344263 0.6477732793522267 0.5215163934426229 0.6563765182186235 0.5379098360655737 0.6563765182186235 0.5686475409836066 0.6573886639676113 0.5932377049180327 0.6629554655870445 0.6290983606557377 0.6720647773279352 0.6454918032786885 0.687246963562753 0.6885245901639344 0.6933198380566802 0.7151639344262295 0.6604251012145749 0.7510245901639344
23 0.6771255060728745 0.6198770491803278 0.6690283400809717 0.6014344262295082 0.6639676113360324 0.5942622950819673 0.6589068825910931 0.5788934426229508 0.6523279352226721 0.5563524590163934 0.6513157894736842 0.5297131147540983 0.6538461538461539 0.5194672131147541 0.666497975708502 0.5092213114754098 0.6816801619433198 0.5010245901639344 0.6918016194331984 0.5020491803278688 0.694331983805668 0.5204918032786885 0.6953441295546559 0.5420081967213115 0.7044534412955465 0.5635245901639344 0.7449392712550608 0.6608606557377049 0.7181174089068826 0.6905737704918032 0.6968623481781376 0.6659836065573771 0.6867408906882592 0.6526639344262295 0.6796558704453441 0.6403688524590164
24 0.48026315789473684 0.5778688524590164 0.4893724696356275 0.5778688524590164 0.49696356275303644 0.5870901639344263 0.49949392712550605 0.6034836065573771 0.4959514170040486 0.6454918032786885 0.49949392712550605 0.7602459016393442 0.4853238866396761 0.7612704918032787 0.48785425101214575 0.6895491803278688 0.4807692307692308 0.6454918032786885 0.4782388663967611 0.6229508196721312 0.4777327935222672 0.6075819672131147
25 0.4524291497975709 0.5819672131147541 0.46305668016194335 0.5737704918032787 0.4701417004048583 0.5727459016393442 0.4777327935222672 0.5819672131147541 0.48228744939271256 0.5993852459016393 0.49038461538461536 0.7418032786885246 0.4807692307692308 0.7838114754098361 0.4716599190283401 0.7315573770491803 0.4701417004048583 0.694672131147541 0.4691295546558704 0.6659836065573771 0.46558704453441296 0.6352459016393442
26 0.4392712550607287 0.6168032786885246 0.43775303643724695 0.6045081967213115 0.4397773279352227 0.5819672131147541 0.4423076923076923 0.5706967213114754 0.44888663967611336 0.5604508196721312 0.4524291497975709 0.5584016393442623 0.45951417004048584 0.5860655737704918 0.4665991902834008 0.6065573770491803 0.4676113360323887 0.8186475409836066 0.4493927125506073 0.8114754098360656 0.444331983805668 0.7346311475409836 0.44281376518218624 0.7008196721311475 0.4402834008097166 0.6741803278688525 0.43623481781376516 0.6301229508196722
27 0.4109311740890688 0.6424180327868853 0.4109311740890688 0.6086065573770492 0.4144736842105263 0.5870901639344263 0.416497975708502 0.5727459016393442 0.4251012145748988 0.5655737704918032 0.43370445344129555 0.5655737704918032 0.4397773279352227 0.5635245901639344 0.44534412955465585 0.5676229508196722 0.4473684210526316 0.5881147540983607 0.44129554655870445 0.6280737704918032 0.42459514170040485 0.8094262295081968 0.4063765182186235 0.8063524590163934 0.40384615384615385 0.7622950819672131 0.4023279352226721 0.735655737704918 0.4048582995951417 0.7172131147540983 0.4073886639676113 0.6967213114754098 0.4109311740890688 0.6608606557377049
29 0.3729757085020243 0.6065573770491803 0.37196356275303644 0.5963114754098361 0.37044534412955465 0.5778688524590164 0.37044534412955465 0.5655737704918032 0.3734817813765182 0.555327868852459 0.38360323886639675 0.555327868852459 0.39878542510121456 0.5450819672131147 0.4043522267206478 0.5430327868852459 0.42459514170040485 0.5563524590163934 0.43623481781376516 0.5717213114754098 0.4175101214574899 0.6270491803278688 0.41194331983805665 0.6936475409836066 0.4008097165991903 0.7479508196721312 0.3790485829959514 0.8032786885245902 0.35374493927125505 0.7879098360655737 0.35020242914979755 0.7704918032786885 0.3532388663967611 0.7469262295081968 0.35526315789473684 0.7274590163934426 0.35779352226720645 0.701844262295082 0.3618421052631579 0.6741803278688525 0.36791497975708504 0.6444672131147541 0.37196356275303644 0.6219262295081968
30 0.32034412955465585 0.6239754098360656 0.3208502024291498 0.6096311475409836 0.3208502024291498 0.5840163934426229 0.3228744939271255 0.5655737704918032 0.3284412955465587 0.5502049180327869 0.3390688259109312 0.5450819672131147 0.3441295546558704 0.5461065573770492 0.3491902834008097 0.5563524590163934 0.36285425101214575 0.5522540983606558 0.3694331983805668 0.5512295081967213 0.3785425101214575 0.555327868852459 0.3790485829959514 0.576844262295082 0.37803643724696356 0.5963114754098361 0.3709514170040486 0.6198770491803278 0.3643724696356275 0.6290983606557377 0.35880566801619435 0.6557377049180327 0.3527327935222672 0.701844262295082 0.34615384615384615 0.7213114754098361 0.33805668016194335 0.7418032786885246 0.31275303643724695 0.7889344262295082 0.29048582995951416 0.7612704918032787 0.2909919028340081 0.735655737704918 0.3001012145748988 0.7069672131147541 0.3076923076923077 0.6813524590163934 0.3157894736842105 0.6506147540983607
31 0.2550607287449393 0.7038934426229508 0.2575910931174089 0.6629098360655737 0.2631578947368421 0.6280737704918032 0.2692307692307692 0.6045081967213115 0.2727732793522267 0.5809426229508197 0.2742914979757085 0.5532786885245902 0.2742914979757085 0.5266393442622951 0.2773279352226721 0.5051229508196722 0.2834008097165992 0.5010245901639344 0.30111336032388664 0.5051229508196722 0.31629554655870445 0.514344262295082 0.33046558704453444 0.5245901639344263 0.33299595141700405 0.5461065573770492 0.32793522267206476 0.5665983606557377 0.3157894736842105 0.5993852459016393 0.3097165991902834 0.6229508196721312 0.30364372469635625 0.6506147540983607 0.3001012145748988 0.6680327868852459 0.2930161943319838 0.6895491803278688 0.27479757085020245 0.7264344262295082