0 0.47276610893556426 0.4369300911854103 0.5005339978640085 0.43009118541033436 0.49875400498398004 0.3639817629179331 0.47276610893556426 0.12082066869300911 0.4499822000711997 0.14437689969604864 0.4599501601993592 0.30015197568389057 0.46707013171947315 0.3708206686930091 0.46493414026343893 0.4278115501519757
1 0.43823424706301173 0.42249240121580545 0.44713421146315413 0.43541033434650456 0.4588821644713421 0.4316109422492401 0.4677821288714845 0.4247720364741641 0.46493414026343893 0.3662613981762918 0.46386614453542185 0.29635258358662614 0.45354218583125666 0.13297872340425532 0.43004627981488075 0.14285714285714285 0.4339622641509434 0.30167173252279633 0.43894624421502315 0.3761398176291793
2 0.4040583837664649 0.43009118541033436 0.4186543253826985 0.46048632218844987 0.43147027411890354 0.45440729483282677 0.441438234247063 0.43465045592705165 0.4410822356710573 0.3951367781155015 0.4321822712709149 0.3465045592705167 0.3976504093983624 0.15501519756838905 0.37415450338198647 0.17401215805471124 0.38447846208615166 0.2773556231003039 0.3976504093983624 0.35714285714285715 0.40477038091847634 0.3951367781155015
3 0.3702385190459238 0.39893617021276595 0.37415450338198647 0.4316109422492401 0.37629049483802063 0.4642857142857143 0.38554645781416874 0.48328267477203646 0.39907440370238517 0.4764437689969605 0.4054823780704877 0.47796352583586627 0.41117835528657887 0.45364741641337386 0.408686365254539 0.42249240121580545 0.39587041651833393 0.3594224924012158 0.36347454610181557 0.18085106382978725 0.34033463866144537 0.19832826747720364 0.3609825560697757 0.3282674772036474
5 0.28835884656461375 0.5022796352583586 0.3022427910288359 0.5227963525835866 0.3157707369170523 0.5159574468085106 0.3463866144535422 0.5007598784194529 0.344250622997508 0.47112462006079026 0.3264506941972232 0.4034954407294833 0.2890708437166251 0.27583586626139817 0.2655749377002492 0.30167173252279633 0.27945888216447134 0.4034954407294833 0.2876468494126023 0.44376899696048633 0.2840868636525454 0.47796352583586627
6 0.247063011747953 0.5250759878419453 0.24136703453186187 0.48632218844984804 0.24136703453186187 0.4490881458966565 0.22427910288358846 0.32750759878419455 0.247063011747953 0.30927051671732525 0.2698469206123176 0.38677811550151975 0.28123887504449985 0.4521276595744681 0.291562833748665 0.4969604863221885 0.28835884656461375 0.5281155015197568 0.2680669277322891 0.5334346504559271 0.2566749733001068 0.5334346504559271
7 0.20576717693129226 0.5144376899696048 0.20647917408330366 0.46808510638297873 0.20256318974724102 0.3974164133738602 0.1954432182271271 0.3609422492401216 0.20968316126735492 0.3472644376899696 0.22605909576361694 0.40197568389057753 0.2367390530437878 0.44376899696048633 0.24457102171591313 0.5075987841945289 0.2395870416518334 0.5372340425531915 0.22748309006763973 0.5296352583586627 0.2128871484514062 0.5303951367781155
8 0.5090779636881453 0.43541033434650456 0.5243859024563902 0.43541033434650456 0.5350658597365611 0.4316109422492401 0.5361338554645781 0.3677811550151976 0.5336418654325382 0.31762917933130697 0.5154859380562478 0.11398176291793313 0.49305802776788893 0.12234042553191489 0.49483802064791743 0.2553191489361702 0.50124599501602 0.310790273556231 0.5026699893200427 0.3465045592705167 0.5026699893200427 0.385258358662614 0.5083659665361339 0.40577507598784196
9 0.5375578497686009 0.4331306990881459 0.5357778568885725 0.4004559270516717 0.5293698825204699 0.3586626139817629 0.5293698825204699 0.2689969604863222 0.5236739053043787 0.1276595744680851 0.5446778212887149 0.1276595744680851 0.553933784264863 0.2621580547112462 0.5599857600569598 0.32598784194528874 0.5617657529369883 0.3799392097264438 0.5635457458170168 0.4194528875379939 0.558561765752937 0.4399696048632219
10 0.5617657529369883 0.45440729483282677 0.5560697757208971 0.4278115501519757 0.5599857600569598 0.39361702127659576 0.5674617301530794 0.32598784194528874 0.587753648985404 0.17401215805471124 0.6222855108579566 0.1945288753799392 0.6055535777856889 0.32142857142857145 0.5966536133855465 0.3913373860182371 0.595941616233535 0.4278115501519757 0.590245639017444 0.45592705167173253 0.5813456746173016 0.4627659574468085
11 0.5838376646493414 0.479483282674772 0.5806336774652902 0.45364741641337386 0.5827696689213243 0.42249240121580545 0.595941616233535 0.4034954407294833 0.6080455678177288 0.3586626139817629 0.6151655393378427 0.31534954407294835 0.6265574937700249 0.1831306990881459 0.6475614097543609 0.1945288753799392 0.6372374510501958 0.32142857142857145 0.6297614809540761 0.3829787234042553 0.6247775008899964 0.43541033434650456 0.6215735137059452 0.46808510638297873 0.6151655393378427 0.48632218844984804 0.6016375934496262 0.47796352583586627
12 0.6151655393378427 0.49240121580547114 0.6144535421858313 0.46808510638297873 0.6201495194019224 0.4331306990881459 0.6304734781060876 0.3677811550151976 0.6735493058027768 0.1899696048632219 0.6959772160911356 0.2074468085106383 0.675685297258811 0.30243161094224924 0.6621573513705945 0.3594224924012158 0.6571733713065148 0.4278115501519757 0.6589533641865433 0.45896656534954405 0.6532573869704521 0.5007598784194529 0.6400854396582414 0.506079027355623 0.631185475258099 0.5007598784194529
13 0.655749377002492 0.5106382978723404 0.6493414026343894 0.49012158054711247 0.6532573869704521 0.44148936170212766 0.6703453186187255 0.40577507598784196 0.6792452830188679 0.3541033434650456 0.7148451406194375 0.270516717325228 0.7440370238519046 0.2917933130699088 0.728373086507654 0.3723404255319149 0.7073691705233179 0.4399696048632219 0.708437166251335 0.47112462006079026 0.700249199003204 0.5212765957446809 0.6906372374510502 0.526595744680851 0.6781772872908508 0.5174772036474165 0.6671413314346742 0.5174772036474165
14 0.713065147739409 0.5281155015197568 0.7023851904592382 0.5091185410334347 0.7073691705233179 0.4642857142857143 0.7173371306514774 0.42933130699088146 0.7244571021715913 0.3829787234042553 0.7561409754360983 0.2796352583586626 0.7824848700605198 0.31762917933130697 0.7664649341402634 0.4034954407294833 0.7543609825560698 0.4574468085106383 0.7557849768600926 0.49544072948328266 0.7518689925240299 0.5243161094224924 0.7447490210039159 0.5319148936170213 0.7315770736917052 0.5349544072948328 0.7244571021715913 0.5349544072948328
15 0.7582769668921324 0.5243161094224924 0.7536489854040583 0.5037993920972644 0.7543609825560698 0.4726443768996961 0.7593449626201495 0.44832826747720367 0.7707369170523318 0.3898176291793313 0.8038447846208615 0.32750759878419455 0.8148807404770381 0.35714285714285715 0.7988608045567818 0.4034954407294833 0.7945888216447134 0.46048632218844987 0.797436810252759 0.4992401215805471 0.7956568173727305 0.5250759878419453 0.7899608401566394 0.5349544072948328 0.781060875756497 0.5349544072948328 0.7735849056603774 0.5372340425531915
16 0.5065859736561054 0.45896656534954405 0.5215379138483446 0.45364741641337386 0.5325738697045211 0.46048632218844987 0.5247419010323958 0.5349544072948328 0.5215379138483446 0.7332826747720365 0.5090779636881453 0.7492401215805471 0.5083659665361339 0.6352583586626139 0.5094339622641509 0.5372340425531915 0.5058739765040939 0.5022796352583586
17 0.5261658953364187 0.4673252279635258 0.5567817728729085 0.46580547112462006 0.5425418298326806 0.5767477203647416 0.5368458526165896 0.7386018237082067 0.5261658953364187 0.7401215805471124 0.5243859024563902 0.567629179331307 0.5254538981844072 0.5113981762917933
18 0.5407618369526522 0.5455927051671733 0.5407618369526522 0.49164133738601823 0.5503737985048059 0.4726443768996961 0.5649697401210395 0.4817629179331307 0.5713777144891421 0.5129179331306991 0.5713777144891421 0.5554711246200608 0.5688857244571022 0.6580547112462006 0.5656817372730509 0.791033434650456 0.5503737985048059 0.7887537993920972 0.5439658241367035 0.6352583586626139
19 0.5656817372730509 0.5493920972644377 0.5635457458170168 0.5174772036474165 0.5756496974012104 0.5106382978723404 0.5827696689213243 0.4734042553191489 0.5941616233535066 0.49164133738601823 0.6012815948736205 0.5212765957446809 0.6016375934496262 0.567629179331307 0.595941616233535 0.6246200607902735 0.5973656105375579 0.7697568389057751 0.5731577073691705 0.7773556231003039 0.5713777144891421 0.6854103343465046 0.5699537201851193 0.60790273556231
20 0.5941616233535066 0.5835866261398176 0.5884656461374155 0.5372340425531915 0.5941616233535066 0.5129179331306991 0.6055535777856889 0.49240121580547114 0.6247775008899964 0.5053191489361702 0.6322534709861161 0.5334346504559271 0.6265574937700249 0.587386018237082 0.6368814524741901 0.7735562310030395 0.6169455322178711 0.7773556231003039 0.6087575649697401 0.6405775075987842
21 0.6315414738341046 0.6436170212765957 0.6283374866500534 0.6003039513677811 0.6208615165539337 0.5630699088145896 0.6215735137059452 0.5243161094224924 0.6361694553221787 0.5197568389057751 0.6493414026343894 0.5174772036474165 0.6831612673549305 0.5334346504559271 0.6895692417230331 0.5440729483282675 0.684941260234959 0.5957446808510638 0.6831612673549305 0.621580547112462 0.6913492346030616 0.7644376899696048 0.6550373798504806 0.7887537993920972 0.6436454254182983 0.7211246200607903
22 0.6952652189391243 0.6367781155015197 0.6856532573869705 0.6056231003039514 0.6817372730509078 0.5645896656534954 0.6895692417230331 0.5372340425531915 0.704877180491278 0.5334346504559271 0.725881096475614 0.5319148936170213 0.7390530437878249 0.5493920972644377 0.7429690281238875 0.6063829787234043 0.7404770380918476 0.6512158054711246 0.7582769668921324 0.791033434650456 0.7091491634033464 0.7940729483282675 0.6991812032751868 0.6952887537993921
23 0.7550729797080812 0.6785714285714286 0.7429690281238875 0.5942249240121581 0.7404770380918476 0.5554711246200608 0.7440370238519046 0.5296352583586627 0.7632609469562122 0.5319148936170213 0.7785688857244571 0.5334346504559271 0.7945888216447134 0.5372340425531915 0.7981488074047703 0.5782674772036475 0.7945888216447134 0.6352583586626139 0.7906728373086508 0.7598784194528876 0.7682449270202919 0.7545592705167173
24 0.4880740477038092 0.4726443768996961 0.49875400498398004 0.4642857142857143 0.5065859736561054 0.4642857142857143 0.5115699537201851 0.506079027355623 0.5069419722321111 0.5577507598784195 0.5101459594161624 0.7211246200607903 0.4944820220719117 0.7249240121580547 0.49305802776788893 0.5387537993920972 0.48878604485582056 0.5129179331306991
25 0.4645781416874333 0.48024316109422494 0.469562121751513 0.45440729483282677 0.48273406906372374 0.45592705167173253 0.49056603773584906 0.47112462006079026 0.49056603773584906 0.5243161094224924 0.4912780348878604 0.7408814589665653 0.4791740833036668 0.7522796352583586 0.47383410466358133 0.6094224924012158 0.47098611605553575 0.5433130699088146
26 0.44464222143111426 0.4969604863221885 0.45354218583125666 0.4612462006079027 0.46208615165539335 0.45896656534954405 0.4681381274474902 0.49240121580547114 0.47383410466358133 0.5683890577507599 0.4645781416874333 0.7651975683890577 0.44713421146315413 0.7667173252279635 0.4453542185831257 0.6268996960486323 0.441438234247063 0.5645896656534954 0.4428622285510858 0.5334346504559271
27 0.4129583481666073 0.5022796352583586 0.4243503025987896 0.47796352583586627 0.4293342826628693 0.4749240121580547 0.441438234247063 0.49544072948328266 0.4499822000711997 0.5022796352583586 0.44784620861516555 0.5524316109422492 0.441438234247063 0.7629179331306991 0.42257030971876114 0.7613981762917933 0.42114631541473835 0.648936170212766 0.4161623353506586 0.5683890577507599 0.41189035243859023 0.5159574468085106
28 0.38127447490210037 0.5174772036474165 0.39337842648629406 0.4969604863221885 0.4072623709505162 0.5007598784194529 0.41687433250267 0.506079027355623 0.4243503025987896 0.5387537993920972 0.4186543253826985 0.5851063829787234 0.41367034531861874 0.7583586626139818 0.39017443930224277 0.7613981762917933 0.39266642933428264 0.6390577507598785 0.38554645781416874 0.5661094224924013
29 0.3200427198291207 0.5387537993920972 0.3374866500533998 0.5227963525835866 0.35635457458170167 0.5129179331306991 0.3698825204699181 0.5053191489361702 0.38447846208615166 0.5159574468085106 0.39017443930224277 0.5562310030395137 0.38447846208615166 0.6041033434650456 0.38447846208615166 0.6641337386018237 0.3673905304378782 0.7978723404255319 0.319686721253115 0.7788753799392097 0.32538269846920614 0.689209726443769 0.33107867568529725 0.6041033434650456 0.32253470986116056 0.5820668693009119
30 0.2698469206123176 0.5486322188449848 0.2826628693485226 0.5334346504559271 0.29868280526877894 0.5372340425531915 0.3068707725169099 0.5372340425531915 0.319686721253115 0.5433130699088146 0.32965468138127446 0.5623100303951368 0.3289426842292631 0.5972644376899696 0.31363474546101816 0.6512158054711246 0.31363474546101816 0.6838905775075987 0.28123887504449985 0.8031914893617021 0.25133499466002135 0.7803951367781155 0.2623709505161979 0.6770516717325228 0.2698469206123176 0.6147416413373861 0.2655749377002492 0.5866261398176292
31 0.21537913848344606 0.5714285714285714 0.2210751156995372 0.540273556231003 0.24207903168387326 0.540273556231003 0.2623709505161979 0.5372340425531915 0.2698469206123176 0.5661094224924013 0.26023495906016375 0.6557750759878419 0.23567105731577073 0.7667173252279635 0.20897116411534353 0.7477203647416414 0.2210751156995372 0.6694528875379939