0 0.5017158544955388 0.31534954407294835 0.5024021962937543 0.5569908814589666 0.46945778997940973 0.5638297872340425 0.46499656829100894 0.5220364741641338 0.4673987645847632 0.4749240121580547 0.4739190116678106 0.31534954407294835
1 0.4742621825669183 0.31762917933130697 0.4673987645847632 0.53419452887538 0.4588194921070693 0.5440729483282675 0.4488675360329444 0.5379939209726444 0.44543582704186685 0.5212765957446809 0.4450926561427591 0.506079027355623 0.44371997254632806 0.4848024316109423 0.4447494852436513 0.4627659574468085 0.4461221688400824 0.4430091185410334 0.4478380233356211 0.31762917933130697
2 0.438229238160604 0.3123100303951368 0.4444063143445436 0.46808510638297873 0.4457789979409746 0.4848024316109423 0.4474948524365134 0.49240121580547114 0.4474948524365134 0.5129179331306991 0.44715168153740564 0.5250759878419453 0.4444063143445436 0.53419452887538 0.43891557995881947 0.5395136778115501 0.4327385037748799 0.540273556231003 0.4217570350034317 0.5334346504559271 0.41935483870967744 0.5303951367781155 0.41626630061770764 0.5075987841945289 0.41592312971859985 0.4886018237082067 0.4155799588194921 0.46808510638297873 0.4155799588194921 0.44148936170212766 0.41592312971859985 0.41793313069908816 0.41592312971859985 0.3913373860182371 0.4172958133150309 0.3601823708206687 0.4172958133150309 0.3305471124620061 0.4172958133150309 0.31382978723404253 0.4172958133150309 0.30623100303951367
7 0.29890185312285517 0.23556231003039513 0.26149622512010984 0.4065349544072948 0.2862045298558682 0.46048632218844987 0.30199039121482496 0.43617021276595747 0.30919698009608787 0.41641337386018235 0.31400137268359646 0.38677811550151975 0.3181194234728895 0.3556231003039514 0.3229238160603981 0.3221884498480243 0.33013040494166096 0.2803951367781155
6 0.32841455044612217 0.2803951367781155 0.31297185998627314 0.4065349544072948 0.2964996568291009 0.45440729483282677 0.29855868222374743 0.4787234042553192 0.3119423472889499 0.4939209726443769 0.3242964996568291 0.5045592705167173 0.33013040494166096 0.5030395136778115 0.335621139327385 0.4908814589665654 0.3383665065202471 0.4703647416413374 0.3421413864104324 0.45592705167173253 0.3472889498970487 0.43009118541033436 0.3517501715854496 0.3791793313069909 0.3565545641729581 0.3351063829787234 0.3599862731640357 0.2917933130699088
8 0.502745367192862 0.31534954407294835 0.5024021962937543 0.560790273556231 0.5363761153054221 0.5531914893617021 0.5363761153054221 0.5053191489361702 0.529512697323267 0.3191489361702128
9 0.5298558682223747 0.32142857142857145 0.5353466026080989 0.5554711246200608 0.557652711050103 0.5433130699088146 0.5586822237474263 0.5159574468085106 0.5586822237474263 0.49164133738601823 0.5593685655456417 0.4308510638297872 0.5545641729581332 0.3229483282674772
14 0.648936170212766 0.30243161094224924 0.6736444749485244 0.49620060790273557 0.6959505833905285 0.49012158054711247 0.7103637611530542 0.4756838905775076 0.7124227865477007 0.4513677811550152 0.7062457103637612 0.4270516717325228 0.6986959505833905 0.3966565349544073 0.6832532601235415 0.30623100303951367 0.6760466712422787 0.2803951367781155
15 0.6832532601235415 0.2811550151975684 0.6976664378860673 0.3966565349544073 0.7072752230610844 0.4308510638297872 0.7185998627316403 0.46808510638297873 0.727522306108442 0.4574468085106383 0.7405628002745367 0.4369300911854103 0.7436513383665065 0.41641337386018235 0.7426218256691832 0.3882978723404255 0.7096774193548387 0.2674772036474164
16 0.5010295126973233 0.5934650455927052 0.5116678105696637 0.7537993920972644 0.5164722031571722 0.7872340425531915 0.5387783115991764 0.7720364741641338 0.5260809883321894 0.6428571428571429 0.5247083047357584 0.5934650455927052
17 0.5243651338366506 0.587386018237082 0.5260809883321894 0.6458966565349544 0.5277968428277282 0.6914893617021277 0.5346602608098833 0.7249240121580547 0.5401509951956074 0.7689969604863222 0.5446122168840082 0.790273556231003 0.5665751544269046 0.7727963525835866 0.5521619766643788 0.6375379939209727 0.5490734385724091 0.6033434650455927 0.5483870967741935 0.5843465045592705
18 0.5480439258750858 0.5820668693009119 0.5501029512697323 0.6132218844984803 0.5531914893617021 0.6519756838905775 0.559025394646534 0.6914893617021277 0.5662319835277968 0.7598784194528876 0.5717227179135209 0.7879939209726444 0.5765271105010296 0.8062310030395137 0.5957446808510638 0.7895136778115501 0.5775566231983528 0.6238601823708206 0.574468085106383 0.5942249240121581 0.5737817433081674 0.5767477203647416
19 0.5724090597117364 0.5737082066869301 0.5748112560054908 0.6132218844984803 0.5792724776938916 0.6428571428571429 0.5964310226492794 0.7887537993920972 0.6197666437886067 0.7651975683890577 0.6015785861358957 0.5661094224924013
21 0.6091283459162663 0.5638297872340425 0.6578586135895677 0.7598784194528876 0.6678105696636926 0.7583586626139818 0.710706932052162 0.7142857142857143 0.668496911461908 0.5949848024316109 0.6654083733699382 0.5706686930091185 0.6630061770761839 0.5592705167173252 0.6599176389842142 0.5493920972644377 0.653054221002059 0.5364741641337386
22 0.6616334934797529 0.5440729483282675 0.6636925188743995 0.560790273556231 0.667124227865477 0.5759878419452887 0.6698695950583391 0.5934650455927052 0.6736444749485244 0.6086626139817629 0.6801647220315717 0.6436170212765957 0.7196293754289637 0.7241641337386018 0.7546328071379547 0.6618541033434651 0.7151681537405628 0.5433130699088146 0.709334248455731 0.5288753799392097 0.7076183939601922 0.5159574468085106 0.7031571722717913 0.5098784194528876 0.6983527796842828 0.5045592705167173 0.693891557995882 0.49848024316109424
23 0.7048730267673301 0.4946808510638298 0.7086479066575154 0.5189969604863222 0.710706932052162 0.5311550151975684 0.7518874399450927 0.6618541033434651 0.7772820864790666 0.5934650455927052 0.7433081674673988 0.45896656534954405 0.7210020590253946 0.4764437689969605
24 0.5003431708991077 0.5934650455927052 0.5161290322580645 0.8009118541033434 0.4917638984214139 0.8077507598784195 0.4814687714481812 0.6390577507598785 0.4804392587508579 0.6117021276595744 0.4787234042553192 0.5911854103343465
25 0.4787234042553192 0.5866261398176292 0.4948524365133837 0.8145896656534954 0.47014413177762526 0.8221884498480243 0.4574468085106383 0.64209726443769 0.45367192862045297 0.6177811550151976 0.45332875772134523 0.601823708206687 0.4543582704186685 0.5927051671732523 0.4557309540150995 0.5843465045592705
26 0.4313658201784489 0.5934650455927052 0.4402882635552505 0.5790273556231003 0.44852436513383664 0.5820668693009119 0.45470144131777623 0.5942249240121581 0.45710363761153056 0.6033434650455927 0.45778997940974603 0.621580547112462 0.4598490048043926 0.6352583586626139 0.4598490048043926 0.6519756838905775 0.4595058339052848 0.6656534954407295 0.4636238846945779 0.723404255319149 0.4698009608785175 0.8267477203647416 0.44680851063829785 0.831306990881459 0.43067947838023335 0.6709726443768997 0.42930679478380235 0.6344984802431611 0.4286204529855868 0.6147416413373861 0.4286204529855868 0.5995440729483282
27 0.4248455730954015 0.5828267477203647 0.4334248455730954 0.6033434650455927 0.4347975291695264 0.6147416413373861 0.43411118737131094 0.6268996960486323 0.4317089910775566 0.6382978723404256 0.43067947838023335 0.6595744680851063 0.4327385037748799 0.702887537993921 0.4378860672614962 0.8100303951367781 0.40597117364447494 0.8077507598784195 0.4021962937542896 0.6291793313069909 0.40150995195607414 0.6101823708206687 0.4021962937542896 0.601063829787234 0.4039121482498284 0.5934650455927052 0.4056280027453672 0.5889057750759878 0.40837336993822926 0.5767477203647416 0.4107755662319835 0.5699088145896657 0.41592312971859985 0.5683890577507599 0.42072752230610844 0.5668693009118541
29 0.40665751544269046 0.5835866261398176 0.4094028826355525 0.601823708206687 0.4104323953328758 0.6170212765957447 0.40665751544269046 0.6299392097264438 0.3973919011667811 0.6405775075987842 0.3963623884694578 0.6633738601823708 0.39018531228551817 0.7059270516717325 0.3500343170899108 0.7933130699088146 0.303363074811256 0.7332826747720365 0.3229238160603981 0.6778115501519757 0.33768016472203155 0.6352583586626139 0.34317089910775567 0.6185410334346505 0.34488675360329446 0.601063829787234 0.34866163349347973 0.5858662613981763 0.35106382978723405 0.5759878419452887 0.35792724776938917 0.5645896656534954 0.36341798215511323 0.5569908814589666 0.3685655456417296 0.5509118541033434 0.38332189430336305 0.5509118541033434
30 0.318805765271105 0.5189969604863222 0.3088538091969801 0.541033434650456 0.3061084420041181 0.5623100303951368 0.29718599862731643 0.5904255319148937 0.26492793411118737 0.6709726443768997 0.3040494166094715 0.7355623100303952 0.3373369938229238 0.6382978723404256 0.3472889498970487 0.6139817629179332 0.3544955387783116 0.601063829787234 0.36101578586135896 0.581306990881459 0.3630748112560055 0.5683890577507599 0.363761153054221 0.5478723404255319 0.32841455044612217 0.5144376899696048
31 0.2755662319835278 0.46200607902735563 0.26424159231297184 0.48404255319148937 0.2573781743308167 0.506079027355623 0.24948524365133837 0.540273556231003 0.23644474948524366 0.5721884498480243 0.22546328071379548 0.5949848024316109 0.2525737817433082 0.648176291793313 0.27453671928620454 0.6443768996960486 0.3064516129032258 0.5630699088145896 0.31331503088538093 0.5486322188449848 0.32017844886753605 0.5311550151975684 0.32155113246396705 0.5083586626139818 0.3064516129032258 0.4848024316109423 0.29238160603980784 0.4696048632218845
13 0.6485929993136582 0.2986322188449848 0.6750171585449554 0.49848024316109424 0.6664378860672615 0.5091185410334347 0.6513383665065202 0.5189969604863222 0.6410432395332876 0.5197568389057751 0.6331503088538092 0.5144376899696048 0.6283459162663007 0.5015197568389058 0.6259437199725463 0.49012158054711247 0.6228551818805765 0.479483282674772 0.6221688400823611 0.4673252279635258 0.6214824982841455 0.45592705167173253 0.6214824982841455 0.43617021276595747 0.6231983527796843 0.418693009118541 0.6238846945778997 0.3943768996960486 0.6218256691832532 0.34802431610942247 0.6201098146877145 0.3009118541033435
10 0.5720658888126287 0.3047112462006079 0.560398078242965 0.47416413373860183 0.5600549073438572 0.5212765957446809 0.5679478380233356 0.5463525835866262 0.5754975978037062 0.5448328267477204 0.5806451612903226 0.5334346504559271 0.5827041866849691 0.5227963525835866 0.5861358956760466 0.5106382978723404 0.5864790665751545 0.48024316109422494 0.58716540837337 0.310790273556231
11 0.5919698009608785 0.310790273556231 0.5796156485929993 0.44452887537993924 0.5761839396019217 0.48556231003039513 0.5782429649965682 0.5037993920972644 0.5816746739876458 0.5189969604863222 0.5854495538778312 0.5334346504559271 0.5933424845573095 0.5425531914893617 0.6022649279341112 0.5379939209726444 0.6074124914207275 0.5281155015197568 0.6098146877144818 0.5174772036474165 0.6129032258064516 0.5015197568389058 0.6084420041180508 0.4696048632218845 0.6036376115305422 0.3123100303951368
12 0.6074124914207275 0.30775075987841943 0.6036376115305422 0.44680851063829785 0.6019217570350034 0.4870820668693009 0.602608098833219 0.5022796352583586 0.606726149622512 0.5197568389057751 0.6142759094028827 0.5326747720364742 0.6211393273850377 0.5364741641337386 0.6266300617707619 0.5334346504559271 0.6307481125600549 0.5212765957446809 0.6324639670555937 0.5045592705167173 0.632120796156486 0.47796352583586627 0.6286890871654084 0.44984802431610943 0.6231983527796843 0.36246200607902734 0.6211393273850377 0.30243161094224924
5 0.3531228551818806 0.3221884498480243 0.34763212079615646 0.42629179331306993 0.3397391901166781 0.46656534954407297 0.33630748112560055 0.4848024316109423 0.335621139327385 0.5015197568389058 0.33768016472203155 0.5167173252279635 0.3466026080988332 0.5235562310030395 0.3575840768702814 0.5250759878419453 0.3644474948524365 0.5235562310030395 0.37268359643102267 0.5212765957446809 0.3809196980096088 0.5189969604863222 0.3829787234042553 0.5129179331306991 0.38846945778997943 0.49240121580547114 0.3925875085792725 0.4703647416413374 0.39190116678105696 0.45288753799392095 0.3864104323953329 0.30167173252279633 0.35415236787920384 0.30623100303951367
4 0.37920384351407 0.31155015197568386 0.37405628002745367 0.47416413373860183 0.37199725463280714 0.5303951367781155 0.38675360329444064 0.5509118541033434 0.40459849004804394 0.5349544072948328 0.410089224433768 0.4946808510638298 0.3994509265614276 0.3009118541033435 0.3785175017158545 0.30167173252279633
3 0.4148936170212766 0.29711246200607905 0.42759094028826355 0.4642857142857143 0.4320521619766644 0.4886018237082067 0.4286204529855868 0.526595744680851 0.42381606039807823 0.5395136778115501 0.4142072752230611 0.5395136778115501 0.40803019903912147 0.5395136778115501 0.4032258064516129 0.5364741641337386 0.39601921757035 0.5220364741641338 0.3963623884694578 0.4848024316109423 0.3977350720658888 0.2948328267477204