0 0.46882705177879536 0.601063829787234 0.5026417752729835 0.601063829787234 0.5026417752729835 0.5433130699088146 0.48960901725959843 0.3465045592705167 0.47375836562169776 0.35030395136778114 0.4691792884818598 0.547112462006079
1 0.4476928495949278 0.601063829787234 0.4638957379358929 0.5980243161094225 0.4744628390278267 0.5699088145896657 0.4723494188094399 0.364741641337386 0.4536808735470236 0.36322188449848025 0.4448749559704121 0.4939209726443769 0.4431137724550898 0.5638297872340425 0.44557942937654105 0.5896656534954408
2 0.41951391334977106 0.5896656534954408 0.4297287777386404 0.5980243161094225 0.44734061289186333 0.5942249240121581 0.4512152166255724 0.53419452887538 0.43677351179992957 0.33890577507598785 0.42127509686509335 0.3366261398176292 0.4209228601620289 0.42401215805471126 0.4145825995068686 0.4810030395136778 0.41599154631912644 0.5509118541033434
4 0.36667840789010214 0.5835866261398176 0.37689327227897146 0.601823708206687 0.39203945051074324 0.5927051671732523 0.3955618175413878 0.5714285714285714 0.39873194786896793 0.4673252279635258 0.3772455089820359 0.33206686930091184 0.35857696371961956 0.33966565349544076 0.37020077492074677 0.43541033434650456 0.3705530116238112 0.5075987841945289 0.3670306445931666 0.5303951367781155 0.3652694610778443 0.5623100303951368
5 0.32758013384994716 0.5965045592705167 0.3402606551602677 0.5927051671732523 0.3568157802042973 0.5980243161094225 0.3652694610778443 0.5858662613981763 0.36667840789010214 0.5151975683890577 0.3064459316660796 0.32750759878419455 0.28777738640366324 0.36854103343465044 0.29658330398027477 0.44680851063829785 0.31736526946107785 0.5182370820668692 0.32159210989785136 0.5554711246200608 0.32441000352236704 0.587386018237082
6 0.28601620288834095 0.601063829787234 0.2969355406833392 0.6056231003039514 0.31595632264882 0.6155015197568389 0.3282846072560761 0.5858662613981763 0.3296935540683339 0.5600303951367781 0.31243395561817544 0.5015197568389058 0.2772102853117295 0.3700607902735562 0.2543148996125396 0.4027355623100304 0.25748502994011974 0.4612462006079027 0.2765058119056006 0.5189969604863222 0.2807326523423741 0.5623100303951368 0.27932370553011626 0.587386018237082
8 0.5012328284607256 0.5980243161094225 0.5170834800986263 0.6003039513677811 0.5353997886579782 0.5911854103343465 0.5336386051426558 0.526595744680851 0.523775977456851 0.3548632218844985 0.5093342726312081 0.3586626139817629 0.5058119056005635 0.4878419452887538 0.5040507220852413 0.5357142857142857 0.5001761183515322 0.5585106382978723 0.5008805917576612 0.581306990881459
9 0.5343430785487848 0.581306990881459 0.5392743923916872 0.5927051671732523 0.5635787249031349 0.5866261398176292 0.5642831983092639 0.5630699088145896 0.5621697780908771 0.5144376899696048 0.5589996477632969 0.42401215805471126 0.5519549137020078 0.3404255319148936 0.5361042620641071 0.34802431610942247 0.5357520253610426 0.4673252279635258 0.5329341317365269 0.5281155015197568 0.5329341317365269 0.5524316109422492
10 0.5604085945755548 0.5752279635258358 0.5660443818245862 0.5927051671732523 0.5801338499471645 0.5942249240121581 0.5903487143360339 0.5752279635258358 0.588939767523776 0.513677811550152 0.5885875308207115 0.4126139817629179 0.5959845015850652 0.33206686930091184 0.5783726664318422 0.3290273556231003 0.567453328636844 0.39969604863221886 0.5653399084184572 0.4810030395136778 0.5625220147939415 0.5189969604863222 0.5593518844663614 0.5303951367781155
12 0.6153575202536105 0.5645896656534954 0.6224022543148996 0.5752279635258358 0.6357872490313491 0.5835866261398176 0.6481155336386052 0.5600303951367781 0.6428319830926382 0.49544072948328266 0.6357872490313491 0.40501519756838905 0.6410707995773159 0.3465045592705167 0.6273335681578021 0.34574468085106386 0.6157097569566748 0.4308510638297872 0.6167664670658682 0.479483282674772 0.6164142303628038 0.5015197568389058 0.6135963367382882 0.5106382978723404 0.6111306798168369 0.5395136778115501
13 0.6456498767171539 0.5600303951367781 0.6516379006692498 0.5699088145896657 0.666431842197957 0.5630699088145896 0.6822824938358577 0.5433130699088146 0.6815780204297288 0.49164133738601823 0.6991898555829518 0.3427051671732523 0.6784078901021486 0.33586626139817627 0.6615005283550546 0.39361702127659576 0.6555125044029588 0.45288753799392095 0.6467065868263473 0.4870820668693009 0.6438886932018316 0.4908814589665654 0.6414230362803804 0.5243161094224924
16 0.5044029587883058 0.6177811550151976 0.5272983444874956 0.6094224924012158 0.5424445227192674 0.8153495440729484 0.5265938710813667 0.824468085106383
17 0.5276505811905601 0.6094224924012158 0.5406833392039451 0.601063829787234 0.5530116238112012 0.6094224924012158 0.5593518844663614 0.6808510638297872 0.5744980626981332 0.8495440729483282 0.5519549137020078 0.8487841945288754 0.5505459668897499 0.7735562310030395 0.5353997886579782 0.6998480243161094 0.532229658330398 0.6580547112462006 0.528355054596689 0.6382978723404256
18 0.5505459668897499 0.6322188449848024 0.5551250440295878 0.6155015197568389 0.5642831983092639 0.6056231003039514 0.5804860866502289 0.6155015197568389 0.5822472701655512 0.6542553191489362 0.5833039802747446 0.6990881458966566 0.5836562169778091 0.7317629179331308 0.6012680521310321 0.8457446808510638 0.5871785840084537 0.8548632218844985 0.567453328636844 0.7462006079027356 0.5589996477632969 0.6724924012158054
19 0.5797816132441 0.6155015197568389 0.6044381824586121 0.6056231003039514 0.6114829165199014 0.6268996960486323 0.615005283550546 0.6648936170212766 0.6171187037689327 0.689209726443769 0.6347305389221557 0.8487841945288754 0.6192321239873195 0.8548632218844985 0.6009158154279676 0.7651975683890577 0.588939767523776 0.682370820668693 0.5797816132441 0.662613981762918 0.5797816132441 0.6344984802431611
21 0.6438886932018316 0.5965045592705167 0.6808735470235998 0.5835866261398176 0.6893272278971468 0.6306990881458967 0.6932018316308559 0.6664133738601824 0.7263120817189151 0.7788753799392097 0.7051778795350475 0.8062310030395137 0.675589996477633 0.7378419452887538 0.6551602676998943 0.6724924012158054 0.6467065868263473 0.6702127659574468 0.6435364564987671 0.6322188449848024
22 0.675589996477633 0.581306990881459 0.6769989432898909 0.5638297872340425 0.6956674885523072 0.5433130699088146 0.7189151109545615 0.5372340425531915 0.7259598450158506 0.560790273556231 0.7298344487495597 0.6268996960486323 0.753082071151814 0.708966565349544 0.7337090524832688 0.7492401215805471 0.7125748502994012 0.708966565349544 0.6967241986615005 0.6808510638297872 0.6868615709756957 0.6405775075987842 0.6851003874603734 0.6208206686930091
24 0.484677703416696 0.6200607902735562 0.5058119056005635 0.6177811550151976 0.515322296583304 0.708966565349544 0.5241282141599155 0.8328267477203647 0.5079253258189503 0.8404255319148937 0.497710461430081 0.7196048632218845 0.4924269108841141 0.6808510638297872 0.48714336033814726 0.6610942249240122
25 0.4649524480450863 0.6162613981762918 0.48679112363508276 0.6132218844984803 0.5012328284607256 0.8153495440729484 0.4885523071504051 0.8229483282674772
26 0.4420570623458964 0.6177811550151976 0.46953152518492425 0.6132218844984803 0.47058823529411764 0.6504559270516718 0.47763296935540683 0.8404255319148937 0.4579077139837971 0.8411854103343465
27 0.4209228601620289 0.6170212765957447 0.4321944346600916 0.6063829787234043 0.4459316660796055 0.6056231003039514 0.4561465304684748 0.6276595744680851 0.4543853469531525 0.6588145896656535 0.4543853469531525 0.7689969604863222 0.44628390278266994 0.8700607902735562 0.4300810144417048 0.8624620060790273 0.43325114476928495 0.7712765957446809 0.4237407537865446 0.6778115501519757
28 0.39873194786896793 0.6177811550151976 0.4096512856639662 0.6056231003039514 0.43078548784783377 0.6124620060790273 0.44029587883057414 0.6268996960486323 0.43254667136315605 0.6778115501519757 0.42127509686509335 0.7803951367781155 0.4008453680873547 0.8563829787234043 0.38288129623106726 0.837386018237082 0.3938006340260655 0.7598784194528876 0.39697076435364564 0.6937689969604863
30 0.3490665727368792 0.6086626139817629 0.3561113067981684 0.6063829787234043 0.3793589292004227 0.6360182370820668 0.38992603029235645 0.6390577507598785 0.3955618175413878 0.6572948328267477 0.3902782669954209 0.6816109422492401 0.3575202536104262 0.7469604863221885 0.3134906657273688 0.8183890577507599 0.294469883761888 0.7963525835866262 0.3057414582599507 0.7310030395136778 0.32511447692849593 0.682370820668693 0.34272631208171894 0.6200607902735562