0 0.4956172388604821 0.29027355623100304 0.49086924762600437 0.32978723404255317 0.4839298758217677 0.3882978723404255 0.48319941563184804 0.43541033434650456 0.48575602629656683 0.47720364741641336 0.49634769905040177 0.49772036474164133 0.5113221329437546 0.48024316109422494 0.5153396639883127 0.418693009118541 0.5175310445580716 0.35790273556231 0.5208181154127101 0.2887537993920973 0.5131482834185537 0.27887537993920974 0.5025566106647188 0.28343465045592703
1 0.4569028487947407 0.2712765957446808 0.45836376917458 0.3047112462006079 0.4642074506939372 0.36930091185410335 0.4620160701241782 0.42325227963525835 0.4642074506939372 0.4703647416413374 0.4758948137326516 0.4946808510638298 0.4864864864864865 0.4688449848024316 0.49013878743608474 0.40577507598784196 0.48867786705624544 0.36930091185410335 0.48721694667640614 0.31382978723404253 0.4810080350620891 0.2629179331306991 0.46822498173849525 0.2613981762917933
2 0.4302410518626735 0.26671732522796354 0.42914536157779404 0.2857142857142857 0.42622352081811543 0.3373860182370821 0.42476260043827613 0.3974164133738602 0.42257121986851715 0.44680851063829785 0.435354273192111 0.48936170212765956 0.44850255661066474 0.48328267477203646 0.4528853177501826 0.46580547112462006 0.4543462381300219 0.44984802431610943 0.45836376917458 0.3958966565349544 0.4590942293644996 0.35638297872340424 0.4558071585098612 0.2917933130699088 0.4528853177501826 0.25835866261398177 0.4408327246165084 0.256838905775076
3 0.40504017531044556 0.2803951367781155 0.4010226442658875 0.30775075987841943 0.40029218407596784 0.33282674772036475 0.40029218407596784 0.3738601823708207 0.4010226442658875 0.40577507598784196 0.402118334550767 0.44224924012158057 0.40284879474068663 0.4513677811550152 0.40869247626004385 0.49620060790273557 0.42951059167275385 0.49240121580547114 0.4360847333820307 0.4703647416413374 0.4346238130021914 0.44680851063829785 0.4338933528122717 0.4012158054711246 0.4302410518626735 0.3252279635258359 0.42695398100803506 0.2773556231003039
4 0.3747260774287801 0.28495440729483285 0.3743608473338203 0.30243161094224924 0.3736303871439007 0.331306990881459 0.36924762600438277 0.3882978723404255 0.3685171658144631 0.42933130699088146 0.3714390065741417 0.4688449848024316 0.379108838568298 0.4787234042553192 0.39116143170197226 0.4817629179331307 0.3981008035062089 0.4734042553191489 0.40284879474068663 0.45288753799392095 0.40284879474068663 0.41793313069908816 0.40029218407596784 0.3518237082066869 0.393718042366691 0.303951367781155 0.3904309715120526 0.2743161094224924 0.3845872899926954 0.26443768996960487
5 0.32286340394448504 0.2773556231003039 0.32578524470416365 0.2887537993920973 0.3279766252739226 0.33282674772036475 0.32432432432432434 0.3594224924012158 0.32286340394448504 0.38677811550151975 0.32213294375456536 0.4217325227963526 0.3279766252739226 0.45972644376899696 0.331263696128561 0.4749240121580547 0.33966398831263694 0.48328267477203646 0.3517165814463112 0.48328267477203646 0.36303871439006574 0.4749240121580547 0.36559532505478454 0.45440729483282677 0.3623082542001461 0.4088145896656535 0.3564645726807889 0.3723404255319149 0.34952520087655226 0.30927051671732525 0.34404674945215485 0.27583586626139817 0.34112490869247625 0.24772036474164133 0.32578524470416365 0.24772036474164133
6 0.2932797662527392 0.26975683890577506 0.2892622352081812 0.29027355623100304 0.28232286340394447 0.34574468085106386 0.28159240321402484 0.3837386018237082 0.28013148283418554 0.4148936170212766 0.27720964207450693 0.45592705167173253 0.28159240321402484 0.4734042553191489 0.2932797662527392 0.4878419452887538 0.3060628195763331 0.49240121580547114 0.3181154127100073 0.48328267477203646 0.3195763330898466 0.4627659574468085 0.3195763330898466 0.4338905775075988 0.3195763330898466 0.4027355623100304 0.31884587289992694 0.378419452887538 0.3151935719503287 0.34194528875379937 0.3115412710007305 0.3168693009118541 0.30825420014609206 0.27279635258358664 0.30825420014609206 0.2613981762917933
7 0.2717311906501096 0.2507598784194529 0.2633308984660336 0.28191489361702127 0.2527392257121987 0.36322188449848025 0.2468955441928415 0.38069908814589665 0.24068663257852446 0.41793313069908816 0.2399561723886048 0.4566869300911854 0.2468955441928415 0.4627659574468085 0.26515704894083275 0.4734042553191489 0.27720964207450693 0.44072948328267475 0.28159240321402484 0.38069908814589665 0.28305332359386415 0.34574468085106386 0.28232286340394447 0.2948328267477204 0.2841490138787436 0.25227963525835867
8 0.5288531775018261 0.29635258358662614 0.5259313367421475 0.33586626139817627 0.5204528853177501 0.3768996960486322 0.5168005843681519 0.4148936170212766 0.5138787436084733 0.4582066869300912 0.5131482834185537 0.48632218844984804 0.5197224251278305 0.5022796352583586 0.5314097881665449 0.5022796352583586 0.5412710007304602 0.4946808510638298 0.5434623813002192 0.4749240121580547 0.5449233016800584 0.43541033434650456 0.5482103725346968 0.38677811550151975 0.5496712929145362 0.310790273556231 0.545653761869978 0.2887537993920973 0.5372534696859022 0.2887537993920973
9 0.556245434623813 0.2803951367781155 0.5540540540540541 0.30775075987841943 0.5511322132943755 0.34574468085106386 0.545653761869978 0.40577507598784196 0.5449233016800584 0.4308510638297872 0.545653761869978 0.46580547112462006 0.5496712929145362 0.4817629179331307 0.5617238860482103 0.4878419452887538 0.570854638422206 0.46580547112462006 0.5723155588020453 0.4376899696048632 0.5723155588020453 0.385258358662614 0.5723155588020453 0.31990881458966564 0.570854638422206 0.26975683890577506
10 0.5891161431701972 0.26671732522796354 0.579254930606282 0.32978723404255317 0.577063550036523 0.385258358662614 0.577063550036523 0.4278115501519757 0.5821767713659606 0.4612462006079027 0.6004382761139518 0.49240121580547114 0.6110299488677867 0.4787234042553192 0.6117604090577063 0.43541033434650456 0.6117604090577063 0.3822188449848024 0.6102994886778671 0.32142857142857145 0.6088385682980277 0.28191489361702127 0.5997078159240321 0.256838905775076
11 0.6219868517165814 0.2773556231003039 0.6165084002921841 0.31382978723404253 0.6143170197224251 0.40425531914893614 0.6143170197224251 0.4612462006079027 0.6201607012417824 0.49620060790273557 0.6303871439006574 0.4756838905775076 0.6362308254200146 0.42629179331306993 0.6362308254200146 0.3723404255319149 0.6391526661796932 0.30775075987841943 0.6384222059897735 0.2712765957446808
12 0.6577794010226443 0.2629179331306991 0.6486486486486487 0.3123100303951368 0.6446311176040905 0.364741641337386 0.6384222059897735 0.43541033434650456 0.6409788166544923 0.48328267477203646 0.6482834185536889 0.4939209726443769 0.6607012417823228 0.4749240121580547 0.6621621621621622 0.41185410334346506 0.6621621621621622 0.35030395136778114 0.66654492330168 0.27887537993920974 0.6676406135865596 0.2454407294832827
13 0.6859021183345507 0.25835866261398177 0.6782322863403945 0.29027355623100304 0.672753834915997 0.37537993920972645 0.66654492330168 0.4452887537993921 0.66654492330168 0.4703647416413374 0.6811541271000731 0.48024316109422494 0.6932067202337473 0.4688449848024316 0.6994156318480643 0.41793313069908816 0.6994156318480643 0.3252279635258359 0.6972242512783053 0.256838905775076
14 0.7107377647918188 0.26595744680851063 0.7092768444119796 0.31990881458966564 0.7048940832724616 0.41185410334346506 0.7048940832724616 0.4452887537993921 0.7205989773557341 0.4787234042553192 0.7406866325785245 0.4703647416413374 0.7406866325785245 0.42021276595744683 0.7366691015339664 0.3594224924012158 0.7337472607742878 0.28191489361702127 0.7238860482103725 0.25987841945288753
15 0.7381300219138057 0.25987841945288753 0.7381300219138057 0.3123100303951368 0.739590942293645 0.3913373860182371 0.7443389335281227 0.44072948328267475 0.7589481373265157 0.4734042553191489 0.7669831994156319 0.4452887537993921 0.7640613586559533 0.4027355623100304 0.7578524470416362 0.331306990881459 0.74981738495252 0.2743161094224924 0.7465303140978816 0.25987841945288753
16 0.5189919649379109 0.5303951367781155 0.508400292184076 0.5417933130699089 0.5113221329437546 0.601823708206687 0.5153396639883127 0.6542553191489362 0.5204528853177501 0.7408814589665653 0.5252008765522279 0.756838905775076 0.5314097881665449 0.6998480243161094 0.5350620891161432 0.6352583586626139 0.5365230094959824 0.5638297872340425 0.5288531775018261 0.5182370820668692
17 0.5405405405405406 0.5258358662613982 0.5379839298758218 0.5547112462006079 0.5350620891161432 0.6223404255319149 0.5379839298758218 0.6983282674772037 0.545653761869978 0.7583586626139818 0.5518626734842951 0.7332826747720365 0.5540540540540541 0.668693009118541 0.5573411249086925 0.6132218844984803 0.5602629656683711 0.5623100303951368 0.556245434623813 0.5273556231003039
18 0.5701241782322863 0.5258358662613982 0.5631848064280497 0.5577507598784195 0.5555149744338933 0.6208206686930091 0.5588020452885317 0.689209726443769 0.5661066471877283 0.7621580547112462 0.5737764791818846 0.78419452887538 0.5843681519357194 0.7477203647416414 0.5869247626004382 0.6937689969604863 0.5920379839298758 0.6413373860182371 0.5861943024105186 0.5797872340425532 0.5756026296566837 0.5493920972644377
19 0.587655222790358 0.5326747720364742 0.5821767713659606 0.5493920972644377 0.5847333820306794 0.6101823708206687 0.6018991964937911 0.6937689969604863 0.6165084002921841 0.7621580547112462 0.620891161431702 0.7446808510638298 0.6172388604821037 0.6952887537993921 0.6150474799123448 0.6367781155015197 0.6143170197224251 0.5638297872340425 0.6066471877282688 0.5357142857142857
20 0.6165084002921841 0.5182370820668692 0.6081081081081081 0.5387537993920972 0.6051862673484295 0.581306990881459 0.62490869247626 0.668693009118541 0.633308984660336 0.7287234042553191 0.6409788166544923 0.7492401215805471 0.6446311176040905 0.702887537993921 0.6417092768444119 0.6268996960486323 0.6369612856099343 0.5706686930091185 0.6325785244704164 0.5326747720364742
21 0.6402483564645727 0.5129179331306991 0.6347699050401753 0.540273556231003 0.6347699050401753 0.5721884498480243 0.639517896274653 0.6162613981762918 0.6475529583637691 0.6762917933130699 0.6614317019722425 0.7203647416413373 0.6775018261504748 0.7416413373860182 0.6924762600438276 0.7127659574468085 0.6902848794740687 0.6656534954407295 0.6804236669101534 0.6048632218844985 0.6760409057706355 0.5243161094224924 0.6614317019722425 0.5167173252279635 0.6482834185536889 0.5227963525835866
22 0.6840759678597517 0.5098784194528876 0.6775018261504748 0.5212765957446809 0.6767713659605552 0.5493920972644377 0.6848064280496713 0.587386018237082 0.6939371804236669 0.6238601823708206 0.7023374726077429 0.6656534954407295 0.7176771365960555 0.7013677811550152 0.7268078889700511 0.7082066869300911 0.7304601899196493 0.6808510638297872 0.7289992695398101 0.6428571428571429 0.7268078889700511 0.6048632218844985 0.7216946676406136 0.581306990881459 0.7162162162162162 0.5372340425531915 0.7147552958363769 0.5129179331306991 0.7056245434623813 0.5053191489361702
23 0.7275383491599707 0.4946808510638298 0.7169466764061359 0.5098784194528876 0.7154857560262966 0.5303951367781155 0.7337472607742878 0.5699088145896657 0.7556610664718773 0.6101823708206687 0.7731921110299489 0.6458966565349544 0.7808619430241052 0.6443768996960486 0.7830533235938641 0.6193009118541033 0.7808619430241052 0.5828267477203647 0.7669831994156319 0.5387537993920972 0.7596785975164354 0.5053191489361702 0.7534696859021184 0.4787234042553192 0.7414170927684441 0.47720364741641336
24 0.49488677867056247 0.5387537993920972 0.49306062819576335 0.5547112462006079 0.49159970781592405 0.5797872340425532 0.49159970781592405 0.6117021276595744 0.49159970781592405 0.6656534954407295 0.49159970781592405 0.7226443768996961 0.5007304601899196 0.7393617021276596 0.5047479912344777 0.6937689969604863 0.5091307523739956 0.6352583586626139 0.5098612125639153 0.5889057750759878 0.512417823228634 0.5547112462006079
25 0.4718772826880935 0.5303951367781155 0.47114682249817386 0.5577507598784195 0.46968590211833455 0.5957446808510638 0.46676406135865595 0.6572948328267477 0.4660336011687363 0.7112462006079028 0.47406866325785246 0.7507598784194529 0.4773557341124909 0.7302431610942249 0.4817384952520088 0.6648936170212766 0.48794740686632576 0.6177811550151976 0.49233016800584367 0.5653495440729484 0.49488677867056247 0.5357142857142857
26 0.4550766983199416 0.5227963525835866 0.4466764061358656 0.5448328267477204 0.4408327246165084 0.581306990881459 0.4393718042366691 0.6382978723404256 0.4382761139517896 0.6922492401215805 0.44302410518626734 0.7393617021276596 0.4569028487947407 0.7446808510638298 0.46566837107377645 0.6983282674772037 0.4704163623082542 0.6306990881458967 0.47260774287801316 0.560790273556231 0.46822498173849525 0.5326747720364742
27 0.42841490138787436 0.5326747720364742 0.4185536888239591 0.5448328267477204 0.4141709276844412 0.5721884498480243 0.4178232286340394 0.6352583586626139 0.4192841490138787 0.6793313069908815 0.4203798392987582 0.7667173252279635 0.42695398100803506 0.7492401215805471 0.4302410518626735 0.702887537993921 0.435354273192111 0.6702127659574468 0.44302410518626734 0.6132218844984803 0.4452154857560263 0.5737082066869301 0.44594594594594594 0.5463525835866262
28 0.39883126369612854 0.5258358662613982 0.38531775018261505 0.5357142857142857 0.38349159970781593 0.5797872340425532 0.38349159970781593 0.6238601823708206 0.38203067932797663 0.6633738601823708 0.38130021913805695 0.7188449848024316 0.38531775018261505 0.7218844984802432 0.3981008035062089 0.6808510638297872 0.40796201607012417 0.6352583586626139 0.41490138787436087 0.6003039513677811 0.42257121986851715 0.560790273556231 0.4192841490138787 0.5372340425531915 0.4108838568298028 0.5273556231003039
29 0.36303871439006574 0.5227963525835866 0.33783783783783783 0.5227963525835866 0.3327246165084003 0.5638297872340425 0.3327246165084003 0.601823708206687 0.3341855368882396 0.6618541033434651 0.33783783783783783 0.7241641337386018 0.3473338203067933 0.7272036474164134 0.35719503287070853 0.6968085106382979 0.3685171658144631 0.648176291793313 0.38130021913805695 0.6003039513677811 0.38970051132213296 0.5493920972644377 0.3889700511322133 0.5167173252279635 0.3783783783783784 0.5167173252279635 0.3714390065741417 0.5182370820668692
30 0.31884587289992694 0.5113981762917933 0.30533235938641345 0.513677811550152 0.29839298758217675 0.5243161094224924 0.2940102264426589 0.5433130699088146 0.2914536157779401 0.5721884498480243 0.28634039444850257 0.6101823708206687 0.28341855368882396 0.6512158054711246 0.2779401022644266 0.6937689969604863 0.2870708546384222 0.7082066869300911 0.2962016070124178 0.6952887537993921 0.30387143900657415 0.6793313069908815 0.3181154127100073 0.6466565349544073 0.32432432432432434 0.6162613981762918 0.3356464572680789 0.5782674772036475 0.3371073776479182 0.5516717325227963 0.3334550766983199 0.5303951367781155
31 0.25493060628195763 0.48632218844984804 0.2505478451424397 0.5037993920972644 0.23849525200876553 0.53419452887538 0.22826880934989044 0.5699088145896657 0.22096420745069395 0.6033434650455927 0.22680788897005114 0.6413373860182371 0.23849525200876553 0.6428571428571429 0.2498173849525201 0.6223404255319149 0.2574872169466764 0.6117021276595744 0.2673484295105917 0.5911854103343465 0.28013148283418554 0.5706686930091185 0.2892622352081812 0.5448328267477204 0.2899926953981008 0.5243161094224924 0.28634039444850257 0.5053191489361702 0.28013148283418554 0.4992401215805471 0.2710007304601899 0.48936170212765956