0 0.45653661875427787 0.5463525835866262 0.49075975359342916 0.5493920972644377 0.4941820670773443 0.4627659574468085 0.49075975359342916 0.2857142857142857 0.47707049965776865 0.2872340425531915 0.46132785763175904 0.4627659574468085 0.45653661875427787 0.5045592705167173
1 0.43634496919917864 0.49012158054711247 0.43874058863791926 0.5258358662613982 0.4517453798767967 0.540273556231003 0.4654346338124572 0.5281155015197568 0.46954140999315536 0.2872340425531915 0.4548254620123203 0.2887537993920973 0.44284736481861736 0.44680851063829785
2 0.41649555099247093 0.4939209726443769 0.42950034223134836 0.5334346504559271 0.445242984257358 0.5022796352583586 0.45242984257357977 0.439209726443769 0.45003422313483915 0.4012158054711246 0.44763860369609854 0.24772036474164133 0.4336071184120465 0.25455927051671734 0.4206023271731691 0.3670212765957447 0.4182067077344285 0.44680851063829785
3 0.4004106776180698 0.4992401215805471 0.4075975359342916 0.520516717325228 0.41752224503764546 0.506079027355623 0.42813141683778233 0.5098784194528876 0.4377138945927447 0.46808510638297873 0.43052703627652295 0.2689969604863222 0.4123887748117728 0.27279635258358664 0.40212183436002735 0.4088145896656535
4 0.3798767967145791 0.4878419452887538 0.38980150581793294 0.5151975683890577 0.4004106776180698 0.5022796352583586 0.4075975359342916 0.5098784194528876 0.41752224503764546 0.4734042553191489 0.405201916495551 0.24772036474164133 0.3928815879534565 0.25835866261398177 0.3809034907597536 0.3958966565349544
5 0.34257357973990415 0.49012158054711247 0.35078713210130047 0.5113981762917933 0.35797399041752226 0.506079027355623 0.36858316221765913 0.5167173252279635 0.3757700205338809 0.5113981762917933 0.3839835728952772 0.5151975683890577 0.3945927446954141 0.49012158054711247 0.3993839835728953 0.44452887537993924 0.38329911019849416 0.29103343465045595 0.3603696098562628 0.2948328267477204 0.3514715947980835 0.4088145896656535 0.34154688569472963 0.44072948328267475
6 0.3001368925393566 0.46808510638297873 0.3049281314168378 0.4825227963525836 0.3456536618754278 0.5007598784194529 0.36105407255304584 0.45364741641337386 0.36276522929500343 0.36322188449848025 0.3603696098562628 0.2978723404255319 0.33607118412046544 0.2872340425531915 0.30321697467488024 0.3958966565349544
7 0.2594113620807666 0.43009118541033436 0.2871321013004791 0.47188449848024316 0.3059548254620123 0.4612462006079027 0.3213552361396304 0.4065349544072948 0.324435318275154 0.27279635258358664 0.3083504449007529 0.256838905775076 0.27481177275838464 0.3487841945288754 0.2683093771389459 0.3829787234042553
8 0.4924709103353867 0.5516717325227963 0.526694045174538 0.5531914893617021 0.5232717316906229 0.28343465045592703 0.5112936344969199 0.2872340425531915 0.4914442162902122 0.5007598784194529
9 0.5242984257357974 0.5531914893617021 0.55201916495551 0.5387537993920972 0.5396988364134154 0.30015197568389057 0.526694045174538 0.303951367781155
10 0.5455167693360712 0.5083586626139818 0.5609171800136893 0.5478723404255319 0.5770020533880903 0.5113981762917933 0.5797399041752225 0.30015197568389057 0.567419575633128 0.25455927051671734 0.5592060232717317 0.25835866261398177 0.5550992470910335 0.3829787234042553 0.5455167693360712 0.4430091185410334
11 0.5657084188911704 0.520516717325228 0.5770020533880903 0.5258358662613982 0.5869267624914443 0.5547112462006079 0.5968514715947981 0.5334346504559271 0.5999315537303217 0.43009118541033436 0.6033538672142368 0.33966565349544076 0.578713210130048 0.26595744680851063 0.5698151950718686 0.2743161094224924 0.5811088295687885 0.35638297872340424 0.5732375085557837 0.42325227963525835 0.5650239561943874 0.4756838905775076
12 0.5941136208076659 0.5243161094224924 0.6016427104722792 0.540273556231003 0.6105407255304586 0.5440729483282675 0.6245722108145106 0.5227963525835866 0.6245722108145106 0.44072948328267475 0.6235455167693361 0.33814589665653494 0.608829568788501 0.30927051671732525 0.5975359342915811 0.310790273556231 0.6064339493497605 0.364741641337386 0.5968514715947981 0.44072948328267475
13 0.6177275838466804 0.5243161094224924 0.634839151266256 0.5440729483282675 0.6570841889117043 0.540273556231003 0.6642710472279261 0.506079027355623 0.660164271047228 0.43009118541033436 0.6642710472279261 0.3617021276595745 0.6269678302532512 0.36322188449848025 0.6218343600273785 0.44452887537993924
14 0.6618754277891855 0.513677811550152 0.6759069130732375 0.5319148936170213 0.6978097193702943 0.520516717325228 0.7060232717316907 0.4825227963525836 0.6967830253251198 0.42857142857142855 0.6960985626283368 0.33966565349544076 0.663586584531143 0.34194528875379937 0.6611909650924025 0.43009118541033436
15 0.6995208761122519 0.4939209726443769 0.7173169062286106 0.5151975683890577 0.7286105407255304 0.49012158054711247 0.7385352498288843 0.4810030395136778 0.7385352498288843 0.44680851063829785 0.7337440109514032 0.4012158054711246 0.7286105407255304 0.3183890577507599 0.7008898015058179 0.3252279635258359 0.6943874058863791 0.3974164133738602 0.6967830253251198 0.41413373860182373
16 0.4941820670773443 0.5820668693009119 0.5160848733744011 0.587386018237082 0.5167693360711841 0.7826747720364742 0.5061601642710473 0.7811550151975684
17 0.5143737166324436 0.5843465045592705 0.5362765229295003 0.5699088145896657 0.5420944558521561 0.5896656534954408 0.5414099931553731 0.6367781155015197 0.5379876796714579 0.7864741641337386 0.526694045174538 0.7887537993920972 0.5201916495550992 0.6329787234042553
18 0.5468856947296372 0.5729483282674772 0.5616016427104723 0.5547112462006079 0.5691307323750856 0.560790273556231 0.5763175906913073 0.5949848024316109 0.5756331279945243 0.6854103343465046 0.5592060232717317 0.8297872340425532 0.5462012320328542 0.8282674772036475 0.5420944558521561 0.7598784194528876 0.5462012320328542 0.6945288753799392
19 0.5698151950718686 0.587386018237082 0.5852156057494866 0.5638297872340425 0.6006160164271047 0.5820668693009119 0.6006160164271047 0.6291793313069909 0.5934291581108829 0.689209726443769 0.5934291581108829 0.7796352583586627 0.5797399041752225 0.7811550151975684 0.5739219712525667 0.6945288753799392 0.5763175906913073 0.6367781155015197
20 0.5934291581108829 0.5782674772036475 0.6047227926078029 0.5752279635258358 0.6098562628336756 0.5569908814589666 0.6245722108145106 0.5805471124620061 0.6324435318275154 0.6329787234042553 0.6324435318275154 0.6960486322188449 0.6375770020533881 0.8191489361702128 0.6269678302532512 0.8229483282674772 0.6129363449691991 0.7629179331306991 0.6006160164271047 0.6656534954407295
21 0.6177275838466804 0.5752279635258358 0.6245722108145106 0.5623100303951368 0.6416837782340863 0.5699088145896657 0.648186173853525 0.5478723404255319 0.659479808350445 0.5585106382978723 0.6676933607118412 0.5493920972644377 0.6765913757700205 0.6253799392097265 0.7019164955509924 0.7651975683890577 0.6505817932922656 0.7887537993920972 0.6375770020533881 0.7340425531914894 0.6317590691307323 0.6945288753799392 0.6317590691307323 0.6436170212765957
22 0.6666666666666666 0.5661094224924013 0.6731690622861054 0.5425531914893617 0.7049965776865161 0.5258358662613982 0.71492128678987 0.5478723404255319 0.7221081451060917 0.6003039513677811 0.740930869267625 0.71580547112462 0.7108145106091718 0.7651975683890577 0.690280629705681 0.7066869300911854 0.6724845995893224 0.6291793313069909
23 0.7091033538672142 0.5440729483282675 0.7125256673511293 0.5227963525835866 0.74435318275154 0.49544072948328266 0.7539356605065024 0.5243161094224924 0.7604380561259412 0.5820668693009119 0.7758384668035592 0.6344984802431611 0.7481177275838466 0.6747720364741642 0.731006160164271 0.6512158054711246 0.7197125256673511 0.5987841945288754
24 0.4664613278576318 0.5805471124620061 0.49007529089664614 0.587386018237082 0.4948665297741273 0.7667173252279635 0.48425735797399044 0.7720364741641338 0.47056810403832994 0.6709726443768997
25 0.44353182751540043 0.5843465045592705 0.44763860369609854 0.5585106382978723 0.460643394934976 0.5638297872340425 0.4671457905544148 0.5805471124620061 0.48357289527720737 0.790273556231003 0.4678302532511978 0.7993920972644377 0.4534565366187543 0.6945288753799392
26 0.4206023271731691 0.5820668693009119 0.4271047227926078 0.5440729483282675 0.43874058863791926 0.5372340425531915 0.45653661875427787 0.6238601823708206 0.4589322381930185 0.8229483282674772 0.44763860369609854 0.8206686930091185 0.4247091033538672 0.708966565349544 0.419233401779603 0.6382978723404256
27 0.40349075975359344 0.5699088145896657 0.4110198494182067 0.5478723404255319 0.41752224503764546 0.5463525835866262 0.4329226557152635 0.587386018237082 0.42881587953456535 0.6922492401215805 0.4123887748117728 0.8206686930091185 0.4004106776180698 0.8206686930091185 0.405201916495551 0.7066869300911854 0.4028062970568104 0.6474164133738601
28 0.38227241615331964 0.5585106382978723 0.3939082819986311 0.5387537993920972 0.4123887748117728 0.5531914893617021 0.41512662559890484 0.5858662613981763 0.3915126625598905 0.8138297872340425 0.3757700205338809 0.8138297872340425 0.37440109514031483 0.6998480243161094 0.37440109514031483 0.6041033434650456
29 0.34496919917864477 0.5189969604863222 0.35728952772073924 0.5281155015197568 0.37097878165639975 0.5258358662613982 0.3798767967145791 0.540273556231003 0.3928815879534565 0.5319148936170213 0.40212183436002735 0.5463525835866262 0.3921971252566735 0.60790273556231 0.3798767967145791 0.6960486322188449 0.34736481861738533 0.7743161094224924 0.3066392881587953 0.7218844984802432 0.32375085557837097 0.6253799392097265 0.3336755646817248 0.587386018237082 0.33915126625598907 0.5319148936170213
30 0.29671457905544146 0.5045592705167173 0.3066392881587953 0.49164133738601823 0.3456536618754278 0.5243161094224924 0.3336755646817248 0.6041033434650456 0.3107460643394935 0.6838905775075987 0.28234086242299794 0.7287234042553191 0.2529089664613279 0.6907294832826748 0.2618069815195072 0.6238601823708206
31 0.2511978097193703 0.45592705167173253 0.2665982203969884 0.4612462006079027 0.2754962354551677 0.47188449848024316 0.29123887748117727 0.4734042553191489 0.2994524298425736 0.5045592705167173 0.2871321013004791 0.560790273556231 0.27002053388090347 0.6147416413373861 0.2518822724161533 0.6474164133738601 0.22587268993839835 0.6618541033434651 0.2080766598220397 0.6162613981762918 0.2323750855578371 0.5281155015197568 0.24229979466119098 0.4825227963525836