0 0.477761304670126 0.5091185410334347 0.48183839881393625 0.5577507598784195 0.49740548554484804 0.5577507598784195 0.5081541882876205 0.47416413373860183 0.5081541882876205 0.26063829787234044 0.49295774647887325 0.270516717325228
1 0.4584877687175686 0.493161094224924 0.46108228317272054 0.5319148936170213 0.4647887323943662 0.5395136778115501 0.48035581912527797 0.5372340425531915 0.4899925871015567 0.45972644376899696 0.4981467753891772 0.24240121580547114 0.4792438843587843 0.24772036474164133 0.46849518161601184 0.4088145896656535
2 0.44032616753150483 0.42401215805471126 0.43587842846553004 0.48936170212765956 0.4440326167531505 0.5091185410334347 0.45218680504077097 0.5113981762917933 0.46404744255003705 0.45364741641337386 0.466641957005189 0.2074468085106383 0.4447739065974796 0.20896656534954408 0.4395848776871757 0.3161094224924012
3 0.4143810229799852 0.4369300911854103 0.4158636026686434 0.49772036474164133 0.41882876204596 0.5243161094224924 0.4269829503335804 0.5311550151975684 0.43439584877687176 0.5227963525835866 0.4440326167531505 0.5151975683890577 0.4551519644180875 0.49848024316109424 0.4440326167531505 0.38753799392097266 0.42327650111193477 0.24240121580547114 0.4140103780578206 0.25 0.41178650852483323 0.36246200607902734
4 0.3906597479614529 0.36246200607902734 0.3906597479614529 0.45896656534954405 0.3843587842846553 0.49848024316109424 0.38510007412898445 0.5129179331306991 0.3906597479614529 0.5281155015197568 0.405114899925871 0.5319148936170213 0.4143810229799852 0.5273556231003039 0.42327650111193477 0.520516717325228 0.42587101556708673 0.48328267477203646 0.4195700518902891 0.42021276595744683 0.4095626389918458 0.270516717325228 0.3988139362490734 0.28495440729483285
5 0.3458117123795404 0.5167173252279635 0.3328391401037806 0.47796352583586627 0.3480355819125278 0.41109422492401215 0.35730170496664193 0.3776595744680851 0.36249073387694586 0.3373860182370821 0.3636026686434396 0.2743161094224924 0.382876204595997 0.28343465045592703 0.39251297257227574 0.3791793313069909 0.38917716827279464 0.41641337386018235 0.3917716827279466 0.439209726443769 0.3988139362490734 0.4688449848024316 0.38361749444032617 0.5129179331306991 0.3636026686434396 0.5129179331306991
6 0.3220904373610082 0.47796352583586627 0.3076352853965901 0.4635258358662614 0.30392883617494443 0.4430091185410334 0.2987398072646405 0.42021276595744683 0.3050407709414381 0.3890577507598784 0.32283172720533726 0.3290273556231003 0.32468495181616014 0.256838905775076 0.34395848776871757 0.2651975683890577 0.35618977020014825 0.3069908814589666 0.3591549295774648 0.33358662613981765 0.3543365455893254 0.4088145896656535 0.34544106745737585 0.4551671732522796 0.33543365455893254 0.48556231003039513
7 0.31319495922905854 0.35714285714285715 0.293180133432172 0.3427051671732523 0.2857672349888806 0.331306990881459 0.2776130467012602 0.3069908814589666 0.2787249814677539 0.28343465045592703 0.29132690882134915 0.2256838905775076 0.3139362490733877 0.22188449848024316 0.33098591549295775 0.24468085106382978 0.3317272053372869 0.2925531914893617 0.3254262416604892 0.32750759878419455
8 0.5048183839881394 0.48556231003039513 0.5081541882876205 0.5592705167173252 0.5289103039288362 0.560790273556231 0.5311341734618236 0.48556231003039513 0.5370644922164566 0.2773556231003039 0.5192735359525574 0.2796352583586626 0.5118606375092661 0.43541033434650456
9 0.530763528539659 0.5037993920972644 0.5344699777613047 0.5516717325227963 0.5570793180133432 0.5440729483282675 0.5515196441808747 0.4217325227963526 0.5437361008154188 0.2613981762917933 0.530763528539659 0.26671732522796354 0.5300222386953298 0.4278115501519757
10 0.5496664195700519 0.4703647416413374 0.5644922164566345 0.5296352583586627 0.5796886582653817 0.5091185410334347 0.5852483320978502 0.4688449848024316 0.5911786508524833 0.22340425531914893 0.5741289844329133 0.21656534954407294 0.5559673832468495 0.39209726443769
11 0.5733876945885842 0.46656534954407297 0.5759822090437361 0.5167173252279635 0.5867309117865085 0.520516717325228 0.5915492957746479 0.5243161094224924 0.6030392883617495 0.5311550151975684 0.6137879911045219 0.49848024316109424 0.6041512231282431 0.2773556231003039 0.5867309117865085 0.2811550151975684 0.5833951074870274 0.40501519756838905
12 0.609340252038547 0.5227963525835866 0.6022979985174203 0.4946808510638298 0.6078576723498889 0.44680851063829785 0.5997034840622684 0.32750759878419455 0.6174944403261675 0.31155015197568386 0.6386212008895478 0.38753799392097266 0.6404744255003706 0.4316109422492401 0.6445515196441809 0.4908814589665654 0.6423276501111935 0.5258358662613982 0.625648628613788 0.5349544072948328 0.6186063750926613 0.520516717325228
13 0.6567828020756116 0.5113981762917933 0.6404744255003706 0.5098784194528876 0.6382505559673832 0.4817629179331307 0.6382505559673832 0.44984802431610943 0.634173461823573 0.31155015197568386 0.6816160118606375 0.3161094224924012 0.6834692364714603 0.38145896656534956 0.6853224610822831 0.4278115501519757 0.6856931060044478 0.48328267477203646 0.6793921423276501 0.5129179331306991
14 0.7016308376575241 0.49772036474164133 0.6856931060044478 0.48328267477203646 0.6808747220163084 0.44452887537993924 0.6808747220163084 0.3966565349544073 0.6708673091178651 0.30547112462006076 0.689770200148258 0.2925531914893617 0.7090437361008154 0.32370820668693007 0.7153446997776131 0.3761398176291793 0.7242401779095626 0.41717325227963525 0.7309117865085248 0.4369300911854103 0.7305411415863603 0.4627659574468085 0.712750185322461 0.49772036474164133
15 0.7223869532987398 0.3700607902735562 0.7060785767234989 0.3708206686930091 0.698295033358043 0.3465045592705167 0.6945885841363973 0.2993920972644377 0.6953298739807264 0.26443768996960487 0.7286879169755375 0.25 0.7379540400296516 0.2613981762917933 0.7435137138621201 0.30015197568389057 0.7516679021497406 0.32598784194528874 0.7435137138621201 0.3533434650455927
16 0.49406968124536693 0.5797872340425532 0.5155670867309118 0.5904255319148937 0.5029651593773166 0.8062310030395137 0.4911045218680504 0.8062310030395137
17 0.5126019273535952 0.5858662613981763 0.5370644922164566 0.6041033434650456 0.513713862120089 0.7895136778115501 0.5011119347664937 0.7895136778115501
18 0.5300222386953298 0.6793313069908815 0.541882876204596 0.5721884498480243 0.5581912527798369 0.5927051671732523 0.5607857672349889 0.6671732522796353 0.5515196441808747 0.8480243161094225 0.5252038547071906 0.8449848024316109
19 0.56412157153447 0.6854103343465046 0.5500370644922165 0.5980243161094225 0.5644922164566345 0.5706686930091185 0.5815418828762046 0.5889057750759878 0.5885841363973313 0.6337386018237082 0.5815418828762046 0.8259878419452887 0.5663454410674573 0.831306990881459
20 0.5911786508524833 0.6907294832826748 0.588954781319496 0.6375379939209727 0.5796886582653817 0.5835866261398176 0.5985915492957746 0.5737082066869301 0.6219421793921424 0.5942249240121581 0.6178650852483321 0.6496960486322189 0.6160118606375092 0.7036474164133738 0.636767976278725 0.7674772036474165 0.623054114158636 0.7933130699088146 0.6004447739065975 0.7340425531914894
21 0.6267605633802817 0.6451367781155015 0.6123054114158636 0.5949848024316109 0.6137879911045219 0.5630699088145896 0.6363973313565604 0.5577507598784195 0.6590066716085989 0.5516717325227963 0.6738324684951816 0.5630699088145896 0.6756856931060045 0.6246200607902735 0.7071905114899926 0.763677811550152 0.6493699036323203 0.797112462006079 0.6363973313565604 0.7226443768996961
22 0.683839881393625 0.628419452887538 0.667531504818384 0.5721884498480243 0.6719792438843588 0.541033434650456 0.6864343958487769 0.5273556231003039 0.7083024462564863 0.5220364741641338 0.7209043736100815 0.5357142857142857 0.7249814677538917 0.5516717325227963 0.7268346923647147 0.6155015197568389 0.7468495181616012 0.7150455927051672 0.7160859896219421 0.7393617021276596 0.6945885841363973 0.6778115501519757
23 0.7531504818383988 0.6762917933130699 0.7386953298739807 0.6664133738601824 0.7268346923647147 0.6428571428571429 0.7253521126760564 0.6071428571428571 0.7297998517420311 0.5706686930091185 0.7379540400296516 0.5463525835866262 0.7587101556708673 0.5478723404255319 0.7757598220904374 0.5706686930091185 0.7831727205337287 0.5942249240121581 0.7802075611564122 0.6519756838905775
24 0.4747961452928095 0.5820668693009119 0.49406968124536693 0.5782674772036475 0.4911045218680504 0.8092705167173252 0.4792438843587843 0.8153495440729484
25 0.4558932542624166 0.5851063829787234 0.477761304670126 0.5782674772036475 0.4792438843587843 0.8183890577507599 0.4614529280948851 0.8183890577507599
26 0.42327650111193477 0.8282674772036475 0.43439584877687176 0.7370820668693009 0.43439584877687176 0.6466565349544073 0.4303187546330615 0.5904255319148937 0.4458858413639733 0.5691489361702128 0.46108228317272054 0.5858662613981763 0.4592290585618977 0.6671732522796353 0.4551519644180875 0.7963525835866262 0.4369903632320237 0.8487841945288754
27 0.4080800593031875 0.8168693009118541 0.4099332839140104 0.6960486322188449 0.405114899925871 0.6094224924012158 0.4099332839140104 0.5820668693009119 0.4262416604892513 0.5737082066869301 0.43773165307635287 0.5942249240121581 0.438472942920682 0.6504559270516718 0.43254262416604894 0.7743161094224924 0.4195700518902891 0.8525835866261399
28 0.35841363973313567 0.8100303951367781 0.37064492216456635 0.743161094224924 0.37731653076352856 0.6519756838905775 0.3843587842846553 0.5759878419452887 0.4062268346923647 0.5668693009118541 0.4177168272794663 0.5851063829787234 0.41697553743513716 0.601823708206687 0.4043736100815419 0.6838905775075987 0.3762045959970348 0.8001519756838906
29 0.3109710896960712 0.7446808510638298 0.3220904373610082 0.6519756838905775 0.33395107487027426 0.6208206686930091 0.3365455893254262 0.5737082066869301 0.34173461823573015 0.5463525835866262 0.3699036323202372 0.5592705167173252 0.38621200889547813 0.574468085106383 0.385470719051149 0.6117021276595744 0.3762045959970348 0.6648936170212766 0.36100815418828763 0.7743161094224924 0.34544106745737585 0.7948328267477204
30 0.26612305411415865 0.6914893617021277 0.2842846553002224 0.6109422492401215 0.2887323943661972 0.5691489361702128 0.29021497405485547 0.5243161094224924 0.2968865826538176 0.5144376899696048 0.3076352853965901 0.5113981762917933 0.32134914751667903 0.5258358662613982 0.33580429948109713 0.5319148936170213 0.34395848776871757 0.5683890577507599 0.3383988139362491 0.6109422492401215 0.32134914751667903 0.6595744680851063 0.31504818383988137 0.6869300911854104 0.29762787249814676 0.7021276595744681 0.2805782060785767 0.7135258358662614
31 0.24722016308376576 0.6390577507598785 0.2279466271312083 0.581306990881459 0.2346182357301705 0.5395136778115501 0.2542624166048925 0.5167173252279635 0.2713120830244626 0.5144376899696048 0.2842846553002224 0.5516717325227963 0.2887323943661972 0.581306990881459 0.29058561897702 0.6132218844984803 0.2750185322461082 0.6443768996960486 0.2535211267605634 0.6443768996960486