0 0.4660293615568453 0.547112462006079 0.47832024581768523 0.5501519756838906 0.4861727552065551 0.5478723404255319 0.4899283031751451 0.5478723404255319 0.4906111300785251 0.49772036474164133 0.4803687265278252 0.28419452887537994 0.46227381358825537 0.2925531914893617 0.4670536019119153 0.3677811550151976 0.46739501536360534 0.3898176291793313 0.46739501536360534 0.41641337386018235 0.4670536019119153 0.48404255319148937 0.46568794810515535 0.5091185410334347 0.46466370775008536 0.5349544072948328
1 0.44554455445544555 0.5433130699088146 0.4510071696824855 0.5448328267477204 0.45817685216797543 0.5448328267477204 0.46227381358825537 0.547112462006079 0.46568794810515535 0.5357142857142857 0.46739501536360534 0.4642857142857143 0.4701263229771253 0.2811550151975684 0.4520314100375555 0.2773556231003039 0.4510071696824855 0.3860182370820669 0.4469102082622055 0.4156534954407295 0.44656879481051553 0.4688449848024316 0.44315466029361555 0.5045592705167173 0.44315466029361555 0.5303951367781155
3 0.40696483441447595 0.520516717325228 0.41379310344827586 0.5250759878419453 0.42130419938545577 0.5281155015197568 0.42471833390235575 0.5273556231003039 0.42642540116080574 0.5182370820668692 0.42813246841925573 0.5106382978723404 0.43052236258108567 0.49012158054711247 0.4291567087743257 0.4566869300911854 0.4226698531922158 0.2507598784194529 0.4086719016729259 0.26367781155015196 0.4066234209627859 0.39361702127659576 0.40696483441447595 0.41033434650455924 0.40696483441447595 0.4308510638297872 0.404233526800956 0.4521276595744681 0.40457494025264595 0.4787234042553192 0.40559918060771594 0.5030395136778115
5 0.3608740184363264 0.5182370820668692 0.3632639125981564 0.5250759878419453 0.3687265278251963 0.5250759878419453 0.37384772960054624 0.5281155015197568 0.3789689313758962 0.5319148936170213 0.38511437350631617 0.5319148936170213 0.3916012290884261 0.5144376899696048 0.3905769887333561 0.4566869300911854 0.3823830658927962 0.2560790273556231 0.3632639125981564 0.2712765957446808 0.36428815295322636 0.4065349544072948 0.3622396722430864 0.4369300911854103 0.3622396722430864 0.4635258358662614 0.35780129737111643 0.47112462006079026 0.35780129737111643 0.49240121580547114
7 0.2830317514510072 0.5227963525835866 0.29600546261522703 0.5197568389057751 0.30556503926254697 0.5220364741641338 0.3120518948446569 0.5227963525835866 0.3199044042335268 0.5250759878419453 0.3212700580402868 0.5151975683890577 0.3178559235233868 0.4635258358662614 0.3086377603277569 0.3191489361702128 0.29156708774325707 0.32674772036474165 0.2895186070331171 0.4331306990881459 0.2895186070331171 0.44680851063829785 0.2884943666780471 0.4612462006079027 0.28576305906452715 0.47416413373860183 0.2837145783543872 0.4817629179331307 0.28166609764424716 0.49544072948328266 0.2806418572891772 0.5098784194528876
8 0.4919767838852851 0.5455927051671733 0.503243427791055 0.5455927051671733 0.5151928986002049 0.5455927051671733 0.5182656196654148 0.5349544072948328 0.5172413793103449 0.49164133738601823 0.5227039945373848 0.28419452887537994 0.5035848412427449 0.28495440729483285 0.498122226015705 0.41033434650455924 0.49402526459542506 0.47188449848024316 0.4912939569819051 0.4992401215805471
9 0.5179242062137248 0.541033434650456 0.5247524752475248 0.5524316109422492 0.5288494366678047 0.5509118541033434 0.5339706384431546 0.5478723404255319 0.5356777057016047 0.541033434650456 0.5397746671218846 0.4749240121580547 0.5367019460566747 0.39893617021276595 0.5407989074769546 0.30775075987841943 0.5295322635711847 0.31458966565349544 0.5216797541823148 0.4012158054711246 0.5192898600204848 0.42325227963525835 0.5192898600204848 0.4566869300911854 0.5172413793103449 0.4870820668693009
10 0.5339706384431546 0.5258358662613982 0.5384090133151246 0.5379939209726444 0.5401160805735746 0.5455927051671733 0.5493342437692045 0.5577507598784195 0.5537726186411744 0.5577507598784195 0.5568453397063844 0.5577507598784195 0.5595766473199044 0.5326747720364742 0.5595766473199044 0.49772036474164133 0.5595766473199044 0.4338905775075988 0.5612837145783544 0.2811550151975684 0.5476271765107545 0.2743161094224924 0.5407989074769546 0.4004559270516717 0.5390918402185046 0.42401215805471126 0.5384090133151246 0.46200607902735563 0.5377261864117446 0.4825227963525836 0.5356777057016047 0.5129179331306991
11 0.5558210993513144 0.5015197568389058 0.5524069648344144 0.5273556231003039 0.5527483782861045 0.5478723404255319 0.5527483782861045 0.5638297872340425 0.5640150221918744 0.5623100303951368 0.5732331853875042 0.5737082066869301 0.5817685216797542 0.5600303951367781 0.5800614544213042 0.49544072948328266 0.5865483100034141 0.2978723404255319 0.5691362239672243 0.2948328267477204 0.5629907818368044 0.4004559270516717 0.5595766473199044 0.44452887537993924 0.5592352338682144 0.47188449848024316 0.5571867531580744 0.4878419452887538
12 0.5718675315807443 0.5585106382978723 0.5718675315807443 0.5455927051671733 0.5739160122908843 0.5243161094224924 0.5793786275179242 0.5 0.5923523386821441 0.30243161094224924 0.6090815978149539 0.303951367781155 0.602253328781154 0.4209726443768997 0.601229088426084 0.47112462006079026 0.6025947422328439 0.5250759878419453 0.6036189825879139 0.5509118541033434 0.6036189825879139 0.5706686930091185 0.598839194264254 0.5782674772036475 0.595425059747354 0.5782674772036475 0.5923523386821441 0.5782674772036475 0.5868897234551042 0.5737082066869301 0.5817685216797542 0.5683890577507599 0.5763059064527143 0.5653495440729484
14 0.6237623762376238 0.5547112462006079 0.6261522703994538 0.5227963525835866 0.6377603277569136 0.4870820668693009 0.6654148173438034 0.35790273556231 0.6821440764766131 0.3761398176291793 0.6671218846022533 0.42857142857142855 0.6616592693752134 0.5030395136778115 0.6654148173438034 0.5349544072948328 0.6637077500853533 0.5562310030395137 0.6572208945032434 0.567629179331307 0.6514168658245135 0.5653495440729484 0.6449300102424036 0.560790273556231 0.6322977125298737 0.560790273556231
15 0.6756572208945032 0.5653495440729484 0.6688289518607033 0.5653495440729484 0.6647319904404233 0.5653495440729484 0.6602936155684535 0.5524316109422492 0.6637077500853533 0.5250759878419453 0.6640491635370434 0.4787234042553192 0.6654148173438034 0.4065349544072948 0.6719016729259133 0.4012158054711246 0.6773642881529532 0.45592705167173253 0.6783885285080232 0.4696048632218845 0.6800955957664732 0.49240121580547114 0.6831683168316832 0.5258358662613982 0.6824854899283032 0.5531914893617021 0.6811198361215431 0.5600303951367781
16 0.4871969955616251 0.5729483282674772 0.5035848412427449 0.5782674772036475 0.5076818026630249 0.5942249240121581 0.502560600887675 0.6306990881458967 0.495390918402185 0.7925531914893617 0.48446568794810513 0.7857142857142857 0.4827586206896552 0.6914893617021277
17 0.504267668146125 0.5752279635258358 0.5104131102765449 0.5752279635258358 0.5196312734721747 0.5752279635258358 0.5237282348924548 0.5729483282674772 0.5271423694093548 0.60790273556231 0.5100716968248549 0.8001519756838906 0.500170706725845 0.7940729483282675 0.5022191874359849 0.6876899696048632 0.5022191874359849 0.6694528875379939 0.504267668146125 0.6306990881458967 0.504267668146125 0.6086626139817629 0.5035848412427449 0.5881458966565349
18 0.5230454079890747 0.6360182370820668 0.5285080232161147 0.5942249240121581 0.5401160805735746 0.5942249240121581 0.5476271765107545 0.6238601823708206 0.5489928303175146 0.6458966565349544 0.5407989074769546 0.7021276595744681 0.5261181290542848 0.824468085106383 0.5158757255035848 0.8191489361702128 0.5172413793103449 0.729483282674772 0.5216797541823148 0.7021276595744681 0.5230454079890747 0.6778115501519757 0.5247524752475248 0.6512158054711246
22 0.6374189143052236 0.6512158054711246 0.6398088084670536 0.6306990881458967 0.6425401160805736 0.6094224924012158 0.6445885967907136 0.6033434650455927 0.6592693752133834 0.601063829787234 0.6630249231819734 0.601063829787234 0.6766814612495732 0.6139817629179332 0.6800955957664732 0.6496960486322189 0.693410720382383 0.7750759878419453 0.6660976442471833 0.7879939209726444 0.6432229429839535 0.689209726443769
24 0.4670536019119153 0.5752279635258358 0.4861727552065551 0.5737082066869301 0.48412427449641515 0.6056231003039514 0.4820757937862752 0.6185410334346505 0.48071013997951517 0.6565349544072948 0.47627176510754526 0.7651975683890577 0.46398088084670536 0.7606382978723404 0.46466370775008536 0.6778115501519757 0.46807784226698534 0.6170212765957447
25 0.4469102082622055 0.5600303951367781 0.46807784226698534 0.5683890577507599 0.4612495732331854 0.6086626139817629 0.4626152270399454 0.7735562310030395 0.44315466029361555 0.7781155015197568 0.44417890064868554 0.6474164133738601 0.4434960737453056 0.601063829787234
26 0.42574257425742573 0.5531914893617021 0.44213041993854557 0.5585106382978723 0.44554455445544555 0.5987841945288754 0.44656879481051553 0.6648936170212766 0.4407647661317856 0.8237082066869301 0.4216456128371458 0.8115501519756839 0.42369409354728577 0.7272036474164134 0.42301126664390576 0.6876899696048632 0.42301126664390576 0.6565349544072948 0.4202799590303858 0.6063829787234043
27 0.39877091157391603 0.601063829787234 0.397405257767156 0.5638297872340425 0.40696483441447595 0.5509118541033434 0.41379310344827586 0.547112462006079 0.42232843974052575 0.5531914893617021 0.4298395356777057 0.5759878419452887 0.42369409354728577 0.6132218844984803 0.41789006486855584 0.7196048632218845 0.39296688289518605 0.851063829787234 0.38511437350631617 0.8214285714285714 0.38511437350631617 0.7788753799392097 0.39638101741208603 0.7196048632218845
28 0.3748719699556162 0.6268996960486323 0.37794469102082623 0.601823708206687 0.38272447934448617 0.5759878419452887 0.38716285421645613 0.5714285714285714 0.39194264254011607 0.5752279635258358 0.3950153636053261 0.5752279635258358 0.398429498122226 0.5866261398176292 0.396722430863776 0.6565349544072948 0.3885285080232161 0.7477203647416414 0.37350631614885627 0.8320668693009119 0.3598497780812564 0.8259878419452887 0.36189825879139637 0.7955927051671733 0.37111642198702627 0.7401215805471124
30 0.3154660293615568 0.601823708206687 0.32673267326732675 0.5714285714285714 0.3489245476271765 0.5782674772036475 0.3523386821440765 0.5858662613981763 0.35336292249914647 0.6185410334346505 0.3506316148856265 0.6519756838905775 0.29498122226015705 0.7575987841945289 0.28473881870945716 0.7386018237082067 0.2826903379993172 0.7120060790273556
31 0.24615909866848754 0.6641337386018237 0.26220553089791737 0.6261398176291794 0.2744964151587573 0.6003039513677811 0.2803004438374872 0.5653495440729484 0.28405599180607716 0.5395136778115501 0.298736770228747 0.5425531914893617 0.3100034141345169 0.5501519756838906 0.3171730966200068 0.5531914893617021 0.32263571184704676 0.5562310030395137 0.3222942983953568 0.5782674772036475 0.3069306930693069 0.6208206686930091 0.29327415500170706 0.6458966565349544 0.2608398770911574 0.6998480243161094