0 0.47874493927125505 0.3555327868852459 0.48026315789473684 0.48258196721311475 0.4797570850202429 0.5450819672131147 0.45546558704453444 0.5409836065573771 0.45394736842105265 0.5081967213114754 0.458502024291498 0.47950819672131145 0.4564777327935223 0.4405737704918033 0.4625506072874494 0.3463114754098361 0.4782388663967611 0.3463114754098361
1 0.46356275303643724 0.3463114754098361 0.4574898785425101 0.4262295081967213 0.4549595141700405 0.4569672131147541 0.4574898785425101 0.48360655737704916 0.45445344129554655 0.4989754098360656 0.45445344129554655 0.5163934426229508 0.45394736842105265 0.5348360655737705 0.44281376518218624 0.5358606557377049 0.4397773279352227 0.5368852459016393 0.4347165991902834 0.5276639344262295 0.4342105263157895 0.5163934426229508 0.43370445344129555 0.49077868852459017 0.43370445344129555 0.4713114754098361 0.4367408906882591 0.4385245901639344 0.4438259109311741 0.3442622950819672
2 0.4367408906882591 0.32889344262295084 0.4357287449392713 0.46209016393442626 0.4347165991902834 0.48770491803278687 0.4347165991902834 0.4989754098360656 0.430668016194332 0.5235655737704918 0.4291497975708502 0.5317622950819673 0.423582995951417 0.5368852459016393 0.4200404858299595 0.5389344262295082 0.4149797570850202 0.5368852459016393 0.4104251012145749 0.5327868852459017 0.41143724696356276 0.5184426229508197 0.41143724696356276 0.5010245901639344 0.4109311740890688 0.48770491803278687 0.4084008097165992 0.4672131147540984 0.4089068825910931 0.444672131147541 0.4139676113360324 0.32172131147540983 0.4352226720647773 0.32172131147540983
8 0.48582995951417 0.3463114754098361 0.4812753036437247 0.48463114754098363 0.4812753036437247 0.5420081967213115 0.4974696356275304 0.5409836065573771 0.5055668016194332 0.5297131147540983 0.5060728744939271 0.4989754098360656 0.507085020242915 0.33709016393442626 0.48633603238866396 0.33401639344262296
9 0.507085020242915 0.33401639344262296 0.5050607287449392 0.48668032786885246 0.5060728744939271 0.5030737704918032 0.5060728744939271 0.5163934426229508 0.507085020242915 0.5266393442622951 0.5106275303643725 0.5348360655737705 0.5161943319838057 0.5368852459016393 0.520242914979757 0.5327868852459017 0.5237854251012146 0.5266393442622951 0.5263157894736842 0.5184426229508197 0.5258097165991903 0.507172131147541 0.5232793522267206 0.492827868852459 0.5227732793522267 0.48258196721311475 0.5242914979757085 0.4692622950819672 0.521255060728745 0.32786885245901637
10 0.5227732793522267 0.32786885245901637 0.5237854251012146 0.4805327868852459 0.5232793522267206 0.4887295081967213 0.5253036437246964 0.5030737704918032 0.527834008097166 0.5163934426229508 0.5344129554655871 0.5266393442622951 0.5445344129554656 0.5235655737704918 0.5480769230769231 0.5051229508196722 0.5501012145748988 0.47438524590163933 0.5480769230769231 0.3125 0.5222672064777328 0.3114754098360656
13 0.5921052631578947 0.3422131147540984 0.5855263157894737 0.4364754098360656 0.5880566801619433 0.4682377049180328 0.5880566801619433 0.4948770491803279 0.5880566801619433 0.5163934426229508 0.5946356275303644 0.5307377049180327 0.6007085020242915 0.5307377049180327 0.611336032388664 0.5266393442622951 0.618421052631579 0.5163934426229508 0.6204453441295547 0.4989754098360656 0.6199392712550608 0.4764344262295082 0.6189271255060729 0.42110655737704916 0.6169028340080972 0.3360655737704918 0.5905870445344129 0.33299180327868855
14 0.618421052631579 0.32479508196721313 0.618421052631579 0.46311475409836067 0.6199392712550608 0.47848360655737704 0.6204453441295547 0.48668032786885246 0.6204453441295547 0.4989754098360656 0.6204453441295547 0.5122950819672131 0.6204453441295547 0.5204918032786885 0.6300607287449392 0.5256147540983607 0.6366396761133604 0.5297131147540983 0.6447368421052632 0.5286885245901639 0.6563765182186235 0.5122950819672131 0.6609311740890689 0.4918032786885246 0.6578947368421053 0.47540983606557374 0.6503036437246964 0.4385245901639344 0.6492914979757085 0.39139344262295084 0.6437246963562753 0.3176229508196721
5 0.3709514170040486 0.3463114754098361 0.36538461538461536 0.45901639344262296 0.3699392712550607 0.47848360655737704 0.3709514170040486 0.48668032786885246 0.3714574898785425 0.4948770491803279 0.37044534412955465 0.5102459016393442 0.37044534412955465 0.5235655737704918 0.3674089068825911 0.5348360655737705 0.3603238866396761 0.5399590163934426 0.3532388663967611 0.5430327868852459 0.3436234817813765 0.5389344262295082 0.3375506072874494 0.5348360655737705 0.3340080971659919 0.5297131147540983 0.3314777327935223 0.5184426229508197 0.3324898785425101 0.5040983606557377 0.3350202429149798 0.4805327868852459 0.33653846153846156 0.4610655737704918 0.3355263157894737 0.40061475409836067 0.33856275303643724 0.3524590163934426
6 0.31781376518218624 0.33299180327868855 0.2889676113360324 0.49077868852459017 0.3208502024291498 0.5266393442622951 0.3324898785425101 0.5163934426229508 0.3355263157894737 0.4764344262295082 0.3436234817813765 0.3463114754098361
21 0.6108299595141701 0.5389344262295082 0.5991902834008097 0.5491803278688525 0.597165991902834 0.5543032786885246 0.5961538461538461 0.5645491803278688 0.5981781376518218 0.5727459016393442 0.6032388663967612 0.5881147540983607 0.6406882591093117 0.7079918032786885 0.6786437246963563 0.6649590163934426 0.6503036437246964 0.5850409836065574 0.6427125506072875 0.5532786885245902 0.6381578947368421 0.5338114754098361 0.632085020242915 0.5256147540983607 0.6194331983805668 0.5297131147540983
20 0.597165991902834 0.5440573770491803 0.5981781376518218 0.5512295081967213 0.6002024291497976 0.5594262295081968 0.6007085020242915 0.5655737704918032 0.6007085020242915 0.576844262295082 0.6017206477732794 0.5860655737704918 0.6128542510121457 0.7069672131147541 0.6007085020242915 0.7151639344262295 0.576417004048583 0.5983606557377049 0.5748987854251012 0.5778688524590164 0.5754048582995951 0.5532786885245902 0.5779352226720648 0.5471311475409836 0.583502024291498 0.5440573770491803 0.590080971659919 0.5420081967213115
19 0.569331983805668 0.5491803278688525 0.562753036437247 0.5461065573770492 0.555161943319838 0.5471311475409836 0.5531376518218624 0.5522540983606558 0.5506072874493927 0.5614754098360656 0.5516194331983806 0.5737704918032787 0.5581983805668016 0.6752049180327869 0.5612348178137652 0.7110655737704918 0.5804655870445344 0.7100409836065574 0.576417004048583 0.6157786885245902 0.5754048582995951 0.5778688524590164 0.5748987854251012 0.5594262295081968 0.5748987854251012 0.548155737704918
18 0.5273279352226721 0.5502049180327869 0.5217611336032388 0.5563524590163934 0.520242914979757 0.5604508196721312 0.5187246963562753 0.5665983606557377 0.5172064777327935 0.5737704918032787 0.5192307692307693 0.6547131147540983 0.5394736842105263 0.7469262295081968 0.5576923076923077 0.7264344262295082 0.5435222672064778 0.6547131147540983 0.5425101214574899 0.5983606557377049 0.542004048582996 0.5747950819672131 0.5379554655870445 0.5563524590163934 0.5318825910931174 0.5491803278688525
17 0.5106275303643725 0.5522540983606558 0.4984817813765182 0.5563524590163934 0.4984817813765182 0.5809426229508197 0.5 0.639344262295082 0.5005060728744939 0.757172131147541 0.5141700404858299 0.757172131147541 0.5161943319838057 0.6188524590163934 0.5177125506072875 0.5809426229508197 0.520242914979757 0.5522540983606558
30 0.3142712550607287 0.5327868852459017 0.2965587044534413 0.5778688524590164 0.2692307692307692 0.6618852459016393 0.3001012145748988 0.701844262295082 0.3375506072874494 0.625 0.3598178137651822 0.5778688524590164 0.35526315789473684 0.5522540983606558 0.34615384615384615 0.5461065573770492 0.33805668016194335 0.5368852459016393 0.3299595141700405 0.5307377049180327 0.31629554655870445 0.5307377049180327
16 0.4924089068825911 0.5594262295081968 0.48026315789473684 0.569672131147541 0.4807692307692308 0.7397540983606558 0.4984817813765182 0.7387295081967213 0.5010121457489879 0.6362704918032787 0.4984817813765182 0.5717213114754098 0.4959514170040486 0.5584016393442623
25 0.4519230769230769 0.5625 0.4423076923076923 0.5655737704918032 0.44129554655870445 0.5819672131147541 0.44888663967611336 0.7377049180327869 0.4681174089068826 0.7346311475409836 0.465080971659919 0.6260245901639344 0.4625506072874494 0.5604508196721312
26 0.4311740890688259 0.555327868852459 0.4251012145748988 0.5573770491803278 0.4225708502024291 0.5655737704918032 0.42054655870445345 0.569672131147541 0.42054655870445345 0.5778688524590164 0.4215587044534413 0.5850409836065574 0.42054655870445345 0.5932377049180327 0.41953441295546556 0.6034836065573771 0.4190283400809717 0.6352459016393442 0.4068825910931174 0.7274590163934426 0.42813765182186236 0.7448770491803278 0.44129554655870445 0.6372950819672131 0.44129554655870445 0.576844262295082 0.44129554655870445 0.5573770491803278
27 0.40789473684210525 0.5635245901639344 0.402834008097166 0.5635245901639344 0.39979757085020245 0.5706967213114754 0.3982793522267207 0.5758196721311475 0.39625506072874495 0.5819672131147541 0.3942307692307692 0.5911885245901639 0.3841093117408907 0.7592213114754098 0.41143724696356276 0.7612704918032787 0.41295546558704455 0.6895491803278688 0.41953441295546556 0.6413934426229508 0.42054655870445345 0.6157786885245902 0.42054655870445345 0.6024590163934426 0.42054655870445345 0.5963114754098361 0.42206477732793524 0.5891393442622951 0.4215587044534413 0.5799180327868853 0.4185222672064777 0.5686475409836066 0.4144736842105263 0.5645491803278688
28 0.39271255060728744 0.5573770491803278 0.3866396761133603 0.5532786885245902 0.3810728744939271 0.5512295081967213 0.375 0.5543032786885246 0.37044534412955465 0.5635245901639344 0.3699392712550607 0.5737704918032787 0.35020242914979755 0.7459016393442623 0.3734817813765182 0.7622950819672131 0.39220647773279355 0.6096311475409836 0.395748987854251 0.5891393442622951 0.3977732793522267 0.576844262295082 0.39979757085020245 0.5665983606557377 0.3977732793522267 0.5584016393442623