0 0.451417004048583 0.36577868852459017 0.45040485829959515 0.4108606557377049 0.4483805668016194 0.4456967213114754 0.45040485829959515 0.4713114754098361 0.4524291497975709 0.5010245901639344 0.4524291497975709 0.548155737704918 0.4832995951417004 0.5461065573770492 0.4812753036437247 0.5112704918032787 0.479251012145749 0.45799180327868855 0.479251012145749 0.41290983606557374 0.4777327935222672 0.375 0.4686234817813765 0.3452868852459016 0.451417004048583 0.33811475409836067
1 0.4326923076923077 0.34938524590163933 0.430668016194332 0.36577868852459017 0.4276315789473684 0.4026639344262295 0.4276315789473684 0.4323770491803279 0.42864372469635625 0.46209016393442626 0.4326923076923077 0.5030737704918032 0.4326923076923077 0.5307377049180327 0.43370445344129555 0.5502049180327869 0.4473684210526316 0.5461065573770492 0.4524291497975709 0.5286885245901639 0.4524291497975709 0.48360655737704916 0.451417004048583 0.4456967213114754 0.45040485829959515 0.41700819672131145 0.45040485829959515 0.38729508196721313 0.4483805668016194 0.3411885245901639
2 0.4180161943319838 0.35963114754098363 0.4144736842105263 0.375 0.4124493927125506 0.40061475409836067 0.4063765182186235 0.4385245901639344 0.4063765182186235 0.4713114754098361 0.4063765182186235 0.507172131147541 0.4073886639676113 0.5461065573770492 0.4200404858299595 0.5522540983606558 0.4271255060728745 0.5389344262295082 0.4276315789473684 0.507172131147541 0.42864372469635625 0.44979508196721313 0.42864372469635625 0.41290983606557374 0.4316801619433198 0.3729508196721312 0.4326923076923077 0.3555327868852459
3 0.395748987854251 0.35758196721311475 0.38917004048583 0.38729508196721313 0.3861336032388664 0.40061475409836067 0.3841093117408907 0.42418032786885246 0.3841093117408907 0.46209016393442626 0.3841093117408907 0.4969262295081967 0.3861336032388664 0.5204918032786885 0.4043522267206478 0.5430327868852459 0.41700404858299595 0.5204918032786885 0.41700404858299595 0.49385245901639346 0.41700404858299595 0.45594262295081966 0.4144736842105263 0.4047131147540984 0.41346153846153844 0.3709016393442623 0.41346153846153844 0.3452868852459016 0.4023279352226721 0.3411885245901639
4 0.3674089068825911 0.3432377049180328 0.3643724696356275 0.38934426229508196 0.36285425101214575 0.42418032786885246 0.3618421052631579 0.45594262295081966 0.3618421052631579 0.4918032786885246 0.3618421052631579 0.5092213114754098 0.3694331983805668 0.5225409836065574 0.3810728744939271 0.5225409836065574 0.39068825910931176 0.5153688524590164 0.39068825910931176 0.48155737704918034 0.38714574898785425 0.4426229508196721 0.3851214574898785 0.39139344262295084 0.3881578947368421 0.35963114754098363 0.38917004048583 0.33811475409836067
5 0.3431174089068826 0.3401639344262295 0.340080971659919 0.36168032786885246 0.33653846153846156 0.3831967213114754 0.3324898785425101 0.4067622950819672 0.3284412955465587 0.430327868852459 0.31983805668016196 0.4713114754098361 0.31781376518218624 0.4948770491803279 0.3274291497975709 0.5153688524590164 0.3451417004048583 0.5174180327868853 0.37044534412955465 0.5153688524590164 0.3684210526315789 0.48155737704918034 0.3684210526315789 0.4405737704918033 0.3674089068825911 0.39139344262295084 0.3638663967611336 0.35348360655737704 0.36285425101214575 0.3360655737704918 0.36082995951417 0.3237704918032787 0.3481781376518219 0.32172131147540983
6 0.326417004048583 0.3084016393442623 0.31983805668016196 0.33811475409836067 0.3132591093117409 0.36168032786885246 0.3021255060728745 0.38729508196721313 0.2894736842105263 0.42008196721311475 0.284919028340081 0.44364754098360654 0.284919028340081 0.4600409836065574 0.29959514170040485 0.4969262295081967 0.3157894736842105 0.4989754098360656 0.31983805668016196 0.4774590163934426 0.3259109311740891 0.44774590163934425 0.3324898785425101 0.4108606557377049 0.34210526315789475 0.375 0.35121457489878544 0.3319672131147541 0.3527327935222672 0.3176229508196721
7 0.3041497975708502 0.2827868852459016 0.2935222672064777 0.3104508196721312 0.2859311740890688 0.32991803278688525 0.2758097165991903 0.34938524590163933 0.2682186234817814 0.3729508196721312 0.27125506072874495 0.4067622950819672 0.2839068825910931 0.42827868852459017 0.29554655870445345 0.42213114754098363 0.30516194331983804 0.39241803278688525 0.3168016194331984 0.35758196721311475 0.3284412955465587 0.319672131147541 0.3324898785425101 0.30225409836065575 0.3147773279352227 0.2807377049180328
8 0.4782388663967611 0.3452868852459016 0.4757085020242915 0.39139344262295084 0.4757085020242915 0.4344262295081967 0.4767206477732793 0.48360655737704916 0.479251012145749 0.5245901639344263 0.49190283400809715 0.548155737704918 0.5 0.548155737704918 0.5096153846153846 0.5409836065573771 0.5035425101214575 0.4969262295081967 0.5020242914979757 0.4713114754098361 0.5020242914979757 0.430327868852459 0.5 0.38524590163934425 0.49696356275303644 0.3319672131147541
9 0.5010121457489879 0.33811475409836067 0.49898785425101216 0.375 0.4979757085020243 0.4180327868852459 0.5030364372469636 0.4600409836065574 0.5055668016194332 0.4969262295081967 0.5086032388663968 0.5389344262295082 0.5161943319838057 0.5450819672131147 0.5232793522267206 0.5266393442622951 0.5242914979757085 0.4969262295081967 0.5242914979757085 0.44979508196721313 0.5232793522267206 0.38114754098360654 0.520242914979757 0.32581967213114754 0.5126518218623481 0.3145491803278688 0.506578947368421 0.3155737704918033
10 0.520242914979757 0.33811475409836067 0.5172064777327935 0.36885245901639346 0.5172064777327935 0.41700819672131145 0.521255060728745 0.4661885245901639 0.5263157894736842 0.5133196721311475 0.5339068825910931 0.5307377049180327 0.5409919028340081 0.5204918032786885 0.5389676113360324 0.47950819672131145 0.5379554655870445 0.44364754098360654 0.5389676113360324 0.4026639344262295 0.5399797570850202 0.33401639344262296 0.5288461538461539 0.3145491803278688
11 0.5409919028340081 0.3176229508196721 0.5359311740890689 0.3790983606557377 0.5369433198380567 0.4323770491803279 0.5425101214574899 0.49385245901639346 0.548582995951417 0.5133196721311475 0.5652834008097166 0.5133196721311475 0.5642712550607287 0.4641393442622951 0.5632591093117408 0.4067622950819672 0.5632591093117408 0.33401639344262296 0.5526315789473685 0.29815573770491804
12 0.5668016194331984 0.3155737704918033 0.5612348178137652 0.36168032786885246 0.5561740890688259 0.4364754098360656 0.5561740890688259 0.48360655737704916 0.562246963562753 0.4989754098360656 0.583502024291498 0.5092213114754098 0.5895748987854251 0.48975409836065575 0.5885627530364372 0.44774590163934425 0.5875506072874493 0.375 0.5875506072874493 0.3237704918032787 0.5814777327935222 0.3043032786885246
13 0.5875506072874493 0.319672131147541 0.583502024291498 0.3831967213114754 0.5855263157894737 0.45594262295081966 0.5961538461538461 0.49385245901639346 0.6148785425101214 0.4989754098360656 0.6275303643724697 0.4774590163934426 0.6224696356275303 0.42418032786885246 0.6158906882591093 0.3637295081967213 0.6128542510121457 0.3155737704918033
14 0.6098178137651822 0.319672131147541 0.6108299595141701 0.3668032786885246 0.6169028340080972 0.4149590163934426 0.6285425101214575 0.45594262295081966 0.6381578947368421 0.4692622950819672 0.652834008097166 0.45799180327868855 0.6553643724696356 0.42827868852459017 0.6508097165991903 0.38934426229508196 0.6361336032388664 0.3452868852459016 0.6265182186234818 0.3145491803278688 0.618421052631579 0.30225409836065575
15 0.6224696356275303 0.2899590163934426 0.6244939271255061 0.3104508196721312 0.6341093117408907 0.3555327868852459 0.645748987854251 0.38934426229508196 0.6624493927125507 0.41290983606557374 0.6720647773279352 0.3944672131147541 0.6730769230769231 0.3555327868852459 0.6700404858299596 0.32172131147540983 0.6584008097165992 0.2848360655737705 0.6427125506072875 0.24282786885245902 0.6341093117408907 0.23770491803278687
16 0.48633603238866396 0.7059426229508197 0.48633603238866396 0.6885245901639344 0.4853238866396761 0.6485655737704918 0.48431174089068824 0.6034836065573771 0.48228744939271256 0.5758196721311475 0.49038461538461536 0.5665983606557377 0.4959514170040486 0.5737704918032787 0.49291497975708504 0.6096311475409836 0.4939271255060729 0.6413934426229508 0.4949392712550607 0.673155737704918 0.4979757085020243 0.7038934426229508 0.4979757085020243 0.7182377049180327
17 0.506578947368421 0.7243852459016393 0.5161943319838057 0.6629098360655737 0.5161943319838057 0.5973360655737705 0.5156882591093117 0.5799180327868853 0.5075910931174089 0.5706967213114754 0.5020242914979757 0.5717213114754098 0.5 0.5942622950819673 0.5 0.6198770491803278 0.49898785425101216 0.639344262295082 0.49898785425101216 0.6690573770491803 0.4979757085020243 0.7038934426229508
18 0.5399797570850202 0.75 0.5399797570850202 0.7243852459016393 0.5399797570850202 0.6864754098360656 0.5399797570850202 0.6413934426229508 0.5399797570850202 0.6075819672131147 0.5369433198380567 0.5799180327868853 0.5288461538461539 0.5645491803278688 0.5222672064777328 0.5604508196721312 0.5126518218623481 0.5973360655737705 0.5116396761133604 0.6331967213114754 0.513663967611336 0.6629098360655737 0.5161943319838057 0.6926229508196722 0.521255060728745 0.7243852459016393 0.5273279352226721 0.7530737704918032
19 0.5678137651821862 0.7295081967213115 0.562246963562753 0.7038934426229508 0.5581983805668016 0.6670081967213115 0.5571862348178138 0.6219262295081968 0.5571862348178138 0.5881147540983607 0.5536437246963563 0.5665983606557377 0.5339068825910931 0.5922131147540983 0.5298582995951417 0.6116803278688525 0.5369433198380567 0.6413934426229508 0.5445344129554656 0.6629098360655737 0.5516194331983806 0.7059426229508197 0.5526315789473685 0.75
20 0.5921052631578947 0.7100409836065574 0.5915991902834008 0.6629098360655737 0.5865384615384616 0.6096311475409836 0.5804655870445344 0.5799180327868853 0.5769230769230769 0.5686475409836066 0.5668016194331984 0.5430327868852459 0.5541497975708503 0.5461065573770492 0.5435222672064778 0.5645491803278688 0.5465587044534413 0.5942622950819673 0.5612348178137652 0.625 0.5738866396761133 0.6567622950819673 0.5769230769230769 0.7141393442622951
21 0.6437246963562753 0.6711065573770492 0.6361336032388664 0.6434426229508197 0.6265182186234818 0.6157786885245902 0.6194331983805668 0.5901639344262295 0.6174089068825911 0.5645491803278688 0.6128542510121457 0.5327868852459017 0.6012145748987854 0.5286885245901639 0.5895748987854251 0.5348360655737705 0.5794534412955465 0.5409836065573771 0.5728744939271255 0.5604508196721312 0.5718623481781376 0.5799180327868853 0.5769230769230769 0.5993852459016393 0.5875506072874493 0.6198770491803278 0.5961538461538461 0.6567622950819673 0.6057692307692307 0.6782786885245902 0.6138663967611336 0.694672131147541 0.6224696356275303 0.7059426229508197 0.6467611336032388 0.6987704918032787
22 0.687753036437247 0.6219262295081968 0.6826923076923077 0.6034836065573771 0.6675101214574899 0.5665983606557377 0.6624493927125507 0.5461065573770492 0.6563765182186235 0.5245901639344263 0.6477732793522267 0.4969262295081967 0.6381578947368421 0.48565573770491804 0.6295546558704453 0.4918032786885246 0.6174089068825911 0.5092213114754098 0.6098178137651822 0.5153688524590164 0.6077935222672065 0.5266393442622951 0.6118421052631579 0.5563524590163934 0.6265182186234818 0.5942622950819673 0.6361336032388664 0.6116803278688525 0.645748987854251 0.6270491803278688 0.6594129554655871 0.6526639344262295 0.6740890688259109 0.6690573770491803
23 0.6983805668016194 0.6116803278688525 0.7004048582995951 0.5973360655737705 0.7034412955465587 0.5717213114754098 0.7054655870445344 0.5461065573770492 0.7034412955465587 0.5010245901639344 0.6993927125506073 0.47950819672131145 0.6918016194331984 0.4661885245901639 0.6791497975708503 0.4641393442622951 0.6553643724696356 0.48360655737704916 0.6553643724696356 0.507172131147541 0.6538461538461539 0.5286885245901639 0.6563765182186235 0.5461065573770492 0.6654858299595142 0.5737704918032787 0.6826923076923077 0.6198770491803278 0.6887651821862348 0.6290983606557377
24 0.4767206477732793 0.7254098360655737 0.479251012145749 0.6967213114754098 0.4832995951417004 0.6711065573770492 0.4832995951417004 0.6485655737704918 0.4832995951417004 0.6096311475409836 0.4832995951417004 0.5942622950819673 0.479251012145749 0.5758196721311475 0.4686234817813765 0.5717213114754098 0.4640688259109312 0.5881147540983607 0.465080971659919 0.6014344262295082 0.46558704453441296 0.6198770491803278 0.46558704453441296 0.6547131147540983 0.46558704453441296 0.6782786885245902 0.46558704453441296 0.7038934426229508
25 0.4590080971659919 0.75 0.4600202429149798 0.7377049180327869 0.4640688259109312 0.694672131147541 0.4640688259109312 0.6690573770491803 0.465080971659919 0.5942622950819673 0.465080971659919 0.5799180327868853 0.451417004048583 0.5758196721311475 0.4473684210526316 0.6014344262295082 0.4483805668016194 0.617827868852459 0.45040485829959515 0.6649590163934426 0.45040485829959515 0.6885245901639344 0.45040485829959515 0.7223360655737705
26 0.4397773279352227 0.7612704918032787 0.44129554655870445 0.7418032786885246 0.4473684210526316 0.7038934426229508 0.45040485829959515 0.6670081967213115 0.45040485829959515 0.6311475409836066 0.4483805668016194 0.5901639344262295 0.43370445344129555 0.5665983606557377 0.42611336032388664 0.5901639344262295 0.4230769230769231 0.6219262295081968 0.4230769230769231 0.6352459016393442 0.4230769230769231 0.6670081967213115 0.42206477732793524 0.701844262295082 0.42206477732793524 0.7295081967213115 0.4271255060728745 0.757172131147541
27 0.41346153846153844 0.757172131147541 0.4149797570850202 0.7377049180327869 0.41700404858299595 0.7120901639344263 0.42105263157894735 0.6649590163934426 0.4251012145748988 0.6137295081967213 0.4251012145748988 0.5942622950819673 0.4159919028340081 0.5778688524590164 0.4063765182186235 0.5717213114754098 0.3977732793522267 0.5922131147540983 0.39878542510121456 0.6157786885245902 0.4008097165991903 0.6485655737704918 0.4008097165991903 0.6782786885245902 0.39979757085020245 0.7038934426229508 0.39979757085020245 0.7315573770491803 0.39979757085020245 0.75
28 0.3861336032388664 0.7592213114754098 0.3881578947368421 0.7182377049180327 0.3917004048582996 0.6782786885245902 0.39979757085020245 0.6352459016393442 0.4063765182186235 0.5973360655737705 0.40536437246963564 0.5799180327868853 0.3917004048582996 0.5665983606557377 0.3770242914979757 0.5706967213114754 0.3765182186234818 0.5922131147540983 0.3765182186234818 0.6137295081967213 0.3765182186234818 0.625 0.3724696356275304 0.6670081967213115 0.3684210526315789 0.7141393442622951 0.36639676113360325 0.7397540983606558 0.36639676113360325 0.7551229508196722
29 0.3517206477732793 0.7274590163934426 0.35880566801619435 0.6905737704918032 0.36538461538461536 0.6506147540983607 0.3694331983805668 0.6198770491803278 0.3765182186234818 0.5758196721311475 0.36285425101214575 0.5543032786885246 0.3451417004048583 0.5368852459016393 0.340080971659919 0.5840163934426229 0.3248987854251012 0.625 0.3168016194331984 0.6711065573770492 0.3147773279352227 0.7079918032786885 0.3274291497975709 0.7295081967213115
30 0.29453441295546556 0.6844262295081968 0.3132591093117409 0.6413934426229508 0.32388663967611336 0.6034836065573771 0.33046558704453444 0.5778688524590164 0.333502024291498 0.548155737704918 0.3208502024291498 0.5245901639344263 0.3061740890688259 0.5153688524590164 0.2975708502024291 0.5307377049180327 0.2894736842105263 0.5604508196721312 0.277834008097166 0.5963114754098361 0.26720647773279355 0.617827868852459 0.2616396761133603 0.6526639344262295 0.27884615384615385 0.6864754098360656
31 0.2682186234817814 0.6485655737704918 0.2808704453441296 0.6096311475409836 0.28795546558704455 0.5737704918032787 0.28846153846153844 0.5522540983606558 0.29048582995951416 0.5368852459016393 0.28694331983805665 0.5194672131147541 0.2722672064777328 0.507172131147541 0.2525303643724696 0.5051229508196722 0.23734817813765183 0.5307377049180327 0.23785425101214575 0.5522540983606558 0.23785425101214575 0.5881147540983607 0.23785425101214575 0.6290983606557377 0.242914979757085 0.6506147540983607