0 0.47075208913649025 0.4162234042553192 0.47284122562674097 0.4341755319148936 0.4738857938718663 0.48271276595744683 0.4658774373259053 0.526595744680851 0.46413649025069637 0.5784574468085106 0.47075208913649025 0.6063829787234043 0.5027855153203342 0.6117021276595744 0.5027855153203342 0.5950797872340425 0.49408077994428967 0.4454787234042553 0.4881615598885794 0.41023936170212766
1 0.435933147632312 0.41023936170212766 0.4321030640668524 0.5172872340425532 0.4293175487465181 0.5418882978723404 0.431058495821727 0.6003989361702128 0.4495125348189415 0.6003989361702128 0.46309192200557103 0.5804521276595744 0.46030640668523676 0.5418882978723404 0.45647632311977715 0.45279255319148937 0.4533426183844011 0.40691489361702127
2 0.407033426183844 0.39561170212765956 0.40424791086350975 0.504654255319149 0.39623955431754876 0.550531914893617 0.3955431754874652 0.5990691489361702 0.40981894150417825 0.6023936170212766 0.4254874651810585 0.5585106382978723 0.4254874651810585 0.5252659574468085 0.4293175487465181 0.3882978723404255
3 0.3788300835654596 0.3809840425531915 0.36559888579387184 0.5525265957446809 0.3732590529247911 0.5950797872340425 0.39623955431754876 0.5731382978723404 0.40215877437325903 0.3882978723404255
4 0.3422701949860724 0.37898936170212766 0.3346100278551532 0.5452127659574468 0.3412256267409471 0.5837765957446809 0.35759052924791085 0.5824468085106383 0.3683844011142061 0.5545212765957447 0.3645543175487465 0.38430851063829785
5 0.30362116991643456 0.3976063829787234 0.29596100278551535 0.511968085106383 0.28307799442896936 0.5658244680851063 0.29596100278551535 0.5837765957446809 0.32973537604456826 0.5970744680851063 0.3363509749303621 0.5418882978723404 0.3384401114206128 0.42353723404255317 0.3363509749303621 0.3809840425531915
6 0.26880222841225626 0.3829787234042553 0.25696378830083566 0.4900265957446808 0.2513927576601671 0.519281914893617 0.25313370473537605 0.5378989361702128 0.26497214484679665 0.5525265957446809 0.2764623955431755 0.5525265957446809 0.2851671309192201 0.5418882978723404 0.2928272980501393 0.5006648936170213 0.2938718662952646 0.46941489361702127 0.2917827298050139 0.4401595744680851 0.2917827298050139 0.4175531914893617 0.2928272980501393 0.3882978723404255
7 0.2618384401114206 0.33111702127659576 0.24651810584958217 0.3497340425531915 0.2378133704735376 0.35305851063829785 0.2193593314763231 0.3863031914893617 0.22214484679665739 0.4421542553191489 0.24059888579387187 0.449468085106383 0.258008356545961 0.4401595744680851 0.2639275766016713 0.42686170212765956 0.2736768802228412 0.4089095744680851 0.28133704735376047 0.39029255319148937 0.2879526462395543 0.37699468085106386 0.2862116991643454 0.3550531914893617 0.27541782729805014 0.33643617021276595
10 0.5790389972144847 0.41023936170212766 0.5713788300835655 0.5252659574468085 0.5724233983286908 0.5764627659574468 0.6034122562674095 0.6003989361702128 0.6061977715877437 0.5897606382978723 0.6180362116991643 0.543218085106383 0.6034122562674095 0.38430851063829785 0.5995821727019499 0.35305851063829785 0.5790389972144847 0.3570478723404255
12 0.6518105849582173 0.37898936170212766 0.6312674094707521 0.5418882978723404 0.6420612813370473 0.5691489361702128 0.6660863509749304 0.5824468085106383 0.674791086350975 0.5378989361702128 0.6692200557103064 0.39029255319148937 0.6692200557103064 0.3809840425531915
13 0.6692200557103064 0.3809840425531915 0.6817548746518106 0.5618351063829787 0.7096100278551533 0.5658244680851063 0.7193593314763231 0.5398936170212766 0.7176183844011143 0.45478723404255317 0.7144846796657381 0.3882978723404255 0.7144846796657381 0.3882978723404255 0.7144846796657381 0.3696808510638298
14 0.7231894150417827 0.36436170212765956 0.7137883008356546 0.4900265957446808 0.7193593314763231 0.5525265957446809 0.7367688022284122 0.5598404255319149 0.7475626740947076 0.5398936170212766 0.753133704735376 0.5252659574468085 0.7600974930362117 0.4973404255319149 0.758008356545961 0.4714095744680851 0.7524373259052924 0.449468085106383 0.7493036211699164 0.4328457446808511 0.7486072423398329 0.40691489361702127 0.7486072423398329 0.3863031914893617 0.7486072423398329 0.3663563829787234 0.733983286908078 0.36236702127659576
15 0.7590529247910863 0.36236702127659576 0.7590529247910863 0.37566489361702127 0.7590529247910863 0.39228723404255317 0.7611420612813371 0.456781914893617 0.7639275766016713 0.480718085106383 0.7726323119777159 0.5325797872340425 0.79491643454039 0.5252659574468085 0.8046657381615598 0.4953457446808511 0.790041782729805 0.40691489361702127 0.7802924791086351 0.3404255319148936
16 0.5588440111420613 0.7872340425531915 0.5348189415041783 0.6668882978723404 0.5435236768802229 0.6303191489361702 0.5647632311977716 0.648936170212766 0.5647632311977716 0.6668882978723404 0.5713788300835655 0.7207446808510638 0.575208913649025 0.7832446808510638 0.5772980501392758 0.8038563829787234 0.5647632311977716 0.8164893617021277 0.5588440111420613 0.8151595744680851
17 0.5745125348189415 0.6283244680851063 0.5745125348189415 0.6416223404255319 0.5675487465181058 0.6821808510638298 0.5734679665738162 0.7021276595744681 0.5790389972144847 0.7227393617021277 0.5839136490250696 0.7746010638297872 0.5898328690807799 0.8018617021276596 0.5985376044568245 0.7746010638297872 0.5964484679665738 0.742686170212766 0.5947075208913649 0.7154255319148937 0.5926183844011143 0.648936170212766
18 0.6051532033426184 0.6210106382978723 0.5870473537604457 0.6283244680851063 0.5870473537604457 0.648936170212766 0.5919220055710307 0.6928191489361702 0.6013231197771588 0.7373670212765957 0.6034122562674095 0.7579787234042553 0.6093314763231198 0.7872340425531915 0.6180362116991643 0.8131648936170213 0.6333565459610028 0.831781914893617 0.6371866295264624 0.8131648936170213 0.6312674094707521 0.7706117021276596 0.6284818941504178 0.7446808510638298 0.6267409470752089 0.7247340425531915 0.6236072423398329 0.6968085106382979 0.6236072423398329 0.663563829787234 0.621866295264624 0.632313829787234
19 0.6605153203342619 0.7852393617021277 0.650766016713092 0.7559840425531915 0.6420612813370473 0.7320478723404256 0.6399721448467967 0.7154255319148937 0.6371866295264624 0.6968085106382979 0.6312674094707521 0.680186170212766 0.6267409470752089 0.6595744680851063 0.6246518105849582 0.6396276595744681 0.6274373259052924 0.6190159574468085 0.6486768802228412 0.6303191489361702 0.6573816155988857 0.65625 0.6594707520891365 0.6748670212765957 0.6615598885793872 0.6968085106382979 0.6615598885793872 0.7167553191489362 0.6643454038997214 0.7333776595744681 0.6702646239554317 0.7579787234042553 0.6730501392757661 0.7799202127659575 0.674791086350975 0.807845744680851 0.6653899721448467 0.8038563829787234
21 0.7329387186629527 0.7819148936170213 0.7176183844011143 0.7686170212765957 0.7106545961002786 0.7519946808510638 0.7068245125348189 0.726063829787234 0.7019498607242339 0.6988031914893617 0.697075208913649 0.6821808510638298 0.6894150417827298 0.6688829787234043 0.6845403899721448 0.6542553191489362 0.6768802228412256 0.6303191489361702 0.6807103064066853 0.6156914893617021 0.6904596100278552 0.6023936170212766 0.7057799442896936 0.5990691489361702 0.7176183844011143 0.5970744680851063 0.7318941504178273 0.5990691489361702 0.7329387186629527 0.6356382978723404 0.7357242339832869 0.6595744680851063 0.7426880222841226 0.6835106382978723 0.7493036211699164 0.7021276595744681 0.7573119777158774 0.7320478723404256 0.7590529247910863 0.7593085106382979
22 0.7862116991643454 0.7393617021276596 0.7667130919220055 0.7154255319148937 0.7562674094707521 0.6855053191489362 0.7524373259052924 0.6688829787234043 0.7437325905292479 0.65625 0.7350278551532033 0.6396276595744681 0.7318941504178273 0.6283244680851063 0.7318941504178273 0.6136968085106383 0.7350278551532033 0.5970744680851063 0.7513927576601671 0.5751329787234043 0.7705431754874652 0.5784574468085106 0.7775069637883009 0.6023936170212766 0.7872562674094707 0.6210106382978723 0.7910863509749304 0.6336436170212766 0.7966573816155988 0.6615691489361702 0.8064066852367688 0.6855053191489362 0.8112813370473537 0.7001329787234043 0.8133704735376045 0.7154255319148937 0.8036211699164345 0.7393617021276596
23 0.8363509749303621 0.6655585106382979 0.8189415041782729 0.5378989361702128 0.7938718662952646 0.5545212765957447 0.7754178272980501 0.5751329787234043 0.7792479108635098 0.6083776595744681 0.7862116991643454 0.6416223404255319 0.7977019498607242 0.663563829787234 0.8133704735376045 0.6875 0.8259052924791086 0.7061170212765957 0.8363509749303621 0.6894946808510638
24 0.5396935933147632 0.7832446808510638 0.5327298050139275 0.6835106382978723 0.5268105849582173 0.6376329787234043 0.5006963788300836 0.6396276595744681 0.5055710306406686 0.694813829787234 0.5087047353760445 0.7207446808510638 0.5174094707520891 0.7686170212765957 0.5201949860724234 0.7912234042553191
25 0.4756267409470752 0.6283244680851063 0.467966573816156 0.6416223404255319 0.46692200557103064 0.663563829787234 0.4717966573816156 0.6928191489361702 0.47284122562674097 0.71875 0.47284122562674097 0.7593085106382979 0.4756267409470752 0.7985372340425532 0.49129526462395545 0.8131648936170213 0.49512534818941506 0.7872340425531915 0.49686629526462395 0.75 0.4979108635097493 0.7247340425531915 0.5017409470752089 0.6835106382978723 0.5017409470752089 0.6502659574468085 0.49129526462395545 0.632313829787234
26 0.44846796657381616 0.6230053191489362 0.4418523676880223 0.6263297872340425 0.4331476323119777 0.6396276595744681 0.43036211699164345 0.6615691489361702 0.43036211699164345 0.6835106382978723 0.43036211699164345 0.7134308510638298 0.4293175487465181 0.7466755319148937 0.42653203342618384 0.7852393617021277 0.4272284122562674 0.8224734042553191 0.439066852367688 0.8297872340425532 0.44672701949860727 0.7998670212765957 0.4516016713091922 0.7759308510638298 0.4582172701949861 0.7539893617021277 0.46413649025069637 0.7207446808510638 0.46692200557103064 0.6875 0.4658774373259053 0.6655585106382979 0.46413649025069637 0.6396276595744681
27 0.4233983286908078 0.6263297872340425 0.40981894150417825 0.6283244680851063 0.4011142061281337 0.6396276595744681 0.3983286908077994 0.6761968085106383 0.4011142061281337 0.7094414893617021 0.4011142061281337 0.7353723404255319 0.4011142061281337 0.7666223404255319 0.3972841225626741 0.8058510638297872 0.40424791086350975 0.8277925531914894 0.4136490250696379 0.8111702127659575 0.4167827298050139 0.7746010638297872 0.42235376044568246 0.7333776595744681 0.42653203342618384 0.6988031914893617 0.431058495821727 0.6595744680851063
28 0.3944986072423398 0.6283244680851063 0.3788300835654596 0.6170212765957447 0.36142061281337046 0.625 0.3635097493036212 0.6469414893617021 0.3635097493036212 0.6728723404255319 0.36142061281337046 0.7134308510638298 0.36142061281337046 0.7413563829787234 0.35863509749303624 0.7799202127659575 0.35584958217270196 0.8111702127659575 0.37430362116991645 0.8277925531914894 0.38091922005571033 0.7998670212765957 0.383008356545961 0.7593085106382979 0.38753481894150416 0.7320478723404256 0.3917130919220056 0.7041223404255319 0.3944986072423398 0.6748670212765957
30 0.2775069637883008 0.5930851063829787 0.26880222841225626 0.6043882978723404 0.262883008356546 0.625 0.25696378830083566 0.6542553191489362 0.2503481894150418 0.6835106382978723 0.2378133704735376 0.7167553191489362 0.23502785515320335 0.7333776595744681 0.2503481894150418 0.7706117021276596 0.26497214484679665 0.7666223404255319 0.29491643454038996 0.726063829787234 0.3112813370473538 0.6655585106382979 0.3178969359331476 0.6156914893617021 0.30536211699164345 0.6003989361702128 0.2889972144846797 0.5930851063829787