0 0.4884937238493724 0.5299202127659575 0.5292887029288703 0.5252659574468085 0.5317294281729428 0.4913563829787234 0.5076708507670851 0.25731382978723405 0.4797768479776848 0.261968085106383 0.4850069735006973 0.45013297872340424 0.4850069735006973 0.49601063829787234
1 0.4504881450488145 0.49601063829787234 0.46582984658298465 0.5226063829787234 0.4874476987447699 0.5132978723404256 0.4898884239888424 0.48936170212765956 0.4783821478382148 0.2785904255319149 0.45327754532775455 0.2839095744680851 0.45432357043235705 0.4428191489361702 0.449442119944212 0.4601063829787234
2 0.41248256624825663 0.4820478723404255 0.42398884239888424 0.5106382978723404 0.4417712691771269 0.5132978723404256 0.45432357043235705 0.4820478723404255 0.4417712691771269 0.3125 0.42538354253835425 0.2473404255319149 0.4086471408647141 0.2473404255319149 0.41631799163179917 0.42353723404255317
3 0.3783124128312413 0.47938829787234044 0.3985355648535565 0.5106382978723404 0.4191073919107392 0.48404255319148937 0.4191073919107392 0.45013297872340424 0.41143654114365413 0.39694148936170215 0.4100418410041841 0.2765957446808511 0.3922594142259414 0.2785904255319149 0.38458856345885634 0.3537234042553192 0.38737796373779637 0.3776595744680851
4 0.351813110181311 0.4720744680851064 0.35808926080892606 0.4913563829787234 0.3695955369595537 0.5013297872340425 0.38842398884239887 0.4867021276595745 0.38598326359832635 0.43351063829787234 0.38458856345885634 0.27393617021276595 0.3695955369595537 0.2765957446808511 0.3594839609483961 0.4162234042553192
5 0.3002092050209205 0.480718085106383 0.3396094839609484 0.48936170212765956 0.3587866108786611 0.46941489361702127 0.35495118549511856 0.41888297872340424 0.3587866108786611 0.2912234042553192 0.3204323570432357 0.2892287234042553 0.3068340306834031 0.4089095744680851 0.296373779637378 0.4295212765957447
6 0.2705718270571827 0.3829787234042553 0.25557880055788007 0.4142287234042553 0.2524407252440725 0.46808510638297873 0.2754532775453278 0.4853723404255319 0.301952580195258 0.4740691489361702 0.30613668061366806 0.4142287234042553 0.31555090655509066 0.3583776595744681 0.3148535564853556 0.2752659574468085 0.29567642956764295 0.2759308510638298 0.2796373779637378 0.34308510638297873
7 0.25313807531380755 0.3011968085106383 0.2384937238493724 0.31981382978723405 0.22838214783821478 0.36103723404255317 0.2419804741980474 0.3783244680851064 0.2524407252440725 0.40425531914893614 0.2723152022315202 0.3962765957446808 0.28521617852161785 0.36569148936170215 0.2859135285913529 0.3304521276595745 0.29707112970711297 0.24069148936170212 0.2674337517433752 0.2247340425531915 0.2580195258019526 0.2526595744680851
8 0.5324267782426778 0.5219414893617021 0.5718270571827058 0.5292553191489362 0.5774058577405857 0.48470744680851063 0.5453277545327755 0.24202127659574468 0.5188284518828452 0.2553191489361702 0.5282426778242678 0.45013297872340424 0.5244072524407253 0.480718085106383
9 0.5774058577405857 0.5219414893617021 0.5983263598326359 0.5292553191489362 0.6133193863319386 0.5059840425531915 0.6140167364016736 0.4654255319148936 0.5732217573221757 0.2759308510638298 0.549163179916318 0.28324468085106386 0.5686889818688982 0.45013297872340424 0.5645048814504882 0.47606382978723405
10 0.5979776847977685 0.449468085106383 0.6199442119944212 0.4913563829787234 0.6391213389121339 0.46941489361702127 0.646094839609484 0.44481382978723405 0.6429567642956764 0.4035904255319149 0.654463040446304 0.2646276595744681 0.6279637377963738 0.25398936170212766
11 0.6157601115760112 0.4607712765957447 0.6168061366806137 0.5019946808510638 0.6286610878661087 0.5079787234042553 0.6317991631799164 0.5219414893617021 0.6569037656903766 0.5152925531914894 0.6785216178521618 0.3962765957446808 0.6837517433751743 0.3125 0.6621338912133892 0.31050531914893614 0.6582984658298466 0.36103723404255317 0.6464435146443515 0.4142287234042553
12 0.650976290097629 0.5113031914893617 0.6711994421199442 0.5418882978723404 0.6886331938633193 0.5325797872340425 0.6976987447698745 0.5079787234042553 0.6952580195258019 0.46941489361702127 0.7071129707112971 0.3211436170212766 0.6861924686192469 0.31382978723404253 0.6823570432357043 0.36436170212765956 0.6638772663877266 0.46675531914893614 0.6569037656903766 0.480718085106383
13 0.694560669456067 0.5418882978723404 0.7238493723849372 0.5232712765957447 0.7391910739191074 0.5292553191489362 0.747907949790795 0.5152925531914894 0.7482566248256625 0.4953457446808511 0.7384937238493724 0.4587765957446808 0.7322175732217573 0.32779255319148937 0.7071129707112971 0.324468085106383 0.6970013947001394 0.40558510638297873 0.700139470013947 0.4454787234042553 0.689679218967922 0.5106382978723404
14 0.7402370990237099 0.5059840425531915 0.7642956764295676 0.5279255319148937 0.7751046025104602 0.5199468085106383 0.7796373779637378 0.5093085106382979 0.7876569037656904 0.5066489361702128 0.7918410041841004 0.4634308510638298 0.7764993026499303 0.42353723404255317 0.7555788005578801 0.3151595744680851 0.7350069735006973 0.3151595744680851 0.7301255230125523 0.3949468085106383 0.7370990237099023 0.4408244680851064
15 0.7820781032078103 0.46476063829787234 0.8068340306834031 0.4953457446808511 0.8197350069735007 0.4601063829787234 0.8301952580195258 0.45279255319148937 0.8288005578800558 0.40226063829787234 0.7827754532775453 0.29720744680851063 0.7573221757322176 0.3171542553191489 0.7622036262203626 0.4009308510638298 0.7764993026499303 0.4295212765957447
16 0.5432357043235704 0.5392287234042553 0.556136680613668 0.75 0.5683403068340307 0.75 0.5777545327754533 0.543218085106383
17 0.5700836820083682 0.5525265957446809 0.5815899581589958 0.5325797872340425 0.6042538354253836 0.5418882978723404 0.604602510460251 0.7420212765957447 0.5857740585774058 0.7446808510638298
18 0.5965829846582985 0.5757978723404256 0.6028591352859135 0.5352393617021277 0.6161087866108786 0.5212765957446809 0.6352859135285913 0.5545212765957447 0.6380753138075314 0.5997340425531915 0.6317991631799164 0.788563829787234 0.6129707112970711 0.785904255319149 0.6073919107391911 0.7007978723404256
19 0.6276150627615062 0.5764627659574468 0.6359832635983264 0.5405585106382979 0.6562064156206415 0.5325797872340425 0.6771269177126917 0.5678191489361702 0.6635285913528591 0.6216755319148937 0.646094839609484 0.7746010638297872 0.6290097629009763 0.7666223404255319 0.6352859135285913 0.6037234042553191
20 0.6586471408647141 0.6223404255319149 0.6624825662482566 0.605718085106383 0.6649232914923291 0.5877659574468085 0.6757322175732218 0.5877659574468085 0.6837517433751743 0.5777925531914894 0.700139470013947 0.598404255319149 0.7119944211994421 0.6569148936170213 0.7339609483960948 0.7047872340425532 0.7322175732217573 0.742686170212766 0.7161785216178521 0.7746010638297872 0.7074616457461645 0.7639627659574468 0.7102510460251046 0.7280585106382979
21 0.6718967921896792 0.5571808510638298 0.6799163179916318 0.5485372340425532 0.6980474198047419 0.5492021276595744 0.7238493723849372 0.535904255319149 0.7377963737796374 0.5465425531914894 0.7412831241283124 0.5877659574468085 0.752092050209205 0.605718085106383 0.7723152022315202 0.6981382978723404 0.7318688981868898 0.726063829787234 0.7092050209205021 0.6668882978723404 0.6781729428172942 0.5990691489361702
22 0.7336122733612274 0.5365691489361702 0.75 0.5172872340425532 0.7622036262203626 0.5246010638297872 0.7695258019525802 0.5106382978723404 0.7904463040446305 0.5219414893617021 0.7974198047419805 0.5445478723404256 0.7953277545327755 0.6037234042553191 0.8148535564853556 0.7121010638297872 0.7806834030683403 0.7367021276595744 0.7576708507670851 0.6582446808510638 0.74302649930265 0.601063829787234 0.7343096234309623 0.5797872340425532
23 0.7904463040446305 0.5425531914893617 0.8009065550906556 0.5132978723404256 0.8197350069735007 0.5132978723404256 0.8246164574616457 0.5206117021276596 0.8333333333333334 0.519281914893617 0.8389121338912134 0.5259308510638298 0.854602510460251 0.5412234042553191 0.8528591352859135 0.589095744680851 0.8472803347280334 0.6103723404255319 0.8507670850767085 0.6981382978723404 0.8110181311018131 0.7200797872340425 0.8009065550906556 0.6688829787234043 0.7981171548117155 0.6223404255319149 0.7995118549511855 0.5970744680851063
24 0.5174337517433751 0.5378989361702128 0.549163179916318 0.5398936170212766 0.547768479776848 0.6117021276595744 0.5446304044630405 0.7493351063829787 0.5296373779637378 0.75 0.5198744769874477 0.6289893617021277
25 0.49128312412831243 0.538563829787234 0.5160390516039052 0.5398936170212766 0.5219665271966527 0.5585106382978723 0.5202231520223152 0.6316489361702128 0.5282426778242678 0.7486702127659575 0.5031380753138075 0.7480053191489362 0.49232914923291493 0.6163563829787234 0.4874476987447699 0.5678191489361702
26 0.45536959553695955 0.5498670212765957 0.4721059972105997 0.5232712765957447 0.48570432357043236 0.5259308510638298 0.49581589958158995 0.6050531914893617 0.4665271966527197 0.7772606382978723 0.4330543933054393 0.7613031914893617
27 0.41562064156206413 0.5498670212765957 0.42189679218967924 0.5232712765957447 0.43444909344490934 0.5132978723404256 0.44595536959553694 0.5246010638297872 0.4609483960948396 0.5518617021276596 0.45083682008368203 0.5897606382978723 0.42782426778242677 0.7413563829787234 0.405160390516039 0.7293882978723404 0.4166666666666667 0.6416223404255319
28 0.38598326359832635 0.5186170212765957 0.3706415620641562 0.6675531914893617 0.3692468619246862 0.7473404255319149 0.38737796373779637 0.7559840425531915 0.3957461645746165 0.6688829787234043 0.4215481171548117 0.5598404255319149 0.4215481171548117 0.5305851063829787 0.41492329149232915 0.5325797872340425 0.40585774058577406 0.5113031914893617
30 0.28661087866108786 0.5132978723404256 0.3009065550906555 0.4867021276595745 0.32252440725244075 0.49867021276595747 0.3396094839609484 0.5006648936170213 0.3542538354253835 0.5339095744680851 0.3301952580195258 0.5897606382978723 0.2894002789400279 0.7220744680851063 0.2580195258019526 0.6781914893617021 0.28486750348675033 0.5658244680851063
31 0.22942817294281728 0.5059840425531915 0.2377963737796374 0.4753989361702128 0.25592747559274753 0.4800531914893617 0.26464435146443516 0.4734042553191489 0.27475592747559274 0.48138297872340424 0.2820781032078103 0.4747340425531915 0.29358437935843795 0.5059840425531915 0.28417015341701535 0.5525265957446809 0.2604602510460251 0.675531914893617 0.22384937238493724 0.6575797872340425 0.2315202231520223 0.5618351063829787