0 0.4806552805855699 0.39969604863221886 0.47298710352039036 0.48404255319148937 0.47298710352039036 0.5433130699088146 0.4681073544789125 0.5858662613981763 0.4778668525618682 0.6003039513677811 0.5050540257929592 0.6003039513677811 0.5099337748344371 0.5858662613981763 0.5057511327988846 0.5243161094224924 0.502962704775183 0.48024316109422494 0.5001742767514814 0.4148936170212766 0.5001742767514814 0.3958966565349544
1 0.45555942837225516 0.41033434650455924 0.4527710003485535 0.4696048632218845 0.44963401882188914 0.520516717325228 0.4402230742418961 0.5585106382978723 0.44196584175670967 0.5942249240121581 0.4653189264552109 0.5942249240121581 0.47194144301150226 0.5455927051671733 0.47194144301150226 0.5053191489361702 0.47089578250261416 0.44832826747720367 0.4768211920529801 0.40805471124620063
2 0.4245381666085744 0.40425531914893614 0.4245381666085744 0.45440729483282677 0.41861275705820844 0.5053191489361702 0.41686998954339494 0.5478723404255319 0.4217497385848728 0.5775075987841946 0.43325200418264204 0.5790273556231003 0.44405716277448587 0.520516717325228 0.44963401882188914 0.4756838905775076 0.4517253398396654 0.4316109422492401 0.4527710003485535 0.39969604863221886
3 0.396653886371558 0.40425531914893614 0.4011850819100732 0.4696048632218845 0.3994423143952597 0.5030395136778115 0.3945625653537818 0.5372340425531915 0.39072847682119205 0.5623100303951368 0.40536772394562565 0.5623100303951368 0.4140815615196933 0.5562310030395137 0.41965841756709654 0.5243161094224924 0.4217497385848728 0.4696048632218845 0.4245381666085744 0.43541033434650456 0.4245381666085744 0.39969604863221886
4 0.37434646218194495 0.3958966565349544 0.3712094806552806 0.47796352583586627 0.3684210526315789 0.5243161094224924 0.3663297316138027 0.5516717325227963 0.3799233182293482 0.5585106382978723 0.3868943882886023 0.5478723404255319 0.39247124433600555 0.5113981762917933 0.396653886371558 0.47188449848024316 0.3973509933774834 0.425531914893617 0.3945625653537818 0.3974164133738602
5 0.34611362844196586 0.40197568389057753 0.34018821889159984 0.4696048632218845 0.33461136284419657 0.526595744680851 0.33635413035901013 0.5585106382978723 0.36179853607528756 0.5600303951367781 0.3694667131404671 0.5113981762917933 0.3705123736493552 0.44224924012158057 0.3663297316138027 0.3958966565349544
6 0.3123039386545835 0.3662613981762918 0.304635761589404 0.4376899696048632 0.29383060299756014 0.5098784194528876 0.3053328685953294 0.526595744680851 0.32589752527012894 0.5349544072948328 0.33565702335308467 0.48632218844984804 0.33949111188567443 0.4148936170212766 0.3422795399093761 0.3594224924012158
7 0.283373997908679 0.31762917933130697 0.2610665737190659 0.446048632218845 0.2600209132101778 0.48632218844984804 0.2840711049146044 0.5075987841945289 0.3014987800627396 0.4825227963525836 0.3063785291042175 0.40425531914893614 0.30846985012199374 0.32598784194528874
8 0.5116765423492506 0.4148936170212766 0.5067967933077727 0.5015197568389058 0.5116765423492506 0.587386018237082 0.5339839665388637 0.6003039513677811 0.5426978041129313 0.5965045592705167 0.5388637155803416 0.526595744680851 0.5388637155803416 0.42325227963525835
9 0.5475775531544091 0.4209726443768997 0.5437434646218194 0.48024316109422494 0.5437434646218194 0.5493920972644377 0.5486232136632974 0.5896656534954408 0.5629139072847682 0.5919452887537994 0.5688393168351342 0.5752279635258358 0.5698849773440223 0.5303951367781155 0.5622168002788428 0.4908814589665654 0.5629139072847682 0.4399696048632219
10 0.5716277448588358 0.4376899696048632 0.5698849773440223 0.47188449848024316 0.5688393168351342 0.4992401215805471 0.5747647263855001 0.5775075987841946 0.573719065876612 0.5919452887537994 0.5977692575810387 0.5706686930091185 0.5939351690484489 0.48024316109422494 0.5911467410247473 0.4270516717325228
11 0.5988149180899268 0.4316109422492401 0.5960264900662252 0.5113981762917933 0.5988149180899268 0.5623100303951368 0.6057859881491809 0.5919452887537994 0.6249564308121297 0.581306990881459 0.6172882537469502 0.5303951367781155 0.6183339142558383 0.4696048632218845 0.6124085047054723 0.42325227963525835
12 0.6183339142558383 0.42325227963525835 0.6183339142558383 0.5182370820668692 0.6277448588358313 0.5706686930091185 0.6385500174276751 0.5752279635258358 0.6451725339839666 0.5516717325227963 0.6406413384454513 0.4969604863221885 0.637504356918787 0.425531914893617 0.6364586964098989 0.3958966565349544 0.6162425932380621 0.3974164133738602
13 0.6444754269780412 0.40197568389057753 0.6395956779365632 0.47188449848024316 0.6434297664691531 0.520516717325228 0.6500522830254444 0.5585106382978723 0.6598117811084001 0.5600303951367781 0.6842105263157895 0.526595744680851 0.6685256186824677 0.4756838905775076 0.6685256186824677 0.418693009118541 0.6626002091321018 0.36854103343465044
14 0.6685256186824677 0.36854103343465044 0.6685256186824677 0.4825227963525836 0.6810735447891252 0.520516717325228 0.7044266294876264 0.5098784194528876 0.7061693970024399 0.47796352583586627 0.6946671314046706 0.43541033434650456 0.6880446148483792 0.3662613981762918 0.685953293830603 0.3427051671732523
15 0.6995468804461484 0.3282674772036474 0.7061693970024399 0.44832826747720367 0.7148832345765075 0.5030395136778115 0.7305681422098292 0.48632218844984804 0.7459044963401882 0.47796352583586627 0.740327640292785 0.4270516717325228 0.7295224817009411 0.3556231003039514 0.7277797141861275 0.3047112462006079 0.7208086441268735 0.2796352583586626
16 0.5078424538166608 0.7773556231003039 0.502962704775183 0.6633738601823708 0.5040083652840711 0.6170212765957447 0.5273614499825723 0.6155015197568389 0.5273614499825723 0.6633738601823708 0.524224468455908 0.7120060790273556 0.5214360404322064 0.7758358662613982
17 0.5311955385151621 0.6170212765957447 0.5273614499825723 0.6998480243161094 0.5273614499825723 0.7651975683890577 0.5329383060299756 0.790273556231003 0.5475775531544091 0.7864741641337386 0.5475775531544091 0.729483282674772 0.5454862321366329 0.6785714285714286 0.5475775531544091 0.6155015197568389
18 0.5486232136632974 0.6276595744680851 0.5486232136632974 0.6998480243161094 0.5542000697107006 0.7712765957446809 0.5611711397699547 0.7963525835866262 0.573719065876612 0.7864741641337386 0.5709306378529104 0.7165653495440729 0.5726734053677239 0.6633738601823708 0.5726734053677239 0.6155015197568389
20 0.5890554200069711 0.6322188449848024 0.5977692575810387 0.7104863221884499 0.6124085047054723 0.7758358662613982 0.6287905193447194 0.7735562310030395 0.6200766817706518 0.7036474164133738 0.6200766817706518 0.6382978723404256 0.6200766817706518 0.6086626139817629
22 0.6472638550017428 0.6003039513677811 0.6608574416172882 0.6534954407294833 0.6782851167654235 0.6914893617021277 0.6981526664342976 0.7575987841945289 0.7183687696061345 0.7302431610942249 0.7016382014639247 0.6595744680851063 0.6880446148483792 0.6025835866261399 0.6880446148483792 0.5623100303951368 0.6793307772743116 0.5493920972644377
23 0.6869989543394911 0.5600303951367781 0.7016382014639247 0.6253799392097265 0.7197629836179854 0.6618541033434651 0.7364935517601952 0.6808510638297872 0.7459044963401882 0.6382978723404256 0.734402230742419 0.6003039513677811 0.7277797141861275 0.5645896656534954 0.71906587661206 0.526595744680851 0.707215057511328 0.520516717325228 0.6929243638898571 0.5288753799392097
24 0.4827466016033461 0.756838905775076 0.4806552805855699 0.6534954407294833 0.4806552805855699 0.6132218844984803 0.502962704775183 0.621580547112462 0.4952945277100035 0.6633738601823708 0.4963401882188916 0.743920972644377 0.4932032066922273 0.7674772036474165
25 0.45939351690484487 0.6132218844984803 0.45765074939003136 0.7310030395136778 0.4653189264552109 0.7758358662613982 0.4768211920529801 0.7674772036474165 0.475775531544092 0.6914893617021277 0.481700941094458 0.6382978723404256 0.4750784245381666 0.6193009118541033
26 0.43429766469153014 0.6155015197568389 0.42732659463227607 0.6846504559270516 0.4255838271174625 0.7378419452887538 0.43150923666782853 0.7864741641337386 0.44579993028929943 0.7819148936170213 0.4506796793307773 0.7355623100303952 0.4534681073544789 0.6679331306990881 0.454513767863367 0.621580547112462 0.454513767863367 0.6048632218844985
27 0.4109445799930289 0.5965045592705167 0.4022307424189613 0.648936170212766 0.4022307424189613 0.6975683890577508 0.40432206343673754 0.7545592705167173 0.40536772394562565 0.7819148936170213 0.4147786685256187 0.78419452887538 0.4234925060996863 0.7689969604863222 0.4227953990937609 0.6975683890577508 0.4255838271174625 0.6466565349544073 0.43220634367375393 0.6048632218844985
28 0.3945625653537818 0.5858662613981763 0.3848030672708261 0.6299392097264438 0.3792262112234228 0.6808510638297872 0.3792262112234228 0.7416413373860182 0.3809689787382363 0.7864741641337386 0.3956082258626699 0.7773556231003039 0.4004879749041478 0.6930091185410334 0.40606483095155105 0.6063829787234043 0.4081561519693273 0.5858662613981763
30 0.3307772743116068 0.5683890577507599 0.30951551063088184 0.6443768996960486 0.2854653189264552 0.7241641337386018 0.3067270826071802 0.7659574468085106 0.3433252004182642 0.6846504559270516 0.36354130359010106 0.6170212765957447 0.3684210526315789 0.587386018237082
31 0.2861624259323806 0.5303951367781155 0.27919135587312655 0.5493920972644377 0.277448588358313 0.5752279635258358 0.271523178807947 0.6132218844984803 0.2398048100383409 0.6519756838905775 0.25235273614499826 0.6983282674772037 0.2708260718020216 0.71580547112462 0.29661903102126175 0.6534954407294833 0.31718368769606137 0.6086626139817629 0.3307772743116068 0.5600303951367781