0 0.45354609929078016 0.5714285714285714 0.46702127659574466 0.5782674772036475 0.4765957446808511 0.5767477203647416 0.48652482269503544 0.574468085106383 0.4897163120567376 0.5539513677811551 0.4879432624113475 0.5007598784194529 0.4858156028368794 0.4506079027355623 0.48014184397163123 0.3776595744680851 0.47127659574468084 0.26063829787234044 0.4581560283687943 0.2864741641337386 0.4592198581560284 0.3799392097264438 0.45886524822695035 0.43844984802431614 0.45673758865248226 0.46808510638297873 0.4531914893617021 0.49848024316109424 0.45 0.5493920972644377
1 0.4276595744680851 0.5509118541033434 0.4326241134751773 0.5661094224924013 0.4421985815602837 0.5699088145896657 0.45 0.5683890577507599 0.45354609929078016 0.5417933130699089 0.45567375886524825 0.49240121580547114 0.45567375886524825 0.44224924012158057 0.45886524822695035 0.2743161094224924 0.4421985815602837 0.2826747720364742 0.43546099290780144 0.3282674772036474 0.4322695035460993 0.3882978723404255 0.4308510638297872 0.43541033434650456 0.4276595744680851 0.4886018237082067 0.425886524822695 0.5243161094224924
2 0.4 0.5440729483282675 0.4024822695035461 0.5577507598784195 0.41312056737588654 0.567629179331307 0.4237588652482269 0.5562310030395137 0.42836879432624114 0.5250759878419453 0.4301418439716312 0.47112462006079026 0.43333333333333335 0.2773556231003039 0.4156028368794326 0.2826747720364742 0.4099290780141844 0.32142857142857145 0.40886524822695036 0.3776595744680851 0.40425531914893614 0.42933130699088146 0.400354609929078 0.49164133738601823 0.4 0.5250759878419453
3 0.3776595744680851 0.5197568389057751 0.3840425531914894 0.5440729483282675 0.3953900709219858 0.5509118541033434 0.4056737588652482 0.5303951367781155 0.4124113475177305 0.5037993920972644 0.4099290780141844 0.45592705167173253 0.4099290780141844 0.4004559270516717 0.40602836879432624 0.27583586626139817 0.38900709219858154 0.2933130699088146 0.38333333333333336 0.39893617021276595 0.38085106382978723 0.44680851063829785 0.38085106382978723 0.49544072948328266
4 0.3588652482269504 0.5243161094224924 0.3680851063829787 0.540273556231003 0.3854609929078014 0.5372340425531915 0.38581560283687943 0.5113981762917933 0.3854609929078014 0.4521276595744681 0.375177304964539 0.27583586626139817 0.3606382978723404 0.30851063829787234 0.3638297872340426 0.3731003039513678 0.3638297872340426 0.44148936170212766 0.3617021276595745 0.479483282674772 0.36134751773049645 0.5106382978723404
5 0.3202127659574468 0.5281155015197568 0.32695035460992905 0.5281155015197568 0.34716312056737586 0.5433130699088146 0.3606382978723404 0.5455927051671733 0.3645390070921986 0.5159574468085106 0.3645390070921986 0.479483282674772 0.3599290780141844 0.43465045592705165 0.35921985815602836 0.3655015197568389 0.34361702127659577 0.27583586626139817 0.3283687943262411 0.29711246200607905 0.3202127659574468 0.3282674772036474 0.3180851063829787 0.3662613981762918 0.3180851063829787 0.4247720364741641 0.325177304964539 0.4506079027355623 0.3170212765957447 0.49164133738601823
6 0.2794326241134752 0.49544072948328266 0.2904255319148936 0.5113981762917933 0.30602836879432627 0.5174772036474165 0.3173758865248227 0.5159574468085106 0.32127659574468087 0.5022796352583586 0.32056737588652484 0.4247720364741641 0.3141843971631206 0.2796352583586626 0.30035460992907803 0.2826747720364742 0.29929078014184396 0.3487841945288754 0.29645390070921984 0.3677811550151976 0.2904255319148936 0.41793313069908816 0.2875886524822695 0.43009118541033436 0.2826241134751773 0.45440729483282677 0.2783687943262411 0.4734042553191489
8 0.49113475177304966 0.5782674772036475 0.5056737588652482 0.5835866261398176 0.524113475177305 0.5782674772036475 0.525177304964539 0.5592705167173252 0.5219858156028369 0.5022796352583586 0.5202127659574468 0.45592705167173253 0.5170212765957447 0.2917933130699088 0.4975177304964539 0.30015197568389057 0.4975177304964539 0.3609422492401216 0.49609929078014187 0.4209726443768997 0.49361702127659574 0.46808510638297873 0.4897163120567376 0.5022796352583586 0.48900709219858157 0.5387537993920972
10 0.5556737588652483 0.567629179331307 0.550709219858156 0.5387537993920972 0.5475177304964539 0.5007598784194529 0.550709219858156 0.4696048632218845 0.5517730496453901 0.3844984802431611 0.5595744680851064 0.303951367781155 0.5765957446808511 0.3123100303951368 0.5776595744680851 0.34498480243161095 0.5765957446808511 0.42933130699088146 0.5776595744680851 0.4574468085106383 0.5815602836879432 0.4749240121580547 0.5847517730496454 0.5349544072948328 0.5808510638297872 0.5683890577507599 0.5758865248226951 0.5683890577507599
11 0.5801418439716312 0.5539513677811551 0.5879432624113475 0.5592705167173252 0.60177304964539 0.5623100303951368 0.6074468085106383 0.5486322188449848 0.6081560283687943 0.5227963525835866 0.6067375886524823 0.4749240121580547 0.599290780141844 0.3069908814589666 0.5790780141843972 0.30927051671732525 0.5797872340425532 0.33814589665653494 0.5808510638297872 0.37462006079027355 0.5776595744680851 0.44224924012158057 0.5765957446808511 0.4870820668693009 0.575177304964539 0.5250759878419453
12 0.6031914893617021 0.5486322188449848 0.6095744680851064 0.5509118541033434 0.6273049645390071 0.5592705167173252 0.6365248226950354 0.5486322188449848 0.6361702127659574 0.506079027355623 0.6340425531914894 0.4452887537993921 0.625177304964539 0.28951367781155013 0.6056737588652482 0.30167173252279633 0.60177304964539 0.3556231003039514 0.6024822695035461 0.4072948328267477 0.6024822695035461 0.49848024316109424 0.6039007092198582 0.526595744680851
13 0.6443262411347518 0.5455927051671733 0.6308510638297873 0.5303951367781155 0.6308510638297873 0.5022796352583586 0.6297872340425532 0.47112462006079026 0.6290780141843971 0.4316109422492401 0.6290780141843971 0.3123100303951368 0.6595744680851063 0.29711246200607905 0.674822695035461 0.30547112462006076 0.676595744680851 0.3639817629179331 0.674822695035461 0.41033434650455924 0.6709219858156028 0.4490881458966565 0.6734042553191489 0.47112462006079026 0.6773049645390071 0.4848024316109423 0.6773049645390071 0.5319148936170213 0.6620567375886525 0.5364741641337386
15 0.7049645390070922 0.48632218844984804 0.6968085106382979 0.46808510638297873 0.6950354609929078 0.4369300911854103 0.6950354609929078 0.40197568389057753 0.6950354609929078 0.3586626139817629 0.7049645390070922 0.2674772036474164 0.7322695035460993 0.31382978723404253 0.7290780141843972 0.3594224924012158 0.724822695035461 0.39361702127659576 0.7265957446808511 0.41033434650455924 0.7379432624113476 0.43541033434650456 0.7411347517730497 0.46580547112462006 0.7354609929078014 0.4817629179331307 0.7170212765957447 0.4992401215805471
16 0.4968085106382979 0.6041033434650456 0.5106382978723404 0.6041033434650456 0.5187943262411348 0.6063829787234043 0.5219858156028369 0.6390577507598785 0.5226950354609929 0.6922492401215805 0.5187943262411348 0.7940729483282675 0.5010638297872341 0.7834346504559271 0.5010638297872341 0.7059270516717325 0.49929078014184397 0.6436170212765957
17 0.5202127659574468 0.6041033434650456 0.5269503546099291 0.5957446808510638 0.5418439716312057 0.5942249240121581 0.5475177304964539 0.5987841945288754 0.5460992907801419 0.6474164133738601 0.5468085106382978 0.702887537993921 0.5517730496453901 0.8031914893617021 0.5347517730496454 0.7993920972644377 0.5283687943262412 0.7180851063829787 0.5234042553191489 0.6580547112462006
18 0.5460992907801419 0.6352583586626139 0.5418439716312057 0.6041033434650456 0.5478723404255319 0.5904255319148937 0.5581560283687943 0.5889057750759878 0.574468085106383 0.6003039513677811 0.5765957446808511 0.7165653495440729 0.577304964539007 0.776595744680851 0.577304964539007 0.8077507598784195 0.5624113475177305 0.8047112462006079 0.5595744680851064 0.743920972644377 0.5542553191489362 0.6952887537993921 0.550709219858156 0.6557750759878419 0.5478723404255319 0.6162613981762918
19 0.5765957446808511 0.6527355623100304 0.5695035460992908 0.6231003039513677 0.5695035460992908 0.6063829787234043 0.577304964539007 0.5851063829787234 0.5829787234042553 0.581306990881459 0.5921985815602837 0.5835866261398176 0.5968085106382979 0.6094224924012158 0.5975177304964538 0.648936170212766 0.599290780141844 0.6990881458966566 0.6095744680851064 0.7720364741641338 0.5985815602836879 0.8115501519756839 0.5840425531914893 0.7834346504559271 0.5833333333333334 0.7272036474164134 0.5808510638297872 0.689209726443769
20 0.6056737588652482 0.6770516717325228 0.6024822695035461 0.6451367781155015 0.5953900709219858 0.6231003039513677 0.5921985815602837 0.6056231003039514 0.5929078014184397 0.5782674772036475 0.6067375886524823 0.5729483282674772 0.6170212765957447 0.5752279635258358 0.625177304964539 0.6041033434650456 0.625177304964539 0.6458966565349544 0.6304964539007092 0.6854103343465046 0.6354609929078014 0.7272036474164134 0.6404255319148936 0.8077507598784195 0.6216312056737588 0.8047112462006079 0.6138297872340426 0.7477203647416414
21 0.6340425531914894 0.6648936170212766 0.6273049645390071 0.6436170212765957 0.6152482269503546 0.5942249240121581 0.6152482269503546 0.5797872340425532 0.6195035460992908 0.5623100303951368 0.6354609929078014 0.5623100303951368 0.650709219858156 0.5562310030395137 0.6599290780141844 0.5554711246200608 0.6684397163120568 0.5835866261398176 0.6719858156028369 0.6314589665653495 0.6808510638297872 0.6717325227963525 0.6985815602836879 0.7750759878419453 0.6734042553191489 0.7834346504559271 0.6539007092198581 0.7712765957446809 0.6365248226950354 0.709726443768997 0.6304964539007092 0.6854103343465046 0.6290780141843971 0.6352583586626139
22 0.6790780141843972 0.6382978723404256 0.675177304964539 0.6177811550151976 0.6670212765957447 0.5851063829787234 0.6620567375886525 0.560790273556231 0.6716312056737589 0.5440729483282675 0.6897163120567376 0.5387537993920972 0.7031914893617022 0.5387537993920972 0.7106382978723405 0.5661094224924013 0.7163120567375887 0.5987841945288754 0.725177304964539 0.6367781155015197 0.75177304964539 0.7150455927051672 0.7127659574468085 0.7507598784194529 0.7070921985815602 0.7211246200607903 0.6943262411347517 0.6869300911854104 0.6847517730496454 0.648936170212766 0.6734042553191489 0.621580547112462
23 0.7159574468085106 0.574468085106383 0.7113475177304964 0.5699088145896657 0.7039007092198581 0.5577507598784195 0.7042553191489361 0.5433130699088146 0.7088652482269504 0.5243161094224924 0.7159574468085106 0.5182370820668692 0.725177304964539 0.5197568389057751 0.7379432624113476 0.49848024316109424 0.7404255319148936 0.49012158054711247 0.7468085106382979 0.5334346504559271 0.750709219858156 0.5623100303951368 0.7588652482269503 0.5934650455927052 0.7702127659574468 0.628419452887538 0.7702127659574468 0.6580547112462006 0.750709219858156 0.6679331306990881 0.7425531914893617 0.6557750759878419 0.7322695035460993 0.6337386018237082
24 0.47127659574468084 0.5957446808510638 0.4797872340425532 0.6003039513677811 0.4946808510638298 0.6109422492401215 0.49539007092198584 0.6679331306990881 0.49539007092198584 0.7424012158054711 0.4879432624113475 0.8153495440729484 0.47836879432624113 0.7940729483282675 0.4765957446808511 0.7272036474164134 0.4765957446808511 0.6960486322188449 0.47375886524822697 0.6352583586626139
25 0.449290780141844 0.6572948328267477 0.44680851063829785 0.6337386018237082 0.4453900709219858 0.60790273556231 0.44680851063829785 0.5957446808510638 0.4549645390070922 0.587386018237082 0.46879432624113476 0.5919452887537994 0.4702127659574468 0.6124620060790273 0.4702127659574468 0.6474164133738601 0.4702127659574468 0.6747720364741642 0.4648936170212766 0.7249240121580547 0.45567375886524825 0.7963525835866262 0.4460992907801418 0.7735562310030395 0.44858156028368795 0.7112462006079028 0.451063829787234 0.6732522796352584
26 0.42943262411347516 0.7819148936170213 0.42446808510638295 0.7196048632218845 0.42127659574468085 0.6641337386018237 0.4219858156028369 0.6268996960486323 0.4219858156028369 0.6041033434650456 0.4237588652482269 0.5835866261398176 0.44148936170212766 0.5851063829787234 0.449290780141844 0.5987841945288754 0.4524822695035461 0.6352583586626139 0.45 0.6747720364741642 0.45 0.7317629179331308 0.4429078014184397 0.8282674772036475 0.43333333333333335 0.8168693009118541
27 0.39680851063829786 0.790273556231003 0.39680851063829786 0.7370820668693009 0.4 0.6732522796352584 0.3971631205673759 0.6268996960486323 0.3946808510638298 0.5942249240121581 0.39787234042553193 0.5820668693009119 0.41134751773049644 0.581306990881459 0.42446808510638295 0.5972644376899696 0.42659574468085104 0.6193009118541033 0.42127659574468085 0.6694528875379939 0.42127659574468085 0.702887537993921 0.4056737588652482 0.85790273556231 0.400354609929078 0.8335866261398176
28 0.38475177304964536 0.7925531914893617 0.38156028368794326 0.7401215805471124 0.3790780141843972 0.6831306990881459 0.375177304964539 0.6641337386018237 0.375177304964539 0.6268996960486323 0.375177304964539 0.5957446808510638 0.37659574468085105 0.5767477203647416 0.38262411347517733 0.5630699088145896 0.40177304964539007 0.567629179331307 0.40602836879432624 0.587386018237082 0.40815602836879433 0.6063829787234043 0.40177304964539007 0.6382978723404256 0.40177304964539007 0.709726443768997 0.39148936170212767 0.8305471124620061 0.38475177304964536 0.8290273556231003
30 0.2978723404255319 0.7332826747720365 0.3131205673758865 0.7127659574468085 0.3276595744680851 0.6800911854103343 0.33404255319148934 0.6572948328267477 0.3382978723404255 0.6367781155015197 0.35106382978723405 0.6094224924012158 0.35425531914893615 0.5797872340425532 0.34716312056737586 0.5577507598784195 0.32907801418439714 0.5554711246200608 0.31879432624113474 0.547112462006079 0.30354609929078014 0.5387537993920972 0.3024822695035461 0.5630699088145896 0.29609929078014185 0.6056231003039514 0.2872340425531915 0.6231003039513677 0.2776595744680851 0.64209726443769 0.26099290780141843 0.6854103343465046 0.2631205673758865 0.7332826747720365
31 0.22127659574468084 0.6747720364741642 0.22836879432624113 0.6504559270516718 0.24219858156028368 0.6063829787234043 0.2542553191489362 0.5645896656534954 0.25851063829787235 0.5455927051671733 0.26099290780141843 0.5197568389057751 0.2726950354609929 0.4969604863221885 0.2833333333333333 0.49544072948328266 0.2833333333333333 0.5182370820668692 0.29609929078014185 0.5243161094224924 0.30602836879432627 0.5303951367781155 0.3099290780141844 0.547112462006079 0.30106382978723406 0.5851063829787234 0.29148936170212764 0.6094224924012158 0.2776595744680851 0.648936170212766 0.2599290780141844 0.7021276595744681 0.2404255319148936 0.7150455927051672