0 0.45375722543352603 0.5592705167173252 0.4656791907514451 0.5592705167173252 0.4841040462427746 0.5615501519756839 0.4884393063583815 0.5615501519756839 0.4884393063583815 0.49620060790273557 0.4916907514450867 0.2933130699088146 0.4750722543352601 0.29103343465045595 0.4624277456647399 0.48024316109422494 0.4523121387283237 0.5296352583586627
1 0.42557803468208094 0.5311550151975684 0.4263005780346821 0.547112462006079 0.43786127167630057 0.5547112462006079 0.4505057803468208 0.5486322188449848 0.4588150289017341 0.5189969604863222 0.46315028901734107 0.4908814589665654 0.46423410404624277 0.418693009118541 0.47398843930635837 0.30547112462006076 0.4613439306358382 0.30015197568389057 0.4440028901734104 0.3670212765957447 0.43352601156069365 0.4126139817629179 0.4270231213872832 0.4946808510638298
3 0.36741329479768786 0.48024316109422494 0.3666907514450867 0.5030395136778115 0.3666907514450867 0.5319148936170213 0.3768063583815029 0.5455927051671733 0.38945086705202314 0.5440729483282675 0.3959537572254335 0.5425531914893617 0.40028901734104044 0.526595744680851 0.40173410404624277 0.48328267477203646 0.39848265895953755 0.4430091185410334 0.3815028901734104 0.2682370820668693 0.36054913294797686 0.2765957446808511 0.3663294797687861 0.4430091185410334
4 0.3338150289017341 0.4627659574468085 0.3345375722543353 0.48328267477203646 0.3305635838150289 0.5189969604863222 0.34284682080924855 0.5425531914893617 0.35332369942196534 0.5486322188449848 0.3713872832369942 0.5387537993920972 0.3706647398843931 0.49240121580547114 0.3699421965317919 0.4452887537993921 0.3540462427745665 0.2560790273556231 0.3522398843930636 0.24696048632218845 0.34140173410404623 0.24848024316109424 0.3338150289017341 0.2803951367781155 0.32947976878612717 0.41109422492401215
8 0.4877167630057804 0.5562310030395137 0.49783236994219654 0.5600303951367781 0.5086705202312138 0.5668693009118541 0.5144508670520231 0.5668693009118541 0.5184248554913294 0.5600303951367781 0.5144508670520231 0.5098784194528876 0.5144508670520231 0.4870820668693009 0.5184248554913294 0.41109422492401215 0.5133670520231214 0.27203647416413373 0.5010838150289018 0.2803951367781155 0.4902456647398844 0.36854103343465044 0.48988439306358383 0.4749240121580547 0.48916184971098264 0.5 0.4877167630057804 0.5296352583586627
9 0.516257225433526 0.5030395136778115 0.5151734104046243 0.5227963525835866 0.5151734104046243 0.5493920972644377 0.5263728323699421 0.5600303951367781 0.5354046242774566 0.5600303951367781 0.5404624277456648 0.540273556231003 0.541907514450867 0.5045592705167173 0.5447976878612717 0.46048632218844987 0.5538294797687862 0.3229483282674772 0.5354046242774566 0.3191489361702128 0.5234826589595376 0.385258358662614 0.5220375722543352 0.43465045592705165 0.5195086705202312 0.48556231003039513
10 0.5473265895953757 0.5668693009118541 0.5411849710982659 0.5364741641337386 0.5411849710982659 0.4870820668693009 0.5455202312138728 0.4452887537993921 0.548771676300578 0.3723404255319149 0.5639450867052023 0.2803951367781155 0.5798410404624278 0.2872340425531915 0.5834537572254336 0.3533434650455927 0.5755057803468208 0.4430091185410334 0.5715317919075145 0.4908814589665654 0.5690028901734104 0.5258358662613982 0.5581647398843931 0.5668693009118541
11 0.5697254335260116 0.5645896656534954 0.565028901734104 0.5455927051671733 0.5639450867052023 0.5106382978723404 0.567557803468208 0.4787234042553192 0.5755057803468208 0.44148936170212766 0.585621387283237 0.3229483282674772 0.5982658959537572 0.3427051671732523 0.6026011560693642 0.36322188449848025 0.5986271676300579 0.4870820668693009 0.5986271676300579 0.513677811550152 0.5975433526011561 0.5509118541033434 0.5910404624277457 0.5645896656534954 0.5805635838150289 0.5653495440729484
12 0.5982658959537572 0.5600303951367781 0.5910404624277457 0.5562310030395137 0.590679190751445 0.5189969604863222 0.5942919075144508 0.46580547112462006 0.6076589595375722 0.3191489361702128 0.6184971098265896 0.31458966565349544 0.6228323699421965 0.36322188449848025 0.6217485549132948 0.44680851063829785 0.6210260115606936 0.4886018237082067 0.6246387283236994 0.5319148936170213 0.6246387283236994 0.5509118541033434 0.6109104046242775 0.5592705167173252
13 0.648121387283237 0.5524316109422492 0.6296965317919075 0.5577507598784195 0.6192196531791907 0.5349544072948328 0.6192196531791907 0.4992401215805471 0.6228323699421965 0.4627659574468085 0.6304190751445087 0.29103343465045595 0.6557080924855492 0.2978723404255319 0.6705202312138728 0.3791793313069909 0.6723265895953757 0.40197568389057753 0.6723265895953757 0.4270516717325228 0.6658236994219653 0.4726443768996961 0.6697976878612717 0.5387537993920972
14 0.696893063583815 0.5455927051671733 0.6759393063583815 0.5440729483282675 0.6705202312138728 0.5425531914893617 0.6632947976878613 0.506838905775076 0.6632947976878613 0.47112462006079026 0.6690751445086706 0.3791793313069909 0.6766618497109826 0.33206686930091184 0.6799132947976878 0.32066869300911854 0.7084537572254336 0.3229483282674772 0.7102601156069365 0.3586626139817629 0.7091763005780347 0.44832826747720367 0.7117052023121387 0.4817629179331307 0.7171242774566474 0.5083586626139818 0.7153179190751445 0.5349544072948328
16 0.4916907514450867 0.5949848024316109 0.5126445086705202 0.5919452887537994 0.509393063583815 0.6679331306990881 0.5057803468208093 0.8092705167173252 0.49241329479768786 0.8161094224924013
17 0.5108381502890174 0.6003039513677811 0.5364884393063584 0.6041033434650456 0.5303468208092486 0.6466565349544073 0.5209537572254336 0.7963525835866262 0.5057803468208093 0.8138297872340425 0.5010838150289018 0.7826747720364742 0.506864161849711 0.7256838905775076
18 0.5321531791907514 0.6907294832826748 0.5263728323699421 0.6413373860182371 0.5314306358381503 0.6185410334346505 0.5429913294797688 0.6094224924012158 0.5545520231213873 0.6268996960486323 0.5632225433526011 0.689209726443769 0.5747832369942196 0.8001519756838906 0.5621387283236994 0.8267477203647416 0.548771676300578 0.8191489361702128
19 0.5596098265895953 0.6869300911854104 0.5494942196531792 0.6588145896656535 0.5469653179190751 0.6306990881458967 0.5469653179190751 0.6056231003039514 0.5570809248554913 0.5866261398176292 0.5697254335260116 0.5987841945288754 0.5773121387283237 0.6322188449848024 0.5780346820809249 0.6838905775075987 0.5917630057803468 0.8267477203647416 0.5867052023121387 0.8282674772036475 0.5755057803468208 0.8252279635258358
20 0.5809248554913294 0.6709726443768997 0.5682803468208093 0.6231003039513677 0.5664739884393064 0.6025835866261399 0.5780346820809249 0.5866261398176292 0.5957369942196532 0.5866261398176292 0.6127167630057804 0.6162613981762918 0.6094653179190751 0.6709726443768997 0.6242774566473989 0.837386018237082 0.6036849710982659 0.8305471124620061
21 0.6134393063583815 0.6732522796352584 0.6076589595375722 0.6352583586626139 0.5986271676300579 0.6185410334346505 0.5982658959537572 0.5972644376899696 0.6192196531791907 0.5790273556231003 0.6372832369942196 0.581306990881459 0.6528179190751445 0.5843465045592705 0.6553468208092486 0.5919452887537994 0.6571531791907514 0.6299392097264438 0.6976156069364162 0.7978723404255319 0.6495664739884393 0.8092705167173252 0.6242774566473989 0.7469604863221885
22 0.6672687861271677 0.6724924012158054 0.6589595375722543 0.6405775075987842 0.653179190751445 0.6147416413373861 0.6502890173410405 0.5896656534954408 0.6571531791907514 0.5668693009118541 0.6683526011560693 0.5539513677811551 0.6838872832369942 0.5524316109422492 0.6950867052023122 0.5524316109422492 0.7095375722543352 0.5805471124620061 0.7084537572254336 0.6185410334346505 0.736271676300578 0.7484802431610942 0.7084537572254336 0.7750759878419453 0.6856936416184971 0.7507598784194529
24 0.47760115606936415 0.6003039513677811 0.49096820809248554 0.6109422492401215 0.4934971098265896 0.662613981762918 0.4934971098265896 0.8427051671732523 0.4725433526011561 0.851063829787234
25 0.4541184971098266 0.6572948328267477 0.44653179190751446 0.6025835866261399 0.45917630057803466 0.5987841945288754 0.4815751445086705 0.5987841945288754 0.47579479768786126 0.6785714285714286 0.4750722543352601 0.8563829787234043 0.4555635838150289 0.8586626139817629
26 0.4024566473988439 0.8548632218844985 0.40859826589595377 0.7667173252279635 0.4136560693641618 0.7272036474164134 0.42052023121387283 0.6724924012158054 0.4252167630057804 0.6337386018237082 0.43352601156069365 0.5866261398176292 0.4497832369942196 0.6025835866261399 0.4541184971098266 0.6390577507598785 0.45484104046242774 0.6572948328267477 0.4523121387283237 0.6945288753799392 0.43460982658959535 0.810790273556231 0.4194364161849711 0.8670212765957447
27 0.3815028901734104 0.8229483282674772 0.3833092485549133 0.7575987841945289 0.38692196531791906 0.7112462006079028 0.39197976878612717 0.6641337386018237 0.40028901734104044 0.60790273556231 0.4093208092485549 0.5828267477203647 0.4194364161849711 0.5881458966565349 0.4270231213872832 0.6246200607902735 0.4288294797687861 0.6466565349544073 0.4194364161849711 0.6937689969604863 0.4078757225433526 0.7469604863221885 0.404985549132948 0.8214285714285714 0.38945086705202314 0.8351063829787234
28 0.35585260115606937 0.8229483282674772 0.36127167630057805 0.7613981762917933 0.36741329479768786 0.7173252279635258 0.3706647398843931 0.6694528875379939 0.37391618497109824 0.6512158054711246 0.3800578034682081 0.6109422492401215 0.38511560693641617 0.5759878419452887 0.38945086705202314 0.5683890577507599 0.4060693641618497 0.5790273556231003 0.42124277456647397 0.5919452887537994 0.41871387283236994 0.6071428571428571 0.39848265895953755 0.6603343465045592 0.3793352601156069 0.7575987841945289 0.36921965317919075 0.8214285714285714
30 0.2966040462427746 0.7416413373860182 0.3168352601156069 0.7112462006079028 0.32803468208092484 0.6869300911854104 0.3403179190751445 0.648176291793313 0.3471820809248555 0.6147416413373861 0.3522398843930636 0.5866261398176292 0.34465317919075145 0.5752279635258358 0.3320086705202312 0.5577507598784195 0.3186416184971098 0.5539513677811551 0.3092485549132948 0.5524316109422492 0.30166184971098264 0.5949848024316109 0.2958815028901734 0.6390577507598785 0.2680635838150289 0.7272036474164134 0.29010115606936415 0.7469604863221885
31 0.24458092485549132 0.689209726443769 0.2579479768786127 0.6147416413373861 0.26083815028901736 0.5858662613981763 0.2633670520231214 0.5524316109422492 0.2658959537572254 0.5151975683890577 0.27239884393063585 0.5045592705167173 0.28359826589595377 0.5045592705167173 0.3045520231213873 0.5227963525835866 0.31466763005780346 0.5349544072948328 0.3110549132947977 0.5668693009118541 0.3027456647398844 0.6124620060790273 0.2810693641618497 0.6937689969604863 0.2622832369942196 0.7173252279635258