0 0.47279029462738303 0.5425531914893617 0.502946273830156 0.547112462006079 0.4998266897746967 0.26671732522796354 0.47902946273830155 0.2689969604863222 0.47279029462738303 0.46808510638297873
1 0.45961871750433275 0.5455927051671733 0.4734835355285962 0.5372340425531915 0.4804159445407279 0.26367781155015196 0.4610051993067591 0.27203647416413373 0.44748700173310224 0.5250759878419453
2 0.42357019064124785 0.5151975683890577 0.43743500866551127 0.5493920972644377 0.4519930675909879 0.5319148936170213 0.4558058925476603 0.46656534954407297 0.44818024263431544 0.24316109422492402 0.42807625649913345 0.24468085106382978
3 0.40346620450606585 0.5083586626139818 0.41663778162911613 0.541033434650456 0.43674176776429807 0.5235562310030395 0.43743500866551127 0.4088145896656535 0.424263431542461 0.2454407294832827 0.4055459272097054 0.2553191489361702 0.40589254766031196 0.4430091185410334
4 0.37885615251299826 0.5121580547112462 0.3902946273830156 0.5303951367781155 0.40866551126516465 0.5167173252279635 0.41109185441941076 0.49544072948328266 0.4117850953206239 0.3974164133738602 0.3996533795493934 0.24696048632218845 0.3826689774696707 0.2553191489361702 0.38578856152512997 0.3700607902735562 0.38128249566724437 0.4308510638297872 0.3778162911611785 0.4848024316109423
5 0.34488734835355284 0.5053191489361702 0.36568457538994803 0.5182370820668692 0.3826689774696707 0.5037993920972644 0.3902946273830156 0.4627659574468085 0.37885615251299826 0.23480243161094225 0.35424610051993066 0.23860182370820668 0.35424610051993066 0.3548632218844985 0.3466204506065858 0.4270516717325228 0.34280762564991335 0.479483282674772
6 0.31473136915077987 0.47112462006079026 0.3365684575389948 0.4878419452887538 0.35181975736568455 0.45440729483282677 0.35251299826689775 0.27203647416413373 0.3334488734835355 0.2735562310030395 0.3185441941074523 0.33814589665653494 0.3185441941074523 0.3974164133738602 0.31091854419410747 0.44984802431610943
7 0.2731369150779896 0.41033434650455924 0.29185441941074525 0.44984802431610943 0.31473136915077987 0.44452887537993924 0.32339688041594455 0.35638297872340424 0.34107452339688044 0.23328267477203649 0.3057192374350087 0.21428571428571427 0.29185441941074525 0.27583586626139817 0.29185441941074525 0.32750759878419455 0.27417677642980937 0.39209726443769
8 0.5022530329289429 0.5539513677811551 0.5376083188908145 0.5372340425531915 0.5206239168110919 0.25987841945288753 0.5005199306759098 0.2689969604863222
9 0.5344887348353553 0.53419452887538 0.5559792027729636 0.5288753799392097 0.549740034662045 0.2621580547112462 0.5282495667244368 0.27203647416413373 0.5289428076256499 0.44984802431610943
10 0.5545927209705372 0.5182370820668692 0.5660311958405546 0.5357142857142857 0.5805892547660312 0.5167173252279635 0.5805892547660312 0.46656534954407297 0.5760831889081456 0.24316109422492402 0.5573656845753899 0.25151975683890576 0.5542461005199307 0.40577507598784196 0.5528596187175043 0.45972644376899696
11 0.5736568457538995 0.5083586626139818 0.5944540727902946 0.5288753799392097 0.605892547660312 0.49848024316109424 0.6027729636048527 0.4156534954407295 0.5961871750433275 0.25835866261398177 0.5785095320623916 0.25987841945288753 0.5753899480069324 0.4194528875379939 0.57157712305026 0.4513677811550152
12 0.5982668977469671 0.5 0.6166377816291161 0.520516717325228 0.6298093587521664 0.49164133738601823 0.6221837088388215 0.4278115501519757 0.6214904679376083 0.24696048632218845 0.6027729636048527 0.2530395136778115 0.6 0.439209726443769
13 0.6270363951473137 0.5037993920972644 0.6467937608318891 0.5037993920972644 0.6714038128249566 0.4734042553191489 0.6606585788561525 0.3882978723404255 0.664471403812825 0.33814589665653494 0.6606585788561525 0.2689969604863222 0.6336221837088388 0.2689969604863222 0.6253032928942808 0.33814589665653494 0.6284228769497401 0.39361702127659576 0.6228769497400347 0.4764437689969605
14 0.6700173310225304 0.4734042553191489 0.6755632582322357 0.4764437689969605 0.7039861351819757 0.44984802431610943 0.7022530329289428 0.42401215805471126 0.6946273830155979 0.3601823708206687 0.6908145580589254 0.2925531914893617 0.6793760831889082 0.23024316109422494 0.6568457538994801 0.2553191489361702 0.6606585788561525 0.3837386018237082 0.664471403812825 0.439209726443769
15 0.7039861351819757 0.44984802431610943 0.7136915077989602 0.45592705167173253 0.7223570190641248 0.44984802431610943 0.7247833622183709 0.425531914893617 0.7362218370883882 0.41185410334346506 0.7292894280762565 0.3768996960486322 0.7192374350086655 0.32978723404255317 0.7199306759098787 0.23024316109422494 0.6970537261698441 0.2317629179331307 0.6894280762564992 0.31762917933130697 0.692894280762565 0.371580547112462 0.6960138648180243 0.41413373860182373
16 0.49878682842287697 0.5577507598784195 0.5157712305025997 0.5623100303951368 0.5306759098786828 0.6633738601823708 0.5389948006932409 0.7735562310030395 0.5268630849220104 0.7773556231003039 0.5019064124783362 0.6405775075987842
17 0.5168110918544194 0.5623100303951368 0.5358752166377816 0.5493920972644377 0.5389948006932409 0.567629179331307 0.5459272097053726 0.6534954407294833 0.5542461005199307 0.7857142857142857 0.5389948006932409 0.7819148936170213 0.5268630849220104 0.6405775075987842
18 0.5376083188908145 0.5661094224924013 0.5438474870017331 0.5486322188449848 0.5566724436741768 0.547112462006079 0.5629116117850953 0.574468085106383 0.5729636048526863 0.6603343465045592 0.5844020797227036 0.8153495440729484 0.5722703639514731 0.8229483282674772 0.5459272097053726 0.6451367781155015
19 0.5611785095320624 0.574468085106383 0.5722703639514731 0.5440729483282675 0.5892547660311959 0.5661094224924013 0.5913344887348354 0.6299392097264438 0.6152512998266898 0.7955927051671733 0.6013864818024264 0.8039513677811551 0.5705372616984402 0.6405775075987842
20 0.5854419410745234 0.5562310030395137 0.5982668977469671 0.5372340425531915 0.6062391681109185 0.547112462006079 0.6169844020797227 0.5493920972644377 0.6176776429809359 0.5949848024316109 0.6329289428076257 0.790273556231003 0.618370883882149 0.8024316109422492 0.5968804159445408 0.6671732522796353 0.5892547660311959 0.5980243161094225
21 0.608318890814558 0.5440729483282675 0.6121317157712305 0.5235562310030395 0.6398613518197573 0.5121580547112462 0.6554592720970537 0.5319148936170213 0.6613518197573657 0.5949848024316109 0.695320623916811 0.7446808510638298 0.6554592720970537 0.7773556231003039 0.6329289428076257 0.6945288753799392 0.6253032928942808 0.6246200607902735 0.6051993067590988 0.5577507598784195
22 0.6467937608318891 0.5235562310030395 0.6499133448873483 0.5 0.6800693240901213 0.479483282674772 0.6915077989601387 0.49164133738601823 0.7077989601386482 0.5592705167173252 0.7483535528596187 0.6671732522796353 0.7129982668977469 0.708966565349544 0.6894280762564992 0.6557750759878419 0.6776429809358753 0.6033434650455927 0.6499133448873483 0.5455927051671733
23 0.6845753899480069 0.493161094224924 0.6932409012131716 0.46656534954407297 0.723050259965338 0.4376899696048632 0.733102253032929 0.45972644376899696 0.7424610051993068 0.5037993920972644 0.789948006932409 0.6048632218844985 0.7670710571923743 0.648936170212766 0.7279029462738301 0.6033434650455927 0.7105719237435009 0.5440729483282675 0.6960138648180243 0.5235562310030395 0.6894280762564992 0.5030395136778115
24 0.4811091854419411 0.567629179331307 0.5005199306759098 0.5623100303951368 0.5057192374350087 0.7697568389057751 0.4873483535528596 0.7735562310030395
25 0.4610051993067591 0.5577507598784195 0.48180242634315423 0.567629179331307 0.4852686308492201 0.8001519756838906 0.4689774696707106 0.8054711246200608
26 0.44020797227036396 0.5706686930091185 0.45268630849220104 0.5493920972644377 0.46204506065857887 0.5790273556231003 0.462738301559792 0.6588145896656535 0.4512998266897747 0.8442249240121581 0.4294627383015598 0.8343465045592705 0.434315424610052 0.682370820668693 0.44020797227036396 0.628419452887538
27 0.41594454072790293 0.5691489361702128 0.42876949740034664 0.5577507598784195 0.4433275563258232 0.5881458966565349 0.42114384748700173 0.8358662613981763 0.3986135181975737 0.810790273556231 0.4135181975736568 0.6702127659574468
28 0.39098786828422877 0.5493920972644377 0.4020797227036395 0.541033434650456 0.42114384748700173 0.5554711246200608 0.42287694974003465 0.5828267477203647 0.4180242634315425 0.6094224924012158 0.4135181975736568 0.6838905775075987 0.3850953206239168 0.8229483282674772 0.3681109185441941 0.8077507598784195 0.38648180242634317 0.668693009118541 0.3889081455805893 0.6033434650455927 0.3871750433275563 0.567629179331307
29 0.35701906412478335 0.5250759878419453 0.3733102253032929 0.5250759878419453 0.394107452339688 0.5189969604863222 0.40173310225303294 0.547112462006079 0.3934142114384749 0.5911854103343465 0.38128249566724437 0.6785714285714286 0.34800693240901215 0.7925531914893617 0.31334488734835353 0.7530395136778115 0.34558058925476604 0.6101823708206687 0.34800693240901215 0.5493920972644377
30 0.32027729636048524 0.4969604863221885 0.3265164644714038 0.4946808510638298 0.3580589254766031 0.5182370820668692 0.35944540727902946 0.5592705167173252 0.34974003466204506 0.5790273556231003 0.33587521663778164 0.6033434650455927 0.3247833622183709 0.6466565349544073 0.28492201039861353 0.736322188449848 0.25927209705372617 0.6861702127659575 0.28318890814558056 0.6033434650455927 0.30398613518197576 0.560790273556231 0.31334488734835353 0.5250759878419453
31 0.27937608318890816 0.44984802431610943 0.28873483535528593 0.44452887537993924 0.3001733102253033 0.46808510638297873 0.31473136915077987 0.479483282674772 0.3240901213171577 0.5015197568389058 0.30779896013864816 0.5425531914893617 0.2949740034662045 0.567629179331307 0.28388214904679376 0.6033434650455927 0.24228769497400346 0.6504559270516718 0.22253032928942806 0.5790273556231003 0.2641247833622184 0.5167173252279635