0 0.4794231445655997 0.40805471124620063 0.4794231445655997 0.44224924012158057 0.4794231445655997 0.47796352583586627 0.47766443897291594 0.5053191489361702 0.47555399226169537 0.5478723404255319 0.47766443897291594 0.5752279635258358 0.5008793527963419 0.581306990881459 0.5089693985226873 0.581306990881459 0.5145972564192755 0.5767477203647416 0.5107281041153711 0.5455927051671733 0.507914175167077 0.5075987841945289 0.507914175167077 0.4734042553191489 0.5068589518114668 0.4270516717325228 0.5068589518114668 0.3890577507598784 0.49630671825536404 0.3829787234042553 0.47766443897291594 0.385258358662614
1 0.4744987689060851 0.3974164133738602 0.4737952866690116 0.41033434650455924 0.4737952866690116 0.4506079027355623 0.4737952866690116 0.4969604863221885 0.4737952866690116 0.5288753799392097 0.47274006331340135 0.5683890577507599 0.45902215969046783 0.5752279635258358 0.45409778403095324 0.5493920972644377 0.4523390784382694 0.5053191489361702 0.4491734083714386 0.4673252279635258 0.4463594794231446 0.42933130699088146 0.4463594794231446 0.3913373860182371 0.45304256067534293 0.38069908814589665
2 0.44143510376363 0.3829787234042553 0.44143510376363 0.40805471124620063 0.44143510376363 0.44376899696048633 0.4435455504748505 0.4817629179331307 0.4453042560675343 0.5197568389057751 0.4463594794231446 0.5539513677811551 0.4347520225114316 0.5668693009118541 0.4249032711924024 0.5623100303951368 0.42384804783679214 0.5197568389057751 0.42384804783679214 0.4734042553191489 0.42173760112557157 0.4247720364741641 0.42103411888849807 0.3829787234042553
3 0.40731621526556455 0.3913373860182371 0.41892367217727755 0.44832826747720367 0.41892367217727755 0.46504559270516715 0.41892367217727755 0.4969604863221885 0.4277172001406965 0.5577507598784195 0.41786844882166724 0.5706686930091185 0.3995779106577559 0.5706686930091185 0.3946535349982413 0.5562310030395137 0.39746746394653537 0.5243161094224924 0.39746746394653537 0.48404255319148937 0.39852268730214563 0.44832826747720367 0.39852268730214563 0.41033434650455924
4 0.3848047836792121 0.41033434650455924 0.38761871262750613 0.4338905775075988 0.39148786493141047 0.4627659574468085 0.3925430882870207 0.4886018237082067 0.3953570172353148 0.5220364741641338 0.39852268730214563 0.5562310030395137 0.39641224059092506 0.5729483282674772 0.3865634892718959 0.581306990881459 0.36897643334505803 0.5767477203647416 0.37214210341188886 0.5478723404255319 0.3710868800562786 0.5197568389057751 0.3731973267674991 0.4696048632218845 0.3731973267674991 0.43541033434650456 0.3710868800562786 0.4126139817629179 0.3710868800562786 0.3913373860182371 0.3760112557157932 0.378419452887538 0.3865634892718959 0.38069908814589665
5 0.3506858951811467 0.38677811550151975 0.354555047485051 0.40805471124620063 0.35842419978895534 0.45440729483282677 0.35842419978895534 0.4886018237082067 0.3651072810411537 0.526595744680851 0.36721772775237427 0.5577507598784195 0.34752022511431585 0.5835866261398176 0.3348575448469926 0.5752279635258358 0.3292296869504045 0.5645896656534954 0.3292296869504045 0.5387537993920972 0.3320436158986986 0.4992401215805471 0.33309883925430883 0.4627659574468085 0.32606401688357367 0.41641337386018235 0.3250087935279634 0.378419452887538 0.3380232149138234 0.3723404255319149
6 0.3105874076679564 0.378419452887538 0.3105874076679564 0.40425531914893614 0.31234611326064016 0.44376899696048633 0.3144565599718607 0.47796352583586627 0.31832571227576506 0.513677811550152 0.3204361589869856 0.5455927051671733 0.3204361589869856 0.5600303951367781 0.3134013366162504 0.5729483282674772 0.30355258529722123 0.5767477203647416 0.29581428068941257 0.5729483282674772 0.2852620471333099 0.5600303951367781 0.2782272247625747 0.5433130699088146 0.28209637706647905 0.5098784194528876 0.290889905029898 0.47796352583586627 0.2919451283855083 0.4506079027355623 0.290889905029898 0.40197568389057753 0.290889905029898 0.37462006079027355
7 0.27928244811818503 0.3890577507598784 0.27928244811818503 0.4126139817629179 0.2782272247625747 0.44832826747720367 0.2782272247625747 0.48024316109422494 0.2782272247625747 0.5098784194528876 0.2782272247625747 0.5098784194528876 0.27646851916989096 0.5455927051671733 0.26837847344354554 0.5706686930091185 0.2567710165318326 0.5577507598784195 0.24797748856841365 0.5455927051671733 0.23918396060499472 0.5372340425531915 0.23812873724938446 0.5053191489361702 0.24797748856841365 0.4696048632218845 0.2557157931762223 0.41033434650455924 0.2557157931762223 0.3890577507598784 0.2606401688357369 0.3723404255319149
8 0.5177629264861062 0.38677811550151975 0.5156524797748857 0.41641337386018235 0.5156524797748857 0.46504559270516715 0.5156524797748857 0.4908814589665654 0.5156524797748857 0.5159574468085106 0.5128385508265916 0.5478723404255319 0.5216320787900105 0.5683890577507599 0.5420330636651425 0.5858662613981763 0.5459022159690468 0.5706686930091185 0.5480126626802673 0.5288753799392097 0.5480126626802673 0.47796352583586627 0.5430882870207527 0.4376899696048632 0.5420330636651425 0.39969604863221886 0.5293703833978192 0.3768996960486322
9 0.546957439324657 0.39361702127659576 0.544143510376363 0.4247720364741641 0.544143510376363 0.45440729483282677 0.5459022159690468 0.4908814589665654 0.5490678860358776 0.5182370820668692 0.5518818149841717 0.5433130699088146 0.5536405205768554 0.5645896656534954 0.5694688709110095 0.5790273556231003 0.5722827998593035 0.5623100303951368 0.5733380232149138 0.5349544072948328 0.5705240942666198 0.4908814589665654 0.5666549419627155 0.4506079027355623 0.5655997186071051 0.4247720364741641 0.5655997186071051 0.40577507598784196 0.5624340485402743 0.3829787234042553
10 0.574393246570524 0.38069908814589665 0.574393246570524 0.42933130699088146 0.5722827998593035 0.4627659574468085 0.5712275765036933 0.4992401215805471 0.5722827998593035 0.5326747720364742 0.5761519521632079 0.5645896656534954 0.5860007034822371 0.5767477203647416 0.594794231445656 0.5752279635258358 0.594794231445656 0.5516717325227963 0.5958494548012663 0.5113981762917933 0.5997186071051706 0.4612462006079027 0.5997186071051706 0.4126139817629179 0.5958494548012663 0.378419452887538
11 0.6046429827646852 0.3890577507598784 0.6018290538163912 0.418693009118541 0.5986633837495603 0.45440729483282677 0.5986633837495603 0.4946808510638298 0.5986633837495603 0.5197568389057751 0.5986633837495603 0.5478723404255319 0.6025325360534647 0.5683890577507599 0.6085121350685895 0.5729483282674772 0.6144917340837144 0.5706686930091185 0.6162504396763981 0.5562310030395137 0.6173056630320084 0.5243161094224924 0.6173056630320084 0.4756838905775076 0.6173056630320084 0.43541033434650456 0.6201195919803025 0.40197568389057753 0.6173056630320084 0.3723404255319149
12 0.6250439676398171 0.38069908814589665 0.622230038691523 0.41641337386018235 0.6162504396763981 0.4612462006079027 0.6151952163207879 0.48632218844984804 0.6162504396763981 0.5387537993920972 0.6162504396763981 0.5645896656534954 0.6232852620471333 0.5767477203647416 0.6387618712627506 0.581306990881459 0.6447414702778755 0.5729483282674772 0.6457966936334858 0.5433130699088146 0.6447414702778755 0.46504559270516715 0.6475553992261696 0.42933130699088146 0.6486106225817798 0.40577507598784196 0.6486106225817798 0.3723404255319149
13 0.6545902215969047 0.3913373860182371 0.6496658459373901 0.42325227963525835 0.6457966936334858 0.4734042553191489 0.6457966936334858 0.513677811550152 0.6457966936334858 0.5478723404255319 0.6535349982412945 0.5752279635258358 0.6623285262047134 0.581306990881459 0.6778051354203306 0.5858662613981763 0.6904678156876539 0.5767477203647416 0.6897643334505804 0.5455927051671733 0.6848399577910658 0.5030395136778115 0.6799155821315512 0.4612462006079027 0.6788603587759409 0.418693009118541 0.6767499120647203 0.3662613981762918 0.658459373900809 0.3662613981762918
14 0.6992613436510728 0.38677811550151975 0.6915230390432642 0.43541033434650456 0.6876538867393598 0.48632218844984804 0.6887091100949702 0.526595744680851 0.6915230390432642 0.5562310030395137 0.7024270137179036 0.5729483282674772 0.7168483995779107 0.5767477203647416 0.7295110798452339 0.5683890577507599 0.7305663032008441 0.5303951367781155 0.7228279985930355 0.4696048632218845 0.720717551881815 0.4270516717325228 0.7228279985930355 0.3677811550151976 0.7052409426661976 0.3556231003039514
15 0.7305663032008441 0.38069908814589665 0.7295110798452339 0.4376899696048632 0.7295110798452339 0.48632218844984804 0.7316215265564544 0.541033434650456 0.7383046078086528 0.5600303951367781 0.7541329581428069 0.5683890577507599 0.7667956384101301 0.5562310030395137 0.772775237425255 0.541033434650456 0.7629264861062258 0.4992401215805471 0.7601125571579318 0.46504559270516715 0.7569468870911009 0.4148936170212766 0.745339430179388 0.3723404255319149
16 0.513893774182202 0.7735562310030395 0.513893774182202 0.7332826747720365 0.5145972564192755 0.6952887537993921 0.5145972564192755 0.6512158054711246 0.5107281041153711 0.6132218844984803 0.5117833274709813 0.5957446808510638 0.5233907843826944 0.5957446808510638 0.5293703833978192 0.6132218844984803 0.5265564544495251 0.6428571428571429 0.5265564544495251 0.6679331306990881 0.5283151600422089 0.6998480243161094 0.5283151600422089 0.7310030395136778 0.5244460077383046 0.7629179331306991
17 0.546957439324657 0.6025835866261399 0.5371086880056278 0.6109422492401215 0.5314808301090398 0.6322188449848024 0.5304256067534294 0.6527355623100304 0.5314808301090398 0.6869300911854104 0.5314808301090398 0.7310030395136778 0.5314808301090398 0.7712765957446809 0.5420330636651425 0.7606382978723404 0.5448469926134365 0.7310030395136778 0.546957439324657 0.6740121580547113 0.5518818149841717 0.6276595744680851
18 0.5585648962363701 0.5980243161094225 0.5529370383397819 0.6109422492401215 0.5536405205768554 0.6405775075987842 0.5568061906436862 0.6633738601823708 0.5578614139992966 0.6952887537993921 0.5568061906436862 0.7332826747720365 0.5568061906436862 0.7667173252279635 0.5684136475553992 0.7857142857142857 0.574393246570524 0.75 0.574393246570524 0.7142857142857143 0.5733380232149138 0.6595744680851063 0.5733380232149138 0.6147416413373861 0.5722827998593035 0.5942249240121581
19 0.5860007034822371 0.5980243161094225 0.5761519521632079 0.6048632218844985 0.5733380232149138 0.6360182370820668 0.5754484699261344 0.6679331306990881 0.5761519521632079 0.7120060790273556 0.5800211044671122 0.756838905775076 0.583186774533943 0.7925531914893617 0.5919803024973619 0.790273556231003 0.5930355258529723 0.7249240121580547 0.5937390080900458 0.6846504559270516 0.5986633837495603 0.6512158054711246 0.5986633837495603 0.621580547112462
20 0.6056982061202955 0.6048632218844985 0.594794231445656 0.6048632218844985 0.5898698557861414 0.621580547112462 0.5930355258529723 0.6512158054711246 0.594794231445656 0.7059270516717325 0.5986633837495603 0.7462006079027356 0.6035877594090749 0.7819148936170213 0.6106225817798101 0.7879939209726444 0.6134365107281041 0.7332826747720365 0.6151952163207879 0.6702127659574468 0.6151952163207879 0.6443768996960486
21 0.6211748153359128 0.6109422492401215 0.6151952163207879 0.6193009118541033 0.6144917340837144 0.6337386018237082 0.6201195919803025 0.6572948328267477 0.6232852620471333 0.6975683890577508 0.6239887442842068 0.7332826747720365 0.6289131199437215 0.7735562310030395 0.6359479423144565 0.8009118541033434 0.6524797748856841 0.7948328267477204 0.6651424551530074 0.7735562310030395 0.6711220541681323 0.7355623100303952 0.6651424551530074 0.7013677811550152 0.6640872317973971 0.6656534954407295 0.6651424551530074 0.6276595744680851 0.6633837495603236 0.6109422492401215 0.6503693281744636 0.6063829787234043 0.6359479423144565 0.6063829787234043
22 0.6827295110798453 0.5942249240121581 0.6679563841013014 0.6063829787234043 0.6623285262047134 0.6193009118541033 0.6700668308125219 0.6443768996960486 0.6767499120647203 0.6952887537993921 0.681674287724235 0.7249240121580547 0.6904678156876539 0.7583586626139818 0.7013717903622934 0.7948328267477204 0.709110094970102 0.7879939209726444 0.7140344706296166 0.7378419452887538 0.7168483995779107 0.6785714285714286 0.7168483995779107 0.6382978723404256 0.7112205416813225 0.6063829787234043 0.6943369679915582 0.5980243161094225
23 0.7520225114315864 0.5835866261398176 0.7344354555047485 0.5896656534954408 0.7217727752374252 0.5942249240121581 0.7150896939852269 0.6086626139817629 0.7150896939852269 0.6337386018237082 0.7383046078086528 0.7059270516717325 0.7580021104467112 0.7462006079027356 0.772775237425255 0.75 0.7667956384101301 0.6930091185410334 0.7590573338023215 0.6238601823708206
24 0.49419627154414353 0.7629179331306991 0.49806542384804786 0.7188449848024316 0.5040450228631727 0.6702127659574468 0.5058037284558565 0.6360182370820668 0.5058037284558565 0.6132218844984803 0.49630671825536404 0.6025835866261399 0.48645796693633486 0.6147416413373861 0.4854027435807246 0.6443768996960486 0.48645796693633486 0.6762917933130699 0.48645796693633486 0.7120060790273556 0.48258881463243053 0.75 0.48329229686950403 0.7735562310030395
25 0.47766443897291594 0.7857142857142857 0.4787196623285262 0.756838905775076 0.48329229686950403 0.7165653495440729 0.4843475202251143 0.6679331306990881 0.4843475202251143 0.6299392097264438 0.4854027435807246 0.6086626139817629 0.4744987689060851 0.6025835866261399 0.46676046429827645 0.6109422492401215 0.4650017587055927 0.6337386018237082 0.46676046429827645 0.6702127659574468 0.46676046429827645 0.6998480243161094 0.4639465353499824 0.7378419452887538 0.46289131199437217 0.7689969604863222 0.4657052409426662 0.7819148936170213
26 0.4491734083714386 0.7879939209726444 0.45409778403095324 0.75 0.45620823074217376 0.7188449848024316 0.4600773830460781 0.6846504559270516 0.4639465353499824 0.6428571428571429 0.4639465353499824 0.6170212765957447 0.4639465353499824 0.5980243161094225 0.45304256067534293 0.5942249240121581 0.4453042560675343 0.5957446808510638 0.4386211748153359 0.6132218844984803 0.4365107281041154 0.6382978723404256 0.4393246570524094 0.6618541033434651 0.44143510376363 0.6952887537993921 0.4393246570524094 0.7226443768996961 0.4354555047485051 0.756838905775076 0.4336967991558213 0.7796352583586627 0.43756595145972565 0.7963525835866262
27 0.4199788955328878 0.7948328267477204 0.42103411888849807 0.7735562310030395 0.42666197678508616 0.7332826747720365 0.43264157580021106 0.7036474164133738 0.4336967991558213 0.6785714285714286 0.43756595145972565 0.6238601823708206 0.4403798804080197 0.6109422492401215 0.4354555047485051 0.5957446808510638 0.42384804783679214 0.587386018237082 0.4199788955328878 0.6170212765957447 0.41892367217727755 0.6405775075987842 0.4161097432289835 0.6679331306990881 0.41224059092507914 0.7059270516717325 0.4101301442138586 0.7310030395136778 0.4090749208582483 0.75 0.40731621526556455 0.790273556231003
28 0.39852268730214563 0.7857142857142857 0.4013366162504397 0.7651975683890577 0.4041505451987337 0.7310030395136778 0.4083714386211748 0.6785714285714286 0.4111853675694689 0.6170212765957447 0.41294407316215265 0.5957446808510638 0.4013366162504397 0.5919452887537994 0.3946535349982413 0.6147416413373861 0.3946535349982413 0.6428571428571429 0.39148786493141047 0.6679331306990881 0.3897291593387267 0.7013677811550152 0.38761871262750613 0.7287234042553191 0.38586000703482237 0.756838905775076
29 0.3644037988040802 0.7963525835866262 0.3731973267674991 0.7689969604863222 0.37706647907140345 0.7393617021276596 0.38199085473091804 0.6907294832826748 0.38586000703482237 0.6466565349544073 0.39078438269433696 0.6109422492401215 0.38867393598311645 0.5835866261398176 0.3760112557157932 0.5835866261398176 0.35349982412944075 0.5858662613981763 0.34259584945480126 0.5919452887537994 0.34259584945480126 0.621580547112462 0.34189236721772776 0.6443768996960486 0.34189236721772776 0.6785714285714286 0.3397819205065072 0.7142857142857143 0.33696799155821316 0.7416413373860182 0.3359127682026029 0.7758358662613982
30 0.30671825536405206 0.7545592705167173 0.3134013366162504 0.7287234042553191 0.3193809356313753 0.7082066869300911 0.32219486457966934 0.689209726443769 0.3348575448469926 0.6405775075987842 0.3436510728104115 0.6086626139817629 0.34470629616602183 0.5942249240121581 0.32606401688357367 0.5896656534954408 0.30742173760112557 0.5896656534954408 0.29300035174111855 0.587386018237082 0.28807597608160396 0.6086626139817629 0.28807597608160396 0.6466565349544073 0.2852620471333099 0.6808510638297872 0.27928244811818503 0.709726443768997 0.27928244811818503 0.7477203647416414 0.28702075272599364 0.7651975683890577
31 0.25782623988744285 0.7249240121580547 0.2588814632430531 0.7120060790273556 0.2704889201547661 0.6846504559270516 0.2803376714737953 0.6595744680851063 0.2859655293703834 0.6299392097264438 0.290889905029898 0.5980243161094225 0.2859655293703834 0.5790273556231003 0.27435807245867044 0.5706686930091185 0.25782623988744285 0.5706686930091185 0.2507914175167077 0.5790273556231003 0.2458670418571931 0.6132218844984803 0.2451635596201196 0.6382978723404256 0.23918396060499472 0.6740121580547113 0.23425958494548013 0.7013677811550152 0.23637003165670067 0.7272036474164134