0 0.5044765840220385 0.2765957446808511 0.5117079889807162 0.5303951367781155 0.5086088154269972 0.5364741641337386 0.4758953168044077 0.5258358662613982 0.4776170798898072 0.49240121580547114 0.47830578512396693 0.4452887537993921 0.4810606060606061 0.26595744680851063 0.5041322314049587 0.26063829787234044
1 0.4810606060606061 0.2613981762917933 0.47899449035812675 0.47720364741641336 0.47417355371900827 0.53419452887538 0.4493801652892562 0.5220364741641338 0.44834710743801653 0.493161094224924 0.4548898071625344 0.44680851063829785 0.46005509641873277 0.2651975683890577
2 0.46108815426997246 0.24316109422492402 0.45523415977961434 0.44756838905775076 0.44731404958677684 0.5053191489361702 0.43388429752066116 0.520516717325228 0.4283746556473829 0.506079027355623 0.4228650137741047 0.4817629179331307 0.4228650137741047 0.45972644376899696 0.43629476584022037 0.24012158054711247 0.45764462809917356 0.23860182370820668
3 0.4252754820936639 0.24316109422492402 0.4297520661157025 0.4126139817629179 0.43491735537190085 0.44224924012158057 0.43491735537190085 0.46504559270516715 0.4331955922865014 0.4787234042553192 0.42458677685950413 0.49620060790273557 0.41494490358126723 0.5106382978723404 0.4049586776859504 0.5106382978723404 0.3977272727272727 0.4878419452887538 0.39703856749311295 0.4566869300911854 0.3973829201101928 0.4088145896656535 0.4015151515151515 0.24620060790273557
4 0.39669421487603307 0.25 0.39944903581267216 0.4012158054711246 0.4059917355371901 0.42249240121580545 0.4059917355371901 0.44148936170212766 0.4053030303030303 0.4582066869300912 0.4011707988980716 0.47796352583586627 0.3956611570247934 0.4878419452887538 0.3853305785123967 0.4946808510638298 0.38016528925619836 0.4946808510638298 0.37293388429752067 0.4848024316109423 0.36845730027548207 0.4703647416413374 0.368801652892562 0.4452887537993921 0.3739669421487603 0.4194528875379939 0.3760330578512397 0.2454407294832827
5 0.3643250688705234 0.24012158054711247 0.3739669421487603 0.3974164133738602 0.3774104683195592 0.4247720364741641 0.3777548209366391 0.44072948328267475 0.37568870523415976 0.4574468085106383 0.37052341597796146 0.47796352583586627 0.3605371900826446 0.4817629179331307 0.3450413223140496 0.48328267477203646 0.334366391184573 0.4734042553191489 0.32575757575757575 0.45592705167173253 0.32885674931129477 0.4247720364741641 0.3357438016528926 0.385258358662614 0.3443526170798898 0.2393617021276596
6 0.3378099173553719 0.24468085106382978 0.33987603305785125 0.3252279635258359 0.33987603305785125 0.3708206686930091 0.33367768595041325 0.3905775075987842 0.33161157024793386 0.41717325227963525 0.32920110192837465 0.44072948328267475 0.32196969696969696 0.4582066869300912 0.30991735537190085 0.46200607902735563 0.293732782369146 0.446048632218845 0.28546831955922863 0.4209726443768997 0.2871900826446281 0.3898176291793313 0.29476584022038566 0.371580547112462 0.30578512396694213 0.31534954407294835 0.31611570247933884 0.2317629179331307 0.33953168044077137 0.23404255319148937
7 0.28891184573002754 0.19984802431610943 0.24207988980716252 0.331306990881459 0.25860881542699726 0.38753799392097266 0.2799586776859504 0.41033434650455924 0.2902892561983471 0.3829787234042553 0.299931129476584 0.3533434650455927 0.31026170798898073 0.303951367781155 0.31990358126721763 0.22720364741641338
8 0.5065426997245179 0.25835866261398177 0.5110192837465565 0.5311550151975684 0.5244490358126722 0.5319148936170213 0.5444214876033058 0.5273556231003039 0.5492424242424242 0.5189969604863222 0.5464876033057852 0.4688449848024316 0.5392561983471075 0.35790273556231 0.5320247933884298 0.2507598784194529
9 0.5351239669421488 0.24696048632218845 0.5464876033057852 0.4612462006079027 0.550275482093664 0.5281155015197568 0.5664600550964187 0.5250759878419453 0.5761019283746557 0.506838905775076 0.5761019283746557 0.48556231003039513 0.5726584022038568 0.45364741641337386 0.5547520661157025 0.2454407294832827
10 0.5661157024793388 0.24772036474164133 0.5733471074380165 0.45592705167173253 0.5785123966942148 0.49772036474164133 0.5850550964187328 0.5098784194528876 0.5915977961432507 0.5098784194528876 0.5995179063360881 0.4992401215805471 0.6053719008264463 0.4764437689969605 0.6039944903581267 0.4582066869300912 0.5988292011019284 0.4156534954407295 0.5902203856749312 0.24012158054711247
11 0.6084710743801653 0.22796352583586627 0.6015840220385675 0.40197568389057753 0.5981404958677686 0.418693009118541 0.5950413223140496 0.4308510638297872 0.5933195592286501 0.4574468085106383 0.59366391184573 0.46200607902735563 0.6022727272727273 0.49620060790273557 0.6088154269972452 0.5030395136778115 0.618801652892562 0.5098784194528876 0.6291322314049587 0.4825227963525836 0.6298209366391184 0.45896656534954405 0.6291322314049587 0.4270516717325228 0.6253443526170799 0.39361702127659576 0.6263774104683195 0.23556231003039513
12 0.6263774104683195 0.23404255319148937 0.6263774104683195 0.3958966565349544 0.6243112947658402 0.42401215805471126 0.6229338842975206 0.44376899696048633 0.6232782369146006 0.46048632218844987 0.628099173553719 0.4817629179331307 0.6332644628099173 0.49012158054711247 0.6394628099173554 0.493161094224924 0.6466942148760331 0.49240121580547114 0.6528925619834711 0.4848024316109423 0.6590909090909091 0.46808510638297873 0.6584022038567493 0.4612462006079027 0.6546143250688705 0.4331306990881459 0.6542699724517906 0.4012158054711246 0.6484159779614325 0.24240121580547114
13 0.6484159779614325 0.2393617021276596 0.6518595041322314 0.3943768996960486 0.6491046831955923 0.4148936170212766 0.6487603305785123 0.43541033434650456 0.6528925619834711 0.4506079027355623 0.6584022038567493 0.4673252279635258 0.6670110192837465 0.479483282674772 0.6797520661157025 0.4787234042553192 0.6893939393939394 0.47188449848024316 0.6959366391184573 0.45972644376899696 0.7011019283746557 0.439209726443769 0.696625344352617 0.4072948328267477 0.6862947658402204 0.3343465045592705 0.6769972451790633 0.23328267477203649
14 0.6807851239669421 0.2393617021276596 0.6931818181818182 0.3822188449848024 0.696625344352617 0.40501519756838905 0.7014462809917356 0.42629179331306993 0.7114325068870524 0.4551671732522796 0.7283057851239669 0.43844984802431614 0.7441460055096418 0.4072948328267477 0.7410468319559229 0.3738601823708207 0.7276170798898072 0.34422492401215804 0.7148760330578512 0.31458966565349544 0.7052341597796143 0.2393617021276596
15 0.6949035812672176 0.1831306990881459 0.7100550964187328 0.2993920972644377 0.7245179063360881 0.33966565349544076 0.731404958677686 0.3518237082066869 0.7420798898071626 0.35790273556231 0.7517217630853994 0.34422492401215804 0.7575757575757576 0.31990881458966564 0.7606749311294766 0.29711246200607905 0.7558539944903582 0.26063829787234044 0.7493112947658402 0.23632218844984804 0.7362258953168044 0.19756838905775076 0.7231404958677686 0.16869300911854104 0.712465564738292 0.15273556231003038
16 0.5034435261707989 0.5486322188449848 0.5048209366391184 0.6496960486322189 0.5086088154269972 0.756838905775076 0.5285812672176309 0.7507598784194529 0.5244490358126722 0.6056231003039514 0.5261707988980716 0.5668693009118541 0.5247933884297521 0.5486322188449848 0.5068870523415978 0.547112462006079
17 0.5268595041322314 0.5516717325227963 0.5227272727272727 0.5577507598784195 0.5227272727272727 0.5759878419452887 0.5254820936639119 0.5980243161094225 0.5275482093663911 0.7651975683890577 0.5471763085399449 0.7598784194528876 0.5492424242424242 0.6003039513677811 0.5475206611570248 0.5463525835866262
18 0.5564738292011019 0.540273556231003 0.5482093663911846 0.5881458966565349 0.5606060606060606 0.8465045592705167 0.5943526170798898 0.8290273556231003 0.5792011019283747 0.6094224924012158 0.5743801652892562 0.560790273556231 0.5726584022038568 0.5448328267477204
19 0.5853994490358126 0.5288753799392097 0.5743801652892562 0.5683890577507599 0.5792011019283747 0.6101823708206687 0.5912534435261708 0.7948328267477204 0.6112258953168044 0.78419452887538 0.6015840220385675 0.601063829787234 0.6015840220385675 0.574468085106383 0.6022727272727273 0.5516717325227963 0.5988292011019284 0.5379939209726444 0.5915977961432507 0.5281155015197568
20 0.6170798898071626 0.5235562310030395 0.6077823691460055 0.5425531914893617 0.6012396694214877 0.5486322188449848 0.5971074380165289 0.5547112462006079 0.5957300275482094 0.5623100303951368 0.5953856749311295 0.5729483282674772 0.6026170798898072 0.5949848024316109 0.6070936639118457 0.6177811550151976 0.6336088154269972 0.7758358662613982 0.6566804407713499 0.7469604863221885 0.6336088154269972 0.5835866261398176 0.6318870523415978 0.5539513677811551 0.6260330578512396 0.5334346504559271
21 0.6429063360881543 0.5121580547112462 0.6318870523415978 0.5167173252279635 0.6267217630853994 0.5220364741641338 0.6256887052341598 0.5440729483282675 0.628099173553719 0.5585106382978723 0.634641873278237 0.5721884498480243 0.6408402203856749 0.5965045592705167 0.6721763085399449 0.7606382978723404 0.7231404958677686 0.6998480243161094 0.678030303030303 0.5395136778115501 0.6769972451790633 0.5258358662613982 0.6704545454545454 0.5053191489361702 0.6642561983471075 0.49544072948328266 0.6594352617079889 0.49544072948328266 0.6504820936639119 0.5045592705167173
22 0.6890495867768595 0.4787234042553192 0.6790633608815427 0.48632218844984804 0.6721763085399449 0.49544072948328266 0.6711432506887053 0.5083586626139818 0.6749311294765841 0.526595744680851 0.6790633608815427 0.540273556231003 0.6838842975206612 0.5790273556231003 0.7245179063360881 0.6914893617021277 0.7400137741046832 0.6458966565349544 0.7420798898071626 0.6101823708206687 0.7369146005509641 0.5623100303951368 0.7296831955922864 0.5151975683890577 0.7276170798898072 0.47416413373860183 0.7179752066115702 0.45972644376899696 0.709366391184573 0.45592705167173253 0.7014462809917356 0.46504559270516715
23 0.7568870523415978 0.47796352583586627 0.7451790633608816 0.4756838905775076 0.734504132231405 0.48936170212765956 0.731404958677686 0.5113981762917933 0.7338154269972452 0.5425531914893617 0.7358815426997245 0.5843465045592705 0.7444903581267218 0.6785714285714286 0.7923553719008265 0.6793313069908815 0.7899449035812672 0.5585106382978723 0.7920110192837465 0.49772036474164133 0.78099173553719 0.4787234042553192
24 0.5037878787878788 0.5463525835866262 0.5086088154269972 0.7720364741641338 0.49345730027548207 0.7773556231003039 0.48381542699724517 0.6253799392097265 0.4820936639118457 0.5455927051671733
25 0.48037190082644626 0.540273556231003 0.46246556473829203 0.5425531914893617 0.45902203856749313 0.5668693009118541 0.46246556473829203 0.6109422492401215 0.47107438016528924 0.756079027355623 0.490702479338843 0.7484802431610942 0.48415977961432505 0.5957446808510638
26 0.45661157024793386 0.5372340425531915 0.4607438016528926 0.5752279635258358 0.46143250688705234 0.6071428571428571 0.46763085399449034 0.7811550151975684 0.4428374655647383 0.7773556231003039 0.43526170798898073 0.6155015197568389 0.43767217630853994 0.5691489361702128 0.4424931129476584 0.540273556231003 0.44800275482093666 0.5334346504559271
27 0.4369834710743802 0.5349544072948328 0.44214876033057854 0.5653495440729484 0.43973829201101927 0.5858662613981763 0.4369834710743802 0.6048632218844985 0.4390495867768595 0.8145896656534954 0.4115013774104683 0.8016717325227963 0.4128787878787879 0.6041033434650456 0.4108126721763085 0.5790273556231003 0.4121900826446281 0.560790273556231 0.4166666666666667 0.5417933130699089 0.42355371900826444 0.5319148936170213 0.4294077134986226 0.5303951367781155
28 0.4025482093663912 0.520516717325228 0.3894628099173554 0.5311550151975684 0.3846418732782369 0.540273556231003 0.3846418732782369 0.5759878419452887 0.368801652892562 0.7507598784194529 0.38877410468319556 0.7667173252279635 0.4142561983471074 0.5919452887537994 0.4238980716253444 0.5661094224924013 0.42424242424242425 0.547112462006079 0.42079889807162535 0.5281155015197568 0.4121900826446281 0.5250759878419453
29 0.36294765840220383 0.5022796352583586 0.35399449035812675 0.506079027355623 0.34263085399449034 0.5053191489361702 0.340564738292011 0.5151975683890577 0.33953168044077137 0.5311550151975684 0.3381542699724518 0.5554711246200608 0.3081955922865014 0.7059270516717325 0.3543388429752066 0.7515197568389058 0.384297520661157 0.5790273556231003 0.390495867768595 0.5554711246200608 0.3942837465564738 0.5433130699088146 0.3953168044077135 0.5197568389057751 0.3884297520661157 0.506838905775076 0.37672176308539945 0.5045592705167173
30 0.31955922865013775 0.4673252279635258 0.3081955922865014 0.45896656534954405 0.2978650137741047 0.4566869300911854 0.293732782369146 0.47188449848024316 0.2882231404958678 0.49772036474164133 0.2513774104683196 0.6550151975683891 0.2902892561983471 0.7021276595744681 0.33608815426997246 0.5524316109422492 0.3446969696969697 0.5372340425531915 0.34917355371900827 0.520516717325228 0.34917355371900827 0.5022796352583586 0.3443526170798898 0.49012158054711247 0.33608815426997246 0.479483282674772 0.3274793388429752 0.47188449848024316