0 0.4730909090909091 0.5843465045592705 0.5018181818181818 0.5843465045592705 0.5032727272727273 0.5235562310030395 0.4930909090909091 0.3373860182370821 0.47563636363636363 0.3427051671732523 0.4730909090909091 0.49772036474164133 0.47054545454545454 0.5577507598784195
1 0.44436363636363635 0.5577507598784195 0.4530909090909091 0.5706686930091185 0.468 0.5706686930091185 0.4730909090909091 0.5030395136778115 0.47563636363636363 0.3221884498480243 0.4618181818181818 0.3221884498480243 0.4516363636363636 0.42933130699088146 0.44436363636363635 0.5083586626139818 0.44436363636363635 0.5395136778115501
2 0.4152727272727273 0.5501519756838906 0.43163636363636365 0.5630699088145896 0.44545454545454544 0.5395136778115501 0.44436363636363635 0.3009118541033435 0.428 0.30623100303951367 0.4192727272727273 0.47416413373860183 0.4127272727272727 0.5212765957446809
3 0.3876363636363636 0.526595744680851 0.40145454545454545 0.5554711246200608 0.41054545454545455 0.5364741641337386 0.4218181818181818 0.5395136778115501 0.43163636363636365 0.5083586626139818 0.43163636363636365 0.4817629179331307 0.40654545454545454 0.2933130699088146 0.3916363636363636 0.29559270516717323 0.3941818181818182 0.4582066869300912 0.3916363636363636 0.4870820668693009
4 0.3690909090909091 0.5319148936170213 0.37781818181818183 0.5501519756838906 0.3978181818181818 0.5395136778115501 0.4029090909090909 0.5030395136778115 0.3992727272727273 0.4452887537993921 0.3876363636363636 0.2986322188449848 0.3650909090909091 0.2986322188449848 0.3650909090909091 0.44756838905775076 0.3629090909090909 0.5030395136778115
5 0.3287272727272727 0.5417933130699089 0.36763636363636365 0.5448328267477204 0.3789090909090909 0.49772036474164133 0.37018181818181817 0.4369300911854103 0.3563636363636364 0.2986322188449848 0.32145454545454544 0.31382978723404253 0.3189090909090909 0.43465045592705165 0.3225454545454545 0.48404255319148937 0.32 0.5182370820668692
6 0.28 0.5182370820668692 0.30363636363636365 0.5395136778115501 0.3225454545454545 0.5288753799392097 0.3276363636363636 0.4817629179331307 0.3265454545454545 0.42401215805471126 0.31127272727272726 0.303951367781155 0.2963636363636364 0.30623100303951367 0.2938181818181818 0.3951367781155015 0.2810909090909091 0.4582066869300912 0.27490909090909094 0.4946808510638298
7 0.23745454545454545 0.4764437689969605 0.25745454545454544 0.5159574468085106 0.28 0.4946808510638298 0.28363636363636363 0.4399696048632219 0.2949090909090909 0.2826747720364742 0.27490909090909094 0.2750759878419453 0.25236363636363635 0.3898176291793313 0.236 0.4369300911854103
8 0.5032727272727273 0.5691489361702128 0.5094545454545455 0.581306990881459 0.5330909090909091 0.581306990881459 0.5309090909090909 0.49772036474164133 0.5309090909090909 0.30623100303951367 0.513090909090909 0.31382978723404253 0.5058181818181818 0.4635258358662614 0.5069090909090909 0.49772036474164133 0.5014545454545455 0.5395136778115501
9 0.5298181818181819 0.520516717325228 0.5352727272727272 0.5706686930091185 0.5461818181818182 0.5752279635258358 0.5541818181818182 0.5645896656534954 0.556 0.5379939209726444 0.5545454545454546 0.493161094224924 0.5578181818181818 0.4734042553191489 0.5483636363636364 0.2978723404255319 0.5338181818181819 0.30319148936170215 0.5345454545454545 0.4673252279635258 0.532 0.5007598784194529
10 0.5541818181818182 0.5417933130699089 0.5614545454545454 0.5683890577507599 0.572 0.5668693009118541 0.58 0.5539513677811551 0.584 0.5303951367781155 0.5807272727272728 0.47796352583586627 0.5814545454545454 0.43237082066869303 0.5738181818181818 0.2864741641337386 0.5621818181818182 0.2925531914893617 0.556 0.48936170212765956 0.5523636363636364 0.5159574468085106
11 0.5785454545454546 0.5417933130699089 0.5876363636363636 0.5326747720364742 0.5941818181818181 0.5577507598784195 0.6003636363636363 0.5585106382978723 0.608 0.5296352583586627 0.6014545454545455 0.39893617021276595 0.5905454545454546 0.30623100303951367 0.5752727272727273 0.31534954407294835 0.5821818181818181 0.4331306990881459 0.5741818181818181 0.48632218844984804 0.5709090909090909 0.506838905775076 0.5716363636363636 0.5296352583586627 0.5752727272727273 0.5417933130699089
12 0.592 0.526595744680851 0.6003636363636363 0.547112462006079 0.6072727272727273 0.541033434650456 0.6116363636363636 0.5417933130699089 0.6178181818181818 0.5592705167173252 0.6250909090909091 0.5531914893617021 0.6301818181818182 0.5387537993920972 0.6301818181818182 0.5022796352583586 0.6225454545454545 0.3434650455927052 0.6083636363636363 0.3487841945288754 0.6025454545454545 0.4376899696048632 0.598909090909091 0.4787234042553192 0.5941818181818181 0.5075987841945289
13 0.6210909090909091 0.5037993920972644 0.6225454545454545 0.5357142857142857 0.6301818181818182 0.5524316109422492 0.6505454545454545 0.5531914893617021 0.6618181818181819 0.5592705167173252 0.6676363636363636 0.5509118541033434 0.6712727272727272 0.5326747720364742 0.672 0.49012158054711247 0.6607272727272727 0.3465045592705167 0.6469090909090909 0.3487841945288754 0.6345454545454545 0.43844984802431614 0.6276363636363637 0.4810030395136778
14 0.6756363636363636 0.5531914893617021 0.6876363636363636 0.560790273556231 0.6945454545454546 0.5539513677811551 0.6970909090909091 0.547112462006079 0.7061818181818181 0.5531914893617021 0.7130909090909091 0.5334346504559271 0.7163636363636363 0.5098784194528876 0.7087272727272728 0.47796352583586627 0.7029090909090909 0.4582066869300912 0.6869090909090909 0.3495440729483283 0.6690909090909091 0.3670212765957447 0.6687272727272727 0.45364741641337386 0.6676363636363636 0.5007598784194529 0.6687272727272727 0.5281155015197568
15 0.7170909090909091 0.506838905775076 0.734909090909091 0.5129179331306991 0.74 0.49544072948328266 0.738909090909091 0.479483282674772 0.7549090909090909 0.479483282674772 0.7538181818181818 0.45288753799392095 0.7432727272727273 0.4270516717325228 0.7185454545454546 0.30927051671732525 0.6974545454545454 0.324468085106383 0.7032727272727273 0.4247720364741641 0.7047272727272728 0.4696048632218845 0.7101818181818181 0.49012158054711247
16 0.5003636363636363 0.5987841945288754 0.521090909090909 0.601823708206687 0.521090909090909 0.6504559270516718 0.5196363636363637 0.8282674772036475 0.5050909090909091 0.8282674772036475 0.5029090909090909 0.6519756838905775 0.49963636363636366 0.6261398176291794
17 0.521090909090909 0.5995440729483282 0.5352727272727272 0.5934650455927052 0.5450909090909091 0.5995440729483282 0.5443636363636364 0.6306990881458967 0.5352727272727272 0.8275075987841946 0.5247272727272727 0.8282674772036475 0.521090909090909 0.6534954407294833 0.5181818181818182 0.6246200607902735
18 0.5429090909090909 0.601823708206687 0.5530909090909091 0.5805471124620061 0.5665454545454546 0.5896656534954408 0.5705454545454546 0.6109422492401215 0.5709090909090909 0.6542553191489362 0.5618181818181818 0.8541033434650456 0.5432727272727272 0.851063829787234 0.5418181818181819 0.6914893617021277
19 0.5716363636363636 0.6063829787234043 0.5785454545454546 0.5889057750759878 0.588 0.5896656534954408 0.5949090909090909 0.6086626139817629 0.5963636363636363 0.6496960486322189 0.5938181818181818 0.6854103343465046 0.5912727272727273 0.8624620060790273 0.576 0.8693009118541033 0.5701818181818182 0.7348024316109423 0.5694545454545454 0.6572948328267477 0.5629090909090909 0.6276595744680851 0.5650909090909091 0.6094224924012158
20 0.5850909090909091 0.6101823708206687 0.5901818181818181 0.601823708206687 0.5949090909090909 0.6041033434650456 0.6010909090909091 0.5934650455927052 0.610909090909091 0.5934650455927052 0.6185454545454545 0.6101823708206687 0.62 0.6276595744680851 0.6218181818181818 0.7530395136778115 0.6294545454545455 0.8563829787234043 0.6181818181818182 0.8624620060790273 0.6014545454545455 0.7712765957446809 0.5912727272727273 0.6679331306990881 0.5843636363636364 0.6443768996960486 0.5818181818181818 0.6200607902735562
21 0.6170909090909091 0.6648936170212766 0.6098181818181818 0.64209726443769 0.6076363636363636 0.6124620060790273 0.6123636363636363 0.5995440729483282 0.6221818181818182 0.5987841945288754 0.6592727272727272 0.5949848024316109 0.6672727272727272 0.6109422492401215 0.6665454545454546 0.6367781155015197 0.6636363636363637 0.6580547112462006 0.6912727272727273 0.8335866261398176 0.6545454545454545 0.8617021276595744 0.6338181818181818 0.7864741641337386 0.6236363636363637 0.7264437689969605
22 0.6592727272727272 0.6124620060790273 0.6669090909090909 0.601823708206687 0.6814545454545454 0.6071428571428571 0.6898181818181818 0.5911854103343465 0.7029090909090909 0.5904255319148937 0.7141818181818181 0.6101823708206687 0.7145454545454546 0.6306990881458967 0.7167272727272728 0.6534954407294833 0.7341818181818182 0.7743161094224924 0.7116363636363636 0.8016717325227963 0.6847272727272727 0.7264437689969605 0.6749090909090909 0.6838905775075987 0.6607272727272727 0.6504559270516718 0.6570909090909091 0.6299392097264438 0.6570909090909091 0.6223404255319149
24 0.48 0.6033434650455927 0.5007272727272727 0.601823708206687 0.49963636363636366 0.648936170212766 0.4898181818181818 0.8282674772036475 0.476 0.8275075987841946 0.48218181818181816 0.6580547112462006 0.48 0.6246200607902735
25 0.4596363636363636 0.5911854103343465 0.46945454545454546 0.5889057750759878 0.48109090909090907 0.6063829787234043 0.4789090909090909 0.6344984802431611 0.4749090909090909 0.8047112462006079 0.46290909090909094 0.8062310030395137 0.45854545454545453 0.6458966565349544 0.45381818181818184 0.6170212765957447 0.456 0.5995440729483282
26 0.43163636363636365 0.5866261398176292 0.44072727272727275 0.5797872340425532 0.44872727272727275 0.5805471124620061 0.45854545454545453 0.60790273556231 0.4552727272727273 0.648176291793313 0.45381818181818184 0.8153495440729484 0.43672727272727274 0.8161094224924013 0.4290909090909091 0.7203647416413373 0.4294545454545455 0.6466565349544073 0.4290909090909091 0.6063829787234043
27 0.4050909090909091 0.5995440729483282 0.412 0.5805471124620061 0.42363636363636364 0.5911854103343465 0.43454545454545457 0.6109422492401215 0.432 0.6390577507598785 0.41345454545454546 0.8305471124620061 0.3978181818181818 0.8229483282674772 0.4029090909090909 0.7325227963525835 0.4007272727272727 0.6329787234042553 0.40254545454545454 0.60790273556231
28 0.37563636363636366 0.6025835866261399 0.38436363636363635 0.5858662613981763 0.3916363636363636 0.5835866261398176 0.3967272727272727 0.5896656534954408 0.4069090909090909 0.5972644376899696 0.4101818181818182 0.621580547112462 0.4050909090909091 0.6474164133738601 0.3781818181818182 0.8259878419452887 0.36072727272727273 0.8077507598784195 0.37272727272727274 0.7469604863221885 0.3730909090909091 0.6641337386018237
29 0.3341818181818182 0.5759878419452887 0.356 0.5843465045592705 0.3643636363636364 0.5835866261398176 0.38727272727272727 0.5995440729483282 0.3825454545454545 0.6360182370820668 0.37563636363636366 0.6557750759878419 0.35745454545454547 0.7575987841945289 0.33636363636363636 0.8343465045592705 0.30872727272727274 0.8123100303951368 0.3145454545454546 0.736322188449848 0.32181818181818184 0.6702127659574468 0.32836363636363636 0.6458966565349544 0.328 0.601063829787234
30 0.2792727272727273 0.5820668693009119 0.2909090909090909 0.5569908814589666 0.3010909090909091 0.560790273556231 0.30618181818181817 0.5699088145896657 0.3185454545454545 0.5668693009118541 0.32727272727272727 0.5828267477203647 0.32981818181818184 0.5972644376899696 0.3381818181818182 0.60790273556231 0.3330909090909091 0.6329787234042553 0.31963636363636366 0.6595744680851063 0.2767272727272727 0.8024316109422492 0.248 0.7674772036474165 0.2650909090909091 0.6633738601823708 0.27854545454545454 0.6246200607902735 0.27854545454545454 0.5904255319148937