0 0.49173553719008267 0.25759878419452886 0.49345730027548207 0.5075987841945289 0.4738292011019284 0.5129179331306991 0.45798898071625344 0.5 0.45902203856749313 0.3700607902735562 0.45798898071625344 0.26443768996960487
1 0.45075757575757575 0.2560790273556231 0.4583333333333333 0.3943768996960486 0.4583333333333333 0.44148936170212766 0.45798898071625344 0.4582066869300912 0.456267217630854 0.4749240121580547 0.45385674931129477 0.4886018237082067 0.4497245179063361 0.4946808510638298 0.4459366391184573 0.4946808510638298 0.4369834710743802 0.4946808510638298 0.43285123966942146 0.479483282674772 0.43285123966942146 0.44832826747720367 0.4331955922865014 0.4133738601823708 0.43112947658402206 0.26975683890577506
2 0.43044077134986225 0.26367781155015196 0.43422865013774103 0.4642857142857143 0.43078512396694213 0.5083586626139818 0.41356749311294766 0.5075987841945289 0.4087465564738292 0.4817629179331307 0.4090909090909091 0.4399696048632219 0.4097796143250689 0.27811550151975684
3 0.4097796143250689 0.2773556231003039 0.41012396694214875 0.4316109422492401 0.4087465564738292 0.493161094224924 0.3853305785123967 0.48328267477203646 0.381198347107438 0.4696048632218845 0.38257575757575757 0.4331306990881459 0.38257575757575757 0.39209726443769 0.39118457300275483 0.2864741641337386
8 0.5013774104683195 0.24316109422492402 0.49242424242424243 0.45288753799392095 0.49173553719008267 0.5106382978723404 0.512396694214876 0.5098784194528876 0.5261707988980716 0.5037993920972644 0.5316804407713499 0.4946808510638298 0.5296143250688705 0.4635258358662614 0.5292699724517906 0.44832826747720367 0.5296143250688705 0.4209726443768997 0.5327134986225895 0.256838905775076
9 0.5320247933884298 0.25455927051671734 0.5289256198347108 0.4369300911854103 0.5292699724517906 0.4642857142857143 0.5303030303030303 0.48404255319148937 0.5320247933884298 0.49012158054711247 0.5426997245179064 0.5007598784194529 0.5526859504132231 0.5 0.5564738292011019 0.47112462006079026 0.5588842975206612 0.44376899696048633 0.5612947658402204 0.3761398176291793 0.5554407713498623 0.2553191489361702
11 0.6005509641873278 0.28343465045592703 0.5912534435261708 0.3974164133738602 0.5853994490358126 0.44224924012158057 0.5809228650137741 0.4810030395136778 0.5991735537190083 0.4946808510638298 0.6088154269972452 0.4764437689969605 0.6122589531680441 0.4430091185410334 0.6132920110192838 0.41033434650455924 0.6105371900826446 0.28343465045592703
12 0.6239669421487604 0.2765957446808511 0.615358126721763 0.3495440729483283 0.6136363636363636 0.38677811550151975 0.6132920110192838 0.4133738601823708 0.6122589531680441 0.4316109422492401 0.6112258953168044 0.4513677811550152 0.6101928374655647 0.4673252279635258 0.6084710743801653 0.4848024316109423 0.6077823691460055 0.49544072948328266 0.6112258953168044 0.5030395136778115 0.6194903581267218 0.5091185410334347 0.6277548209366391 0.5037993920972644 0.6353305785123967 0.49620060790273557 0.6367079889807162 0.44680851063829785 0.6370523415977961 0.4088145896656535 0.6377410468319559 0.27583586626139817
15 0.6980027548209367 0.28419452887537994 0.6728650137741047 0.3541033434650456 0.665633608815427 0.425531914893617 0.6615013774104683 0.49620060790273557 0.6959366391184573 0.5189969604863222 0.7134986225895317 0.5037993920972644 0.7276170798898072 0.43617021276595747 0.7413911845730028 0.3100303951367781
16 0.5082644628099173 0.5243161094224924 0.5010330578512396 0.5250759878419453 0.5010330578512396 0.5706686930091185 0.5017217630853994 0.7241641337386018 0.5234159779614325 0.7241641337386018 0.5244490358126722 0.5927051671732523 0.522038567493113 0.5319148936170213 0.5210055096418733 0.5243161094224924
17 0.5272038567493113 0.5311550151975684 0.5216942148760331 0.5319148936170213 0.5213498622589532 0.5509118541033434 0.522038567493113 0.5980243161094225 0.5234159779614325 0.736322188449848 0.5433884297520661 0.7370820668693009 0.5444214876033058 0.5927051671732523 0.5454545454545454 0.547112462006079 0.5454545454545454 0.5334346504559271 0.5323691460055097 0.5296352583586627
18 0.5509641873278237 0.5212765957446809 0.5461432506887053 0.5273556231003039 0.5454545454545454 0.5440729483282675 0.5457988980716253 0.5531914893617021 0.5447658402203857 0.5714285714285714 0.543732782369146 0.7598784194528876 0.5668044077134986 0.756079027355623 0.5692148760330579 0.6610942249240122 0.5695592286501377 0.5706686930091185 0.5702479338842975 0.5463525835866262 0.5705922865013774 0.5319148936170213 0.5674931129476584 0.5227963525835866 0.5606060606060606 0.5197568389057751
19 0.5774793388429752 0.5250759878419453 0.5702479338842975 0.5364741641337386 0.5664600550964187 0.5440729483282675 0.5661157024793388 0.5547112462006079 0.5699035812672176 0.5721884498480243 0.5705922865013774 0.5858662613981763 0.5712809917355371 0.736322188449848 0.5912534435261708 0.736322188449848 0.5933195592286501 0.5843465045592705 0.5950413223140496 0.5691489361702128 0.5957300275482094 0.5600303951367781 0.5953856749311295 0.5478723404255319 0.5946969696969697 0.5425531914893617 0.5919421487603306 0.5319148936170213 0.5853994490358126 0.5281155015197568
20 0.6008953168044077 0.5281155015197568 0.59400826446281 0.5288753799392097 0.5909090909090909 0.53419452887538 0.5902203856749312 0.5448328267477204 0.5912534435261708 0.5600303951367781 0.59366391184573 0.5714285714285714 0.5953856749311295 0.5881458966565349 0.6091597796143251 0.7796352583586627 0.6325757575757576 0.7667173252279635 0.6205234159779615 0.5759878419452887 0.6215564738292011 0.5569908814589666 0.6215564738292011 0.5509118541033434 0.6201790633608816 0.541033434650456 0.618801652892562 0.5349544072948328 0.6112258953168044 0.5281155015197568 0.606404958677686 0.5281155015197568
21 0.637396694214876 0.5243161094224924 0.6256887052341598 0.526595744680851 0.6191460055096418 0.5281155015197568 0.6177685950413223 0.5334346504559271 0.618801652892562 0.5493920972644377 0.6215564738292011 0.5630699088145896 0.6222451790633609 0.5782674772036475 0.6243112947658402 0.6025835866261399 0.6305096418732782 0.6747720364741642 0.6398071625344353 0.7393617021276596 0.6866391184573003 0.7135258358662614 0.6701101928374655 0.5600303951367781 0.6594352617079889 0.5235562310030395
24 0.5017217630853994 0.5227963525835866 0.5 0.7249240121580547 0.4776170798898072 0.7211246200607903 0.4800275482093664 0.5782674772036475 0.4820936639118457 0.5258358662613982
25 0.4820936639118457 0.5243161094224924 0.4793388429752066 0.621580547112462 0.4765840220385675 0.7325227963525835 0.4573002754820937 0.7317629179331308 0.46005509641873277 0.5691489361702128 0.4597107438016529 0.5220364741641338
26 0.4569559228650138 0.5189969604863222 0.4607438016528926 0.5281155015197568 0.45867768595041325 0.6147416413373861 0.4569559228650138 0.7651975683890577 0.4335399449035813 0.7659574468085106 0.4369834710743802 0.5911854103343465 0.4369834710743802 0.5417933130699089 0.4424931129476584 0.520516717325228
27 0.42665289256198347 0.5250759878419453 0.43526170798898073 0.5319148936170213 0.43973829201101927 0.5349544072948328 0.44077134986225897 0.541033434650456 0.4404269972451791 0.5547112462006079 0.43870523415977963 0.5737082066869301 0.4366391184573003 0.5881458966565349 0.43629476584022037 0.601823708206687 0.43629476584022037 0.6329787234042553 0.4345730027548209 0.7667173252279635 0.4142561983471074 0.7659574468085106 0.4152892561983471 0.6109422492401215 0.4132231404958678 0.5889057750759878 0.4108126721763085 0.5668693009118541 0.4115013774104683 0.5501519756838906 0.41356749311294766 0.541033434650456 0.4176997245179063 0.5296352583586627 0.4201101928374656 0.5250759878419453
28 0.4025482093663912 0.5159574468085106 0.3987603305785124 0.5151975683890577 0.3956611570247934 0.5129179331306991 0.3929063360881543 0.513677811550152 0.38980716253443526 0.520516717325228 0.38980716253443526 0.5258358662613982 0.3880853994490358 0.5509118541033434 0.38395316804407714 0.7424012158054711 0.40426997245179064 0.743920972644377 0.41391184573002754 0.5889057750759878 0.4152892561983471 0.5699088145896657 0.4176997245179063 0.5562310030395137 0.4194214876033058 0.5501519756838906 0.421831955922865 0.5357142857142857 0.421831955922865 0.5243161094224924 0.4194214876033058 0.5197568389057751 0.41460055096418735 0.5197568389057751 0.4059917355371901 0.5197568389057751
29 0.36949035812672176 0.47796352583586627 0.3615702479338843 0.4726443768996961 0.3574380165289256 0.4764437689969605 0.35330578512396693 0.48632218844984804 0.3512396694214876 0.5015197568389058 0.34951790633608815 0.513677811550152 0.34573002754820936 0.540273556231003 0.34331955922865015 0.5721884498480243 0.31990358126721763 0.6831306990881459 0.3643250688705234 0.7112462006079028 0.384297520661157 0.567629179331307 0.38877410468319556 0.5395136778115501 0.39118457300275483 0.5364741641337386 0.39325068870523416 0.5326747720364742 0.39600550964187325 0.5235562310030395 0.3973829201101928 0.5151975683890577 0.3977272727272727 0.5037993920972644 0.39703856749311295 0.5007598784194529 0.3939393939393939 0.4946808510638298 0.39084022038567495 0.493161094224924 0.3856749311294766 0.48936170212765956 0.3784435261707989 0.4848024316109423 0.37293388429752067 0.48328267477203646
30 0.3409090909090909 0.46504559270516715 0.3174931129476584 0.43844984802431614 0.30199724517906334 0.4582066869300912 0.29545454545454547 0.49544072948328266 0.27307162534435264 0.6360182370820668 0.3205922865013774 0.675531914893617 0.3415977961432507 0.5668693009118541 0.3477961432506887 0.5243161094224924 0.35296143250688705 0.5022796352583586 0.3543388429752066 0.49240121580547114 0.3543388429752066 0.479483282674772