0 0.5005294740557713 0.303951367781155 0.4973526297211437 0.5311550151975684 0.4895870102364984 0.5379939209726444 0.46911401341334275 0.5296352583586627 0.4641722555594776 0.5121580547112462 0.4641722555594776 0.48404255319148937 0.46664313448641015 0.4673252279635258 0.4705259442287328 0.43844984802431614 0.47582068478644546 0.30167173252279633
1 0.4708789269325803 0.3123100303951368 0.46911401341334275 0.46808510638297873 0.4708789269325803 0.48404255319148937 0.4705259442287328 0.4969604863221885 0.46734909989410517 0.5121580547112462 0.46099541122485 0.5189969604863222 0.4525238263325097 0.5182370820668692 0.44687610307094955 0.5121580547112462 0.44122837980938934 0.48404255319148937 0.44687610307094955 0.43465045592705165 0.4518178609248147 0.3913373860182371 0.45887751500176494 0.30319148936170215 0.47158489234027534 0.30015197568389057
2 0.4380515354747617 0.2735562310030395 0.45146487822096715 0.3943768996960486 0.44793505118249205 0.4331306990881459 0.4493469819978821 0.45896656534954405 0.4493469819978821 0.4810030395136778 0.4461701376632545 0.4939209726443769 0.4401694316978468 0.513677811550152 0.4281680197670314 0.5220364741641338 0.42357924461701374 0.5129179331306991 0.4186374867631486 0.4886018237082067 0.41722555594775856 0.46656534954407297 0.4182845040593011 0.4521276595744681 0.41969643487469116 0.4247720364741641 0.42004941757853864 0.39969604863221886 0.4204024002823862 0.34422492401215804 0.4214613483939287 0.27811550151975684
4 0.3963995764207554 0.2735562310030395 0.3981644899399929 0.43009118541033436 0.39887045534768795 0.4430091185410334 0.3992234380515355 0.4582066869300912 0.3971055418284504 0.4756838905775076 0.3914578185668902 0.493161094224924 0.3819272855630074 0.5007598784194529 0.37416166607836215 0.493161094224924 0.3671020120014119 0.47416413373860183 0.3663960465937169 0.4490881458966565 0.369219908224497 0.42857142857142855 0.37169078715142956 0.40805471124620063 0.3727497352629721 0.3829787234042553 0.37345570067066713 0.3351063829787234 0.37592657959759973 0.27583586626139817
5 0.37663254500529475 0.26595744680851063 0.3723967525591246 0.4217325227963526 0.3745146487822097 0.4369300911854103 0.3745146487822097 0.4513677811550152 0.3727497352629721 0.46580547112462006 0.37063183903988706 0.4756838905775076 0.36463113307447936 0.48404255319148937 0.35580656547829154 0.4886018237082067 0.34345217084362867 0.48936170212765956 0.3349805859512884 0.48556231003039513 0.32827391457818567 0.4749240121580547 0.3268619837627956 0.45592705167173253 0.3321567243205083 0.4247720364741641 0.3349805859512884 0.4065349544072948 0.33709848217437344 0.3837386018237082 0.33603953406283094 0.3533434650455927 0.33780444758206846 0.3282674772036474 0.33921637839745855 0.30243161094224924 0.3423932227320861 0.2887537993920973 0.3476879632897988 0.2735562310030395
6 0.3226261913166255 0.25 0.30885986586657255 0.3404255319148936 0.3018002117896223 0.3791793313069909 0.292622661489587 0.4034954407294833 0.2827391457818567 0.42933130699088146 0.2947405577126721 0.45592705167173253 0.3109777620896576 0.47112462006079026 0.3254500529474056 0.4642857142857143 0.3286268972820332 0.45364741641337386 0.3332156724320508 0.42629179331306993 0.3363925167666784 0.3943768996960486 0.338157430285916 0.34802431610942247 0.337451464878221 0.3221884498480243 0.33992234380515357 0.30623100303951367 0.3466290151782563 0.26063829787234044
7 0.29721143663960464 0.2439209726443769 0.2647370278856336 0.33966565349544076 0.2626191316625485 0.35714285714285715 0.2619131662548535 0.36854103343465044 0.2650900105894811 0.3829787234042553 0.2739145781856689 0.40805471124620063 0.28097423226261914 0.41717325227963525 0.2915637133780445 0.4088145896656535 0.2947405577126721 0.39893617021276595 0.3010942463819273 0.3829787234042553 0.3046240734204024 0.36854103343465044 0.308506883162725 0.34422492401215804 0.31839039887045534 0.28799392097264437 0.32333215672432053 0.25151975683890576
8 0.5012354394634663 0.3047112462006079 0.4977056124249912 0.5296352583586627 0.5033533356865514 0.5349544072948328 0.5114719378750441 0.5334346504559271 0.523120367102012 0.5334346504559271 0.5312389692905047 0.5189969604863222 0.5319449346981998 0.4969604863221885 0.5312389692905047 0.4756838905775076 0.5294740557712672 0.4566869300911854 0.5273561595481822 0.303951367781155
9 0.5266501941404871 0.30243161094224924 0.5294740557712672 0.4551671732522796 0.5301800211789622 0.48024316109422494 0.5273561595481822 0.4886018237082067 0.5266501941404871 0.49848024316109424 0.5266501941404871 0.5129179331306991 0.5287680903635722 0.5189969604863222 0.5386516060713025 0.5235562310030395 0.5471231909636428 0.5220364741641338 0.5538298623367455 0.5053191489361702 0.5548888104482881 0.4870820668693009 0.5545358277444405 0.47112462006079026 0.5524179315213554 0.4582066869300912 0.5513589834098129 0.44148936170212766 0.5478291563713378 0.30623100303951367
10 0.5594775855983057 0.2933130699088146 0.5520649488175079 0.4338905775075988 0.5499470525944229 0.45364741641337386 0.5499470525944229 0.4688449848024316 0.5499470525944229 0.4848024316109423 0.5510060007059654 0.49848024316109424 0.5531238969290505 0.5121580547112462 0.5566537239675255 0.5273556231003039 0.5683021531944935 0.5372340425531915 0.5764207553829862 0.5113981762917933 0.5792446170137663 0.49772036474164133 0.5799505824214614 0.47416413373860183 0.5810095305330039 0.4566869300911854 0.5824214613483939 0.41641337386018235 0.5803035651253089 0.29027355623100304
11 0.5880691846099542 0.2993920972644377 0.5817154959406989 0.42629179331306993 0.5781856689022238 0.44452887537993924 0.5739498764560537 0.45896656534954405 0.5725379456406636 0.47796352583586627 0.5739498764560537 0.49544072948328266 0.5774797034945288 0.520516717325228 0.586657253794564 0.5258358662613982 0.5986586657253794 0.5243161094224924 0.6050123543946346 0.5144376899696048 0.6067772679138722 0.5007598784194529 0.6067772679138722 0.48404255319148937 0.6046593716907872 0.46048632218844987 0.6036004235792446 0.43465045592705165 0.6039534062830921 0.29711246200607905
12 0.6085421814331098 0.30015197568389057 0.6046593716907872 0.4399696048632219 0.6028944581715496 0.45288753799392095 0.601835510060007 0.46048632218844987 0.6007765619484645 0.4688449848024316 0.6007765619484645 0.48328267477203646 0.6032474408753971 0.49848024316109424 0.6092481468408047 0.5197568389057751 0.6173667490292976 0.5189969604863222 0.6272502647370279 0.506838905775076 0.6314860571831981 0.49620060790273557 0.6311330744793505 0.4787234042553192 0.6290151782562654 0.46808510638297873 0.6265442993293329 0.4521276595744681 0.6198376279562301 0.2986322188449848
13 0.6261913166254853 0.29407294832826747 0.6293681609601129 0.42933130699088146 0.6276032474408754 0.44224924012158057 0.6247793858100953 0.4612462006079027 0.6268972820331804 0.4825227963525836 0.6290151782562654 0.49772036474164133 0.6311330744793505 0.5121580547112462 0.6424285210024708 0.5144376899696048 0.6558418637486764 0.5129179331306991 0.6667843275679491 0.5022796352583586 0.6674902929756442 0.47188449848024316 0.6632545005294741 0.4490881458966565 0.6593716907871514 0.4156534954407295 0.6547829156371338 0.29711246200607905
14 0.6537239675255913 0.29559270516717323 0.6636074832333215 0.44832826747720367 0.6667843275679491 0.47416413373860183 0.6710201200141193 0.4908814589665654 0.6787857394987645 0.493161094224924 0.6879632897987998 0.4870820668693009 0.6999647017296152 0.47112462006079026 0.7013766325450053 0.44680851063829785 0.6989057536180727 0.42629179331306993 0.691493116837275 0.39209726443769 0.6890222379103423 0.37537993920972645 0.6780797740910696 0.2864741641337386
15 0.6801976703141546 0.2978723404255319 0.6911401341334275 0.4004559270516717 0.6918460995411225 0.41793313069908816 0.692905047652665 0.42933130699088146 0.6964348746911402 0.4452887537993921 0.7020825979527003 0.4582066869300912 0.7084362866219556 0.4612462006079027 0.722555594775856 0.4521276595744681 0.7338510412989764 0.4308510638297872 0.7363219202259089 0.41793313069908816 0.7338510412989764 0.3913373860182371 0.7274973526297212 0.3731003039513678 0.7020825979527003 0.27279635258358664 0.6791387222026121 0.29027355623100304
16 0.5001764913519238 0.5478723404255319 0.49982350864807623 0.5919452887537994 0.4991175432403812 0.6238601823708206 0.5022943875750088 0.723404255319149 0.5234733498058595 0.723404255319149 0.5195905400635369 0.6109422492401215 0.5188845746558418 0.560790273556231
17 0.5192375573596894 0.5585106382978723 0.5220614189904694 0.7386018237082067 0.5407695022943876 0.7378419452887538 0.5386516060713025 0.6147416413373861 0.5407695022943876 0.5987841945288754 0.5414754677020825 0.5835866261398176 0.5400635368866925 0.5737082066869301 0.5372396752559124 0.5653495440729484
18 0.5411224849982351 0.5653495440729484 0.5361807271443699 0.5790273556231003 0.5372396752559124 0.5987841945288754 0.5386516060713025 0.6048632218844985 0.5414754677020825 0.6223404255319149 0.5605365337098482 0.7750759878419453 0.5792446170137663 0.7598784194528876 0.5725379456406636 0.6945288753799392 0.567949170490646 0.6641337386018237 0.5654782915637134 0.6291793313069909 0.5623014472290858 0.6086626139817629 0.5605365337098482 0.5828267477203647 0.5587716201906107 0.5630699088145896 0.5545358277444405 0.5539513677811551 0.5488881044828804 0.5539513677811551
19 0.5651253088598659 0.5592705167173252 0.5594775855983057 0.5691489361702128 0.5584186374867631 0.5851063829787234 0.5619484645252383 0.6124620060790273 0.5665372396752559 0.6382978723404256 0.567949170490646 0.6633738601823708 0.5792446170137663 0.7651975683890577 0.6000705965407696 0.7515197568389058 0.5887751500176491 0.6086626139817629 0.5873632192022591 0.5835866261398176 0.5870102364984116 0.5721884498480243 0.5855983056830215 0.5630699088145896 0.5834804094599365 0.5569908814589666 0.5774797034945288 0.5531914893617021 0.569361101306036 0.5516717325227963
20 0.5901870808330392 0.5509118541033434 0.5841863748676315 0.5585106382978723 0.5795975997176138 0.5623100303951368 0.5788916343099189 0.5737082066869301 0.5813625132368514 0.5904255319148937 0.5841863748676315 0.5972644376899696 0.586657253794564 0.6003039513677811 0.5880691846099542 0.6086626139817629 0.5905400635368867 0.6253799392097265 0.5930109424638192 0.6519756838905775 0.5990116484292269 0.756079027355623 0.6152488528062124 0.7507598784194529 0.6120720084715849 0.6086626139817629 0.6138369219908224 0.5782674772036475 0.6131309565831274 0.5585106382978723 0.6096011295446523 0.5516717325227963 0.6000705965407696 0.5425531914893617 0.5937169078715143 0.5395136778115501
22 0.6593716907871514 0.5167173252279635 0.6494881750794211 0.5250759878419453 0.6424285210024708 0.5326747720364742 0.6431344864101659 0.5600303951367781 0.6477232615601836 0.5858662613981763 0.661136604306389 0.6268996960486323 0.69219908224497 0.7150455927051672 0.7243205082950935 0.6603343465045592 0.6943169784680551 0.5714285714285714 0.6876103070949523 0.5425531914893617 0.6861983762795623 0.5296352583586627 0.6826685492410872 0.5182370820668692 0.6805506530180021 0.513677811550152 0.6741969643487469 0.5045592705167173 0.6657253794564066 0.506079027355623
23 0.6865513589834098 0.4886018237082067 0.6784327567949171 0.5015197568389058 0.6794917049064596 0.513677811550152 0.6840804800564773 0.5250759878419453 0.6872573243911049 0.5364741641337386 0.6904341687257325 0.5516717325227963 0.6978468055065302 0.5767477203647416 0.7359689375220614 0.6694528875379939 0.7617366749029297 0.6139817629179332 0.720437698552771 0.47796352583586627 0.7084362866219556 0.4635258358662614 0.6967878573949876 0.4825227963525836
24 0.4789975291210731 0.5531914893617021 0.4789975291210731 0.5737082066869301 0.48076244264031065 0.60790273556231 0.48499823508648077 0.7348024316109423 0.5005294740557713 0.729483282674772 0.49982350864807623 0.5889057750759878 0.5001764913519238 0.5455927051671733
25 0.4779385810095305 0.547112462006079 0.4789975291210731 0.5759878419452887 0.48111542534415813 0.6033434650455927 0.48499823508648077 0.7370820668693009 0.47229085774797036 0.7370820668693009 0.4652312036710201 0.6322188449848024 0.46311330744793505 0.6117021276595744 0.460289445817155 0.5949848024316109 0.4581715495940699 0.5759878419452887 0.4578185668902224 0.5645896656534954 0.4578185668902224 0.5524316109422492
26 0.4549947052594423 0.5790273556231003 0.4489939992940346 0.5828267477203647 0.44546417225555945 0.5889057750759878 0.4433462760324744 0.5949848024316109 0.4415813625132369 0.6109422492401215 0.44122837980938934 0.6223404255319149 0.4401694316978468 0.6322188449848024 0.43840451817860926 0.6443768996960486 0.4362866219555242 0.6527355623100304 0.4345217084362866 0.6618541033434651 0.4309918813978115 0.6785714285714286 0.42922696787857395 0.6968085106382979 0.4281680197670314 0.71580547112462 0.4239322273208613 0.7401215805471124 0.4214613483939287 0.7507598784194529 0.4405224144016943 0.7644376899696048 0.46240734204024003 0.6322188449848024 0.46311330744793505 0.6147416413373861 0.4634662901517826 0.6025835866261399 0.4620543593363925 0.5965045592705167 0.45993646311330744 0.5889057750759878 0.4578185668902224 0.5775075987841946
27 0.43840451817860926 0.5547112462006079 0.431344864101659 0.5509118541033434 0.4264031062477939 0.5562310030395137 0.4242852100247088 0.5668693009118541 0.42357924461701374 0.5866261398176292 0.42357924461701374 0.5919452887537994 0.42357924461701374 0.6086626139817629 0.4158136251323685 0.6527355623100304 0.4016943169784681 0.7340425531914894 0.42004941757853864 0.7454407294832827 0.43275679491704905 0.6724924012158054 0.4366396046593717 0.6496960486322189 0.4401694316978468 0.6306990881458967 0.4426403106247794 0.6170212765957447 0.44793505118249205 0.6086626139817629 0.45111189551711967 0.5942249240121581 0.4518178609248147 0.5835866261398176 0.4518178609248147 0.5699088145896657 0.445817154959407 0.5592705167173252
28 0.42357924461701374 0.5509118541033434 0.4274620543593364 0.5547112462006079 0.4281680197670314 0.5615501519756839 0.4281680197670314 0.5699088145896657 0.4271090716554889 0.5759878419452887 0.4253441581362513 0.5889057750759878 0.4242852100247088 0.5927051671732523 0.4211083656900812 0.601063829787234 0.4193434521708436 0.6177811550151976 0.4179315213554536 0.6367781155015197 0.4144016943169785 0.6588145896656535 0.4101659018708083 0.6854103343465046 0.40557712672079066 0.7127659574468085 0.40134133427462054 0.7355623100303952 0.39781150723614545 0.7477203647416414 0.3875750088245676 0.7408814589665653 0.3755735968937522 0.7310030395136778 0.3847511471937875 0.6519756838905775 0.39463466290151783 0.6071428571428571 0.3949876456053653 0.5881458966565349 0.3932227320861278 0.5714285714285714 0.3956936110130604 0.5569908814589666 0.3992234380515355 0.5509118541033434 0.4034592304977056 0.5463525835866262 0.4087539710554183 0.5395136778115501 0.41651959054006354 0.5372340425531915
29 0.35792446170137665 0.5197568389057751 0.3618072714436993 0.5106382978723404 0.36816096011295446 0.5083586626139818 0.37592657959759973 0.5083586626139818 0.3865160607130251 0.5083586626139818 0.39463466290151783 0.5151975683890577 0.4059301094246382 0.5212765957446809 0.41122484998235087 0.5319148936170213 0.4094599364631133 0.5509118541033434 0.40698905753618075 0.5645896656534954 0.39887045534768795 0.5881458966565349 0.39251676667843277 0.6048632218844985 0.3723967525591246 0.7264437689969605 0.322979174020473 0.6778115501519757 0.3455700670667137 0.6063829787234043 0.3561595481821391 0.5767477203647416 0.3551006000705965 0.5554711246200608 0.3561595481821391 0.5425531914893617 0.3568655135898341 0.53419452887538
30 0.322273208612778 0.49772036474164133 0.3325097070243558 0.49012158054711247 0.34274620543593365 0.49772036474164133 0.354041651959054 0.5113981762917933 0.36074832333215673 0.5281155015197568 0.36392516766678434 0.53419452887538 0.3653370984821744 0.5440729483282675 0.3642781503706318 0.5554711246200608 0.35898340981291915 0.5668693009118541 0.35545358277444405 0.5729483282674772 0.35192375573596896 0.5919452887537994 0.3138016237204377 0.6907294832826748 0.3046240734204024 0.7044072948328267 0.2594422873279209 0.6367781155015197 0.3102717966819626 0.5516717325227963 0.31238969290504764 0.5319148936170213 0.3134486410165902 0.5212765957446809 0.3166254853512178 0.5113981762917933 0.3187433815743029 0.5053191489361702
31 0.23226261913166255 0.5767477203647416 0.2887398517472644 0.44756838905775076 0.3074479350511825 0.46048632218844987 0.322979174020473 0.48556231003039513 0.32403812213201555 0.5075987841945289 0.32156724320508295 0.5235562310030395 0.3169784680550653 0.5334346504559271 0.31238969290504764 0.5425531914893617 0.3042710907165549 0.5524316109422492 0.25697140840098837 0.6428571428571429