0 0.46560111188325226 0.5569908814589666 0.47463516330785266 0.5714285714285714 0.49930507296733845 0.5683890577507599 0.49930507296733845 0.49620060790273557 0.4808895066018068 0.30623100303951367 0.45830437804030577 0.3047112462006079 0.46560111188325226 0.4521276595744681 0.46525364836692146 0.4825227963525836 0.46525364836692146 0.5182370820668692
1 0.438498957609451 0.5463525835866262 0.4461431549687283 0.5562310030395137 0.4662960389159138 0.5600303951367781 0.46560111188325226 0.5174772036474165 0.4694232105628909 0.31155015197568386 0.44857539958304377 0.31382978723404253 0.4461431549687283 0.4369300911854103 0.44232105628908963 0.4992401215805471 0.43745656706045866 0.5212765957446809
2 0.40965948575399586 0.5227963525835866 0.4138290479499653 0.5463525835866262 0.4252953439888812 0.5615501519756839 0.43745656706045866 0.5478723404255319 0.44683808200138986 0.47416413373860183 0.45170257123002083 0.3183890577507599 0.4273801250868659 0.3221884498480243 0.42043085476025016 0.44832826747720367
3 0.3891591382904795 0.4870820668693009 0.381862404447533 0.5258358662613982 0.38498957609451007 0.5395136778115501 0.39298123697011816 0.5562310030395137 0.39749826268241834 0.5562310030395137 0.4006254343293954 0.5448328267477204 0.40757470465601114 0.5516717325227963 0.41591382904795 0.5516717325227963 0.42355802640722723 0.5144376899696048 0.4221681723419041 0.4787234042553192 0.4291174426685198 0.3981762917933131 0.42077831827658096 0.31990881458966564 0.3898540653231411 0.32370820668693007 0.39298123697011816 0.3898176291793313
4 0.36726893676164 0.506079027355623 0.37595552466990967 0.49772036474164133 0.3874218207088256 0.4992401215805471 0.39298123697011816 0.4673252279635258 0.3957609451007644 0.42325227963525835 0.39298123697011816 0.3100303951367781 0.3749131341209173 0.31155015197568386 0.36796386379430157 0.40425531914893614 0.3627519110493398 0.46048632218844987 0.36587908269631686 0.4810030395136778
5 0.32661570535093815 0.5007598784194529 0.33043780403057676 0.5227963525835866 0.3405142460041696 0.5334346504559271 0.3481584433634468 0.5326747720364742 0.36031966643502433 0.5349544072948328 0.3683113273106324 0.5197568389057751 0.37352328005559415 0.49620060790273557 0.3683113273106324 0.42325227963525835 0.3648366921473245 0.2743161094224924 0.34016678248783877 0.28495440729483285 0.3311327310632384 0.36246200607902734 0.33356497567755383 0.42021276595744683 0.3311327310632384 0.46200607902735563 0.32870048644892286 0.4810030395136778
6 0.2956914523974983 0.47416413373860183 0.30576789437109103 0.49772036474164133 0.3179291174426685 0.5159574468085106 0.33043780403057676 0.5113981762917933 0.33425990271021544 0.4574468085106383 0.33808200138985406 0.3913373860182371 0.33634468380820015 0.26443768996960487 0.31549687282835304 0.27279635258358664 0.3141070187630299 0.3776595744680851 0.30576789437109103 0.43009118541033436 0.2995135510771369 0.4521276595744681
8 0.5 0.5638297872340425 0.5312717164697707 0.5653495440729484 0.5326615705350938 0.506079027355623 0.5364836692147325 0.2864741641337386 0.5125086865879083 0.2864741641337386 0.5031271716469771 0.4566869300911854 0.49930507296733845 0.526595744680851
9 0.5309242529534399 0.5600303951367781 0.5410006949270326 0.5615501519756839 0.556636553161918 0.5531914893617021 0.5604586518415566 0.5144376899696048 0.5587213342599027 0.4148936170212766 0.5489923558026407 0.28951367781155013 0.5357887421820708 0.2917933130699088 0.5357887421820708 0.4133738601823708 0.5347463516330785 0.4810030395136778 0.5319666435024323 0.5296352583586627
10 0.5580264072272412 0.5022796352583586 0.559763724808895 0.5463525835866262 0.5681028492008339 0.5630699088145896 0.5774843641417651 0.5653495440729484 0.588950660180681 0.541033434650456 0.5868658790826963 0.5022796352583586 0.5833912439193885 0.48404255319148937 0.5781792911744267 0.2826747720364742 0.5590687977762335 0.28951367781155013 0.5555941626129256 0.41109422492401215
11 0.5781792911744267 0.5045592705167173 0.5788742182070883 0.5349544072948328 0.5882557331480195 0.5531914893617021 0.6059763724808895 0.5516717325227963 0.6091035441278666 0.5030395136778115 0.6097984711605281 0.4673252279635258 0.5997220291869354 0.33206686930091184 0.5813064628214037 0.33206686930091184 0.5774843641417651 0.41793313069908816 0.5806115357887421 0.48556231003039513
12 0.606671299513551 0.526595744680851 0.6077136900625434 0.4810030395136778 0.6059763724808895 0.3069908814589666 0.618137595552467 0.2986322188449848 0.6285615010423905 0.36246200607902734 0.6323835997220292 0.43844984802431614 0.6337734537873523 0.49544072948328266 0.6382904794996526 0.5311550151975684 0.6250868658790827 0.541033434650456 0.6153578874218207 0.541033434650456
13 0.6320361362056984 0.5296352583586627 0.640722724113968 0.5417933130699089 0.655316191799861 0.5395136778115501 0.669909659485754 0.5364741641337386 0.6841556636553162 0.5106382978723404 0.6779013203613621 0.4521276595744681 0.6792911744266852 0.3047112462006079 0.6362056984016679 0.32370820668693007 0.6414176511466296 0.4217325227963526 0.6400277970813064 0.4688449848024316 0.6344683808200139 0.4870820668693009
14 0.6799861014593468 0.5106382978723404 0.689367616400278 0.526595744680851 0.7025712300208478 0.526595744680851 0.7123002084781098 0.5144376899696048 0.7202918693537178 0.4810030395136778 0.7154273801250869 0.44832826747720367 0.6949270326615705 0.3047112462006079 0.673036831132731 0.31990881458966564 0.6810284920083391 0.4012158054711246 0.6799861014593468 0.46504559270516715
16 0.5034746351633078 0.5866261398176292 0.5243224461431549 0.5889057750759878 0.5302293259207783 0.6390577507598785 0.5333564975677554 0.8183890577507599 0.5149409312022237 0.8214285714285714
17 0.5271021542738012 0.5919452887537994 0.551772063933287 0.5934650455927052 0.5528144544822794 0.6474164133738601 0.5510771369006254 0.8389057750759878 0.534051424600417 0.8404255319148937 0.5350938151494093 0.6785714285714286 0.5295343988881167 0.6291793313069909
18 0.5489923558026407 0.601823708206687 0.559763724808895 0.5782674772036475 0.574357192494788 0.5934650455927052 0.5795691452397498 0.6679331306990881 0.5882557331480195 0.8389057750759878 0.5590687977762335 0.8449848024316109 0.5521195274496178 0.6595744680851063
19 0.5726198749131342 0.587386018237082 0.5865184155663655 0.5752279635258358 0.6059763724808895 0.5934650455927052 0.6021542738012509 0.6360182370820668 0.6059763724808895 0.8297872340425532 0.592077831827658 0.8320668693009119
20 0.6073662265462126 0.6306990881458967 0.5945100764419736 0.601823708206687 0.5972897845726198 0.5767477203647416 0.6236970118137596 0.5668693009118541 0.6285615010423905 0.5889057750759878 0.6355107713690062 0.6542553191489362 0.6431549687282835 0.8047112462006079 0.623002084781098 0.8031914893617021
21 0.6344683808200139 0.6261398176291794 0.6243919388464211 0.5721884498480243 0.6740792216817234 0.5531914893617021 0.6768589298123697 0.5942249240121581 0.6779013203613621 0.6291793313069909 0.7084781097984711 0.7697568389057751 0.6646977067407922 0.7781155015197568 0.6452397498262682 0.7135258358662614
22 0.6806810284920083 0.6139817629179332 0.673036831132731 0.5972644376899696 0.6678248783877693 0.5463525835866262 0.6855455177206393 0.5433130699088146 0.6963168867268936 0.5478723404255319 0.7102154273801251 0.5326747720364742 0.721681723419041 0.5600303951367781 0.7209867963863794 0.5987841945288754 0.7550382209867964 0.7340425531914894 0.7133425990271022 0.7522796352583586 0.6977067407922168 0.6968085106382979
24 0.4864489228630994 0.5866261398176292 0.5086865879082696 0.587386018237082 0.5086865879082696 0.6747720364741642 0.5111188325225852 0.8693009118541033 0.5010423905489924 0.8601823708206687 0.48610145934676857 0.7287234042553191
25 0.4593467685892981 0.587386018237082 0.485406532314107 0.587386018237082 0.48471160528144547 0.6557750759878419 0.4954829742876998 0.8282674772036475 0.4777623349548297 0.8305471124620061 0.4645587213342599 0.7013677811550152
26 0.4322446143154969 0.5934650455927052 0.44857539958304377 0.5767477203647416 0.4624739402362752 0.6056231003039514 0.46560111188325226 0.7036474164133738 0.4607366226546213 0.8297872340425532 0.4437109103544128 0.8237082066869301 0.4405837387074357 0.7241641337386018
27 0.40757470465601114 0.5866261398176292 0.42355802640722723 0.5714285714285714 0.4412786657400973 0.5957446808510638 0.43780403057678946 0.6291793313069909 0.4346768589298124 0.6413373860182371 0.43050729673384297 0.6952887537993921 0.4176511466296039 0.8237082066869301 0.39437109103544127 0.8062310030395137 0.40896455872133425 0.6937689969604863 0.4100069492703266 0.6458966565349544
28 0.37908269631688674 0.6633738601823708 0.37908269631688674 0.6306990881458967 0.3804725503822099 0.5851063829787234 0.39437109103544127 0.5790273556231003 0.4044475330090341 0.6124620060790273 0.4030576789437109 0.6496960486322189 0.39749826268241834 0.7104863221884499 0.3957609451007644 0.7963525835866262 0.3797776233495483 0.7963525835866262
29 0.3412091730368311 0.6041033434650456 0.3419041000694927 0.5737082066869301 0.3505906879777623 0.5547112462006079 0.372133425990271 0.5653495440729484 0.38811674774148713 0.5683890577507599 0.3912439193884642 0.6003039513677811 0.38290479499652535 0.6253799392097265 0.372133425990271 0.6709726443768997 0.3533703961084086 0.78419452887538 0.32626824183460734 0.7674772036474165 0.3134120917303683 0.7325227963525835 0.3318276580958999 0.6633738601823708
30 0.3019457956914524 0.5934650455927052 0.30785267546907574 0.5311550151975684 0.31931897150799166 0.5258358662613982 0.33043780403057676 0.5379939209726444 0.3519805420430855 0.5547112462006079 0.3505906879777623 0.5957446808510638 0.33564975677553854 0.6177811550151976 0.3280055594162613 0.6648936170212766 0.3040305767894371 0.743920972644377 0.27623349548297427 0.6998480243161094