0 0.4679218967921897 0.5412234042553191 0.5132496513249651 0.5485372340425532 0.5108089260808926 0.4541223404255319 0.49442119944211993 0.29720744680851063 0.4766387726638773 0.2992021276595745 0.4790794979079498 0.4009308510638298
1 0.4435146443514644 0.5093085106382979 0.4511854951185495 0.5412234042553191 0.47280334728033474 0.535904255319149 0.4780334728033473 0.5026595744680851 0.4679218967921897 0.3091755319148936 0.4525801952580195 0.3211436170212766 0.448744769874477 0.4660904255319149
2 0.4006276150627615 0.5026595744680851 0.4082984658298466 0.523936170212766 0.4309623430962343 0.535904255319149 0.44490934449093444 0.4953457446808511 0.4386331938633194 0.45611702127659576 0.4361924686192469 0.31382978723404253 0.4208507670850767 0.31648936170212766 0.41562064156206413 0.3670212765957447
3 0.3702928870292887 0.5 0.3866806136680614 0.526595744680851 0.40446304044630405 0.504654255319149 0.403068340306834 0.46143617021276595 0.40446304044630405 0.3304521276595745 0.3852859135285914 0.32845744680851063 0.3842398884239888 0.42021276595744683 0.3688981868898187 0.48271276595744683
4 0.3169456066945607 0.5146276595744681 0.3727336122733612 0.504654255319149 0.3702928870292887 0.46875 0.36262203626220363 0.4348404255319149 0.34205020920502094 0.3184840425531915 0.3106694560669456 0.3357712765957447 0.3179916317991632 0.43949468085106386 0.31415620641562064 0.47606382978723405
5 0.2698744769874477 0.4973404255319149 0.3179916317991632 0.5093085106382979 0.32322175732217573 0.44680851063829785 0.2928870292887029 0.30186170212765956 0.26359832635983266 0.3211436170212766 0.27510460251046026 0.4228723404255319
6 0.2308228730822873 0.47606382978723405 0.2611576011157601 0.4900265957446808 0.28277545327754533 0.46875 0.28277545327754533 0.41023936170212766 0.2660390516039052 0.3038563829787234 0.24581589958158995 0.31382978723404253 0.23570432357043236 0.4275265957446808
8 0.5108089260808926 0.5458776595744681 0.5540446304044631 0.5478723404255319 0.553347280334728 0.3371010638297872 0.5331241283124128 0.3390957446808511 0.5181311018131102 0.46875 0.5090655509065551 0.5019946808510638
9 0.550557880055788 0.5458776595744681 0.5763598326359832 0.5458776595744681 0.5815899581589958 0.5152925531914894 0.5763598326359832 0.3404255319148936 0.5585774058577406 0.34242021276595747 0.5578800557880056 0.4434840425531915 0.549860529986053 0.5226063829787234
10 0.5753138075313807 0.511968085106383 0.5840306834030683 0.5405585106382979 0.6063458856345886 0.5405585106382979 0.6168061366806137 0.5019946808510638 0.6133193863319386 0.46675531914893614 0.6063458856345886 0.32513297872340424 0.5903068340306834 0.32845744680851063 0.5822873082287309 0.4767287234042553
11 0.6105299860529986 0.523936170212766 0.6352859135285913 0.5305851063829787 0.6485355648535565 0.5226063829787234 0.650278940027894 0.5039893617021277 0.643305439330544 0.3204787234042553 0.6248256624825662 0.32180851063829785 0.6063458856345886 0.4940159574468085
12 0.6443514644351465 0.511968085106383 0.6565550906555091 0.523936170212766 0.6732914923291492 0.511968085106383 0.6767782426778243 0.45811170212765956 0.6670153417015342 0.3271276595744681 0.6537656903765691 0.3304521276595745 0.650278940027894 0.418218085106383 0.6415620641562064 0.4867021276595745
13 0.6725941422594143 0.5152925531914894 0.7200139470013946 0.5053191489361702 0.7193165969316597 0.4295212765957447 0.7255927475592747 0.3390957446808511 0.6802649930264993 0.3357712765957447 0.6767782426778243 0.4434840425531915
14 0.7273361227336123 0.507313829787234 0.7632496513249651 0.4953457446808511 0.7642956764295676 0.4734042553191489 0.749302649930265 0.30319148936170215 0.7343096234309623 0.30518617021276595 0.7193165969316597 0.45811170212765956 0.7147838214783822 0.4800531914893617 0.7182705718270572 0.5006648936170213
15 0.7723152022315202 0.4920212765957447 0.8040446304044631 0.46875 0.8047419804741981 0.45146276595744683 0.794281729428173 0.3962765957446808 0.7890516039051604 0.3171542553191489 0.7712691771269177 0.30851063829787234 0.7573221757322176 0.38430851063829785 0.7608089260808926 0.4315159574468085 0.7573221757322176 0.4654255319148936 0.7625523012552301 0.4833776595744681
16 0.5125523012552301 0.5585106382978723 0.5418410041841004 0.5585106382978723 0.5355648535564853 0.7267287234042553 0.5216178521617852 0.7267287234042553
17 0.5373082287308228 0.5804521276595744 0.5407949790794979 0.555186170212766 0.5665969316596932 0.5565159574468085 0.5718270571827058 0.7300531914893617 0.5557880055788006 0.7267287234042553
18 0.5665969316596932 0.5605053191489362 0.595536959553696 0.5638297872340425 0.5965829846582985 0.632313829787234 0.6202928870292888 0.7386968085106383 0.6035564853556485 0.7519946808510638 0.5683403068340307 0.6476063829787234
19 0.5822873082287309 0.5684840425531915 0.595536959553696 0.543218085106383 0.6195955369595537 0.5418882978723404 0.6276150627615062 0.6003989361702128 0.6565550906555091 0.7220744680851063 0.6415620641562064 0.7333776595744681 0.601115760111576 0.6070478723404256
20 0.6150627615062761 0.5518617021276596 0.6328451882845189 0.526595744680851 0.6558577405857741 0.5279255319148937 0.6593444909344491 0.5837765957446809 0.6795676429567643 0.7101063829787234 0.6645746164574616 0.7167553191489362 0.6345885634588564 0.5990691489361702
21 0.6485355648535565 0.5232712765957447 0.6593444909344491 0.5132978723404256 0.6802649930264993 0.5179521276595744 0.6935146443514645 0.5179521276595744 0.697350069735007 0.5199468085106383 0.7032775453277545 0.5352393617021277 0.7200139470013946 0.6223404255319149 0.7384937238493724 0.7034574468085106 0.7025801952580195 0.7267287234042553 0.6820083682008368 0.6761968085106383 0.6652719665271967 0.5871010638297872
22 0.7032775453277545 0.5279255319148937 0.7112970711297071 0.5146276595744681 0.7262900976290098 0.5146276595744681 0.7475592747559274 0.5013297872340425 0.7517433751743375 0.5099734042553191 0.7625523012552301 0.5531914893617021 0.7642956764295676 0.5804521276595744 0.791492329149233 0.6628989361702128 0.7670850767085077 0.6914893617021277 0.7255927475592747 0.6276595744680851 0.7175732217573222 0.5904255319148937 0.700836820083682 0.5452127659574468
23 0.75 0.5066489361702128 0.7775453277545328 0.48936170212765956 0.7988145048814504 0.47606382978723405 0.8127615062761506 0.5299202127659575 0.8312412831241283 0.6356382978723404 0.800557880055788 0.6575797872340425 0.7775453277545328 0.6070478723404256 0.7695258019525802 0.5738031914893617
24 0.4895397489539749 0.550531914893617 0.504881450488145 0.5352393617021277 0.5177824267782427 0.5485372340425532 0.5076708507670851 0.7293882978723404 0.49232914923291493 0.726063829787234
25 0.46617852161785217 0.5472074468085106 0.49372384937238495 0.5511968085106383 0.47629009762900976 0.7347074468085106 0.4599023709902371 0.7313829787234043
26 0.4372384937238494 0.5558510638297872 0.44595536959553694 0.5398936170212766 0.45746164574616455 0.5425531914893617 0.4700139470013947 0.569813829787234 0.43444909344490934 0.7420212765957447 0.41248256624825663 0.7327127659574468 0.4271269177126918 0.6223404255319149 0.43340306834030684 0.5977393617021277
27 0.4100418410041841 0.5352393617021277 0.4320083682008368 0.5319148936170213 0.44386331938633194 0.5704787234042553 0.42747559274755925 0.5997340425531915 0.39504881450488144 0.7227393617021277 0.38249651324965134 0.7147606382978723
28 0.37587168758716877 0.526595744680851 0.39539748953974896 0.5232712765957447 0.40550906555090654 0.5259308510638298 0.4110878661087866 0.5472074468085106 0.398884239888424 0.5857712765957447 0.37412831241283123 0.6908244680851063 0.35669456066945604 0.6815159574468085 0.37343096234309625 0.5558510638297872 0.37482566248256627 0.5352393617021277
29 0.32670850767085075 0.5179521276595744 0.33647140864714087 0.5106382978723404 0.35495118549511856 0.5206117021276596 0.3716875871687587 0.5126329787234043 0.37900976290097627 0.5279255319148937 0.37587168758716877 0.557845744680851 0.36610878661087864 0.5877659574468085 0.35669456066945604 0.629654255319149 0.346931659693166 0.6781914893617021 0.3319386331938633 0.7087765957446809 0.3009065550906555 0.6781914893617021 0.3179916317991632 0.5930851063829787
30 0.27719665271966526 0.49867021276595747 0.29707112970711297 0.5 0.30613668061366806 0.511968085106383 0.31624825662482564 0.507313829787234 0.3312412831241283 0.5246010638297872 0.32112970711297073 0.5631648936170213 0.3089260808926081 0.5964095744680851 0.29916317991631797 0.6309840425531915 0.2684797768479777 0.6928191489361702 0.24546722454672246 0.660904255319149 0.2670850767085077 0.5684840425531915 0.2695258019525802 0.5345744680851063
31 0.22280334728033474 0.48736702127659576 0.23744769874476987 0.47606382978723405 0.2510460251046025 0.488031914893617 0.26220362622036264 0.488031914893617 0.2796373779637378 0.5126329787234043 0.2730125523012552 0.5425531914893617 0.26673640167364016 0.5784574468085106 0.2583682008368201 0.6123670212765957 0.23291492329149233 0.6555851063829787 0.20606694560669456 0.6349734042553191 0.2200139470013947 0.5525265957446809 0.2193165969316597 0.5159574468085106