0 0.47802197802197804 0.5364741641337386 0.5013736263736264 0.5379939209726444 0.5024038461538461 0.49012158054711247 0.49793956043956045 0.44832826747720367 0.49038461538461536 0.310790273556231 0.47699175824175827 0.31155015197568386 0.47527472527472525 0.38145896656534956 0.47596153846153844 0.43465045592705165 0.4766483516483517 0.45972644376899696 0.4742445054945055 0.47188449848024316 0.4766483516483517 0.5227963525835866
1 0.45570054945054944 0.5311550151975684 0.4721840659340659 0.5349544072948328 0.47458791208791207 0.5227963525835866 0.4742445054945055 0.4612462006079027 0.4739010989010989 0.43237082066869303 0.47046703296703296 0.31762917933130697 0.45570054945054944 0.32142857142857145 0.4529532967032967 0.42401215805471126 0.4519230769230769 0.4734042553191489 0.4526098901098901 0.5022796352583586 0.4536401098901099 0.5243161094224924
2 0.42925824175824173 0.5349544072948328 0.43990384615384615 0.5212765957446809 0.44608516483516486 0.49772036474164133 0.44711538461538464 0.4734042553191489 0.44608516483516486 0.43617021276595747 0.43921703296703296 0.29407294832826747 0.42754120879120877 0.3009118541033435 0.42376373626373626 0.3951367781155015 0.4206730769230769 0.43617021276595747 0.41998626373626374 0.4703647416413374 0.41998626373626374 0.4992401215805471 0.4210164835164835 0.5129179331306991
3 0.39938186813186816 0.49544072948328266 0.4055631868131868 0.5113981762917933 0.40865384615384615 0.5174772036474165 0.41483516483516486 0.5144376899696048 0.4182692307692308 0.5045592705167173 0.42342032967032966 0.49772036474164133 0.42754120879120877 0.4939209726443769 0.43063186813186816 0.4612462006079027 0.42788461538461536 0.36246200607902734 0.42445054945054944 0.2887537993920973 0.41311813186813184 0.28951367781155013 0.40899725274725274 0.3913373860182371 0.4052197802197802 0.4308510638297872 0.4014423076923077 0.4627659574468085
4 0.37774725274725274 0.4870820668693009 0.3787774725274725 0.4939209726443769 0.38427197802197804 0.5045592705167173 0.39663461538461536 0.506079027355623 0.4017857142857143 0.49012158054711247 0.40796703296703296 0.4886018237082067 0.4096840659340659 0.45972644376899696 0.4114010989010989 0.4133738601823708 0.4114010989010989 0.3723404255319149 0.4069368131868132 0.2925531914893617 0.39903846153846156 0.29559270516717323 0.39800824175824173 0.3434650455927052 0.3938873626373626 0.37462006079027355 0.3907967032967033 0.4004559270516717 0.38770604395604397 0.4156534954407295 0.38392857142857145 0.42021276595744683 0.38358516483516486 0.42933130699088146 0.37740384615384615 0.4787234042553192
6 0.3179945054945055 0.47188449848024316 0.33070054945054944 0.47188449848024316 0.3385989010989011 0.47720364741641336 0.34546703296703296 0.4764437689969605 0.35096153846153844 0.4734042553191489 0.3516483516483517 0.46504559270516715 0.35267857142857145 0.44148936170212766 0.35302197802197804 0.4004559270516717 0.34958791208791207 0.4004559270516717 0.35027472527472525 0.38145896656534956 0.35096153846153844 0.3708206686930091 0.34546703296703296 0.2857142857142857 0.32657967032967034 0.29103343465045595 0.3331043956043956 0.33814589665653494 0.3282967032967033 0.3731003039513678 0.32211538461538464 0.4065349544072948 0.31490384615384615 0.41185410334346506 0.31524725274725274 0.4338905775075988 0.31421703296703296 0.4627659574468085
8 0.5030906593406593 0.5349544072948328 0.5068681318681318 0.5357142857142857 0.5274725274725275 0.5319148936170213 0.5291895604395604 0.5197568389057751 0.5281593406593407 0.48024316109422494 0.5178571428571429 0.2917933130699088 0.5030906593406593 0.2978723404255319 0.5051510989010989 0.44072948328267475 0.5010302197802198 0.49012158054711247 0.5020604395604396 0.5159574468085106
9 0.53125 0.4764437689969605 0.5374313186813187 0.5030395136778115 0.5381181318681318 0.5220364741641338 0.5401785714285714 0.5296352583586627 0.5456730769230769 0.5281155015197568 0.5484203296703297 0.5159574468085106 0.5511675824175825 0.4992401215805471 0.5525412087912088 0.4749240121580547 0.5539148351648352 0.44224924012158057 0.5528846153846154 0.4217325227963526 0.5535714285714286 0.3981762917933131 0.5429258241758241 0.2864741641337386 0.5326236263736264 0.29027355623100304 0.5305631868131868 0.3943768996960486 0.5281593406593407 0.43617021276595747 0.5274725274725275 0.44452887537993924
10 0.551510989010989 0.43465045592705165 0.5504807692307693 0.4635258358662614 0.5525412087912088 0.4825227963525836 0.5546016483516484 0.49544072948328266 0.5597527472527473 0.506838905775076 0.5649038461538461 0.5159574468085106 0.570054945054945 0.520516717325228 0.573489010989011 0.5129179331306991 0.5765796703296703 0.49772036474164133 0.5786401098901099 0.4787234042553192 0.5772664835164835 0.44984802431610943 0.5782967032967034 0.4004559270516717 0.5762362637362637 0.3487841945288754 0.5762362637362637 0.32066869300911854 0.5779532967032966 0.25759878419452886 0.5649038461538461 0.2560790273556231 0.5590659340659341 0.33358662613981765 0.5570054945054945 0.3723404255319149 0.553228021978022 0.3981762917933131 0.551510989010989 0.4247720364741641
11 0.5710851648351648 0.5007598784194529 0.5765796703296703 0.5015197568389058 0.5803571428571429 0.4969604863221885 0.592032967032967 0.5182370820668692 0.5975274725274725 0.4939209726443769 0.5989010989010989 0.4673252279635258 0.5978708791208791 0.43237082066869303 0.5944368131868132 0.3738601823708207 0.5906593406593407 0.26975683890577506 0.5779532967032966 0.2712765957446808 0.5786401098901099 0.3472644376899696 0.5721153846153846 0.3829787234042553 0.5686813186813187 0.4095744680851064 0.5690247252747253 0.446048632218845 0.5690247252747253 0.47796352583586627
12 0.5923763736263736 0.49772036474164133 0.5975274725274725 0.49544072948328266 0.6085164835164835 0.5083586626139818 0.6164148351648352 0.5030395136778115 0.6198489010989011 0.47796352583586627 0.6184752747252747 0.446048632218845 0.615728021978022 0.3905775075987842 0.6116071428571429 0.29559270516717323 0.6019917582417582 0.30167173252279633 0.5934065934065934 0.3981762917933131 0.5892857142857143 0.4369300911854103 0.5875686813186813 0.45896656534954405 0.5879120879120879 0.49164133738601823
13 0.6112637362637363 0.4521276595744681 0.6112637362637363 0.4825227963525836 0.6153846153846154 0.4969604863221885 0.6212225274725275 0.49772036474164133 0.6284340659340659 0.5045592705167173 0.6366758241758241 0.49164133738601823 0.6438873626373627 0.5015197568389058 0.6490384615384616 0.4992401215805471 0.6524725274725275 0.4825227963525836 0.6500686813186813 0.45972644376899696 0.6483516483516484 0.43617021276595747 0.6476648351648352 0.4133738601823708 0.6514423076923077 0.35106382978723405 0.6517857142857143 0.3130699088145897 0.6287774725274725 0.30547112462006076 0.623282967032967 0.36854103343465044 0.6184752747252747 0.39893617021276595 0.614010989010989 0.4308510638297872
14 0.6535027472527473 0.48632218844984804 0.6634615384615384 0.4969604863221885 0.676510989010989 0.48024316109422494 0.679945054945055 0.48024316109422494 0.6847527472527473 0.4688449848024316 0.6850961538461539 0.44224924012158057 0.6802884615384616 0.4209726443768997 0.6734203296703297 0.34498480243161095 0.6758241758241759 0.2826747720364742 0.6662087912087912 0.2773556231003039 0.6559065934065934 0.3495440729483283 0.6514423076923077 0.3951367781155015 0.6514423076923077 0.42933130699088146 0.6490384615384616 0.45972644376899696 0.6507554945054945 0.4787234042553192
17 0.5233516483516484 0.5600303951367781 0.5346840659340659 0.5562310030395137 0.542239010989011 0.5600303951367781 0.5460164835164835 0.5752279635258358 0.5456730769230769 0.5904255319148937 0.5463598901098901 0.6268996960486323 0.5436126373626373 0.7477203647416414 0.5315934065934066 0.7446808510638298 0.5291895604395604 0.6322188449848024 0.5260989010989011 0.6306990881458967 0.5240384615384616 0.5995440729483282
18 0.5470467032967034 0.5623100303951368 0.5528846153846154 0.5577507598784195 0.5552884615384616 0.5486322188449848 0.5614697802197802 0.5486322188449848 0.5666208791208791 0.5585106382978723 0.5714285714285714 0.5714285714285714 0.5721153846153846 0.5942249240121581 0.571771978021978 0.6056231003039514 0.5710851648351648 0.6223404255319149 0.5758928571428571 0.6968085106382979 0.5752060439560439 0.7667173252279635 0.5580357142857143 0.7689969604863222 0.5563186813186813 0.6914893617021277 0.5497939560439561 0.6512158054711246 0.5456730769230769 0.60790273556231 0.5442994505494505 0.5805471124620061
19 0.5683379120879121 0.5714285714285714 0.573489010989011 0.547112462006079 0.5817307692307693 0.5395136778115501 0.5896291208791209 0.5448328267477204 0.5923763736263736 0.5547112462006079 0.5947802197802198 0.5995440729483282 0.5975274725274725 0.6360182370820668 0.5975274725274725 0.6610942249240122 0.5982142857142857 0.7591185410334347 0.5848214285714286 0.7591185410334347 0.5848214285714286 0.6648936170212766 0.5772664835164835 0.6299392097264438 0.5721153846153846 0.5980243161094225 0.5686813186813187 0.5805471124620061
26 0.45947802197802196 0.5585106382978723 0.44745879120879123 0.5448328267477204 0.43440934065934067 0.5562310030395137 0.43097527472527475 0.5737082066869301 0.43063186813186816 0.5980243161094225 0.43166208791208793 0.6193009118541033 0.43166208791208793 0.6413373860182371 0.43166208791208793 0.709726443768997 0.44024725274725274 0.7978723404255319 0.4532967032967033 0.7955927051671733 0.45054945054945056 0.7021276595744681 0.45054945054945056 0.6831306990881459 0.45604395604395603 0.6496960486322189 0.4581043956043956 0.6322188449848024 0.4584478021978022 0.6185410334346505 0.46050824175824173 0.5653495440729484
27 0.41243131868131866 0.5501519756838906 0.4220467032967033 0.5448328267477204 0.42754120879120877 0.5448328267477204 0.42994505494505497 0.5501519756838906 0.4296016483516483 0.5615501519756839 0.4326923076923077 0.5699088145896657 0.43509615384615385 0.5805471124620061 0.4326923076923077 0.601823708206687 0.43028846153846156 0.6071428571428571 0.42925824175824173 0.6322188449848024 0.4251373626373626 0.6648936170212766 0.417239010989011 0.7667173252279635 0.4072802197802198 0.7613981762917933 0.40865384615384615 0.6854103343465046 0.40865384615384615 0.6147416413373861 0.40865384615384615 0.581306990881459
28 0.38839285714285715 0.541033434650456 0.3983516483516483 0.5395136778115501 0.4052197802197802 0.5463525835866262 0.4103708791208791 0.5448328267477204 0.41449175824175827 0.5539513677811551 0.4141483516483517 0.5714285714285714 0.41208791208791207 0.5866261398176292 0.40865384615384615 0.5980243161094225 0.40041208791208793 0.6344984802431611 0.38392857142857145 0.75 0.37259615384615385 0.7446808510638298 0.37774725274725274 0.6185410334346505 0.38186813186813184 0.5866261398176292