0 0.4612025529056097 0.709726443768997 0.4763184413839436 0.7256838905775076 0.48605979173664765 0.7127659574468085 0.48605979173664765 0.6542553191489362 0.49546523345649984 0.4817629179331307 0.4706079946254619 0.4817629179331307 0.46523345649983205 0.628419452887538
1 0.44541484716157204 0.6512158054711246 0.44541484716157204 0.6884498480243161 0.45381256298286865 0.708966565349544 0.4618743701713134 0.7112462006079028 0.4669129996640914 0.6800911854103343 0.46321800470272084 0.6124620060790273 0.46825663419549884 0.4817629179331307 0.45112529392005374 0.4878419452887538
2 0.4259321464561639 0.6238601823708206 0.42055760833053407 0.6595744680851063 0.42055760833053407 0.6899696048632219 0.4410480349344978 0.709726443768997 0.44743029895868325 0.7013677811550152 0.44743029895868325 0.6527355623100304 0.44743029895868325 0.628419452887538 0.4484380248572388 0.4817629179331307 0.43533758817601614 0.4848024316109423
3 0.3903258313738663 0.6155015197568389 0.3889821968424588 0.6557750759878419 0.3933490090695331 0.6800911854103343 0.4148471615720524 0.6899696048632219 0.4252603291904602 0.6884498480243161 0.42391669465905274 0.648176291793313 0.42022169969768225 0.6155015197568389 0.42022169969768225 0.5942249240121581 0.42391669465905274 0.5334346504559271 0.41820624790057104 0.4817629179331307 0.3953644608666443 0.4908814589665654
4 0.368827678871347 0.6170212765957447 0.3661404098085321 0.662613981762918 0.3725226738327175 0.6854103343465046 0.38696674504534767 0.6770516717325228 0.40309035942223714 0.6770516717325228 0.4098085320792744 0.6071428571428571 0.4091367148135707 0.4764437689969605 0.3839435673496809 0.4749240121580547 0.37890493785690293 0.5835866261398176
5 0.3352368155861606 0.6268996960486323 0.3375881760161236 0.6542553191489362 0.3533758817601612 0.662613981762918 0.3647967752771246 0.6671732522796353 0.37957675512260663 0.6580547112462006 0.3802485723883104 0.6155015197568389 0.3768894860597917 0.46048632218844987 0.3553913335572724 0.46504559270516715 0.3510245213301982 0.5592705167173252 0.34262680550890157 0.5851063829787234 0.3375881760161236 0.6109422492401215
6 0.3197850184749748 0.5539513677811551 0.3053409472623446 0.6071428571428571 0.30332549546523346 0.628419452887538 0.31877729257641924 0.6428571428571429 0.33087000335908634 0.6496960486322189 0.34665770910312393 0.6458966565349544 0.3496808867987907 0.6071428571428571 0.35404769902586497 0.45592705167173253 0.3318777292576419 0.4574468085106383
8 0.48773933490090693 0.7226443768996961 0.502519314746389 0.7226443768996961 0.5152838427947598 0.7173252279635258 0.514612025529056 0.6656534954407295 0.514612025529056 0.6208206686930091 0.5105811219348337 0.479483282674772 0.4968088679879073 0.4946808510638298 0.4890829694323144 0.6572948328267477 0.482700705408129 0.6869300911854104
9 0.5119247564662411 0.7059270516717325 0.5220020154517971 0.71580547112462 0.5310715485387975 0.7074468085106383 0.534766543500168 0.6800911854103343 0.5327510917030568 0.628419452887538 0.5354383607658717 0.4946808510638298 0.5156197514276117 0.5037993920972644 0.5132683909976486 0.6527355623100304 0.5112529392005375 0.6838905775075987
10 0.5317433658045012 0.6542553191489362 0.5384615384615384 0.6968085106382979 0.5461874370171313 0.7074468085106383 0.5549210614712798 0.709726443768997 0.5613033254954652 0.6702127659574468 0.5613033254954652 0.6367781155015197 0.5545851528384279 0.4734042553191489 0.5361101780315755 0.4817629179331307
11 0.5455156197514276 0.6413373860182371 0.5455156197514276 0.6785714285714286 0.5545851528384279 0.6968085106382979 0.5663419549882432 0.6884498480243161 0.581793752099429 0.6838905775075987 0.581793752099429 0.6496960486322189 0.574067853543836 0.581306990881459 0.5697010413167618 0.4749240121580547 0.5498824319785018 0.47796352583586627 0.5468592542828351 0.5995440729483282 0.5468592542828351 0.6268996960486323
12 0.5670137722539469 0.6223404255319149 0.5660060463553913 0.6641337386018237 0.5660060463553913 0.6869300911854104 0.581793752099429 0.6854103343465046 0.5861605643265032 0.6838905775075987 0.5982532751091703 0.675531914893617 0.594222371514948 0.6443768996960486 0.5854887470607995 0.4490881458966565 0.5633187772925764 0.4521276595744681
14 0.6227746053073564 0.6595744680851063 0.6160564326503191 0.6314589665653495 0.6177359758145784 0.5949848024316109 0.6197514276116897 0.5683890577507599 0.6221027880416526 0.45896656534954405 0.6439368491770239 0.45896656534954405 0.6476318441383944 0.5782674772036475 0.6556936513268391 0.6124620060790273 0.6570372858582466 0.628419452887538 0.6392341283170977 0.6496960486322189
15 0.6640913671481357 0.6512158054711246 0.6597245549210615 0.6443768996960486 0.6513268390997649 0.6329787234042553 0.653342290896876 0.5995440729483282 0.636210950621431 0.44072948328267475 0.6597245549210615 0.4430091185410334 0.6684581793752099 0.5075987841945289 0.6798790728921733 0.5440729483282675 0.6835740678535438 0.5721884498480243 0.68827678871347 0.5896656534954408 0.6899563318777293 0.6139817629179332 0.6876049714477662 0.6352583586626139 0.6778636210950622 0.6413373860182371
16 0.4820288881424253 0.675531914893617 0.5005038629492778 0.6724924012158054 0.5031911320120928 0.8761398176291794 0.48605979173664765 0.8776595744680851
17 0.5018474974806852 0.6724924012158054 0.5203224722875378 0.6785714285714286 0.5213301981860934 0.7933130699088146 0.5156197514276117 0.8852583586626139 0.5041988579106483 0.8890577507598785
18 0.5213301981860934 0.7188449848024316 0.5183070204904267 0.6899696048632219 0.5203224722875378 0.6709726443768997 0.5374538125629829 0.6702127659574468 0.5468592542828351 0.6869300911854104 0.5468592542828351 0.7629179331306991 0.5411488075243533 0.8936170212765957 0.5240174672489083 0.8822188449848024
19 0.5431642593214646 0.7332826747720365 0.5354383607658717 0.6968085106382979 0.5431642593214646 0.6838905775075987 0.5670137722539469 0.6968085106382979 0.5710446758481693 0.7226443768996961 0.5670137722539469 0.770516717325228 0.5670137722539469 0.898936170212766 0.551897883775613 0.8951367781155015 0.5468592542828351 0.7575987841945289
20 0.5660060463553913 0.756079027355623 0.5562646960026872 0.7256838905775076 0.5545851528384279 0.6854103343465046 0.5828014779979845 0.6945288753799392 0.5898555592878737 0.7059270516717325 0.5905273765535775 0.7340425531914894 0.5905273765535775 0.7788753799392097 0.5962378233120591 0.8746200607902735 0.579106483036614 0.8776595744680851 0.5676855895196506 0.7720364741641338
21 0.5955660060463553 0.7674772036474165 0.5770910312395029 0.7340425531914894 0.5747396708095398 0.7059270516717325 0.5747396708095398 0.6968085106382979 0.5885119247564662 0.6702127659574468 0.6019482700705409 0.6527355623100304 0.6133691635875042 0.6557750759878419 0.6247900571044676 0.6740121580547113 0.6278132348001344 0.7059270516717325 0.6348673160900236 0.7416413373860182 0.6570372858582466 0.8358662613981763 0.6120255290560968 0.8677811550151976
22 0.6331877729257642 0.7416413373860182 0.6210950621430971 0.7272036474164134 0.6106818945246892 0.6998480243161094 0.6140409808532079 0.6656534954407295 0.6305005038629493 0.6527355623100304 0.6439368491770239 0.6496960486322189 0.6577091031239503 0.6527355623100304 0.6627477326167283 0.6740121580547113 0.6647631844138394 0.7059270516717325 0.6912999664091367 0.8092705167173252 0.6647631844138394 0.8320668693009119
24 0.46624118239838763 0.6838905775075987 0.48773933490090693 0.675531914893617 0.48773933490090693 0.8776595744680851 0.4739670809539805 0.8723404255319149
25 0.4497816593886463 0.675531914893617 0.46892845146120254 0.6800911854103343 0.47766207591535104 0.8738601823708206 0.4638898219684246 0.8647416413373861
26 0.4309707759489419 0.7355623100303952 0.43029895868323814 0.7013677811550152 0.4383607658716829 0.6671732522796353 0.4460866644272758 0.6671732522796353 0.4581793752099429 0.6998480243161094 0.4588511924756466 0.8389057750759878 0.44541484716157204 0.9148936170212766 0.43533758817601614 0.8480243161094225
27 0.40880080618071885 0.756079027355623 0.40678535438360763 0.7173252279635258 0.4131676184077931 0.6838905775075987 0.4366812227074236 0.6838905775075987 0.4440712126301646 0.6983282674772037 0.4376889486059792 0.7788753799392097 0.4309707759489419 0.9050151975683891 0.41182398387638564 0.8905775075987842
28 0.3802485723883104 0.8761398176291794 0.38528720188108834 0.7963525835866262 0.3889821968424588 0.7462006079027356 0.3889821968424588 0.7317629179331308 0.39166946590527374 0.675531914893617 0.4131676184077931 0.6785714285714286 0.423244877393349 0.6930091185410334 0.4138394356734968 0.743161094224924 0.4104803493449782 0.7591185410334347 0.40040309035942223 0.8936170212765957
29 0.349009069533087 0.8389057750759878 0.3503527040644945 0.7872340425531915 0.3533758817601612 0.7575987841945289 0.3567349680886799 0.7317629179331308 0.35471951629156867 0.6968085106382979 0.3604299630500504 0.6580547112462006 0.3802485723883104 0.6641337386018237 0.4074571716493114 0.6838905775075987 0.39973127309371853 0.7218844984802432 0.3926771918038294 0.7446808510638298 0.38125629828686597 0.8822188449848024
30 0.3023177695666779 0.8115501519756839 0.30735639905945583 0.7515197568389058 0.3117232112865301 0.7188449848024316 0.31541820624790057 0.7013677811550152 0.31474638898219687 0.6709726443768997 0.3254954652334565 0.6413373860182371 0.34598589183742023 0.648176291793313 0.368827678871347 0.675531914893617 0.35875041988579104 0.71580547112462 0.3432986227746053 0.7834346504559271 0.32818273429627143 0.851823708206687
31 0.27040644944575076 0.7530395136778115 0.2754450789385287 0.7142857142857143 0.2774605307356399 0.7013677811550152 0.2811555256970104 0.6496960486322189 0.2989586832381592 0.6398176291793313 0.3160900235136043 0.6382978723404256 0.32751091703056767 0.6641337386018237 0.3204568357406785 0.702887537993921 0.30735639905945583 0.7469604863221885 0.29761504870675176 0.7933130699088146