0 0.46504455106237147 0.4270516717325228 0.4609321453050034 0.49240121580547114 0.47635366689513364 0.5075987841945289 0.4952021932830706 0.49240121580547114 0.49554489376285127 0.3951367781155015 0.5030843043180261 0.2507598784194529 0.5030843043180261 0.1945288753799392 0.4893762851267992 0.1770516717325228 0.47840986977381766 0.182370820668693 0.47635366689513364 0.2188449848024316 0.4694996572995202 0.35714285714285715
3 0.39273474982864975 0.43844984802431614 0.3910212474297464 0.45592705167173253 0.3961617546264565 0.49620060790273557 0.3947909527073338 0.5174772036474165 0.410212474297464 0.526595744680851 0.4153529814941741 0.49240121580547114 0.42220699108978754 0.43541033434650456 0.4239204934886909 0.38753799392097266 0.42152159013022616 0.3191489361702128 0.4187799862919808 0.2629179331306991 0.4126113776559287 0.22036474164133737 0.4002741603838245 0.21580547112462006 0.38930774503084303 0.2553191489361702 0.39239204934886907 0.3161094224924012
4 0.36531871144619604 0.4574468085106383 0.36771761480466075 0.513677811550152 0.38176833447566827 0.5258358662613982 0.39239204934886907 0.5144376899696048 0.3995887594242632 0.4848024316109423 0.39376285126799176 0.3981762917933131 0.385195339273475 0.3069908814589666 0.3742289239204935 0.25987841945288753 0.3485263879369431 0.2613981762917933 0.34955448937628514 0.3047112462006079 0.36120630568882794 0.3799392097264438
5 0.3255654557916381 0.46580547112462006 0.3269362577107608 0.5106382978723404 0.3331048663468129 0.5357142857142857 0.34544208361891704 0.5349544072948328 0.3708019191226868 0.5227963525835866 0.37457162440027414 0.5022796352583586 0.3701165181631254 0.4726443768996961 0.363262508567512 0.425531914893617 0.3605209047292666 0.371580547112462 0.35161069225496916 0.3069908814589666 0.34818368745716244 0.2826747720364742 0.343385880740233 0.2560790273556231 0.3293351610692255 0.2560790273556231 0.31939684715558603 0.2986322188449848 0.3156271418779986 0.3617021276595745
6 0.2830705962988348 0.45972644376899696 0.27998629198080877 0.49544072948328266 0.2878684030157642 0.5296352583586627 0.29506511309115835 0.5349544072948328 0.32282385195339275 0.5349544072948328 0.3283070596298835 0.5121580547112462 0.32625085675119947 0.4635258358662614 0.31871144619602465 0.35714285714285715 0.3145990404386566 0.30775075987841943 0.3098012337217272 0.2613981762917933 0.297464016449623 0.24468085106382978 0.2868403015764222 0.2682370820668693 0.2871830020562029 0.3351063829787234
7 0.24605894448252227 0.46504559270516715 0.2433173406442769 0.48328267477203646 0.25017135023989034 0.5113981762917933 0.2690198766278273 0.5296352583586627 0.2858122001370802 0.5144376899696048 0.2878684030157642 0.4848024316109423 0.2840986977381768 0.42401215805471126 0.2823851953392735 0.33814589665653494 0.274503084304318 0.2712765957446808 0.26525017135023987 0.25379939209726443 0.2570253598355038 0.2765957446808511 0.25222755311857437 0.32370820668693007
8 0.5003427004797807 0.44756838905775076 0.49828649760109667 0.4756838905775076 0.5034270047978067 0.5053191489361702 0.5267306374228924 0.5075987841945289 0.5335846470185058 0.5 0.5325565455791638 0.4452887537993921 0.5352981494174092 0.3351063829787234 0.5311857436600411 0.24468085106382978 0.5263879369431117 0.21124620060790272 0.5215901302261823 0.1831306990881459 0.5075394105551748 0.19148936170212766 0.5058259081562714 0.2378419452887538
9 0.5335846470185058 0.42933130699088146 0.5325565455791638 0.4688449848024316 0.5366689513365319 0.48936170212765956 0.5514050719671008 0.5 0.5633995887594243 0.48936170212765956 0.5640849897189856 0.44376899696048633 0.5596298834818368 0.3282674772036474 0.5627141877998629 0.24620060790273557 0.5613433858807403 0.196048632218845 0.5544893762851268 0.18085106382978725 0.546949965729952 0.2013677811550152 0.542837559972584 0.26595744680851063
10 0.5599725839616175 0.4270516717325228 0.5568882796435916 0.4627659574468085 0.5613433858807403 0.49620060790273557 0.5764222069910898 0.5083586626139818 0.589787525702536 0.49012158054711247 0.5911583276216587 0.4566869300911854 0.5935572309801234 0.3290273556231003 0.5990404386566142 0.24924012158054712 0.6021247429746401 0.1884498480243161 0.5962988348183688 0.1656534954407295 0.5771076079506511 0.19300911854103345 0.5695681973954764 0.2621580547112462
11 0.5815627141877998 0.42021276595744683 0.5760795065113091 0.46200607902735563 0.5798492117888965 0.5 0.5997258396161754 0.5106382978723404 0.6134338588074023 0.5045592705167173 0.6161754626456477 0.4635258358662614 0.6250856751199452 0.33814589665653494 0.6339958875942426 0.28419452887537994 0.6374228923920493 0.24772036474164133 0.6387936943111721 0.20440729483282674 0.6237148732008225 0.19300911854103345 0.6106922549691569 0.22872340425531915 0.5980123372172721 0.3229483282674772
12 0.6100068540095956 0.44680851063829785 0.6024674434544208 0.46808510638297873 0.6100068540095956 0.4939209726443769 0.6254283755997259 0.506079027355623 0.6381082933516107 0.4992401215805471 0.6429061000685401 0.4756838905775076 0.6422206991089787 0.41033434650455924 0.6531871144619602 0.3343465045592705 0.6624400274160384 0.2826747720364742 0.6682659355723098 0.24772036474164133 0.6706648389307746 0.20820668693009117 0.6610692254969157 0.1831306990881459 0.6511309115832762 0.1884498480243161 0.641877998629198 0.23252279635258358
13 0.6408498971898561 0.44148936170212766 0.6353666895133653 0.4627659574468085 0.6312542837559972 0.4908814589665654 0.6504455106237149 0.5083586626139818 0.6788896504455106 0.5113981762917933 0.6884852638793695 0.47796352583586627 0.6874571624400274 0.4270516717325228 0.686771761480466 0.3966565349544073 0.6963673749143249 0.3229483282674772 0.6991089787525703 0.27811550151975684 0.6967100753941056 0.22872340425531915 0.6874571624400274 0.2188449848024316 0.6747772446881426 0.23404255319148937 0.6668951336531871 0.25987841945288753 0.654557916381083 0.3130699088145897
14 0.6860863605209048 0.44984802431610943 0.6833447566826594 0.4756838905775076 0.686771761480466 0.49620060790273557 0.7008224811514736 0.5075987841945289 0.7251542152159013 0.4992401215805471 0.7326936257710761 0.4787234042553192 0.7268677176148046 0.42325227963525835 0.726525017135024 0.3495440729483283 0.7340644276901988 0.28951367781155013 0.7361206305688828 0.24468085106382978 0.7313228238519534 0.20516717325227962 0.7203564084989719 0.2127659574468085 0.7093899931459904 0.2743161094224924
15 0.7282385195339274 0.41641337386018235 0.7278958190541467 0.45364741641337386 0.7337217272104181 0.49012158054711247 0.748457847840987 0.48936170212765956 0.7649074708704592 0.47416413373860183 0.7628512679917752 0.42021276595744683 0.7597669636737492 0.3860182370820669 0.7594242631939685 0.3130699088145897 0.7611377655928718 0.2750759878419453 0.7611377655928718 0.23404255319148937 0.7529129540781357 0.20820668693009117 0.744345442083619 0.22340425531914893 0.7378341329677861 0.29559270516717323
23 0.7210418094585332 0.5030395136778115 0.7176148046607266 0.5113981762917933 0.7258396161754627 0.5569908814589666 0.7450308430431802 0.6603343465045592 0.7580534612748457 0.7006079027355623 0.7751884852638794 0.7021276595744681 0.7830705962988348 0.6732522796352584 0.768334475668266 0.6048632218844985 0.7594242631939685 0.5569908814589666 0.7587388622344071 0.5113981762917933 0.7498286497601097 0.48936170212765956
22 0.680603152844414 0.5121580547112462 0.6706648389307746 0.5167173252279635 0.6620973269362577 0.5288753799392097 0.6675805346127485 0.5638297872340425 0.6857436600411241 0.6360182370820668 0.7059629883481837 0.7218844984802432 0.7210418094585332 0.7537993920972644 0.7405757368060315 0.7553191489361702 0.7457162440027416 0.71580547112462 0.7350925291295408 0.6512158054711246 0.7251542152159013 0.5881458966565349 0.7224126113776559 0.5486322188449848 0.7203564084989719 0.5197568389057751 0.7087045921864291 0.5106382978723404 0.6980808773132282 0.5045592705167173
21 0.6257710760795065 0.5030395136778115 0.6148046607265251 0.5030395136778115 0.6144619602467444 0.5296352583586627 0.6250856751199452 0.60790273556231 0.6415352981494175 0.7325227963525835 0.6463331048663468 0.7462006079027356 0.6641535298149417 0.7667173252279635 0.6830020562028787 0.7613981762917933 0.6843728581220013 0.7120060790273556 0.6706648389307746 0.6306990881458967 0.6662097326936258 0.5866261398176292 0.6737491432488005 0.5364741641337386 0.6689513365318711 0.5167173252279635 0.6572995202193284 0.5075987841945289
20 0.5969842357779301 0.5106382978723404 0.5846470185058259 0.5144376899696048 0.5867032213845099 0.560790273556231 0.6017820424948594 0.621580547112462 0.6062371487320082 0.71580547112462 0.6134338588074023 0.7697568389057751 0.6230294722412612 0.78419452887538 0.6353666895133653 0.7606382978723404 0.6278272789581906 0.6641337386018237 0.6202878684030158 0.5851063829787234 0.6250856751199452 0.5357142857142857 0.6175462645647704 0.5182370820668692 0.6093214530500343 0.5106382978723404
19 0.5784784098697738 0.5091185410334347 0.5723098012337218 0.5288753799392097 0.5654557916381083 0.5509118541033434 0.5675119945167924 0.5835866261398176 0.5777930089102125 0.6352583586626139 0.5853324194653873 0.7203647416413373 0.5884167237834133 0.7697568389057751 0.5942426319396847 0.78419452887538 0.6052090472926662 0.7583586626139818 0.6031528444139822 0.6534954407294833 0.5980123372172721 0.587386018237082 0.5990404386566142 0.5379939209726444 0.590815627141878 0.513677811550152
18 0.5555174777244688 0.506079027355623 0.542837559972584 0.513677811550152 0.5435229609321454 0.5721884498480243 0.5476353666895134 0.6299392097264438 0.5558601782042495 0.7332826747720365 0.5599725839616175 0.790273556231003 0.567854694996573 0.8062310030395137 0.5791638108293352 0.797112462006079 0.5798492117888965 0.723404255319149 0.5747087045921865 0.6155015197568389 0.572995202193283 0.547112462006079 0.567854694996573 0.5174772036474165
17 0.522960932145305 0.5083586626139818 0.5154215215901302 0.5106382978723404 0.5167923235092529 0.5516717325227963 0.523989033584647 0.6671732522796353 0.5305003427004797 0.7462006079027356 0.5325565455791638 0.7667173252279635 0.5414667580534612 0.763677811550152 0.549006168608636 0.7112462006079028 0.542837559972584 0.6086626139817629 0.5421521590130226 0.5448328267477204 0.5435229609321454 0.5106382978723404
16 0.5071967100753941 0.5167173252279635 0.4996572995202193 0.513677811550152 0.497943797121316 0.520516717325228 0.5010281014393421 0.5577507598784195 0.5051405071967101 0.6808510638297872 0.5071967100753941 0.7355623100303952 0.5140507196710076 0.7515197568389058 0.5215901302261823 0.7416413373860182 0.5222755311857437 0.6717325227963525 0.5171350239890335 0.5592705167173252 0.5161069225496916 0.5121580547112462
24 0.4900616860863605 0.5144376899696048 0.47909527073337904 0.5182370820668692 0.48046607265250174 0.5539513677811551 0.4893762851267992 0.6390577507598785 0.49383139136394794 0.71580547112462 0.498971898560658 0.7484802431610942 0.5047978067169294 0.7484802431610942 0.5085675119945168 0.7188449848024316 0.5051405071967101 0.6268996960486323 0.4996572995202193 0.5516717325227963 0.49485949280328995 0.5167173252279635
25 0.46401644962302946 0.5121580547112462 0.4578478409869774 0.5174772036474165 0.4609321453050034 0.5569908814589666 0.46641535298149417 0.6306990881458967 0.4708704592186429 0.7203647416413373 0.47772446881425634 0.7545592705167173 0.49074708704592185 0.7644376899696048 0.49280328992460587 0.7454407294832827 0.49211788896504455 0.6702127659574468 0.4842357779300891 0.5911854103343465 0.48252227553118576 0.5486322188449848 0.4845784784098698 0.5235562310030395
26 0.44859492803289924 0.5212765957446809 0.44139821795750517 0.5395136778115501 0.43762851267991776 0.5623100303951368 0.43488690884167236 0.6238601823708206 0.4434544208361892 0.6937689969604863 0.44893762851267993 0.7674772036474165 0.4527073337902673 0.7940729483282675 0.4705277587388622 0.7948328267477204 0.47635366689513364 0.7659574468085106 0.4701850582590816 0.6633738601823708 0.46264564770390676 0.5835866261398176 0.4623029472241261 0.5357142857142857
27 0.433173406442769 0.5319148936170213 0.41809458533241944 0.5417933130699089 0.40884167237834135 0.5759878419452887 0.40884167237834135 0.6542553191489362 0.40712816997943796 0.7302431610942249 0.40747087045921865 0.7781155015197568 0.41706648389307743 0.7978723404255319 0.4294037011651816 0.7674772036474165 0.43865661411925977 0.6717325227963525 0.4407128169979438 0.6177811550151976 0.44482522275531183 0.5843465045592705 0.4441398217957505 0.560790273556231
28 0.40610006854009595 0.5319148936170213 0.39239204934886907 0.5509118541033434 0.3910212474297464 0.5881458966565349 0.39136394790952705 0.7180851063829787 0.38930774503084303 0.7659574468085106 0.3934201507882111 0.7917933130699089 0.40472926662097325 0.7948328267477204 0.4132967786154901 0.7515197568389058 0.4187799862919808 0.6413373860182371 0.4263193968471556 0.5995440729483282 0.43248800548320765 0.5653495440729484 0.432145305003427 0.5425531914893617 0.4263193968471556 0.5303951367781155
29 0.36531871144619604 0.5387537993920972 0.35092529129540784 0.5417933130699089 0.3399588759424263 0.5630699088145896 0.3447566826593557 0.6025835866261399 0.34886908841672376 0.6519756838905775 0.3440712816997944 0.709726443768997 0.339273474982865 0.7629179331306991 0.3420150788211104 0.7819148936170213 0.36874571624400276 0.790273556231003 0.385195339273475 0.7492401215805471 0.39513365318711446 0.7006079027355623 0.3975325565455792 0.6124620060790273 0.4009595613433859 0.587386018237082 0.40849897189856066 0.5478723404255319 0.4006168608636052 0.520516717325228 0.38793694311172033 0.5197568389057751
30 0.31048663468128856 0.5357142857142857 0.2988348183687457 0.541033434650456 0.29506511309115835 0.5843465045592705 0.29369431117203565 0.648176291793313 0.27895819054146676 0.7484802431610942 0.2830705962988348 0.7826747720364742 0.3087731322823852 0.7993920972644377 0.33207676490747084 0.7180851063829787 0.34544208361891704 0.6306990881458967 0.35023989033584646 0.5934650455927052 0.35435229609321456 0.5699088145896657 0.34989718985606577 0.5478723404255319
31 0.26250856751199453 0.526595744680851 0.25496915695681976 0.5319148936170213 0.25154215215901304 0.5569908814589666 0.2481151473612063 0.6337386018237082 0.23200822481151473 0.7021276595744681 0.2278958190541467 0.736322188449848 0.24126113776559288 0.756838905775076 0.2662782727895819 0.7492401215805471 0.28032899246058945 0.6960486322188449 0.295407813570939 0.6086626139817629 0.3022618231665524 0.5790273556231003 0.3050034270047978 0.5539513677811551 0.3022618231665524 0.5334346504559271