0 0.46288992470419504 0.5752279635258358 0.49193259232699893 0.5645896656534954 0.48798852635353174 0.5007598784194529 0.4736464682681965 0.29407294832826747 0.4542846898529939 0.30243161094224924 0.4528504840444604 0.4688449848024316 0.4546432413051273 0.5486322188449848 0.4560774471136608 0.5797872340425532
1 0.43456435998565796 0.5699088145896657 0.4528504840444604 0.5592705167173252 0.45679455001792757 0.5357142857142857 0.4560774471136608 0.4848024316109423 0.4546432413051273 0.41413373860182373 0.4467551093581929 0.2811550151975684 0.4277518823951237 0.2917933130699088 0.4302617425600574 0.46200607902735563 0.4295446396557906 0.5258358662613982
2 0.40265328074578705 0.5501519756838906 0.41520258157045536 0.574468085106383 0.4259591251344568 0.5782674772036475 0.4342058085335246 0.5417933130699089 0.4334887056292578 0.5151975683890577 0.4302617425600574 0.5022796352583586 0.4302617425600574 0.4156534954407295 0.42022230190032267 0.32066869300911854 0.4062387952671208 0.25455927051671734 0.39297239153818575 0.2621580547112462 0.40014342058085334 0.3541033434650456 0.40193617784152025 0.3860182370820669 0.40372893510218716 0.4878419452887538
3 0.3779132305485837 0.5531914893617021 0.3811401936177842 0.4992401215805471 0.37934743635711726 0.41185410334346506 0.37755467909645035 0.3305471124620061 0.37540337038365007 0.28495440729483285 0.39691645751165294 0.2978723404255319 0.3983506633201864 0.3943768996960486 0.3983506633201864 0.4338905775075988 0.4044460380064539 0.46580547112462006 0.4162782359268555 0.5311550151975684 0.4169953388311223 0.5585106382978723 0.4083901039799211 0.567629179331307 0.40193617784152025 0.560790273556231 0.3976335604159197 0.5797872340425532 0.38866977411258513 0.5714285714285714
5 0.33201864467551095 0.5417933130699089 0.33524560774471135 0.4886018237082067 0.315166726425242 0.3221884498480243 0.3492291143779132 0.32066869300911854 0.36034420939404804 0.46504559270516715 0.37863033345285046 0.5516717325227963 0.3685908927931158 0.5714285714285714 0.35424883470778057 0.5714285714285714 0.34958766583004663 0.5661094224924013 0.345285048404446 0.5767477203647416 0.33596271064897815 0.560790273556231
6 0.29257798494083903 0.5433130699088146 0.2950878451057727 0.5098784194528876 0.3008246683399068 0.4551671732522796 0.3044101828612406 0.4338905775075988 0.2882753675152384 0.28343465045592703 0.31086410899964145 0.2887537993920973 0.3252061670849767 0.3913373860182371 0.32843313015417713 0.44224924012158057 0.3327357475797777 0.49544072948328266 0.3366798135532449 0.5364741641337386 0.33201864467551095 0.5554711246200608 0.3194693438508426 0.5592705167173252 0.307637145930441 0.5569908814589666
7 0.262459662961635 0.5113981762917933 0.2660451774829688 0.5250759878419453 0.277518823951237 0.5395136778115501 0.2854069558981714 0.5364741641337386 0.2907852276801721 0.5311550151975684 0.2968806023664396 0.5197568389057751 0.2968806023664396 0.4992401215805471 0.29257798494083903 0.4566869300911854 0.2854069558981714 0.3411854103343465 0.27034779490856936 0.3411854103343465 0.2649695231265687 0.4034954407294833 0.2678379347436357 0.42857142857142855 0.26855503764790245 0.45288753799392095 0.2642524202223019 0.4886018237082067
8 0.4894227321620653 0.5539513677811551 0.5112943707422015 0.5645896656534954 0.5227680172104697 0.560790273556231 0.5227680172104697 0.5151975683890577 0.5195410541412693 0.4566869300911854 0.5095016134815346 0.2978723404255319 0.49300824668339904 0.3009118541033435 0.49264969523126567 0.42857142857142855 0.49300824668339904 0.4756838905775076
9 0.5234851201147365 0.5448328267477204 0.5310147006095375 0.5638297872340425 0.5446396557906059 0.5569908814589666 0.5496593761204733 0.5364741641337386 0.54930082466834 0.48632218844984804 0.541771244173539 0.40501519756838905 0.5270706346360703 0.28343465045592703 0.5152384367156687 0.2978723404255319 0.5177482968806024 0.3943768996960486 0.5209752599498028 0.42857142857142855 0.5213338114019361 0.4688449848024316 0.5234851201147365 0.493161094224924
10 0.5421297956256723 0.49164133738601823 0.5421297956256723 0.5235562310030395 0.5467909645034063 0.541033434650456 0.5521692362854069 0.5569908814589666 0.5586231624238078 0.5569908814589666 0.5679455001792757 0.5569908814589666 0.5736823234134099 0.5258358662613982 0.5736823234134099 0.5037993920972644 0.5718895661527429 0.45288753799392095 0.5647185371100752 0.3837386018237082 0.5543205449982073 0.2553191489361702 0.5421297956256723 0.25835866261398177 0.541771244173539 0.3518237082066869 0.5442811043384725 0.3913373860182371 0.5442811043384725 0.4278115501519757 0.5435640014342058 0.45972644376899696
11 0.5604159196844747 0.5250759878419453 0.5586231624238078 0.4969604863221885 0.5571889566152743 0.48632218844984804 0.5604159196844747 0.43844984802431614 0.5611330225887415 0.4156534954407295 0.5697382574399427 0.2811550151975684 0.5926855503764791 0.2765957446808511 0.5944783076371459 0.3465045592705167 0.5926855503764791 0.3822188449848024 0.5912513445679455 0.41033434650455924 0.5937612047328792 0.44224924012158057 0.5980638221584798 0.4673252279635258 0.6020078881319469 0.49848024316109424 0.5980638221584798 0.5364741641337386 0.5962710648978128 0.5448328267477204 0.5844388669774112 0.5433130699088146 0.5761921835783435 0.5379939209726444 0.5661527429186088 0.5478723404255319
13 0.6163499462172822 0.5182370820668692 0.6138400860523485 0.4939209726443769 0.6138400860523485 0.4703647416413374 0.6177841520258157 0.439209726443769 0.6213696665471495 0.39969604863221886 0.62459662961635 0.3662613981762918 0.6288992470419505 0.3290273556231003 0.6335604159196845 0.2917933130699088 0.6561491574040875 0.2887537993920973 0.6536392972391538 0.3677811550151976 0.6536392972391538 0.41413373860182373 0.6529221943348871 0.44452887537993924 0.6543564001434206 0.4582066869300912 0.6554320544998207 0.48328267477203646 0.6522050914306203 0.5167173252279635 0.6389386877016852 0.5182370820668692 0.630333452850484 0.5220364741641338 0.6220867694514163 0.5258358662613982
14 0.6568662603083543 0.5098784194528876 0.6529221943348871 0.4825227963525836 0.6496952312656866 0.4490881458966565 0.6493366798135533 0.40501519756838905 0.6468268196486195 0.35790273556231 0.6403728935102188 0.2864741641337386 0.6661885980638221 0.28495440729483285 0.6722839727500897 0.331306990881459 0.6722839727500897 0.378419452887538 0.677303693079957 0.4034954407294833 0.6877016851918251 0.44224924012158057 0.6963069200430262 0.46580547112462006 0.698099677303693 0.48632218844984804 0.6794550017927573 0.5144376899696048 0.6712083183936894 0.5182370820668692
15 0.7077805665112944 0.48632218844984804 0.719612764431696 0.44984802431610943 0.7246324847615633 0.44072948328267475 0.7235568304051632 0.42857142857142855 0.717820007171029 0.4072948328267477 0.7131588382932951 0.38069908814589665 0.7081391179634278 0.33586626139817627 0.7002509860164934 0.29407294832826747 0.698099677303693 0.270516717325228 0.6855503764790247 0.30319148936170215 0.6877016851918251 0.35790273556231 0.6877016851918251 0.3890577507598784 0.6877016851918251 0.4247720364741641 0.6877016851918251 0.44984802431610943 0.6945141627823592 0.47416413373860183
16 0.4904983865184654 0.601063829787234 0.5062746504123342 0.6071428571428571 0.5112943707422015 0.6458966565349544 0.5134456794550017 0.6770516717325228 0.5152384367156687 0.7218844984802432 0.5134456794550017 0.7796352583586627 0.5005378271782001 0.8259878419452887 0.49695231265686624 0.7955927051671733 0.4980279670132664 0.723404255319149 0.4912154894227322 0.6557750759878419 0.4904983865184654 0.6398176291793313
17 0.506991753316601 0.5965045592705167 0.5238436715668698 0.5927051671732523 0.5302975977052707 0.5965045592705167 0.5328074578702043 0.6512158054711246 0.5328074578702043 0.6876899696048632 0.5328074578702043 0.7462006079027356 0.5338831122266046 0.8206686930091185 0.5234851201147365 0.8168693009118541 0.5209752599498028 0.7484802431610942 0.5188239512370025 0.7180851063829787 0.5152384367156687 0.6717325227963525 0.5102187163858014 0.6344984802431611
18 0.529580494801004 0.6177811550151976 0.5302975977052707 0.6033434650455927 0.5360344209394048 0.5927051671732523 0.5385442811043385 0.5851063829787234 0.5453567586948728 0.5851063829787234 0.5510935819290068 0.5942249240121581 0.5571889566152743 0.6063829787234043 0.5571889566152743 0.6291793313069909 0.5571889566152743 0.6565349544072948 0.5596988167802079 0.7165653495440729 0.5629257798494084 0.8404255319148937 0.5428468985299391 0.8503039513677811 0.5442811043384725 0.7621580547112462 0.5421297956256723 0.75 0.5385442811043385 0.7051671732522796 0.5335245607744712 0.6367781155015197
19 0.5536034420939405 0.64209726443769 0.5478666188598064 0.6193009118541033 0.5478666188598064 0.601823708206687 0.5521692362854069 0.5858662613981763 0.5693797059878093 0.5820668693009119 0.5754750806740767 0.5942249240121581 0.577626389386877 0.6139817629179332 0.5787020437432772 0.6405775075987842 0.5819290068124776 0.7006079027355623 0.5977052707063464 0.8183890577507599 0.5869487271423449 0.824468085106383 0.5704553603442094 0.8077507598784195 0.5647185371100752 0.7515197568389058 0.5593402653280746 0.7074468085106383 0.5586231624238078 0.6831306990881459
20 0.5668698458228756 0.6314589665653495 0.5661527429186088 0.6101823708206687 0.5647185371100752 0.587386018237082 0.5787020437432772 0.5820668693009119 0.5905342416636787 0.5782674772036475 0.5962710648978128 0.5782674772036475 0.6045177482968807 0.5957446808510638 0.6063105055575475 0.6155015197568389 0.607744711366081 0.6458966565349544 0.609537468626748 0.6664133738601824 0.6163499462172822 0.7127659574468085 0.617067049121549 0.7515197568389058 0.6120473287916816 0.7978723404255319 0.607744711366081 0.8206686930091185 0.5987809250627465 0.824468085106383 0.5887414844030119 0.7940729483282675 0.5894585873072786 0.7515197568389058 0.5905342416636787 0.71580547112462 0.5801362495518106 0.6717325227963525 0.5779849408390104 0.6595744680851063 0.5754750806740767 0.6451367781155015
21 0.6045177482968807 0.6512158054711246 0.5969881678020796 0.6223404255319149 0.5944783076371459 0.6117021276595744 0.5926855503764791 0.5904255319148937 0.5980638221584798 0.5797872340425532 0.615274291860882 0.5661094224924013 0.6238795267120831 0.5569908814589666 0.6285406955898172 0.5531914893617021 0.6435998565794191 0.560790273556231 0.6439584080315526 0.5782674772036475 0.6439584080315526 0.5957446808510638 0.6536392972391538 0.6458966565349544 0.683040516314091 0.763677811550152 0.6694155611330226 0.7743161094224924 0.637863033345285 0.7644376899696048 0.6339189673718179 0.7477203647416414 0.6278235926855503 0.7142857142857143 0.615274291860882 0.6914893617021277 0.6081032628182144 0.6648936170212766
22 0.630333452850484 0.560790273556231 0.6414485478666189 0.5501519756838906 0.6529221943348871 0.5433130699088146 0.6661885980638221 0.541033434650456 0.6798135532448907 0.5364741641337386 0.6894944424524919 0.5645896656534954 0.6930799569738257 0.5995440729483282 0.7013266403728935 0.6208206686930091 0.7095733237719613 0.6595744680851063 0.7145930441018287 0.7218844984802432 0.7163858013624955 0.7424012158054711 0.6851918250268914 0.7484802431610942 0.6812477590534242 0.7317629179331308 0.6679813553244891 0.6884498480243161 0.6636787378988885 0.6671732522796353 0.6572248117604876 0.6527355623100304 0.6522050914306203 0.6291793313069909 0.6461097167443528 0.6208206686930091 0.6364288275367516 0.6063829787234043
24 0.4711366081032628 0.6124620060790273 0.48691287199713157 0.601823708206687 0.49264969523126567 0.601063829787234 0.49300824668339904 0.6808510638297872 0.49300824668339904 0.6983282674772037 0.49264969523126567 0.7408814589665653 0.48691287199713157 0.8191489361702128 0.47436357117246325 0.8259878419452887 0.4736464682681965 0.7477203647416414 0.47041950519899606 0.7165653495440729 0.4700609537468627 0.6899696048632219 0.47257081391179634 0.6436170212765957
25 0.44926496952312656 0.6101823708206687 0.4603800645392614 0.601823708206687 0.4736464682681965 0.6101823708206687 0.47436357117246325 0.648936170212766 0.47041950519899606 0.6861702127659575 0.4700609537468627 0.7249240121580547 0.4736464682681965 0.7781155015197568 0.4653997848691287 0.8449848024316109 0.4528504840444604 0.8328267477203647 0.45679455001792757 0.776595744680851 0.4528504840444604 0.7325227963525835 0.45105772678379347 0.6808510638297872 0.44926496952312656 0.6291793313069909
26 0.4234492649695231 0.6352583586626139 0.42882753675152385 0.6117021276595744 0.4352814628899247 0.6063829787234043 0.4428110433847257 0.6048632218844985 0.4528504840444604 0.6352583586626139 0.4528504840444604 0.6474164133738601 0.4528504840444604 0.6876899696048632 0.45105772678379347 0.7408814589665653 0.4471136608103263 0.851823708206687 0.43097884546432413 0.8343465045592705 0.4263176765865902 0.8024316109422492 0.4234492649695231 0.7218844984802432 0.4227321620652564 0.675531914893617
27 0.40086052348512013 0.6177811550151976 0.4184295446396558 0.6048632218844985 0.42524202223019003 0.6086626139817629 0.43277160272499104 0.6155015197568389 0.43205449982072425 0.6565349544072948 0.43097884546432413 0.6831306990881459 0.42524202223019003 0.7196048632218845 0.4227321620652564 0.756838905775076 0.4137683757619218 0.8221884498480243 0.40265328074578705 0.8183890577507599 0.39440659734671923 0.7940729483282675 0.39440659734671923 0.7515197568389058 0.39691645751165294 0.7074468085106383 0.39870921477231985 0.675531914893617 0.3976335604159197 0.6299392097264438
28 0.37181785586231625 0.8130699088145896 0.37181785586231625 0.7484802431610942 0.37181785586231625 0.7074468085106383 0.3703836500537827 0.6671732522796353 0.372534958766583 0.6352583586626139 0.3804230907135174 0.6101823708206687 0.3958408031552528 0.6086626139817629 0.4044460380064539 0.6223404255319149 0.40372893510218716 0.6458966565349544 0.39870921477231985 0.6937689969604863 0.39691645751165294 0.7142857142857143 0.39512370025098603 0.75 0.38866977411258513 0.797112462006079 0.38508425959125137 0.8290273556231003 0.37540337038365007 0.8328267477203647
30 0.2958049480100394 0.6299392097264438 0.3026174256005737 0.601823708206687 0.30512728576550735 0.5942249240121581 0.3259232699892435 0.5942249240121581 0.33775546790964506 0.601063829787234 0.3442093940480459 0.6170212765957447 0.345285048404446 0.6451367781155015 0.3366798135532449 0.6778115501519757 0.3291502330584439 0.6937689969604863 0.3169594836859089 0.7340425531914894 0.3008246683399068 0.7917933130699089 0.28863391896737184 0.7864741641337386 0.27429186088203655 0.7591185410334347 0.27034779490856936 0.7264437689969605 0.280387235568304 0.6778115501519757 0.2907852276801721 0.6405775075987842
31 0.23664395840803154 0.6899696048632219 0.24775905342416638 0.6352583586626139 0.25600573682323413 0.5851063829787234 0.26174256005736823 0.560790273556231 0.26747938329150234 0.5531914893617021 0.2836141986375045 0.5623100303951368 0.29437074220150594 0.5699088145896657 0.3058443886697741 0.5904255319148937 0.3026174256005737 0.6170212765957447 0.2961634994621728 0.6352583586626139 0.28684116170670493 0.6770516717325228 0.2778773754033704 0.708966565349544 0.26174256005736823 0.7408814589665653 0.24847615632843312 0.7621580547112462 0.23090713517389747 0.7051671732522796