0 0.4772173913043478 0.4247720364741641 0.4772173913043478 0.4886018237082067 0.4702608695652174 0.5113981762917933 0.4702608695652174 0.5493920972644377 0.4702608695652174 0.5957446808510638 0.48 0.6063829787234043 0.4925217391304348 0.6041033434650456 0.49843478260869567 0.5851063829787234 0.49634782608695655 0.5326747720364742 0.49634782608695655 0.49012158054711247 0.49634782608695655 0.446048632218845 0.4946086956521739 0.42933130699088146
1 0.4723478260869565 0.44148936170212766 0.4723478260869565 0.4817629179331307 0.46747826086956523 0.5075987841945289 0.46747826086956523 0.587386018237082 0.4608695652173913 0.587386018237082 0.44904347826086954 0.5706686930091185 0.44730434782608697 0.541033434650456 0.45008695652173913 0.49848024316109424 0.45008695652173913 0.4506079027355623 0.4549565217391304 0.4209726443768997
2 0.43269565217391304 0.4209726443768997 0.43269565217391304 0.45440729483282677 0.42782608695652175 0.4946808510638298 0.4260869565217391 0.5091185410334347 0.4212173913043478 0.541033434650456 0.424 0.5645896656534954 0.4337391304347826 0.5896656534954408 0.44417391304347825 0.5645896656534954 0.44417391304347825 0.49848024316109424 0.44730434782608697 0.4316109422492401 0.45008695652173913 0.40805471124620063
3 0.4191304347826087 0.4270516717325228 0.41147826086956524 0.4521276595744681 0.41147826086956524 0.4734042553191489 0.41147826086956524 0.513677811550152 0.41043478260869565 0.5729483282674772 0.41043478260869565 0.6063829787234043 0.41043478260869565 0.6193009118541033 0.4260869565217391 0.6041033434650456 0.4306086956521739 0.5683890577507599 0.4212173913043478 0.5243161094224924 0.4260869565217391 0.4734042553191489
4 0.3951304347826087 0.4399696048632219 0.391304347826087 0.4696048632218845 0.38330434782608697 0.5729483282674772 0.3864347826086956 0.6193009118541033 0.4027826086956522 0.6253799392097265 0.4125217391304348 0.5919452887537994 0.40556521739130436 0.5387537993920972 0.40556521739130436 0.47796352583586627 0.4066086956521739 0.4316109422492401
5 0.3728695652173913 0.45440729483282677 0.36695652173913046 0.5030395136778115 0.3610434782608696 0.5455927051671733 0.3565217391304348 0.5729483282674772 0.35339130434782606 0.5919452887537994 0.3582608695652174 0.6109422492401215 0.3746086956521739 0.6193009118541033 0.3871304347826087 0.6109422492401215 0.391304347826087 0.5934650455927052 0.3864347826086956 0.5661094224924013 0.3864347826086956 0.5007598784194529 0.3951304347826087 0.4316109422492401 0.39895652173913043 0.40577507598784196 0.3746086956521739 0.41641337386018235 0.3746086956521739 0.4316109422492401
6 0.3652173913043478 0.44832826747720367 0.35930434782608694 0.49240121580547114 0.3572173913043478 0.5243161094224924 0.34956521739130436 0.5790273556231003 0.3436521739130435 0.6109422492401215 0.336 0.6063829787234043 0.3283478260869565 0.5919452887537994 0.3186086956521739 0.5729483282674772 0.3217391304347826 0.5387537993920972 0.33043478260869563 0.5007598784194529 0.3332173913043478 0.46048632218844987 0.3408695652173913 0.41413373860182373 0.3467826086956522 0.3913373860182371 0.3565217391304348 0.40197568389057753 0.3610434782608696 0.41641337386018235
7 0.33217391304347826 0.40197568389057753 0.3311304347826087 0.44832826747720367 0.3224347826086956 0.479483282674772 0.312 0.4817629179331307 0.2994782608695652 0.45896656534954405 0.29356521739130437 0.446048632218845 0.29356521739130437 0.4270516717325228 0.29634782608695653 0.40805471124620063 0.30817391304347824 0.3890577507598784 0.31756521739130433 0.38677811550151975 0.3245217391304348 0.38677811550151975
8 0.5022608695652174 0.42933130699088146 0.5001739130434782 0.4506079027355623 0.49843478260869567 0.4969604863221885 0.49843478260869567 0.5303951367781155 0.4956521739130435 0.5516717325227963 0.49843478260869567 0.5957446808510638 0.5022608695652174 0.6086626139817629 0.5245217391304348 0.5896656534954408 0.5255652173913044 0.5577507598784195 0.5234782608695652 0.5113981762917933 0.5234782608695652 0.48404255319148937 0.5217391304347826 0.40805471124620063 0.5043478260869565 0.3951367781155015
9 0.5342608695652173 0.41641337386018235 0.5321739130434783 0.4399696048632219 0.5283478260869565 0.4946808510638298 0.5273043478260869 0.5243161094224924 0.5273043478260869 0.5600303951367781 0.5293913043478261 0.6025835866261399 0.5419130434782609 0.6003039513677811 0.5457391304347826 0.5790273556231003 0.5457391304347826 0.5387537993920972 0.5478260869565217 0.49848024316109424 0.5478260869565217 0.4331306990881459 0.5478260869565217 0.40197568389057753
10 0.5582608695652174 0.41641337386018235 0.5572173913043478 0.446048632218845 0.5544347826086956 0.48632218844984804 0.5533913043478261 0.5303951367781155 0.5565217391304348 0.5767477203647416 0.5620869565217391 0.5934650455927052 0.5746086956521739 0.5851063829787234 0.5746086956521739 0.5554711246200608 0.5707826086956522 0.5030395136778115 0.5707826086956522 0.4521276595744681 0.5707826086956522 0.40577507598784196
11 0.583304347826087 0.4247720364741641 0.5777391304347826 0.45440729483282677 0.5718260869565217 0.4946808510638298 0.5707826086956522 0.526595744680851 0.5631304347826087 0.5645896656534954 0.5669565217391305 0.5896656534954408 0.5794782608695652 0.6025835866261399 0.5892173913043478 0.6003039513677811 0.5902608695652174 0.5600303951367781 0.591304347826087 0.49848024316109424 0.5930434782608696 0.4521276595744681
12 0.6006956521739131 0.4316109422492401 0.5989565217391304 0.4627659574468085 0.5951304347826087 0.4969604863221885 0.591304347826087 0.5433130699088146 0.5892173913043478 0.5706686930091185 0.5892173913043478 0.5835866261398176 0.6027826086956521 0.6025835866261399 0.6093913043478261 0.5980243161094225 0.6093913043478261 0.574468085106383 0.6132173913043478 0.5281155015197568 0.6163478260869565 0.47112462006079026 0.6191304347826087 0.42933130699088146 0.6104347826086957 0.4270516717325228
13 0.6278260869565218 0.446048632218845 0.6260869565217392 0.4627659574468085 0.6219130434782608 0.5075987841945289 0.6180869565217392 0.5493920972644377 0.6163478260869565 0.5896656534954408 0.6393043478260869 0.6063829787234043 0.662608695652174 0.5934650455927052 0.6528695652173913 0.5577507598784195 0.6490434782608696 0.5030395136778115 0.6490434782608696 0.418693009118541 0.6354782608695653 0.39361702127659576 0.6316521739130435 0.42249240121580545
14 0.6549565217391304 0.42249240121580545 0.6511304347826087 0.45896656534954405 0.6528695652173913 0.5174772036474165 0.6549565217391304 0.5729483282674772 0.6653913043478261 0.5896656534954408 0.6751304347826087 0.5957446808510638 0.6876521739130435 0.581306990881459 0.6907826086956522 0.5577507598784195 0.6820869565217391 0.513677811550152 0.6761739130434783 0.4734042553191489 0.6723478260869565 0.41641337386018235 0.6598260869565218 0.40197568389057753
15 0.6914782608695652 0.378419452887538 0.6838260869565217 0.3951367781155015 0.6761739130434783 0.41033434650455924 0.6772173913043478 0.446048632218845 0.688695652173913 0.4673252279635258 0.6994782608695652 0.45896656534954405 0.7081739130434782 0.45440729483282677 0.7109565217391305 0.4399696048632219 0.7109565217391305 0.418693009118541
16 0.5033043478260869 0.8199088145896657 0.5033043478260869 0.790273556231003 0.5012173913043478 0.7477203647416414 0.4925217391304348 0.6930091185410334 0.4897391304347826 0.6595744680851063 0.4897391304347826 0.6382978723404256 0.49843478260869567 0.6193009118541033 0.5043478260869565 0.6360182370820668 0.5043478260869565 0.6694528875379939 0.5071304347826087 0.7059270516717325 0.5130434782608696 0.756079027355623 0.512 0.8009118541033434
17 0.5158260869565218 0.817629179331307 0.5158260869565218 0.7963525835866262 0.512 0.7310030395136778 0.5099130434782608 0.6800911854103343 0.512 0.6595744680851063 0.5217391304347826 0.6382978723404256 0.5283478260869565 0.6550151975683891 0.5304347826086957 0.7059270516717325 0.5304347826086957 0.75 0.5304347826086957 0.790273556231003 0.5304347826086957 0.8237082066869301
18 0.5457391304347826 0.6360182370820668 0.5391304347826087 0.6694528875379939 0.536 0.7120060790273556 0.536 0.7606382978723404 0.5370434782608695 0.8404255319148937 0.5408695652173913 0.8662613981762918 0.5544347826086956 0.8009118541033434 0.5572173913043478 0.7522796352583586 0.5582608695652174 0.7059270516717325 0.5652173913043478 0.648936170212766
19 0.5690434782608695 0.6466565349544073 0.5641739130434783 0.6656534954407295 0.5610434782608695 0.6869300911854104 0.5603478260869565 0.7180851063829787 0.5603478260869565 0.7370820668693009 0.5603478260869565 0.7629179331306991 0.5610434782608695 0.8130699088145896 0.5631304347826087 0.8282674772036475 0.5718260869565217 0.8009118541033434 0.5794782608695652 0.7332826747720365 0.5871304347826087 0.6907294832826748 0.5881739130434782 0.6656534954407295
20 0.5930434782608696 0.6527355623100304 0.585391304347826 0.6633738601823708 0.5826086956521739 0.6952887537993921 0.592 0.7454407294832827 0.5979130434782609 0.8199088145896657 0.6142608695652174 0.85790273556231 0.6142608695652174 0.8214285714285714 0.6114782608695652 0.7712765957446809 0.6066086956521739 0.7203647416413373 0.6076521739130435 0.6846504559270516 0.6093913043478261 0.6656534954407295 0.6027826086956521 0.6504559270516718
21 0.6299130434782608 0.6466565349544073 0.6173913043478261 0.6504559270516718 0.6104347826086957 0.6679331306990881 0.6125217391304347 0.7203647416413373 0.6229565217391304 0.7834346504559271 0.6316521739130435 0.8427051671732523 0.6441739130434783 0.8594224924012158 0.6615652173913044 0.8199088145896657 0.6653913043478261 0.7963525835866262 0.6587826086956522 0.7629179331306991 0.6577391304347826 0.6975683890577508 0.656 0.64209726443769 0.648 0.6360182370820668
22 0.68 0.6299392097264438 0.6664347826086956 0.6337386018237082 0.6636521739130434 0.6595744680851063 0.662608695652174 0.7249240121580547 0.6838260869565217 0.7834346504559271 0.6914782608695652 0.8092705167173252 0.703304347826087 0.817629179331307 0.7137391304347827 0.7857142857142857 0.7168695652173913 0.7545592705167173 0.712 0.7120060790273556 0.7081739130434782 0.6717325227963525 0.7060869565217391 0.6405775075987842 0.697391304347826 0.621580547112462
23 0.7262608695652174 0.6405775075987842 0.7186086956521739 0.6656534954407295 0.7130434782608696 0.6952887537993921 0.7147826086956521 0.7226443768996961 0.7380869565217392 0.7416413373860182 0.7582608695652174 0.7689969604863222 0.7815652173913044 0.7796352583586627 0.7815652173913044 0.7545592705167173 0.7669565217391304 0.7059270516717325 0.7582608695652174 0.6656534954407295 0.7408695652173913 0.6337386018237082
24 0.48695652173913045 0.6086626139817629 0.48591304347826086 0.6337386018237082 0.4751304347826087 0.6466565349544073 0.47408695652173916 0.6694528875379939 0.47408695652173916 0.709726443768997 0.4782608695652174 0.743920972644377 0.48278260869565215 0.8069908814589666 0.4876521739130435 0.8449848024316109 0.4914782608695652 0.8009118541033434 0.49078260869565216 0.7545592705167173 0.4914782608695652 0.7059270516717325
25 0.46852173913043477 0.621580547112462 0.4587826086956522 0.6231003039513677 0.45113043478260867 0.6337386018237082 0.45113043478260867 0.6656534954407295 0.456 0.7287234042553191 0.4587826086956522 0.7712765957446809 0.46260869565217394 0.851063829787234 0.47130434782608693 0.8594224924012158 0.4733913043478261 0.7712765957446809 0.47408695652173916 0.6907294832826748
26 0.4386086956521739 0.6314589665653495 0.43478260869565216 0.6466565349544073 0.43269565217391304 0.6679331306990881 0.42782608695652175 0.7059270516717325 0.4288695652173913 0.743920972644377 0.43756521739130433 0.7834346504559271 0.44521739130434784 0.8556231003039514 0.456 0.8829787234042553 0.4549565217391304 0.7834346504559271 0.4528695652173913 0.7165653495440729 0.45113043478260867 0.6656534954407295
27 0.42295652173913045 0.6572948328267477 0.41739130434782606 0.6572948328267477 0.4142608695652174 0.7013677811550152 0.41634782608695653 0.7454407294832827 0.4191304347826087 0.8130699088145896 0.42191304347826086 0.8556231003039514 0.4260869565217391 0.7545592705167173 0.4250434782608696 0.682370820668693
28 0.4038260869565217 0.6527355623100304 0.39304347826086955 0.6527355623100304 0.38817391304347826 0.6846504559270516 0.38921739130434785 0.743920972644377 0.38921739130434785 0.8237082066869301 0.38921739130434785 0.8723404255319149 0.40452173913043477 0.8009118541033434 0.40869565217391307 0.7287234042553191 0.4125217391304348 0.6846504559270516
30 0.36591304347826087 0.6785714285714286 0.3565217391304348 0.6610942249240122 0.3332173913043478 0.6337386018237082 0.31965217391304346 0.6314589665653495 0.3168695652173913 0.6717325227963525 0.3022608695652174 0.7249240121580547 0.2907826086956522 0.7773556231003039 0.30434782608695654 0.8092705167173252 0.3224347826086956 0.8092705167173252 0.3457391304347826 0.7310030395136778 0.3610434782608696 0.7059270516717325
31 0.3022608695652174 0.6785714285714286 0.29356521739130437 0.6595744680851063 0.2827826086956522 0.6443768996960486 0.26365217391304346 0.6405775075987842 0.25669565217391305 0.682370820668693 0.24730434782608696 0.7120060790273556 0.25217391304347825 0.756079027355623 0.27408695652173914 0.7545592705167173 0.2907826086956522 0.7416413373860182 0.3060869565217391 0.7074468085106383