0 0.4706477732793522 0.38934426229508196 0.4706477732793522 0.4047131147540984 0.47469635627530365 0.45184426229508196 0.4757085020242915 0.48155737704918034 0.4782388663967611 0.5245901639344263 0.48026315789473684 0.5502049180327869 0.4706477732793522 0.5686475409836066 0.45799595141700405 0.5645491803278688 0.45040485829959515 0.5450819672131147 0.45040485829959515 0.507172131147541 0.4493927125506073 0.46209016393442626 0.4473684210526316 0.4108606557377049 0.4473684210526316 0.38114754098360654 0.45799595141700405 0.35963114754098363
1 0.43370445344129555 0.3709016393442623 0.43370445344129555 0.38729508196721313 0.43370445344129555 0.4364754098360656 0.4316801619433198 0.4682377049180328 0.42965587044534415 0.5092213114754098 0.430668016194332 0.5461065573770492 0.4473684210526316 0.5563524590163934 0.45394736842105265 0.5204918032786885 0.4524291497975709 0.4692622950819672 0.45040485829959515 0.4149590163934426 0.45040485829959515 0.3831967213114754 0.44635627530364375 0.3637295081967213
2 0.42611336032388664 0.36577868852459017 0.4230769230769231 0.39651639344262296 0.4230769230769231 0.42827868852459017 0.4251012145748988 0.4713114754098361 0.42864372469635625 0.5204918032786885 0.4230769230769231 0.5604508196721312 0.41346153846153844 0.548155737704918 0.41143724696356276 0.47950819672131145 0.4073886639676113 0.4426229508196721 0.4043522267206478 0.375 0.4033400809716599 0.35758196721311475 0.4149797570850202 0.35348360655737704
3 0.39979757085020245 0.36577868852459017 0.4008097165991903 0.39139344262295084 0.4008097165991903 0.42213114754098363 0.4033400809716599 0.4713114754098361 0.4033400809716599 0.4989754098360656 0.4033400809716599 0.5153688524590164 0.4033400809716599 0.5389344262295082 0.3967611336032389 0.548155737704918 0.39068825910931176 0.5194672131147541 0.39068825910931176 0.48770491803278687 0.38917004048583 0.4426229508196721 0.38714574898785425 0.4026639344262295 0.3851214574898785 0.3668032786885246 0.3881578947368421 0.3452868852459016
4 0.38309716599190285 0.3555327868852459 0.38309716599190285 0.38114754098360654 0.38309716599190285 0.42213114754098363 0.38208502024291496 0.45594262295081966 0.38309716599190285 0.507172131147541 0.38208502024291496 0.5307377049180327 0.3734817813765182 0.5307377049180327 0.3674089068825911 0.5174180327868853 0.36639676113360325 0.48360655737704916 0.36639676113360325 0.4385245901639344 0.36639676113360325 0.39241803278688525 0.36538461538461536 0.3473360655737705 0.37449392712550605 0.3432377049180328
5 0.3527327935222672 0.3668032786885246 0.3527327935222672 0.4026639344262295 0.3547570850202429 0.44979508196721313 0.3638663967611336 0.4989754098360656 0.3567813765182186 0.5204918032786885 0.3441295546558704 0.5225409836065574 0.333502024291498 0.5133196721311475 0.3284412955465587 0.4918032786885246 0.3284412955465587 0.45799180327868855 0.3284412955465587 0.42008196721311475 0.3274291497975709 0.38729508196721313 0.3274291497975709 0.3452868852459016 0.35121457489878544 0.33811475409836067
6 0.31983805668016196 0.3514344262295082 0.31781376518218624 0.3729508196721312 0.3168016194331984 0.4180327868852459 0.3168016194331984 0.44774590163934425 0.3208502024291498 0.4733606557377049 0.32388663967611336 0.49385245901639346 0.3092105263157895 0.507172131147541 0.2925101214574899 0.4969262295081967 0.28694331983805665 0.4733606557377049 0.2859311740890688 0.44364754098360654 0.28846153846153844 0.42418032786885246 0.29048582995951416 0.3944672131147541 0.291497975708502 0.36577868852459017 0.2925101214574899 0.33811475409836067 0.30313765182186236 0.32786885245901637
8 0.48431174089068824 0.36885245901639346 0.4873481781376518 0.4026639344262295 0.49038461538461536 0.4456967213114754 0.49038461538461536 0.47540983606557374 0.48633603238866396 0.5092213114754098 0.48431174089068824 0.5348360655737705 0.4908906882591093 0.5584016393442623 0.5075910931174089 0.5584016393442623 0.5106275303643725 0.5461065573770492 0.5116396761133604 0.5225409836065574 0.5106275303643725 0.48155737704918034 0.506578947368421 0.430327868852459 0.5035425101214575 0.39139344262295084 0.5035425101214575 0.34938524590163933
9 0.5096153846153846 0.3514344262295082 0.5086032388663968 0.3709016393442623 0.5055668016194332 0.4067622950819672 0.5055668016194332 0.4426229508196721 0.5075910931174089 0.47950819672131145 0.5086032388663968 0.5133196721311475 0.5192307692307693 0.5430327868852459 0.534919028340081 0.5450819672131147 0.5369433198380567 0.5225409836065574 0.534919028340081 0.48155737704918034 0.5288461538461539 0.4405737704918033 0.5273279352226721 0.3985655737704918 0.5263157894736842 0.36168032786885246 0.5222672064777328 0.33401639344262296 0.5156882591093117 0.32786885245901637
10 0.5399797570850202 0.3452868852459016 0.534919028340081 0.36577868852459017 0.5318825910931174 0.41290983606557374 0.5318825910931174 0.45594262295081966 0.5339068825910931 0.4948770491803279 0.5389676113360324 0.5133196721311475 0.5435222672064778 0.5266393442622951 0.5495951417004049 0.5461065573770492 0.555161943319838 0.5348360655737705 0.5592105263157895 0.5194672131147541 0.5592105263157895 0.5030737704918032 0.5536437246963563 0.4774590163934426 0.5536437246963563 0.4344262295081967 0.5536437246963563 0.3985655737704918 0.5536437246963563 0.3668032786885246
11 0.5536437246963563 0.3319672131147541 0.5536437246963563 0.3790983606557377 0.5536437246963563 0.42827868852459017 0.5536437246963563 0.4641393442622951 0.562246963562753 0.5112704918032787 0.5738866396761133 0.5204918032786885 0.5804655870445344 0.5092213114754098 0.5794534412955465 0.4661885245901639 0.5728744939271255 0.42008196721311475 0.5738866396761133 0.36168032786885246 0.5738866396761133 0.319672131147541 0.5668016194331984 0.29815573770491804 0.5541497975708503 0.3084016393442623
12 0.5804655870445344 0.3145491803278688 0.5738866396761133 0.3709016393442623 0.5738866396761133 0.4047131147540984 0.5738866396761133 0.4364754098360656 0.5738866396761133 0.4600409836065574 0.583502024291498 0.5133196721311475 0.5991902834008097 0.5030737704918032 0.5991902834008097 0.4733606557377049 0.597165991902834 0.430327868852459 0.5941295546558705 0.39139344262295084 0.6012145748987854 0.3237704918032787 0.5951417004048583 0.30635245901639346
13 0.6098178137651822 0.319672131147541 0.6067813765182186 0.35348360655737704 0.6002024291497976 0.38934426229508196 0.597165991902834 0.4262295081967213 0.597165991902834 0.45799180327868855 0.6012145748987854 0.48360655737704916 0.632085020242915 0.4969262295081967 0.6391700404858299 0.4661885245901639 0.6351214574898786 0.4364754098360656 0.6300607287449392 0.38114754098360654 0.6341093117408907 0.3473360655737705 0.6300607287449392 0.3176229508196721 0.6194331983805668 0.30225409836065575
14 0.6422064777327935 0.3125 0.6381578947368421 0.32786885245901637 0.6330971659919028 0.39241803278688525 0.6300607287449392 0.4405737704918033 0.6487854251012146 0.47950819672131145 0.6654858299595142 0.4733606557377049 0.6700404858299596 0.4426229508196721 0.6594129554655871 0.38524590163934425 0.6553643724696356 0.3473360655737705 0.6553643724696356 0.32172131147540983
16 0.4853238866396761 0.7254098360655737 0.48431174089068824 0.6997950819672131 0.4767206477732793 0.6372950819672131 0.4757085020242915 0.6075819672131147 0.4832995951417004 0.5901639344262295 0.49291497975708504 0.5901639344262295 0.49291497975708504 0.617827868852459 0.49696356275303644 0.6567622950819673 0.5020242914979757 0.6864754098360656 0.5010121457489879 0.7059426229508197 0.5010121457489879 0.7336065573770492
17 0.5106275303643725 0.7438524590163934 0.5146761133603239 0.7100409836065574 0.5172064777327935 0.6711065573770492 0.5172064777327935 0.639344262295082 0.5222672064777328 0.6014344262295082 0.5161943319838057 0.5778688524590164 0.5055668016194332 0.5799180327868853 0.5030364372469636 0.6137295081967213 0.5030364372469636 0.6649590163934426 0.5010121457489879 0.7120901639344263
18 0.548582995951417 0.75 0.5455465587044535 0.6987704918032787 0.5425101214574899 0.6588114754098361 0.5389676113360324 0.6137295081967213 0.534919028340081 0.5922131147540983 0.5192307692307693 0.5860655737704918 0.5182186234817814 0.6055327868852459 0.5182186234817814 0.6485655737704918 0.5222672064777328 0.6885245901639344 0.5273279352226721 0.7161885245901639 0.5308704453441295 0.7510245901639344 0.5389676113360324 0.7653688524590164
19 0.5708502024291497 0.7336065573770492 0.5688259109311741 0.694672131147541 0.5662955465587044 0.6649590163934426 0.5662955465587044 0.6270491803278688 0.5632591093117408 0.5922131147540983 0.5592105263157895 0.5758196721311475 0.5516194331983806 0.5717213114754098 0.5409919028340081 0.5778688524590164 0.5409919028340081 0.617827868852459 0.5409919028340081 0.6352459016393442 0.5465587044534413 0.673155737704918 0.5506072874493927 0.7079918032786885 0.5536437246963563 0.7295081967213115 0.5592105263157895 0.7510245901639344
20 0.5921052631578947 0.7120901639344263 0.5921052631578947 0.6885245901639344 0.5885627530364372 0.6413934426229508 0.5875506072874493 0.6055327868852459 0.5865384615384616 0.5840163934426229 0.5779352226720648 0.5625 0.5652834008097166 0.5584016393442623 0.5602226720647774 0.5706967213114754 0.5652834008097166 0.6137295081967213 0.5678137651821862 0.6547131147540983 0.5738866396761133 0.6885245901639344 0.5814777327935222 0.7141393442622951 0.5921052631578947 0.7336065573770492
21 0.6361336032388664 0.6782786885245902 0.6351214574898786 0.6629098360655737 0.632085020242915 0.625 0.6275303643724697 0.5881147540983607 0.6244939271255061 0.5665983606557377 0.6204453441295547 0.5522540983606558 0.6108299595141701 0.5450819672131147 0.5991902834008097 0.5450819672131147 0.5779352226720648 0.5502049180327869 0.5855263157894737 0.5942622950819673 0.5951417004048583 0.6290983606557377 0.6022267206477733 0.6608606557377049 0.6088056680161943 0.6844262295081968 0.6174089068825911 0.7038934426229508
22 0.6740890688259109 0.6198770491803278 0.6690283400809717 0.6034836065573771 0.6644736842105263 0.5717213114754098 0.6573886639676113 0.5430327868852459 0.6467611336032388 0.507172131147541 0.632085020242915 0.5153688524590164 0.6244939271255061 0.5348360655737705 0.6204453441295547 0.5563524590163934 0.6234817813765182 0.5942622950819673 0.6467611336032388 0.6526639344262295 0.6563765182186235 0.6690573770491803 0.6690283400809717 0.6526639344262295
23 0.7100202429149798 0.5963114754098361 0.7044534412955465 0.5706967213114754 0.6973684210526315 0.5368852459016393 0.6928137651821862 0.5092213114754098 0.6816801619433198 0.48360655737704916 0.6690283400809717 0.48565573770491804 0.6563765182186235 0.507172131147541 0.6538461538461539 0.5266393442622951 0.6624493927125507 0.5563524590163934 0.6761133603238867 0.5901639344262295 0.6897773279352226 0.6137295081967213 0.701417004048583 0.625 0.7110323886639676 0.6157786885245902
24 0.4767206477732793 0.7397540983606558 0.479251012145749 0.7100409836065574 0.48026315789473684 0.6506147540983607 0.48026315789473684 0.6137295081967213 0.48026315789473684 0.5922131147540983 0.4665991902834008 0.5881147540983607 0.4590080971659919 0.5973360655737705 0.4610323886639676 0.6229508196721312 0.46305668016194335 0.6608606557377049 0.4640688259109312 0.6987704918032787 0.4640688259109312 0.7438524590163934
25 0.4600202429149798 0.757172131147541 0.4610323886639676 0.7377049180327869 0.4610323886639676 0.694672131147541 0.4610323886639676 0.6413934426229508 0.46305668016194335 0.6096311475409836 0.46204453441295545 0.5799180327868853 0.451417004048583 0.5737704918032787 0.44534412955465585 0.5860655737704918 0.44534412955465585 0.6270491803278688 0.44534412955465585 0.6629098360655737 0.44534412955465585 0.694672131147541 0.444331983805668 0.7397540983606558 0.444331983805668 0.7592213114754098
26 0.42105263157894735 0.7694672131147541 0.42611336032388664 0.7438524590163934 0.4316801619433198 0.7120901639344263 0.43775303643724695 0.6782786885245902 0.4433198380566802 0.6475409836065574 0.444331983805668 0.5963114754098361 0.43876518218623484 0.5778688524590164 0.42864372469635625 0.5758196721311475 0.4240890688259109 0.5963114754098361 0.4230769230769231 0.617827868852459 0.4230769230769231 0.639344262295082 0.4190283400809717 0.6864754098360656 0.4180161943319838 0.7120901639344263
27 0.4023279352226721 0.757172131147541 0.41143724696356276 0.7182377049180327 0.4159919028340081 0.6885245901639344 0.4159919028340081 0.6629098360655737 0.4190283400809717 0.6157786885245902 0.4144736842105263 0.5799180327868853 0.39878542510121456 0.5819672131147541 0.3977732793522267 0.6137295081967213 0.3977732793522267 0.6475409836065574 0.395748987854251 0.6905737704918032 0.39473684210526316 0.7223360655737705
28 0.3810728744939271 0.735655737704918 0.3810728744939271 0.7141393442622951 0.38714574898785425 0.680327868852459 0.39271255060728744 0.6434426229508197 0.39473684210526316 0.6116803278688525 0.39473684210526316 0.5778688524590164 0.38714574898785425 0.5737704918032787 0.37803643724696356 0.5758196721311475 0.3724696356275304 0.6034836065573771 0.3734817813765182 0.639344262295082 0.3724696356275304 0.6782786885245902 0.36639676113360325 0.7274590163934426
30 0.3006072874493927 0.6823770491803278 0.31224696356275305 0.6711065573770492 0.3284412955465587 0.6372950819672131 0.34210526315789475 0.6014344262295082 0.3431174089068826 0.5758196721311475 0.3390688259109312 0.548155737704918 0.32186234817813764 0.5409836065573771 0.3147773279352227 0.5430327868852459 0.30718623481781376 0.5717213114754098 0.298582995951417 0.6096311475409836 0.2894736842105263 0.6434426229508197 0.284919028340081 0.673155737704918
31 0.2555668016194332 0.6331967213114754 0.2702429149797571 0.625 0.2935222672064777 0.5963114754098361 0.3092105263157895 0.5737704918032787 0.3147773279352227 0.5409836065573771 0.298582995951417 0.5286885245901639 0.2808704453441296 0.5204918032786885 0.2702429149797571 0.5266393442622951 0.2631578947368421 0.5461065573770492 0.2525303643724696 0.5758196721311475 0.24190283400809717 0.6014344262295082 0.23734817813765183 0.6331967213114754
15 0.6503036437246964 0.3043032786885246 0.6649797570850202 0.2694672131147541 0.6786437246963563 0.26844262295081966 0.6907894736842105 0.3073770491803279 0.6938259109311741 0.3463114754098361 0.680161943319838 0.3668032786885246 0.6639676113360324 0.3637295081967213 0.6523279352226721 0.3422131147540984