0 0.5016767270288397 0.5258358662613982 0.5023474178403756 0.5775075987841946 0.494299128101945 0.5752279635258358 0.4778672032193159 0.581306990881459 0.47484909456740443 0.5516717325227963 0.4765258215962441 0.4574468085106383 0.4778672032193159 0.41033434650455924 0.4788732394366197 0.3586626139817629 0.4768611670020121 0.3130699088145897 0.48054996646545944 0.28419452887537994 0.49128101945003355 0.28951367781155013 0.4949698189134809 0.3525835866261398
1 0.45472837022132795 0.5630699088145896 0.4574111334674715 0.5934650455927052 0.47283702213279677 0.5881458966565349 0.47753185781354796 0.5455927051671733 0.4795439302481556 0.48328267477203646 0.4815560026827633 0.4194528875379939 0.4815560026827633 0.364741641337386 0.4782025486250838 0.32598784194528874 0.4721663313212609 0.303951367781155 0.4631120053655265 0.31762917933130697 0.46344735077129445 0.35106382978723405 0.46545942320590206 0.39893617021276595 0.4647887323943662 0.44072948328267475
2 0.4352783366867874 0.5288753799392097 0.4336016096579477 0.5547112462006079 0.4339369550637156 0.5927051671732523 0.4413145539906103 0.6117021276595744 0.4533869885982562 0.5987841945288754 0.46210596914822266 0.5638297872340425 0.4641180415828303 0.5083586626139818 0.46277665995975853 0.43009118541033436 0.4644533869885983 0.36854103343465044 0.4590878604963112 0.29635258358662614 0.4537223340040241 0.28419452887537994 0.44399731723675384 0.2925531914893617 0.443326626425218 0.33586626139817627
3 0.42018779342723006 0.5258358662613982 0.4151576123407109 0.5531914893617021 0.41918175720992623 0.5790273556231003 0.43091884641180417 0.5904255319148937 0.44668008048289737 0.5790273556231003 0.4520456069751844 0.5425531914893617 0.4493628437290409 0.46656534954407297 0.448692152917505 0.3776595744680851 0.4460093896713615 0.3161094224924012 0.44399731723675384 0.2857142857142857 0.43259557344064387 0.28951367781155013 0.4255533199195171 0.3677811550151976
4 0.42689470154258885 0.49848024316109424 0.431924882629108 0.5334346504559271 0.42924211938296447 0.5623100303951368 0.42521797451374915 0.5759878419452887 0.40811535881958416 0.5600303951367781 0.40509725016767273 0.5212765957446809 0.40308517773306507 0.4688449848024316 0.4024144869215292 0.40805471124620063 0.4017437961099933 0.3465045592705167 0.4010731052984574 0.32066869300911854 0.40509725016767273 0.2872340425531915 0.41113346747149565 0.28419452887537994 0.41784037558685444 0.3069908814589666 0.4228705566733736 0.3655015197568389
5 0.3735747820254863 0.5030395136778115 0.3722334004024145 0.513677811550152 0.3722334004024145 0.5501519756838906 0.3893360160965795 0.5638297872340425 0.4000670690811536 0.5661094224924013 0.4138162307176392 0.5623100303951368 0.41851106639839036 0.513677811550152 0.4198524480214621 0.42325227963525835 0.42186452045606976 0.3533434650455927 0.41750503018108653 0.2978723404255319 0.4040912139503689 0.2811550151975684 0.3869885982562039 0.2826747720364742 0.3755868544600939 0.3434650455927052 0.3702213279678068 0.41641337386018235 0.37458081824279005 0.4696048632218845
6 0.33702213279678067 0.49620060790273557 0.33433936955063714 0.520516717325228 0.3477531857813548 0.5357142857142857 0.3615023474178404 0.5509118541033434 0.37759892689470154 0.5448328267477204 0.38665325285043595 0.46504559270516715 0.38832997987927564 0.41641337386018235 0.3903420523138833 0.3351063829787234 0.3853118712273642 0.2712765957446808 0.3722334004024145 0.27203647416413373 0.3641851106639839 0.30775075987841943 0.35881958417169685 0.364741641337386 0.341046277665996 0.4878419452887538
7 0.32126089872568747 0.39969604863221886 0.30482897384305835 0.41793313069908816 0.29979879275653926 0.44756838905775076 0.3075117370892019 0.46504559270516715 0.31120053655264923 0.48632218844984804 0.3222669349429913 0.4870820668693009 0.32629107981220656 0.5113981762917933 0.34674714956405095 0.5030395136778115 0.36384976525821594 0.47188449848024316 0.37424547283702214 0.4012158054711246 0.3722334004024145 0.3472644376899696 0.36619718309859156 0.3161094224924012 0.35714285714285715 0.3047112462006079 0.34674714956405095 0.31458966565349544 0.33668678739101277 0.3465045592705167 0.3289738430583501 0.38677811550151975
8 0.500335345405768 0.5235562310030395 0.49966465459423204 0.560790273556231 0.5073775989268947 0.5835866261398176 0.5184439973172368 0.581306990881459 0.5248155600268276 0.5630699088145896 0.5221327967806841 0.5030395136778115 0.5197853789403085 0.425531914893617 0.5157612340710932 0.34194528875379937 0.5150905432595574 0.3100303951367781 0.5144198524480215 0.2796352583586626 0.5030181086519114 0.2560790273556231 0.494299128101945 0.2864741641337386 0.49899396378269617 0.38145896656534956
9 0.5221327967806841 0.5 0.5244802146210596 0.5562310030395137 0.5298457411133467 0.5683890577507599 0.5385647216633133 0.5683890577507599 0.5432595573440644 0.547112462006079 0.5409121395036888 0.49848024316109424 0.5368879946344735 0.42857142857142855 0.53420523138833 0.38145896656534956 0.5355466130114017 0.35106382978723405 0.5358819584171697 0.32978723404255317 0.5301810865191147 0.3130699088145897 0.5224681421864521 0.3100303951367781 0.5167672702883971 0.32978723404255317 0.5124077800134138 0.36322188449848025 0.51140174379611 0.3958966565349544
10 0.5382293762575453 0.4908814589665654 0.5378940308517773 0.520516717325228 0.53420523138833 0.5501519756838906 0.5489604292421194 0.5790273556231003 0.5580147551978538 0.5661094224924013 0.5647216633132126 0.5623100303951368 0.5653923541247485 0.5182370820668692 0.5620389000670691 0.44376899696048633 0.5596914822266935 0.38145896656534956 0.556673373574782 0.3351063829787234 0.556673373574782 0.2986322188449848 0.5519785378940308 0.2765957446808511 0.5412474849094567 0.2735562310030395 0.5372233400402414 0.2986322188449848
11 0.5533199195171026 0.5144376899696048 0.5516431924882629 0.5455927051671733 0.5583501006036218 0.5683890577507599 0.5690811535881959 0.5729483282674772 0.5855130784708249 0.5592705167173252 0.57981220657277 0.4848024316109423 0.5781354795439303 0.3981762917933131 0.5774647887323944 0.3495440729483283 0.5717639168343394 0.3047112462006079 0.562709590878605 0.28951367781155013 0.5529845741113347 0.3168693009118541 0.5539906103286385 0.371580547112462
12 0.574111334674715 0.5075987841945289 0.5720992622401073 0.541033434650456 0.5771294433266264 0.5630699088145896 0.5902079141515761 0.5600303951367781 0.6016096579476862 0.5539513677811551 0.602280348759222 0.5273556231003039 0.5982562038900067 0.45288753799392095 0.5949027498323273 0.3799392097264438 0.5915492957746479 0.3047112462006079 0.5881958417169685 0.2796352583586626 0.57981220657277 0.2651975683890577 0.5704225352112676 0.2857142857142857 0.5761234071093226 0.3465045592705167
13 0.5902079141515761 0.4969604863221885 0.5922199865861838 0.5334346504559271 0.6029510395707579 0.5623100303951368 0.6197183098591549 0.5577507598784195 0.6321260898725688 0.5326747720364742 0.6311200536552649 0.5121580547112462 0.6173708920187794 0.46504559270516715 0.6069751844399732 0.4012158054711246 0.5999329309188464 0.34422492401215804 0.5982562038900067 0.3191489361702128 0.5922199865861838 0.2948328267477204 0.5835010060362174 0.2978723404255319 0.5761234071093226 0.3351063829787234
14 0.6210596914822267 0.47416413373860183 0.6244131455399061 0.526595744680851 0.6291079812206573 0.5486322188449848 0.6465459423205903 0.5501519756838906 0.6643192488262911 0.5258358662613982 0.6626425217974514 0.4749240121580547 0.6498993963782697 0.43617021276595747 0.6428571428571429 0.39209726443769 0.6384976525821596 0.3601823708206687 0.635814889336016 0.303951367781155 0.6264252179745138 0.270516717325228 0.6170355466130114 0.2773556231003039 0.6146881287726358 0.3343465045592705
15 0.6592890677397719 0.4696048632218845 0.664654594232059 0.49544072948328266 0.6733735747820255 0.5053191489361702 0.6881287726358148 0.48632218844984804 0.704560697518444 0.44452887537993924 0.6830985915492958 0.39209726443769 0.6777330650570087 0.378419452887538 0.670690811535882 0.32978723404255317 0.6680080482897385 0.30547112462006076 0.6629778672032193 0.2811550151975684 0.6549295774647887 0.2712765957446808 0.6445338698859826 0.29027355623100304 0.6452045606975184 0.4088145896656535
23 0.6653252850435949 0.5030395136778115 0.6586183769282361 0.5288753799392097 0.6599597585513078 0.5600303951367781 0.670690811535882 0.6033434650455927 0.6787391012743126 0.6572948328267477 0.6924882629107981 0.6876899696048632 0.7149564050972501 0.6778115501519757 0.7263581488933601 0.6413373860182371 0.7112676056338029 0.5904255319148937 0.7122736418511066 0.5151975683890577 0.7109322602280349 0.493161094224924 0.6871227364185111 0.4969604863221885 0.6773977196512407 0.5053191489361702
22 0.6190476190476191 0.5440729483282675 0.6170355466130114 0.5638297872340425 0.6224010731052985 0.5927051671732523 0.6371562709590879 0.6458966565349544 0.6505700871898055 0.7021276595744681 0.6613011401743796 0.7302431610942249 0.6790744466800804 0.7325227963525835 0.6857813547954393 0.6664133738601824 0.6696847753185782 0.5911854103343465 0.6629778672032193 0.5182370820668692 0.6522468142186452 0.5197568389057751 0.6405097250167673 0.5273556231003039 0.6338028169014085 0.5288753799392097 0.6294433266264252 0.5379939209726444
21 0.5985915492957746 0.5562310030395137 0.5892018779342723 0.5569908814589666 0.5828303152246814 0.5638297872340425 0.5868544600938967 0.5866261398176292 0.5928906773977196 0.6276595744680851 0.602280348759222 0.7264437689969605 0.6120053655264923 0.7720364741641338 0.6291079812206573 0.7887537993920972 0.6472166331321261 0.7575987841945289 0.6401743796109993 0.6838905775075987 0.6267605633802817 0.6063829787234043 0.6257545271629779 0.5531914893617021 0.6160295103957075 0.5478723404255319 0.6049631120053656 0.5569908814589666
20 0.5717639168343394 0.5661094224924013 0.5674044265593562 0.5638297872340425 0.5606975184439973 0.5790273556231003 0.568075117370892 0.6193009118541033 0.5821596244131455 0.7006079027355623 0.5831656606304494 0.7287234042553191 0.5888665325285044 0.7674772036474165 0.5945674044265593 0.7940729483282675 0.6032863849765259 0.791033434650456 0.6042924211938296 0.7332826747720365 0.5945674044265593 0.6367781155015197 0.5942320590207915 0.5980243161094225 0.5949027498323273 0.5714285714285714 0.590878604963112 0.5615501519756839 0.5865191146881288 0.5577507598784195 0.5791415157612341 0.5638297872340425
19 0.5506371562709591 0.5752279635258358 0.5472837022132797 0.5820668693009119 0.5492957746478874 0.6101823708206687 0.5543259557344065 0.6337386018237082 0.5603621730382293 0.7135258358662614 0.5663983903420523 0.7879939209726444 0.574111334674715 0.8016717325227963 0.5808182427900738 0.7811550151975684 0.5747820254862508 0.6466565349544073 0.5747820254862508 0.5767477203647416 0.56841046277666 0.5645896656534954
18 0.5331991951710262 0.5699088145896657 0.5321931589537223 0.5775075987841946 0.5308517773306506 0.5987841945288754 0.5318578135479544 0.6474164133738601 0.5365526492287056 0.7287234042553191 0.5449362843729041 0.7933130699088146 0.5506371562709591 0.8267477203647416 0.5593561368209256 0.8351063829787234 0.5640509725016767 0.8183890577507599 0.5653923541247485 0.7811550151975684 0.5546613011401744 0.6360182370820668 0.5570087189805499 0.5995440729483282 0.5543259557344065 0.5767477203647416 0.5486250838363514 0.5706686930091185 0.5389000670690811 0.5661094224924013
17 0.5154258886653252 0.5790273556231003 0.5154258886653252 0.5911854103343465 0.5154258886653252 0.6565349544072948 0.5157612340710932 0.7446808510638298 0.5137491616364855 0.7667173252279635 0.5137491616364855 0.791033434650456 0.5204560697518444 0.7955927051671733 0.5291750503018109 0.7424012158054711 0.533869885982562 0.6268996960486323 0.5358819584171697 0.5843465045592705 0.5321931589537223 0.5699088145896657 0.5238095238095238 0.567629179331307
16 0.4969818913480885 0.5843465045592705 0.4959758551307847 0.5980243161094225 0.5013413816230717 0.648936170212766 0.5033534540576794 0.7120060790273556 0.5033534540576794 0.736322188449848 0.5040241448692153 0.7591185410334347 0.5063715627095908 0.7948328267477204 0.5124077800134138 0.7963525835866262 0.5140845070422535 0.7226443768996961 0.5160965794768612 0.6428571428571429 0.5187793427230047 0.5942249240121581 0.5150905432595574 0.5835866261398176 0.5070422535211268 0.5805471124620061
24 0.4983232729711603 0.5699088145896657 0.4815560026827633 0.5752279635258358 0.48390342052313884 0.60790273556231 0.48893360160965793 0.6702127659574468 0.49061032863849763 0.7378419452887538 0.4919517102615694 0.763677811550152 0.4953051643192488 0.7743161094224924 0.5006706908115359 0.770516717325228 0.5030181086519114 0.7226443768996961 0.5033534540576794 0.64209726443769 0.5043594902749833 0.6025835866261399 0.5050301810865191 0.5775075987841946
25 0.47484909456740443 0.5828267477203647 0.46512407780013415 0.5919452887537994 0.46847753185781355 0.6291793313069909 0.4751844399731724 0.6816109422492401 0.4798792756539235 0.7173252279635258 0.48390342052313884 0.7424012158054711 0.48826291079812206 0.7583586626139818 0.49631120053655264 0.7492401215805471 0.49061032863849763 0.682370820668693 0.4862508383635144 0.6185410334346505 0.4852448021462106 0.5881458966565349 0.48088531187122735 0.5805471124620061
26 0.4721663313212609 0.5858662613981763 0.4671361502347418 0.5661094224924013 0.45774647887323944 0.5653495440729484 0.4533869885982562 0.5782674772036475 0.4503688799463447 0.6048632218844985 0.4500335345405768 0.6360182370820668 0.4517102615694165 0.723404255319149 0.4550637156270959 0.7667173252279635 0.45640509725016765 0.7955927051671733 0.46512407780013415 0.8145896656534954 0.4765258215962441 0.8069908814589666 0.47719651240778 0.7606382978723404 0.47417840375586856 0.6717325227963525 0.47417840375586856 0.6094224924012158
27 0.43427230046948356 0.5623100303951368 0.43158953722334004 0.5661094224924013 0.426224010731053 0.6193009118541033 0.42823608316566064 0.6922492401215805 0.4322602280348759 0.7697568389057751 0.43762575452716296 0.7963525835866262 0.44668008048289737 0.8031914893617021 0.4550637156270959 0.7750759878419453 0.4533869885982562 0.6907294832826748 0.45472837022132795 0.6329787234042553 0.4580818242790074 0.5843465045592705 0.44802146210596916 0.5600303951367781 0.43896713615023475 0.5562310030395137
28 0.41582830315224684 0.5615501519756839 0.4057679409792086 0.5782674772036475 0.40543259557344064 0.60790273556231 0.40476190476190477 0.675531914893617 0.3983903420523139 0.7203647416413373 0.3953722334004024 0.7545592705167173 0.4027498323272971 0.770516717325228 0.4198524480214621 0.7507598784194529 0.43494299128101943 0.6527355623100304 0.443326626425218 0.601823708206687 0.44533869885982563 0.5752279635258358 0.43661971830985913 0.567629179331307 0.4228705566733736 0.5569908814589666
29 0.380617035546613 0.5455927051671733 0.3765928906773977 0.5714285714285714 0.3718980549966465 0.6952887537993921 0.36351441985244803 0.7317629179331308 0.38497652582159625 0.7682370820668692 0.40509725016767273 0.7454407294832827 0.41281019450033535 0.7051671732522796 0.4181757209926224 0.6276595744680851 0.4198524480214621 0.587386018237082 0.40945674044265595 0.5653495440729484 0.4017437961099933 0.5493920972644377 0.3873239436619718 0.5395136778115501
30 0.33601609657947684 0.5417933130699089 0.3303152246814219 0.5759878419452887 0.3199195171026157 0.6306990881458967 0.3118712273641851 0.6960486322188449 0.3222669349429913 0.7325227963525835 0.34004024144869216 0.7378419452887538 0.3611670020120724 0.6990881458966566 0.37525150905432597 0.64209726443769 0.38799463447350774 0.6048632218844985 0.39101274312541917 0.5721884498480243 0.38162307176391685 0.5455927051671733 0.374916163648558 0.540273556231003 0.3702213279678068 0.5455927051671733 0.3591549295774648 0.5243161094224924 0.3427230046948357 0.5243161094224924