0 0.4587447108603667 0.46580547112462006 0.45698166431593795 0.5235562310030395 0.46932299012693934 0.541033434650456 0.48977433004231313 0.5395136778115501 0.4936530324400564 0.5121580547112462 0.4922425952045134 0.3761398176291793 0.4922425952045134 0.28951367781155013 0.49118476727785615 0.22188449848024316 0.4823695345557123 0.1899696048632219 0.4763751763046544 0.19224924012158054 0.46156558533145275 0.2887537993920973 0.4605077574047955 0.3472644376899696
1 0.4330042313117066 0.44376899696048633 0.4308885754583921 0.5151975683890577 0.43723554301833567 0.5319148936170213 0.45169252468265164 0.5349544072948328 0.46262341325811 0.4992401215805471 0.46262341325811 0.3981762917933131 0.4636812411847673 0.32066869300911854 0.4636812411847673 0.25835866261398177 0.4672073342736248 0.19756838905775076 0.4672073342736248 0.17553191489361702 0.4587447108603667 0.17249240121580547 0.44710860366713684 0.22644376899696048 0.43829337094499293 0.32066869300911854
2 0.4026798307475317 0.4506079027355623 0.4026798307475317 0.49848024316109424 0.4019746121297602 0.5167173252279635 0.42136812411847674 0.5258358662613982 0.4315937940761636 0.5129179331306991 0.4368829337094499 0.4627659574468085 0.43194640338504936 0.35106382978723405 0.42524682651622003 0.26671732522796354 0.42066290550070523 0.22036474164133737 0.4185472496473907 0.16641337386018237 0.40867418899858954 0.15501519756838905 0.3998589562764457 0.20212765957446807 0.3952750352609309 0.28191489361702127
4 0.3466149506346968 0.4316109422492401 0.3416784203102962 0.5015197568389058 0.3547249647390691 0.5326747720364742 0.3748236953455571 0.5167173252279635 0.3829337094499295 0.44832826747720367 0.3765867418899859 0.3343465045592705 0.37376586741889983 0.2553191489361702 0.3688293370944993 0.23024316109422494 0.36212976022566995 0.23100303951367782 0.3519040902679831 0.310790273556231
5 0.30712270803949226 0.44376899696048633 0.30289139633286316 0.5015197568389058 0.31488011283497885 0.5167173252279635 0.34590973201692526 0.5151975683890577 0.35507757404795487 0.5037993920972644 0.3519040902679831 0.45896656534954405 0.3466149506346968 0.3130699088145897 0.3395627644569817 0.2507598784194529 0.32933709449929477 0.23024316109422494 0.31734837799717913 0.23252279635258358 0.30430183356840623 0.28419452887537994 0.30007052186177713 0.3487841945288754
6 0.2584626234132581 0.4316109422492401 0.25423131170662905 0.4787234042553192 0.2690409026798308 0.5030395136778115 0.2909026798307475 0.5053191489361702 0.30077574047954864 0.49848024316109424 0.30712270803949226 0.46808510638297873 0.30500705218617774 0.3761398176291793 0.30077574047954864 0.2933130699088146 0.2997179125528914 0.23100303951367782 0.29055007052186177 0.1952887537993921 0.2750352609308886 0.1952887537993921 0.268688293370945 0.23328267477203649
8 0.4940056417489422 0.4582066869300912 0.4922425952045134 0.49848024316109424 0.4929478138222849 0.5288753799392097 0.5063469675599436 0.5303951367781155 0.5112834978843441 0.5220364741641338 0.5208039492242595 0.5334346504559271 0.5267983074753173 0.5326747720364742 0.5299717912552891 0.5174772036474165 0.5310296191819464 0.439209726443769 0.5352609308885754 0.32598784194528874 0.5409026798307476 0.25379939209726443 0.5391396332863188 0.22948328267477203 0.5352609308885754 0.19908814589665655 0.5211565585331452 0.2006079027355623 0.4961212976022567 0.41413373860182373
9 0.5296191819464033 0.4696048632218845 0.5275035260930888 0.49848024316109424 0.5278561354019746 0.5273556231003039 0.53737658674189 0.5326747720364742 0.5507757404795487 0.5258358662613982 0.556064880112835 0.506838905775076 0.5595909732016925 0.3890577507598784 0.5641748942172073 0.29407294832826747 0.5634696755994358 0.22188449848024316 0.5511283497884344 0.2074468085106383 0.5391396332863188 0.28419452887537994
10 0.5553596614950634 0.45288753799392095 0.5564174894217208 0.48404255319148937 0.5595909732016925 0.5151975683890577 0.5719322990126939 0.5288753799392097 0.5888575458392101 0.5227963525835866 0.594851904090268 0.4764437689969605 0.594851904090268 0.33890577507598785 0.5955571227080395 0.26595744680851063 0.5987306064880112 0.23404255319148937 0.5973201692524682 0.1945288753799392 0.5849788434414669 0.18693009118541035 0.5772214386459803 0.24164133738601823
11 0.581805359661495 0.4582066869300912 0.5793370944992948 0.49848024316109424 0.5877997179125529 0.5174772036474165 0.5973201692524682 0.5288753799392097 0.6064880112834978 0.5417933130699089 0.6223554301833568 0.5197568389057751 0.6269393511988717 0.4939209726443769 0.6216502115655853 0.4278115501519757 0.6220028208744711 0.33890577507598785 0.6234132581100141 0.30775075987841943 0.6223554301833568 0.2750759878419453 0.6181241184767278 0.22796352583586627 0.6086036671368125 0.21808510638297873 0.6033145275035261 0.26443768996960487
12 0.6170662905500706 0.4612462006079027 0.6170662905500706 0.49848024316109424 0.6248236953455572 0.5319148936170213 0.6516220028208745 0.5197568389057751 0.653737658674189 0.4726443768996961 0.6505641748942173 0.3981762917933131 0.6442172073342737 0.29027355623100304 0.6410437235543018 0.25379939209726443 0.6399858956276445 0.2066869300911854 0.6308180535966149 0.20364741641337386 0.6191819464033851 0.2507598784194529
14 0.6907616361071932 0.4278115501519757 0.6942877291960508 0.5037993920972644 0.7179125528913963 0.5227963525835866 0.7383638928067701 0.49772036474164133 0.7425952045133991 0.4688449848024316 0.7366008462623413 0.33358662613981765 0.734132581100141 0.2553191489361702 0.7306064880112835 0.20288753799392098 0.7094499294781382 0.22112462006079028
15 0.7383638928067701 0.4270516717325228 0.7383638928067701 0.46580547112462006 0.7492947813822285 0.5015197568389058 0.7648095909732017 0.506838905775076 0.7764456981664316 0.4749240121580547 0.7799717912552891 0.44376899696048633 0.7711565585331452 0.3662613981762918 0.7725669957686883 0.29711246200607905 0.7693935119887165 0.24772036474164133 0.7584626234132581 0.2196048632218845 0.7447108603667136 0.2591185410334346 0.7397743300423131 0.33358662613981765
31 0.2690409026798308 0.5075987841945289 0.251410437235543 0.5151975683890577 0.23554301833568406 0.5592705167173252 0.21015514809590974 0.5904255319148937 0.20239774330042312 0.6193009118541033 0.21403385049365303 0.6496960486322189 0.25881523272214385 0.648176291793313 0.27750352609308887 0.601823708206687 0.29231311706629054 0.5585106382978723 0.2926657263751763 0.5303951367781155 0.2824400564174894 0.5159574468085106
30 0.29901269393511987 0.5296352583586627 0.2926657263751763 0.5303951367781155 0.28772919605077574 0.5668693009118541 0.27221438645980256 0.6139817629179332 0.24435825105782794 0.6770516717325228 0.2351904090267983 0.7120060790273556 0.24012693935119886 0.7553191489361702 0.26586741889985893 0.7515197568389058 0.3145275035260931 0.6595744680851063 0.3395627644569817 0.601063829787234 0.33991537376586745 0.5600303951367781 0.3268688293370945 0.5417933130699089 0.3099435825105783 0.5288753799392097
28 0.38540197461212977 0.5645896656534954 0.3748236953455571 0.5866261398176292 0.3695345557122708 0.6314589665653495 0.36354019746121297 0.7120060790273556 0.35966149506346967 0.7933130699088146 0.36354019746121297 0.8252279635258358 0.37799717912552894 0.8199088145896657 0.39245416078984485 0.7264437689969605 0.40162200282087446 0.6246200607902735 0.4072637517630465 0.581306990881459 0.40409026798307474 0.5661094224924013 0.3913963328631876 0.5615501519756839
27 0.4125528913963329 0.5615501519756839 0.40021156558533144 0.5721884498480243 0.39844851904090267 0.6527355623100304 0.4005641748942172 0.7348024316109423 0.3896332863187588 0.8161094224924013 0.3980959097320169 0.8449848024316109 0.4139633286318759 0.8085106382978723 0.42207334273624825 0.7059270516717325 0.4248942172073343 0.6231003039513677 0.4333568406205924 0.5889057750759878 0.4308885754583921 0.5737082066869301 0.423836389280677 0.5547112462006079
26 0.4270098730606488 0.5691489361702128 0.4248942172073343 0.6063829787234043 0.4217207334273625 0.7203647416413373 0.4333568406205924 0.8404255319148937 0.44040902679830746 0.8639817629179332 0.45239774330042315 0.85790273556231 0.4573342736248237 0.8024316109422492 0.4559238363892807 0.6922492401215805 0.45768688293370946 0.6344984802431611 0.45169252468265164 0.5759878419452887 0.44499294781382226 0.5509118541033434 0.43370944992947813 0.5547112462006079
25 0.4520451339915374 0.5524316109422492 0.4495768688293371 0.5615501519756839 0.45557122708039494 0.6246200607902735 0.461212976022567 0.7598784194528876 0.46403385049365303 0.8123100303951368 0.4735543018335684 0.8252279635258358 0.48272214386459805 0.8130699088145896 0.4795486600846262 0.7066869300911854 0.4735543018335684 0.628419452887538 0.4735543018335684 0.5828267477203647 0.47461212976022565 0.5554711246200608 0.46614950634696756 0.5455927051671733
24 0.47531734837799716 0.5516717325227963 0.47461212976022565 0.5661094224924013 0.47461212976022565 0.6694528875379939 0.48272214386459805 0.7940729483282675 0.48871650211565587 0.8054711246200608 0.4961212976022567 0.8047112462006079 0.4978843441466855 0.7279635258358662 0.4915373765867419 0.6124620060790273 0.4954160789844852 0.5562310030395137 0.49047954866008464 0.5455927051671733
16 0.5074047954866009 0.5516717325227963 0.49647390691114246 0.5516717325227963 0.49118476727785615 0.5539513677811551 0.48801128349788436 0.5668693009118541 0.4915373765867419 0.5911854103343465 0.4922425952045134 0.6709726443768997 0.49576868829337095 0.7621580547112462 0.502820874471086 0.7834346504559271 0.5165726375176305 0.7720364741641338 0.5112834978843441 0.6975683890577508 0.5105782792665726 0.60790273556231 0.5109308885754584 0.5706686930091185
17 0.5155148095909732 0.5395136778115501 0.5049365303244006 0.5486322188449848 0.5098730606488011 0.6208206686930091 0.5116361071932299 0.743920972644377 0.514456981664316 0.7796352583586627 0.5278561354019746 0.8009118541033434 0.5384344146685472 0.790273556231003 0.5349083215796897 0.7203647416413373 0.5306770098730607 0.6428571428571429 0.5310296191819464 0.5987841945288754 0.5349083215796897 0.5577507598784195 0.5334978843441467 0.5455927051671733 0.5267983074753173 0.5379939209726444
18 0.5391396332863188 0.5478723404255319 0.5310296191819464 0.5501519756838906 0.5275035260930888 0.5790273556231003 0.5296191819464033 0.6671732522796353 0.535966149506347 0.7674772036474165 0.5451339915373766 0.8199088145896657 0.5476022566995769 0.8411854103343465 0.5550070521861777 0.837386018237082 0.5610014104372355 0.763677811550152 0.5599435825105783 0.6717325227963525 0.561706629055007 0.5699088145896657 0.5595909732016925 0.5539513677811551 0.5514809590973202 0.547112462006079