0 0.457274011299435 0.5547112462006079 0.4911723163841808 0.5463525835866262 0.4883474576271186 0.4688449848024316 0.4823446327683616 0.2857142857142857 0.4678672316384181 0.2887537993920973 0.4530367231638418 0.4992401215805471
1 0.4244350282485876 0.5243161094224924 0.4530367231638418 0.5448328267477204 0.4668079096045198 0.34574468085106386 0.461864406779661 0.26443768996960487 0.4477401129943503 0.2629179331306991 0.4502118644067797 0.331306990881459
2 0.4110169491525424 0.4148936170212766 0.423728813559322 0.47188449848024316 0.442090395480226 0.41641337386018235 0.4353813559322034 0.2127659574468085 0.4117231638418079 0.21580547112462006
3 0.3979519774011299 0.4992401215805471 0.4124293785310734 0.5303951367781155 0.4205508474576271 0.506838905775076 0.4265536723163842 0.506838905775076 0.4339689265536723 0.4992401215805471 0.4360875706214689 0.4756838905775076 0.4163135593220339 0.2712765957446808 0.394774011299435 0.2743161094224924
4 0.3721751412429379 0.4688449848024316 0.3831214689265537 0.506838905775076 0.399364406779661 0.4908814589665654 0.4081920903954802 0.4908814589665654 0.4149011299435028 0.44832826747720367 0.4028954802259887 0.256838905775076 0.3852401129943503 0.25987841945288753
5 0.3315677966101695 0.4247720364741641 0.3425141242937853 0.4642857142857143 0.350635593220339 0.4627659574468085 0.3647598870056497 0.48632218844984804 0.3817090395480226 0.4688449848024316 0.3831214689265537 0.3943768996960486 0.3873587570621469 0.256838905775076 0.356638418079096 0.25987841945288753 0.3492231638418079 0.36322188449848025
6 0.2969632768361582 0.37537993920972645 0.3280367231638418 0.4148936170212766 0.3485169491525424 0.3882978723404255 0.3580508474576271 0.2507598784194529 0.3361581920903955 0.23480243161094225 0.3050847457627119 0.3373860182370821
7 0.2771892655367232 0.22872340425531915 0.2955508474576271 0.2978723404255319 0.3153248587570621 0.2887537993920973 0.3361581920903955 0.23632218844984804 0.3139124293785311 0.16337386018237082 0.2853107344632768 0.20440729483282674
8 0.4911723163841808 0.5493920972644377 0.5120056497175142 0.5493920972644377 0.5286016949152542 0.5303951367781155 0.5081214689265536 0.2933130699088146 0.4964689265536723 0.2933130699088146 0.4869350282485876 0.5197568389057751
9 0.5286016949152542 0.53419452887538 0.5448446327683616 0.5258358662613982 0.5575564971751412 0.4946808510638298 0.5278954802259888 0.2743161094224924 0.5095338983050848 0.2872340425531915
10 0.5391949152542372 0.4133738601823708 0.5561440677966102 0.4642857142857143 0.5752118644067796 0.4338905775075988 0.5720338983050848 0.22036474164133737 0.5543785310734464 0.22492401215805471
11 0.5561440677966102 0.5007598784194529 0.5677966101694916 0.49620060790273557 0.580861581920904 0.5197568389057751 0.5949858757062146 0.48936170212765956 0.5787429378531074 0.25379939209726443 0.5649717514124294 0.2454407294832827 0.5575564971751412 0.3974164133738602 0.5494350282485876 0.45440729483282677
12 0.5815677966101694 0.4756838905775076 0.5942796610169492 0.48632218844984804 0.6091101694915254 0.5022796352583586 0.6257062146892656 0.4703647416413374 0.6133474576271186 0.27279635258358664 0.58545197740113 0.29635258358662614 0.58545197740113 0.3913373860182371 0.5773305084745762 0.4308510638297872
13 0.6214689265536724 0.4688449848024316 0.6426553672316384 0.47188449848024316 0.650776836158192 0.45972644376899696 0.6581920903954802 0.4582066869300912 0.669138418079096 0.43541033434650456 0.6649011299435028 0.39285714285714285 0.625 0.2712765957446808 0.6009887005649718 0.29027355623100304 0.611228813559322 0.42021276595744683
14 0.653954802259887 0.38069908814589665 0.669138418079096 0.3837386018237082 0.6804378531073446 0.3662613981762918 0.6867937853107344 0.364741641337386 0.6973870056497176 0.34574468085106386 0.6853813559322034 0.2872340425531915 0.653954802259887 0.2127659574468085 0.6302966101694916 0.23328267477203649 0.6405367231638418 0.29635258358662614 0.6426553672316384 0.3373860182370821
15 0.7069209039548022 0.28343465045592703 0.7111581920903954 0.24088145896656535 0.7185734463276836 0.22644376899696048 0.711864406779661 0.17933130699088146 0.6839689265536724 0.15881458966565348 0.6603107344632768 0.2127659574468085 0.6772598870056498 0.27279635258358664 0.693502824858757 0.2933130699088146
16 0.4957627118644068 0.5653495440729484 0.518361581920904 0.5638297872340425 0.5074152542372882 0.7667173252279635 0.4957627118644068 0.763677811550152
17 0.5127118644067796 0.5668693009118541 0.525776836158192 0.5531914893617021 0.5406073446327684 0.5592705167173252 0.5420197740112994 0.5942249240121581 0.5190677966101694 0.7712765957446809 0.5088276836158192 0.7667173252279635
18 0.536723163841808 0.5942249240121581 0.5508474576271186 0.5653495440729484 0.5677966101694916 0.587386018237082 0.568502824858757 0.6193009118541033 0.5617937853107344 0.7887537993920972 0.5399011299435028 0.7872340425531915
19 0.5515536723163842 0.581306990881459 0.5603813559322034 0.540273556231003 0.580861581920904 0.5448328267477204 0.588276836158192 0.5927051671732523 0.6016949152542372 0.736322188449848 0.586864406779661 0.7477203647416414 0.563912429378531 0.6276595744680851
20 0.5692090395480226 0.5288753799392097 0.6038135593220338 0.513677811550152 0.6140536723163842 0.5448328267477204 0.6161723163841808 0.6147416413373861 0.6345338983050848 0.7226443768996961 0.6179378531073446 0.7348024316109423 0.5861581920903954 0.6033434650455927 0.5720338983050848 0.5577507598784195
21 0.6038135593220338 0.49620060790273557 0.623587570621469 0.4908814589665654 0.6391242937853108 0.4787234042553192 0.6574858757062146 0.4908814589665654 0.6641949152542372 0.5212765957446809 0.6610169491525424 0.5638297872340425 0.692090395480226 0.6618541033434651 0.653954802259887 0.7188449848024316 0.6257062146892656 0.6382978723404256 0.6168785310734464 0.5767477203647416 0.6016949152542372 0.5303951367781155
22 0.6546610169491526 0.5357142857142857 0.6620762711864406 0.4908814589665654 0.6716101694915254 0.4908814589665654 0.6786723163841808 0.4612462006079027 0.711864406779661 0.4817629179331307 0.717867231638418 0.5288753799392097 0.7383474576271186 0.5911854103343465 0.713276836158192 0.648176291793313
24 0.4724576271186441 0.5706686930091185 0.4961158192090395 0.5668693009118541 0.495409604519774 0.763677811550152 0.4841101694915254 0.7682370820668692
25 0.4540960451977401 0.560790273556231 0.4784604519774011 0.5683890577507599 0.4865819209039548 0.7963525835866262 0.4703389830508475 0.8001519756838906 0.4540960451977401 0.6382978723404256
26 0.4336158192090395 0.5737082066869301 0.4417372881355932 0.560790273556231 0.4519774011299435 0.5721884498480243 0.4593926553672316 0.6291793313069909 0.4593926553672316 0.8031914893617021 0.4417372881355932 0.8092705167173252 0.4297316384180791 0.6322188449848024
27 0.4141949152542373 0.5478723404255319 0.4262005649717514 0.5387537993920972 0.4350282485875706 0.5638297872340425 0.4431497175141243 0.5623100303951368 0.4438559322033898 0.5843465045592705 0.4159604519774011 0.7583586626139818 0.3958333333333333 0.7492401215805471
28 0.3870056497175141 0.5303951367781155 0.4004237288135593 0.5167173252279635 0.4120762711864407 0.5303951367781155 0.4247881355932203 0.5288753799392097 0.4209039548022599 0.581306990881459 0.4127824858757062 0.6063829787234043 0.3908898305084746 0.763677811550152 0.3679378531073446 0.743161094224924 0.3848870056497175 0.5828267477203647
29 0.346045197740113 0.4908814589665654 0.3679378531073446 0.4878419452887538 0.3834745762711864 0.5098784194528876 0.3937146892655367 0.5053191489361702 0.4018361581920904 0.5243161094224924 0.3848870056497175 0.601823708206687 0.3700564971751412 0.668693009118541 0.3407485875706215 0.7378419452887538 0.3004943502824859 0.6732522796352584 0.3407485875706215 0.5683890577507599 0.3386299435028249 0.5151975683890577
30 0.2966101694915254 0.49240121580547114 0.3156779661016949 0.4756838905775076 0.3283898305084746 0.5053191489361702 0.3435734463276836 0.5167173252279635 0.346045197740113 0.5478723404255319 0.3305084745762712 0.5843465045592705 0.2863700564971751 0.6443768996960486 0.2605932203389831 0.5942249240121581 0.2842514124293785 0.5357142857142857