0 0.4742595204513399 0.40425531914893614 0.4742595204513399 0.418693009118541 0.47249647390691113 0.4612462006079027 0.4675599435825106 0.5075987841945289 0.4675599435825106 0.5478723404255319 0.4675599435825106 0.5729483282674772 0.46861777150916784 0.5858662613981763 0.49118476727785615 0.5919452887537994 0.4961212976022567 0.5600303951367781 0.49188998589562766 0.5182370820668692 0.49118476727785615 0.4817629179331307 0.49118476727785615 0.4126139817629179 0.49118476727785615 0.3974164133738602
1 0.44992947813822287 0.40197568389057753 0.4520451339915374 0.4696048632218845 0.4527503526093089 0.513677811550152 0.45098730606488013 0.5539513677811551 0.4488716502115656 0.5835866261398176 0.4636812411847673 0.5835866261398176 0.4696755994358251 0.5478723404255319 0.4696755994358251 0.5182370820668692 0.46861777150916784 0.48404255319148937 0.4675599435825106 0.43541033434650456 0.46473906911142454 0.3974164133738602
2 0.4284203102961918 0.3890577507598784 0.42736248236953456 0.4209726443768997 0.4284203102961918 0.46504559270516715 0.4284203102961918 0.4969604863221885 0.42736248236953456 0.5349544072948328 0.42736248236953456 0.5729483282674772 0.43511988716502115 0.5957446808510638 0.44781382228490835 0.5683890577507599 0.44781382228490835 0.5303951367781155 0.44781382228490835 0.4696048632218845 0.44499294781382226 0.42325227963525835 0.4432299012693935 0.3890577507598784
3 0.41361071932299015 0.40197568389057753 0.41361071932299015 0.4338905775075988 0.4125528913963329 0.4627659574468085 0.40867418899858954 0.5030395136778115 0.40691114245416077 0.5288753799392097 0.4058533145275035 0.5562310030395137 0.40796897038081803 0.5790273556231003 0.41960507757404797 0.5858662613981763 0.4294781382228491 0.5752279635258358 0.4322990126939351 0.5493920972644377 0.4322990126939351 0.5182370820668692 0.4301833568406206 0.4506079027355623 0.43124118476727785 0.40425531914893614
4 0.39033850493653033 0.3958966565349544 0.39033850493653033 0.4316109422492401 0.38928067700987307 0.4612462006079027 0.3861071932299013 0.4908814589665654 0.38540197461212977 0.5243161094224924 0.38540197461212977 0.5729483282674772 0.3921015514809591 0.587386018237082 0.3991537376586742 0.581306990881459 0.40796897038081803 0.5683890577507599 0.4118476727785614 0.541033434650456 0.4118476727785614 0.5243161094224924 0.4125528913963329 0.49240121580547114 0.4125528913963329 0.4270516717325228 0.4118476727785614 0.3958966565349544
5 0.36283497884344146 0.3768996960486322 0.36283497884344146 0.40197568389057753 0.36071932299012693 0.446048632218845 0.3519040902679831 0.4886018237082067 0.34908321579689705 0.5220364741641338 0.3508462623413258 0.5645896656534954 0.37270803949224257 0.5683890577507599 0.3843441466854725 0.5577507598784195 0.3882228490832158 0.5387537993920972 0.39033850493653033 0.38069908814589665
6 0.3374471086036671 0.3617021276595745 0.3244005641748942 0.45440729483282677 0.31558533145275036 0.5075987841945289 0.31488011283497885 0.5493920972644377 0.33039492242595203 0.5600303951367781 0.34132581100141046 0.5600303951367781 0.3469675599435825 0.5562310030395137 0.35296191819464035 0.5303951367781155 0.3540197461212976 0.4756838905775076 0.3557827926657264 0.42325227963525835 0.35895627644569816 0.3700607902735562
7 0.3099435825105783 0.3343465045592705 0.3039492242595205 0.3700607902735562 0.29901269393511987 0.4209726443768997 0.29231311706629054 0.446048632218845 0.28843441466854725 0.4756838905775076 0.2796191819464034 0.5098784194528876 0.2933709449929478 0.5182370820668692 0.30007052186177713 0.541033434650456 0.3099435825105783 0.5387537993920972 0.3177009873060649 0.5075987841945289 0.32263751763046544 0.4673252279635258 0.3254583921015515 0.42933130699088146 0.32933709449929477 0.39361702127659576 0.3353314527503526 0.3472644376899696
8 0.5017630465444288 0.3829787234042553 0.49894217207334274 0.4270516717325228 0.4978843441466855 0.47188449848024316 0.4978843441466855 0.5159574468085106 0.4968265162200282 0.5562310030395137 0.4978843441466855 0.581306990881459 0.5095204513399154 0.6025835866261399 0.5225669957686883 0.6003039513677811 0.5225669957686883 0.3890577507598784
9 0.5264456981664316 0.38677811550151975 0.5243300423131171 0.5668693009118541 0.5243300423131171 0.5896656534954408 0.5380818053596615 0.5919452887537994 0.5409026798307476 0.5752279635258358 0.5419605077574048 0.5098784194528876 0.5409026798307476 0.41033434650455924 0.5380818053596615 0.385258358662614
10 0.5528913963328632 0.38069908814589665 0.5479548660084627 0.4506079027355623 0.5458392101551481 0.5326747720364742 0.5458392101551481 0.5767477203647416 0.5557122708039492 0.5896656534954408 0.5655853314527504 0.5896656534954408 0.5694640338504936 0.5455927051671733 0.5694640338504936 0.48632218844984804 0.5694640338504936 0.41033434650455924 0.5694640338504936 0.38069908814589665
11 0.573342736248237 0.35790273556231 0.5712270803949224 0.4209726443768997 0.5666431593794076 0.48404255319148937 0.5624118476727785 0.5349544072948328 0.5634696755994358 0.5668693009118541 0.5754583921015515 0.5942249240121581 0.5888575458392101 0.5729483282674772 0.5937940761636107 0.5455927051671733 0.5909732016925247 0.4886018237082067 0.5888575458392101 0.4376899696048632 0.5888575458392101 0.3829787234042553 0.5842736248236954 0.3556231003039514
12 0.6047249647390691 0.3700607902735562 0.6008462623413258 0.40425531914893614 0.5969675599435825 0.45288753799392095 0.5930888575458392 0.5113981762917933 0.5899153737658674 0.5562310030395137 0.5959097320169252 0.5790273556231003 0.6114245416078985 0.581306990881459 0.6174188998589563 0.5455927051671733 0.616361071932299 0.4992401215805471 0.6153032440056417 0.40425531914893614 0.6145980253878702 0.3594224924012158
13 0.6251763046544428 0.3556231003039514 0.6212976022566996 0.41641337386018235 0.6174188998589563 0.4756838905775076 0.616361071932299 0.5243161094224924 0.6174188998589563 0.5600303951367781 0.6262341325811002 0.587386018237082 0.6428067700987306 0.581306990881459 0.6555007052186178 0.5623100303951368 0.6555007052186178 0.5053191489361702 0.653737658674189 0.44832826747720367 0.6498589562764457 0.40197568389057753 0.6477433004231312 0.3487841945288754
14 0.6614950634696756 0.3723404255319149 0.6576163610719323 0.418693009118541 0.6555007052186178 0.4734042553191489 0.6555007052186178 0.5197568389057751 0.6576163610719323 0.5706686930091185 0.6713681241184767 0.5790273556231003 0.6830042313117066 0.5645896656534954 0.6889985895627645 0.5288753799392097 0.6851198871650211 0.4734042553191489 0.6791255289139634 0.39361702127659576 0.6791255289139634 0.3700607902735562
15 0.6879407616361072 0.35790273556231 0.6858251057827927 0.4376899696048632 0.6858251057827927 0.49240121580547114 0.68688293370945 0.526595744680851 0.6946403385049366 0.5516717325227963 0.7076868829337094 0.5600303951367781 0.7172073342736248 0.5493920972644377 0.7193229901269393 0.5288753799392097 0.7154442877291961 0.48404255319148937 0.7115655853314528 0.4316109422492401 0.7045133991537377 0.35106382978723405
16 0.5095204513399154 0.7796352583586627 0.5077574047954866 0.7378419452887538 0.49894217207334274 0.6572948328267477 0.4968265162200282 0.6382978723404256 0.5126939351198871 0.6337386018237082 0.514456981664316 0.6550151975683891 0.514456981664316 0.6785714285714286 0.5155148095909732 0.7165653495440729 0.5204513399153737 0.7629179331306991 0.521509167842031 0.7857142857142857
17 0.5271509167842031 0.8199088145896657 0.5253878702397743 0.7712765957446809 0.5225669957686883 0.7332826747720365 0.5193935119887165 0.6975683890577508 0.5165726375176305 0.6618541033434651 0.5137517630465445 0.6253799392097265 0.5243300423131171 0.6238601823708206 0.5313822284908322 0.621580547112462 0.5331452750352609 0.6550151975683891 0.535966149506347 0.6907294832826748 0.535966149506347 0.7249240121580547 0.5380818053596615 0.7689969604863222 0.5419605077574048 0.7986322188449848 0.5430183356840621 0.8305471124620061
18 0.5528913963328632 0.8495440729483282 0.5507757404795487 0.7651975683890577 0.5419605077574048 0.7203647416413373 0.535966149506347 0.6808510638297872 0.5352609308885754 0.6382978723404256 0.5419605077574048 0.6238601823708206 0.5528913963328632 0.6337386018237082 0.5578279266572638 0.6337386018237082 0.5606488011283498 0.6595744680851063 0.5606488011283498 0.7226443768996961 0.5655853314527504 0.8069908814589666 0.5655853314527504 0.8427051671732523
19 0.5842736248236954 0.8259878419452887 0.5772214386459803 0.7819148936170213 0.5705218617771509 0.7522796352583586 0.5684062059238364 0.7120060790273556 0.5684062059238364 0.6785714285714286 0.5624118476727785 0.6527355623100304 0.5624118476727785 0.6382978723404256 0.5712270803949224 0.621580547112462 0.5772214386459803 0.621580547112462 0.5899153737658674 0.6382978723404256 0.5899153737658674 0.6717325227963525 0.5899153737658674 0.7036474164133738 0.592031029619182 0.75 0.5959097320169252 0.7879939209726444 0.5987306064880112 0.8328267477203647
20 0.6184767277856136 0.817629179331307 0.6086036671368125 0.75 0.597672778561354 0.7120060790273556 0.592031029619182 0.6740121580547113 0.5849788434414669 0.6382978723404256 0.5881523272214386 0.6170212765957447 0.6036671368124118 0.6025835866261399 0.6124823695345557 0.6170212765957447 0.6145980253878702 0.6572948328267477 0.6195345557122708 0.7082066869300911 0.6212976022566996 0.743920972644377 0.6251763046544428 0.7963525835866262
21 0.6488011283497884 0.8115501519756839 0.6428067700987306 0.7819148936170213 0.6329337094499294 0.743920972644377 0.6283497884344147 0.7226443768996961 0.6234132581100141 0.6907294832826748 0.6174188998589563 0.6572948328267477 0.610719322990127 0.6132218844984803 0.6212976022566996 0.6048632218844985 0.6322284908321579 0.6048632218844985 0.6449224259520452 0.6048632218844985 0.656558533145275 0.6086626139817629 0.6625528913963329 0.6595744680851063 0.668194640338505 0.7059270516717325 0.6741889985895627 0.7355623100303952 0.6791255289139634 0.7857142857142857
22 0.7094499294781382 0.7712765957446809 0.6978138222849083 0.7477203647416414 0.6763046544428772 0.7059270516717325 0.668194640338505 0.6808510638297872 0.6625528913963329 0.6656534954407295 0.656558533145275 0.6322188449848024 0.6547954866008463 0.6063829787234043 0.6653737658674189 0.5919452887537994 0.6770098730606487 0.5919452887537994 0.68688293370945 0.5767477203647416 0.693935119887165 0.5835866261398176 0.7034555712270804 0.6109422492401215 0.7094499294781382 0.6337386018237082 0.7154442877291961 0.682370820668693 0.7210860366713682 0.6998480243161094 0.7281382228490832 0.7272036474164134 0.7330747531734838 0.743920972644377
24 0.49506346967559944 0.7963525835866262 0.4961212976022567 0.7651975683890577 0.4961212976022567 0.7355623100303952 0.4940056417489422 0.6656534954407295 0.4929478138222849 0.6360182370820668 0.481311706629055 0.6360182370820668 0.4802538787023977 0.6785714285714286 0.481311706629055 0.6907294832826748 0.4823695345557123 0.7272036474164134 0.4823695345557123 0.7545592705167173 0.4830747531734838 0.78419452887538
25 0.4763751763046544 0.7963525835866262 0.4763751763046544 0.7667173252279635 0.4774330042313117 0.7287234042553191 0.47849083215796895 0.6785714285714286 0.47849083215796895 0.6443768996960486 0.46861777150916784 0.6276595744680851 0.45768688293370946 0.6443768996960486 0.459802538787024 0.6702127659574468 0.4636812411847673 0.7059270516717325 0.4636812411847673 0.7462006079027356 0.4636812411847673 0.78419452887538 0.4636812411847673 0.7963525835866262
26 0.4520451339915374 0.817629179331307 0.45380818053596617 0.7796352583586627 0.4559238363892807 0.7477203647416414 0.4587447108603667 0.7082066869300911 0.46156558533145275 0.6633738601823708 0.46086036671368125 0.621580547112462 0.443935119887165 0.621580547112462 0.4361777150916784 0.6527355623100304 0.43723554301833567 0.6952887537993921 0.43829337094499293 0.7287234042553191 0.43829337094499293 0.75 0.43723554301833567 0.7819148936170213 0.43511988716502115 0.8138297872340425
27 0.4322990126939351 0.8115501519756839 0.4322990126939351 0.7819148936170213 0.4322990126939351 0.7545592705167173 0.43441466854724964 0.7142857142857143 0.43723554301833567 0.6572948328267477 0.4361777150916784 0.6322188449848024 0.4245416078984485 0.6238601823708206 0.41678420310296194 0.6238601823708206 0.4125528913963329 0.6405775075987842 0.4125528913963329 0.6785714285714286 0.41361071932299015 0.7082066869300911 0.4157263751763047 0.756838905775076 0.41361071932299015 0.7948328267477204
28 0.3861071932299013 0.8199088145896657 0.3959802538787024 0.8009118541033434 0.4030324400564175 0.7583586626139818 0.4058533145275035 0.7272036474164134 0.41361071932299015 0.682370820668693 0.41361071932299015 0.648936170212766 0.4146685472496474 0.6276595744680851 0.4019746121297602 0.6086626139817629 0.3942172073342736 0.6086626139817629 0.38716502115655854 0.6238601823708206 0.38716502115655854 0.6656534954407295 0.38716502115655854 0.7036474164133738 0.3843441466854725 0.7310030395136778 0.3804654442877292 0.7583586626139818 0.3765867418899859 0.7925531914893617
29 0.3617771509167842 0.7986322188449848 0.37270803949224257 0.75 0.37940761636107195 0.7036474164133738 0.38540197461212977 0.6717325227963525 0.38928067700987307 0.6443768996960486 0.38928067700987307 0.6193009118541033 0.37552891396332866 0.6063829787234043 0.36459802538787023 0.6063829787234043 0.3519040902679831 0.6025835866261399 0.3480253878702398 0.6360182370820668 0.3469675599435825 0.6656534954407295 0.346262341325811 0.6930091185410334 0.34203102961918197 0.7226443768996961 0.3342736248236953 0.7606382978723404 0.3342736248236953 0.7925531914893617
30 0.3078279266572638 0.7773556231003039 0.31875881523272215 0.75 0.32651622002820874 0.7249240121580547 0.33638928067700985 0.689209726443769 0.34203102961918197 0.6572948328267477 0.3480253878702398 0.621580547112462 0.3480253878702398 0.6048632218844985 0.33251057827926656 0.5896656534954408 0.3166431593794076 0.587386018237082 0.3078279266572638 0.5896656534954408 0.30289139633286316 0.6322188449848024 0.2979548660084626 0.6572948328267477 0.29231311706629054 0.6869300911854104 0.2834978843441467 0.7272036474164134 0.2796191819464034 0.7606382978723404
31 0.2461212976022567 0.7013677811550152 0.2538787023977433 0.6998480243161094 0.2697461212976023 0.689209726443769 0.2834978843441467 0.6717325227963525 0.2912552891396333 0.6550151975683891 0.29619181946403383 0.6337386018237082 0.31170662905500707 0.5729483282674772 0.29513399153737657 0.5577507598784195 0.27468265162200284 0.5433130699088146 0.26198871650211564 0.5577507598784195 0.25881523272214385 0.5858662613981763 0.2521156558533145 0.6086626139817629 0.23730606488011283 0.6337386018237082 0.2306064880112835 0.6527355623100304 0.22849083215796898 0.6869300911854104