0 0.49882273797510934 0.3913373860182371 0.493104608139926 0.46504559270516715 0.493104608139926 0.49848024316109424 0.49108644466868484 0.541033434650456 0.48906828119744367 0.574468085106383 0.494786411032627 0.5995440729483282 0.5099226370669357 0.601823708206687 0.5166498486377397 0.5927051671732523 0.5166498486377397 0.5592705167173252 0.5116044399596368 0.5167173252279635 0.5105953582240161 0.4696048632218845 0.515640766902119 0.41793313069908816 0.5166498486377397 0.3958966565349544
1 0.48200470904809956 0.3799392097264438 0.4799865455768584 0.4156534954407295 0.47527749747729564 0.46048632218844987 0.47124117053481335 0.49620060790273557 0.4692230070635722 0.5273556231003039 0.4682139253279516 0.5615501519756839 0.47325933400605447 0.5790273556231003 0.48906828119744367 0.581306990881459 0.49680457450386817 0.5433130699088146 0.4937773292970064 0.5121580547112462 0.49209552640430543 0.4764437689969605 0.49209552640430543 0.4316109422492401 0.494786411032627 0.3776595744680851
2 0.4524049781365624 0.3844984802431611 0.4493777329297006 0.4316109422492401 0.4493777329297006 0.4513677811550152 0.4493777329297006 0.4810030395136778 0.4493777329297006 0.5144376899696048 0.4493777329297006 0.5455927051671733 0.4503868146653212 0.574468085106383 0.4661957618567104 0.581306990881459 0.4722502522704339 0.5638297872340425 0.4722502522704339 0.541033434650456 0.4722502522704339 0.5167173252279635 0.4722502522704339 0.4939209726443769 0.4722502522704339 0.4673252279635258 0.4722502522704339 0.4270516717325228 0.4769593003699966 0.37537993920972645
3 0.4335687857383115 0.3776595744680851 0.4335687857383115 0.4004559270516717 0.4305415405314497 0.4270516717325228 0.4305415405314497 0.4490881458966565 0.42650521358896737 0.5007598784194529 0.42650521358896737 0.5615501519756839 0.43659603094517324 0.5790273556231003 0.4524049781365624 0.5721884498480243 0.4594685502859065 0.5455927051671733 0.4574503868146653 0.4764437689969605 0.45644130507904473 0.4338905775075988 0.45543222334342415 0.39361702127659576 0.45543222334342415 0.3776595744680851
4 0.4127144298688194 0.3731003039513678 0.4117053481331988 0.3958966565349544 0.40968718466195764 0.42933130699088146 0.40968718466195764 0.46504559270516715 0.40968718466195764 0.48936170212765956 0.40699630003363607 0.5364741641337386 0.4049781365623949 0.5767477203647416 0.4147325933400605 0.5835866261398176 0.43457786747393207 0.5835866261398176 0.43558694920955265 0.5433130699088146 0.43457786747393207 0.49620060790273557 0.4335687857383115 0.4673252279635258 0.4325597040026909 0.40501519756838905 0.4335687857383115 0.37537993920972645
5 0.39286915573494785 0.3731003039513678 0.3891691893710057 0.4247720364741641 0.38614194416414394 0.44756838905775076 0.3841237806929028 0.4673252279635258 0.38109653548604105 0.49848024316109424 0.3790783720147999 0.5296352583586627 0.3790783720147999 0.5569908814589666 0.38109653548604105 0.5699088145896657 0.3958964009418096 0.5767477203647416 0.41876892028254287 0.541033434650456 0.4177598385469223 0.48936170212765956 0.4177598385469223 0.4513677811550152 0.4177598385469223 0.41793313069908816 0.4177598385469223 0.3731003039513678
6 0.3770602085435587 0.3556231003039514 0.3770602085435587 0.3890577507598784 0.37336024217961655 0.4133738601823708 0.3683148335015136 0.43617021276595747 0.35923309788092833 0.4582066869300912 0.3484695593676421 0.48328267477203646 0.3417423477968382 0.5121580547112462 0.33972418432559703 0.53419452887538 0.3565422132526068 0.5569908814589666 0.37436932391523714 0.5721884498480243 0.38210561722166164 0.541033434650456 0.38311469895728223 0.4939209726443769 0.3851328624285234 0.4673252279635258 0.39118735284224687 0.44072948328267475 0.3979145644130508 0.4004559270516717 0.4039690548267743 0.3670212765957447
7 0.3693239152371342 0.31990881458966564 0.3602421796165489 0.33358662613981765 0.34746047763202154 0.3487841945288754 0.3366969391187353 0.3601823708206687 0.31786074672048437 0.4027355623100304 0.32088799192734613 0.4316109422492401 0.3346787756474941 0.4582066869300912 0.35250588631012447 0.4870820668693009 0.36427850655903127 0.4513677811550152 0.3790783720147999 0.3822188449848024 0.3881601076353851 0.3487841945288754
8 0.5257315842583249 0.3799392097264438 0.5196770938446014 0.4338905775075988 0.5176589303733602 0.4673252279635258 0.5146316851664985 0.49848024316109424 0.513622603430878 0.5296352583586627 0.513622603430878 0.5653495440729484 0.5186680121089808 0.5972644376899696 0.5257315842583249 0.6033434650455927 0.539522367978473 0.5949848024316109 0.5442314160780356 0.5638297872340425 0.5415405314497141 0.5189969604863222 0.539522367978473 0.4582066869300912 0.539522367978473 0.40501519756838905 0.5405314497140935 0.3731003039513678
9 0.5472586612848974 0.3601823708206687 0.539522367978473 0.40501519756838905 0.539522367978473 0.45592705167173253 0.5385132862428523 0.48328267477203646 0.5375042045072318 0.5235562310030395 0.5364951227716112 0.5524316109422492 0.5415405314497141 0.581306990881459 0.5512949882273798 0.5949848024316109 0.5640766902119072 0.5881458966565349 0.5640766902119072 0.5592705167173252 0.5630676084762866 0.5273556231003039 0.5573494786411033 0.4787234042553192 0.5543222334342415 0.43844984802431614
10 0.5650857719475277 0.3731003039513678 0.5610494450050454 0.4004559270516717 0.5593676421123445 0.43844984802431614 0.5573494786411033 0.4764437689969605 0.5563403969054826 0.5189969604863222 0.5573494786411033 0.5592705167173252 0.5751765893037336 0.5949848024316109 0.5808947191389169 0.5615501519756839 0.5808947191389169 0.49164133738601823 0.5819038008745375 0.41793313069908816 0.5788765556676757 0.3533434650455927
11 0.5859401278170199 0.371580547112462 0.5798856374032964 0.4156534954407295 0.5798856374032964 0.47416413373860183 0.5798856374032964 0.5235562310030395 0.5798856374032964 0.5592705167173252 0.5909855364951228 0.5790273556231003 0.601749075008409 0.5455927051671733 0.5987218298015473 0.5189969604863222 0.5997309115371678 0.46504559270516715 0.5997309115371678 0.4270516717325228 0.5997309115371678 0.3776595744680851 0.5997309115371678 0.35106382978723405
12 0.5977127480659267 0.3533434650455927 0.5977127480659267 0.4133738601823708 0.5967036663303061 0.4673252279635258 0.5967036663303061 0.5030395136778115 0.5967036663303061 0.5433130699088146 0.5987218298015473 0.5653495440729484 0.6067944836865119 0.567629179331307 0.615539858728557 0.567629179331307 0.6215943491422805 0.5638297872340425 0.6215943491422805 0.53419452887538 0.6185671039354188 0.49848024316109424 0.6165489404641776 0.4316109422492401 0.615539858728557 0.3487841945288754
14 0.6394214598049108 0.34194528875379937 0.6394214598049108 0.3822188449848024 0.6424487050117726 0.44756838905775076 0.6394214598049108 0.5053191489361702 0.6441305079044736 0.5638297872340425 0.6572485704675411 0.5699088145896657 0.6680121089808274 0.5524316109422492 0.6787756474941137 0.5478723404255319 0.6848301379078372 0.5250759878419453 0.6740665993945509 0.4810030395136778 0.6710393541876892 0.4452887537993921 0.6659939455095862 0.3890577507598784 0.6552304069963001 0.3290273556231003
15 0.6511940800538177 0.324468085106383 0.6572485704675411 0.3601823708206687 0.660275815674403 0.3822188449848024 0.6629667003027245 0.40501519756838905 0.6710393541876892 0.42933130699088146 0.6818028927009755 0.43617021276595747 0.6898755465859401 0.42021276595744683 0.6929027917928019 0.3958966565349544 0.6976118398923646 0.3731003039513678 0.6929027917928019 0.33586626139817627 0.6807938109653549 0.31534954407294835 0.6670030272452069 0.30167173252279633 0.6552304069963001 0.29559270516717323
16 0.5116044399596368 0.8297872340425532 0.5116044399596368 0.8024316109422492 0.5116044399596368 0.7735562310030395 0.5089135553313152 0.7401215805471124 0.5089135553313152 0.6952887537993921 0.5089135553313152 0.6664133738601824 0.5089135553313152 0.6398176291793313 0.513622603430878 0.621580547112462 0.5284224688866465 0.6306990881458967 0.5247225025227044 0.6816109422492401 0.5247225025227044 0.7066869300911854 0.5247225025227044 0.7241641337386018 0.5237134207870837 0.7621580547112462 0.5237134207870837 0.7803951367781155 0.5237134207870837 0.7978723404255319 0.5227043390514632 0.8404255319148937
17 0.5294315506222671 0.8427051671732523 0.5284224688866465 0.8138297872340425 0.5264043054154053 0.7758358662613982 0.5257315842583249 0.7469604863221885 0.5257315842583249 0.6952887537993921 0.5257315842583249 0.6550151975683891 0.5274133871510259 0.6329787234042553 0.53447695930037 0.6261398176291794 0.5452404978136562 0.6352583586626139 0.5452404978136562 0.6732522796352584 0.5442314160780356 0.7173252279635258 0.5425496131853347 0.7446808510638298 0.5415405314497141 0.7955927051671733 0.5405314497140935 0.8404255319148937 0.5405314497140935 0.8655015197568389
18 0.5492768247561386 0.8472644376899696 0.548267743020518 0.8047112462006079 0.5442314160780356 0.7689969604863222 0.5432223343424151 0.7287234042553191 0.5432223343424151 0.6975683890577508 0.5442314160780356 0.6595744680851063 0.5502859064917591 0.6352583586626139 0.5640766902119072 0.6329787234042553 0.5681130171543896 0.6664133738601824 0.5671039354187689 0.7112462006079028 0.5660948536831484 0.7378419452887538 0.5660948536831484 0.8069908814589666 0.5681130171543896 0.8677811550151976 0.5533131516986209 0.8693009118541033
19 0.5839219643457787 0.8541033434650456 0.5751765893037336 0.8297872340425532 0.5691220988900101 0.7917933130699089 0.5640766902119072 0.7469604863221885 0.5610494450050454 0.7112462006079028 0.5610494450050454 0.6793313069908815 0.5610494450050454 0.6550151975683891 0.5691220988900101 0.6352583586626139 0.5788765556676757 0.6306990881458967 0.5869492095526404 0.6458966565349544 0.5930036999663639 0.6793313069908815 0.5936764211234443 0.7264437689969605 0.5936764211234443 0.7598784194528876 0.5930036999663639 0.7978723404255319 0.5930036999663639 0.8381458966565349
20 0.6104944500504541 0.8229483282674772 0.6098217288933737 0.8024316109422492 0.6007399932727884 0.7537993920972644 0.594685502859065 0.7310030395136778 0.5936764211234443 0.7112462006079028 0.5919946182307434 0.6861702127659575 0.5889673730238816 0.6664133738601824 0.5859401278170199 0.628419452887538 0.5987218298015473 0.6147416413373861 0.6115035317860746 0.6238601823708206 0.615539858728557 0.6595744680851063 0.615539858728557 0.6952887537993921 0.615539858728557 0.7446808510638298 0.6195761856710393 0.7735562310030395 0.6266397578203835 0.7978723404255319 0.629330642448705 0.8297872340425532
21 0.6461486713757147 0.8069908814589666 0.6374032963336697 0.7895136778115501 0.6283215607130844 0.7515197568389058 0.6215943491422805 0.708966565349544 0.6165489404641776 0.6793313069908815 0.6078035654221325 0.6458966565349544 0.6098217288933737 0.6261398176291794 0.6226034308779012 0.6170212765957447 0.634376051126808 0.6170212765957447 0.6461486713757147 0.628419452887538 0.6552304069963001 0.6793313069908815 0.660275815674403 0.7287234042553191 0.6710393541876892 0.7575987841945289 0.6797847292297343 0.7849544072948328 0.6720484359233098 0.8069908814589666 0.6582576522031618 0.8161094224924013
22 0.7036663303060882 0.7895136778115501 0.6868483013790784 0.7598784194528876 0.6740665993945509 0.7287234042553191 0.6582576522031618 0.7066869300911854 0.6542213252606794 0.6793313069908815 0.6471577531113354 0.668693009118541 0.6394214598049108 0.6527355623100304 0.6384123780692903 0.6033434650455927 0.6562394887319206 0.5949848024316109 0.6649848637739657 0.5858662613981763 0.6740665993945509 0.5835866261398176 0.6868483013790784 0.6124620060790273 0.7026572485704675 0.71580547112462
23 0.7621930709720821 0.601823708206687 0.722502522704339 0.6147416413373861 0.708711738984191 0.6033434650455927 0.7006390850992263 0.6124620060790273 0.6976118398923646 0.6375379939209727 0.6955936764211235 0.6838905775075987 0.696602758156744 0.6998480243161094 0.7056844937773293 0.7173252279635258 0.7214934409687185 0.7112462006079028 0.7352842246888665 0.6975683890577508 0.7460477632021527 0.6816109422492401 0.7591658257652203 0.6527355623100304 0.7658930373360242 0.6329787234042553
24 0.5038681466532122 0.8275075987841946 0.5079044735956946 0.7978723404255319 0.5116044399596368 0.7575987841945289 0.5116044399596368 0.7135258358662614 0.5116044399596368 0.6709726443768997 0.5116044399596368 0.6413373860182371 0.5089135553313152 0.6238601823708206 0.493104608139926 0.6261398176291794 0.49007736293306425 0.6838905775075987 0.49007736293306425 0.7469604863221885 0.49007736293306425 0.7978723404255319 0.49007736293306425 0.8275075987841946
25 0.4870501177262025 0.8358662613981763 0.49007736293306425 0.7955927051671733 0.494786411032627 0.7401215805471124 0.49680457450386817 0.6907294832826748 0.494786411032627 0.6458966565349544 0.48906828119744367 0.6306990881458967 0.4789774638412378 0.6261398176291794 0.47325933400605447 0.6398176291793313 0.47426841574167505 0.668693009118541 0.4779683821056172 0.71580547112462 0.4789774638412378 0.7424012158054711 0.4789774638412378 0.7895136778115501 0.47527749747729564 0.8161094224924013 0.47426841574167505 0.831306990881459
26 0.4661957618567104 0.8275075987841946 0.47325933400605447 0.7424012158054711 0.4769593003699966 0.708966565349544 0.4789774638412378 0.6664133738601824 0.4789774638412378 0.6436170212765957 0.47628657921291623 0.6238601823708206 0.4682139253279516 0.6193009118541033 0.4574503868146653 0.6170212765957447 0.4524049781365624 0.6572948328267477 0.4524049781365624 0.6861702127659575 0.4524049781365624 0.7264437689969605 0.4524049781365624 0.7553191489361702 0.4524049781365624 0.7849544072948328 0.4524049781365624 0.8183890577507599 0.4524049781365624 0.831306990881459
27 0.4416414396232762 0.831306990881459 0.4453414059872183 0.7978723404255319 0.4503868146653212 0.7598784194528876 0.45543222334342415 0.71580547112462 0.4601412714429869 0.6595744680851063 0.4594685502859065 0.6375379939209727 0.44735956945845945 0.6261398176291794 0.4386141944164144 0.6238601823708206 0.42751429532458796 0.6436170212765957 0.42751429532458796 0.6884498480243161 0.42751429532458796 0.7287234042553191 0.42650521358896737 0.7644376899696048 0.4238143289606458 0.8115501519756839 0.42852337706020854 0.8449848024316109
28 0.40800538176925666 0.8183890577507599 0.41372351160444 0.7978723404255319 0.42078708375378404 0.7553191489361702 0.42852337706020854 0.7066869300911854 0.4335687857383115 0.6778115501519757 0.43659603094517324 0.6527355623100304 0.4325597040026909 0.6306990881458967 0.41876892028254287 0.6238601823708206 0.40968718466195764 0.6238601823708206 0.4029599730911537 0.6527355623100304 0.4029599730911537 0.6861702127659575 0.39993272788429196 0.71580547112462 0.394887319206189 0.7575987841945289 0.39118735284224687 0.7826747720364742 0.3891691893710057 0.8138297872340425
30 0.3366969391187353 0.7849544072948328 0.3424150689539186 0.7735562310030395 0.35452404978136565 0.7469604863221885 0.36730575176589303 0.7135258358662614 0.3790783720147999 0.6838905775075987 0.3891691893710057 0.6572948328267477 0.3901782711066263 0.6375379939209727 0.3760511268079381 0.628419452887538 0.35351496804574506 0.601823708206687 0.33770602085435586 0.6193009118541033 0.32660612176252946 0.6816109422492401 0.3168516649848638 0.7044072948328267 0.30978809283551967 0.7196048632218845 0.30406996300033634 0.7401215805471124 0.31079717457114026 0.7758358662613982 0.3229061553985873 0.7917933130699089