0 0.5068538950183885 0.541033434650456 0.5015045135406219 0.32598784194528874 0.48010698762955534 0.3282674772036474 0.4794383149448345 0.540273556231003
1 0.4794383149448345 0.5425531914893617 0.48077566031427615 0.4734042553191489 0.48144433299899697 0.32598784194528874 0.4680708793045804 0.324468085106383 0.4590437980608492 0.541033434650456
2 0.4577064526914076 0.5372340425531915 0.4680708793045804 0.29559270516717323 0.44600468070879307 0.29103343465045595 0.4383149448345035 0.5372340425531915
3 0.4389836175192243 0.5288753799392097 0.4486793714476764 0.49848024316109424 0.44433299899699097 0.28419452887537994 0.426613172851889 0.2857142857142857 0.4182547642928786 0.5258358662613982
4 0.41558007355399534 0.5189969604863222 0.43229689067201604 0.49012158054711247 0.4272818455366098 0.44756838905775076 0.4242728184553661 0.2826747720364742 0.4058843196255433 0.2826747720364742 0.3981945837512538 0.5098784194528876
5 0.4058843196255433 0.513677811550152 0.41390839184219325 0.47188449848024316 0.4058843196255433 0.27583586626139817 0.3811434302908726 0.27583586626139817 0.36710130391173523 0.48328267477203646 0.3707790036776998 0.5189969604863222
6 0.36108324974924777 0.5250759878419453 0.3791374122367101 0.493161094224924 0.3818121029755934 0.2735562310030395 0.34938147776663325 0.26367781155015196 0.32831828819792713 0.506838905775076
8 0.5081912403878301 0.5440729483282675 0.5075225677031093 0.32142857142857145 0.53226345703778 0.324468085106383 0.53226345703778 0.5319148936170213
9 0.5329321297225008 0.5303951367781155 0.5319291206954196 0.303951367781155 0.5519893012370445 0.30775075987841943 0.5586760280842528 0.5303951367781155
10 0.5566700100300903 0.520516717325228 0.5549983283182882 0.45972644376899696 0.567703109327984 0.2803951367781155 0.587094617184888 0.2872340425531915 0.5824139083918422 0.5326747720364742
11 0.5924439986626546 0.5189969604863222 0.5730524908057506 0.48632218844984804 0.5847542627883651 0.2689969604863222 0.5961216984286192 0.2651975683890577 0.6034770979605483 0.49848024316109424
12 0.6108324974924775 0.5098784194528876 0.5981277164827816 0.4848024316109423 0.5957873620862588 0.44984802431610943 0.5981277164827816 0.26063829787234044 0.6158475426278837 0.2621580547112462 0.6211969241056503 0.5022796352583586
13 0.6496155132062855 0.49544072948328266 0.6559679037111334 0.4734042553191489 0.6496155132062855 0.4278115501519757 0.6522902039451688 0.2735562310030395 0.624205951186894 0.2750759878419453 0.6175192243396858 0.43617021276595747 0.6225342694750919 0.5022796352583586
14 0.6649949849548646 0.506838905775076 0.6479438314944834 0.4848024316109423 0.6466064861250418 0.43617021276595747 0.6496155132062855 0.2621580547112462 0.6820461384152458 0.2621580547112462 0.691073219658977 0.493161094224924
16 0.5081912403878301 0.5592705167173252 0.5122032764961552 0.8009118541033434 0.5222333667669675 0.7940729483282675 0.5269140755600134 0.5554711246200608
17 0.5269140755600134 0.5539513677811551 0.5222333667669675 0.7955927051671733 0.5379471748579071 0.7925531914893617 0.5463055834169174 0.6231003039513677 0.5456369107321966 0.541033434650456
18 0.5476429287863591 0.5493920972644377 0.5483116014710799 0.8024316109422492 0.5723838181210298 0.7986322188449848 0.569374791039786 0.5440729483282675
19 0.569374791039786 0.5478723404255319 0.5730524908057506 0.6299392097264438 0.5780675359411568 0.7872340425531915 0.5991307255098629 0.7773556231003039 0.5957873620862588 0.6048632218844985 0.5937813440320963 0.5425531914893617
20 0.5951186894015379 0.5425531914893617 0.59679037111334 0.6063829787234043 0.6101638248077565 0.7735562310030395 0.6345703778000669 0.7553191489361702 0.6308926780341023 0.6162613981762918 0.6158475426278837 0.5288753799392097
21 0.6151788699431628 0.5319148936170213 0.6308926780341023 0.6147416413373861 0.641925777331996 0.7401215805471124 0.6837178201270478 0.7165653495440729 0.6563022400534938 0.513677811550152
24 0.5081912403878301 0.5592705167173252 0.5122032764961552 0.7993920972644377 0.4958207957204948 0.8009118541033434 0.49047141424272817 0.5980243161094225 0.4887997325309261 0.5592705167173252
25 0.48980274155800735 0.5592705167173252 0.4958207957204948 0.8024316109422492 0.48077566031427615 0.8024316109422492 0.4740889334670679 0.6793313069908815 0.46974256101638245 0.5554711246200608
26 0.47174857907054496 0.5577507598784195 0.4747576061517887 0.6854103343465046 0.47843530591775324 0.8024316109422492 0.45536609829488467 0.7986322188449848 0.45035105315947843 0.6474164133738601 0.4516883985289201 0.5509118541033434
27 0.4486793714476764 0.574468085106383 0.4557004346372451 0.7993920972644377 0.4383149448345035 0.7955927051671733 0.4309595453025744 0.6793313069908815 0.42293547308592444 0.5949848024316109 0.4272818455366098 0.5509118541033434
28 0.4219324640588432 0.5562310030395137 0.43263122701437645 0.574468085106383 0.43029087261785354 0.6147416413373861 0.42360414577064526 0.7803951367781155 0.4005349381477767 0.776595744680851 0.3981945837512538 0.6314589665653495 0.4018722835172183 0.5509118541033434
29 0.3647609495152123 0.53419452887538 0.4085590103644266 0.5524316109422492 0.41390839184219325 0.5797872340425532 0.4018722835172183 0.6253799392097265 0.379806084921431 0.7651975683890577 0.33801404212637914 0.7386018237082067