0 0.4871099050203528 0.3860182370820669 0.48032564450474896 0.4490881458966565 0.47455902306648573 0.4992401215805471 0.47455902306648573 0.5463525835866262 0.49118046132971505 0.5577507598784195 0.5 0.5296352583586627 0.4989823609226594 0.43617021276595747 0.4989823609226594 0.3776595744680851 0.5 0.34498480243161095 0.4881275440976934 0.3556231003039514
1 0.4708276797829037 0.3966565349544073 0.46404341926729986 0.44224924012158057 0.45725915875169604 0.5007598784194529 0.45725915875169604 0.5357142857142857 0.4687924016282225 0.5463525835866262 0.48032564450474896 0.48556231003039513 0.4881275440976934 0.33586626139817627 0.4755766621438263 0.3252279635258359 0.4728629579375848 0.37537993920972645
2 0.44640434192673 0.3472644376899696 0.4494572591587517 0.32750759878419455 0.44572591587516963 0.39285714285714285 0.4416553595658073 0.44452887537993924 0.43385345997286295 0.5098784194528876 0.44470827679782904 0.5463525835866262 0.4562415196743555 0.48556231003039513 0.4562415196743555 0.4095744680851064 0.46302578018995927 0.35790273556231
3 0.4253731343283582 0.3472644376899696 0.4233378561736771 0.39893617021276595 0.41655359565807326 0.48556231003039513 0.412483039348711 0.520516717325228 0.4270691994572592 0.5334346504559271 0.4379240162822252 0.47720364741641336 0.4358887381275441 0.40577507598784196 0.4369063772048847 0.33814589665653494 0.4358887381275441 0.3229483282674772
4 0.4087516960651289 0.33586626139817627 0.40298507462686567 0.3533434650455927 0.3941655359565807 0.3905775075987842 0.3805970149253731 0.4513677811550152 0.37279511533242876 0.4969604863221885 0.3924694708276798 0.5144376899696048 0.40671641791044777 0.5075987841945289 0.41350067842605154 0.43844984802431614 0.42130257801899595 0.36246200607902734 0.4270691994572592 0.3252279635258359 0.41451831750339213 0.3183890577507599
5 0.3758480325644505 0.3168693009118541 0.35074626865671643 0.3662613981762918 0.33887381275440975 0.42325227963525835 0.33717774762550884 0.479483282674772 0.3612618724559023 0.4969604863221885 0.37381275440976935 0.4703647416413374 0.3816146540027137 0.40577507598784196 0.39925373134328357 0.35106382978723405 0.39721845318860244 0.3252279635258359
6 0.35074626865671643 0.2796352583586626 0.33989145183175035 0.2948328267477204 0.3273405698778833 0.34498480243161095 0.3137720488466757 0.3837386018237082 0.310719131614654 0.4270516717325228 0.3273405698778833 0.46200607902735563 0.3439620081411126 0.46200607902735563 0.3466757123473541 0.3943768996960486 0.36329715061058343 0.3183890577507599 0.364314789687924 0.28191489361702127
8 0.5027137042062415 0.34498480243161095 0.5057666214382632 0.3776595744680851 0.49796472184531887 0.5053191489361702 0.5047489823609227 0.5683890577507599 0.5220488466757124 0.5600303951367781 0.5240841248303935 0.5075987841945289 0.5278154681139756 0.4316109422492401 0.533921302578019 0.3556231003039514 0.5193351424694709 0.33586626139817627
9 0.5271370420624152 0.36246200607902734 0.5240841248303935 0.44224924012158057 0.5308683853459973 0.5098784194528876 0.5345997286295794 0.540273556231003 0.5464721845318861 0.5486322188449848 0.5474898236092266 0.5273556231003039 0.5474898236092266 0.4726443768996961 0.5491858887381276 0.3882978723404255 0.5491858887381276 0.35106382978723405 0.5474898236092266 0.3229483282674772 0.533921302578019 0.33206686930091184
10 0.5569877883310719 0.33206686930091184 0.5522388059701493 0.3601823708206687 0.5512211668928086 0.41185410334346506 0.5481682496607869 0.49240121580547114 0.5512211668928086 0.5250759878419453 0.5600407055630936 0.5425531914893617 0.5668249660786974 0.5425531914893617 0.5705563093622795 0.5182370820668692 0.5705563093622795 0.49240121580547114 0.5715739484396201 0.44224924012158057 0.5715739484396201 0.3943768996960486 0.5736092265943012 0.33206686930091184 0.5705563093622795 0.2925531914893617 0.5617367706919946 0.30547112462006076
11 0.5773405698778833 0.3123100303951368 0.5773405698778833 0.33586626139817627 0.569538670284939 0.4270516717325228 0.567842605156038 0.4749240121580547 0.5746268656716418 0.5121580547112462 0.5841248303934871 0.5357142857142857 0.5976933514246947 0.5311550151975684 0.6102442333785617 0.5053191489361702 0.6092265943012212 0.46656534954407297 0.6085481682496607 0.43844984802431614 0.6054952510176391 0.3776595744680851 0.601763907734057 0.32750759878419455 0.6024423337856174 0.28419452887537994 0.5939620081411127 0.2750759878419453 0.5871777476255088 0.29711246200607905
12 0.6102442333785617 0.2993920972644377 0.6102442333785617 0.3183890577507599 0.6065128900949797 0.3882978723404255 0.6065128900949797 0.4490881458966565 0.6054952510176391 0.48404255319148937 0.614314789687924 0.5182370820668692 0.6373812754409769 0.5182370820668692 0.6451831750339213 0.4992401215805471 0.6441655359565808 0.4574468085106383 0.6414518317503393 0.4095744680851064 0.6414518317503393 0.3639817629179331 0.6404341926729986 0.30775075987841943 0.635685210312076 0.2750759878419453 0.6200814111261872 0.26443768996960487
13 0.6492537313432836 0.28799392097264437 0.6472184531886025 0.30775075987841943 0.6462008141112618 0.36854103343465044 0.6462008141112618 0.4095744680851064 0.6462008141112618 0.4703647416413374 0.6509497964721845 0.5007598784194529 0.66078697421981 0.5075987841945289 0.6702849389416553 0.4992401215805471 0.6791044776119403 0.4946808510638298 0.6889416553595658 0.49012158054711247 0.6889416553595658 0.4703647416413374 0.683853459972863 0.4247720364741641 0.6831750339213026 0.3882978723404255 0.6780868385345997 0.33206686930091184 0.6753731343283582 0.2993920972644377 0.6685888738127544 0.2796352583586626
16 0.5172998643147897 0.6945288753799392 0.5172998643147897 0.6816109422492401 0.5105156037991859 0.6466565349544073 0.5027137042062415 0.6185410334346505 0.5067842605156038 0.5790273556231003 0.5203527815468114 0.5729483282674772 0.5271370420624152 0.6208206686930091 0.5288331071913162 0.6534954407294833 0.5271370420624152 0.6968085106382979 0.5261194029850746 0.743920972644377 0.514246947082768 0.7401215805471124
17 0.5386702849389416 0.743920972644377 0.5329036635006784 0.6945288753799392 0.5278154681139756 0.6382978723404256 0.5251017639077341 0.5858662613981763 0.5288331071913162 0.5729483282674772 0.5396879240162822 0.5904255319148937 0.5464721845318861 0.6466565349544073 0.5532564450474898 0.7180851063829787
18 0.5580054274084125 0.7332826747720365 0.5502035278154681 0.6724924012158054 0.5474898236092266 0.6246200607902735 0.5474898236092266 0.5881458966565349 0.5481682496607869 0.5729483282674772 0.5542740841248304 0.5615501519756839 0.5627544097693351 0.5752279635258358 0.5668249660786974 0.60790273556231 0.5705563093622795 0.6550151975683891 0.5814111261872456 0.7180851063829787 0.5783582089552238 0.7591185410334347
19 0.5881953867028494 0.7401215805471124 0.5841248303934871 0.7135258358662614 0.5736092265943012 0.6747720364741642 0.5658073270013568 0.5942249240121581 0.5715739484396201 0.5531914893617021 0.582089552238806 0.5425531914893617 0.5949796472184532 0.5554711246200608 0.5987109905020352 0.5927051671732523 0.6044776119402985 0.6512158054711246 0.6112618724559024 0.7006079027355623 0.614314789687924 0.7332826747720365 0.601763907734057 0.7553191489361702
20 0.6258480325644504 0.7287234042553191 0.6210990502035278 0.6983282674772037 0.6112618724559024 0.6534954407294833 0.6044776119402985 0.6139817629179332 0.601763907734057 0.5775075987841946 0.5976933514246947 0.5379939209726444 0.6092265943012212 0.5311550151975684 0.6221166892808684 0.5448328267477204 0.6373812754409769 0.5615501519756839 0.6472184531886025 0.5904255319148937 0.648236092265943 0.6246200607902735 0.649932157394844 0.668693009118541 0.6529850746268657 0.709726443768997 0.6441655359565808 0.7378419452887538
21 0.6753731343283582 0.6838905775075987 0.6577340569877883 0.648936170212766 0.6492537313432836 0.6033434650455927 0.6462008141112618 0.581306990881459 0.6431478968792401 0.5638297872340425 0.6472184531886025 0.5463525835866262 0.6519674355495251 0.5334346504559271 0.6628222523744912 0.5227963525835866 0.6753731343283582 0.5227963525835866 0.6906377204884667 0.5357142857142857 0.6967435549525102 0.5752279635258358 0.6967435549525102 0.6246200607902735 0.7025101763907734 0.6641337386018237 0.6967435549525102 0.6968085106382979
22 0.7198100407055631 0.6185410334346505 0.7120081411126187 0.5965045592705167 0.6936906377204884 0.5661094224924013 0.682157394843962 0.5273556231003039 0.6763907734056988 0.5075987841945289 0.6906377204884667 0.48404255319148937 0.7103120759837178 0.45972644376899696 0.7198100407055631 0.4574468085106383 0.7265943012211669 0.49012158054711247 0.7323609226594301 0.5311550151975684 0.7469470827679783 0.6162613981762918 0.7479647218453188 0.6534954407294833 0.7354138398914518 0.64209726443769
24 0.5057666214382632 0.7378419452887538 0.5057666214382632 0.71580547112462 0.5027137042062415 0.648936170212766 0.5027137042062415 0.5904255319148937 0.4989823609226594 0.5615501519756839 0.4901628222523745 0.5752279635258358 0.4891451831750339 0.60790273556231 0.4891451831750339 0.64209726443769 0.49219810040705564 0.6983282674772037 0.49389416553595655 0.7462006079027356 0.501696065128901 0.7591185410334347
25 0.4833785617367707 0.7287234042553191 0.4796472184531886 0.6983282674772037 0.4708276797829037 0.6360182370820668 0.466078697421981 0.5752279635258358 0.4854138398914518 0.5706686930091185 0.49219810040705564 0.601063829787234 0.49219810040705564 0.6550151975683891 0.49389416553595655 0.7226443768996961 0.4881275440976934 0.7682370820668692 0.4796472184531886 0.7553191489361702
26 0.4698100407055631 0.7287234042553191 0.46506105834464045 0.6702127659574468 0.466078697421981 0.6162613981762918 0.466078697421981 0.581306990881459 0.4592944369063772 0.5683890577507599 0.4494572591587517 0.5904255319148937 0.4494572591587517 0.6291793313069909 0.4494572591587517 0.7074468085106383 0.4494572591587517 0.7462006079027356 0.4552238805970149 0.7591185410334347
27 0.4396200814111262 0.71580547112462 0.44572591587516963 0.7120060790273556 0.44742198100407055 0.6534954407294833 0.45149253731343286 0.5942249240121581 0.4389416553595658 0.5752279635258358 0.432157394843962 0.581306990881459 0.4270691994572592 0.6117021276595744 0.4260515603799186 0.6550151975683891 0.4233378561736771 0.7507598784194529 0.43012211668928085 0.7530395136778115
28 0.4050203527815468 0.7401215805471124 0.4155359565807327 0.7135258358662614 0.4270691994572592 0.6512158054711246 0.43283582089552236 0.5927051671732523 0.4291044776119403 0.5509118541033434 0.41757123473541385 0.5448328267477204 0.4087516960651289 0.5531914893617021 0.4087516960651289 0.6162613981762918 0.4087516960651289 0.6770516717325228 0.39925373134328357 0.7226443768996961
30 0.35176390773405697 0.7006079027355623 0.35244233378561735 0.6838905775075987 0.3622795115332429 0.6443768996960486 0.3805970149253731 0.581306990881459 0.3931478968792402 0.5311550151975684 0.3710990502035278 0.5159574468085106 0.3466757123473541 0.5007598784194529 0.33616010854816825 0.5661094224924013 0.32530529172320216 0.6231003039513677 0.3283582089552239 0.6572948328267477 0.3378561736770692 0.6876899696048632
31 0.28968792401628224 0.6466565349544073 0.27611940298507465 0.6162613981762918 0.27781546811397556 0.5683890577507599 0.2845997286295794 0.4992401215805471 0.3002035278154681 0.479483282674772 0.31953867028493893 0.47720364741641336 0.3310719131614654 0.4946808510638298 0.3331071913161465 0.5311550151975684 0.32530529172320216 0.581306990881459 0.3137720488466757 0.6246200607902735 0.3012211668928087 0.6572948328267477