0 0.4964574898785425 0.32786885245901637 0.5025303643724697 0.5614754098360656 0.48026315789473684 0.5604508196721312 0.4681174089068826 0.548155737704918 0.4726720647773279 0.5020491803278688 0.4726720647773279 0.33709016393442626
1 0.47115384615384615 0.33401639344262296 0.47115384615384615 0.5450819672131147 0.4569838056680162 0.555327868852459 0.4483805668016194 0.5461065573770492 0.4423076923076923 0.5256147540983607 0.4458502024291498 0.5040983606557377 0.44888663967611336 0.48668032786885246 0.4524291497975709 0.3391393442622951
2 0.4509109311740891 0.3401639344262295 0.4498987854251012 0.492827868852459 0.44635627530364375 0.5215163934426229 0.44129554655870445 0.5430327868852459 0.42965587044534415 0.5491803278688525 0.41700404858299595 0.5327868852459017 0.4185222672064777 0.5 0.4225708502024291 0.4682377049180328 0.4316801619433198 0.3422131147540984
5 0.3734817813765182 0.3155737704918033 0.39473684210526316 0.4969262295081967 0.37196356275303644 0.5163934426229508 0.3507085020242915 0.514344262295082 0.34210526315789475 0.4989754098360656 0.3375506072874494 0.4692622950819672 0.3415991902834008 0.44979508196721313 0.34615384615384615 0.3145491803278688
6 0.3410931174089069 0.3114754098360656 0.3431174089068826 0.45799180327868855 0.33653846153846156 0.4959016393442623 0.3132591093117409 0.48668032786885246 0.29554655870445345 0.4610655737704918 0.3016194331983806 0.4293032786885246 0.30870445344129555 0.4057377049180328 0.3223684210526316 0.3084016393442623
8 0.4964574898785425 0.3555327868852459 0.5020242914979757 0.4077868852459016 0.5010121457489879 0.49077868852459017 0.5035425101214575 0.5645491803278688 0.5227732793522267 0.5584016393442623 0.5318825910931174 0.548155737704918 0.5323886639676113 0.5338114754098361 0.5308704453441295 0.5040983606557377 0.520748987854251 0.3391393442622951 0.4959514170040486 0.3401639344262295
9 0.5187246963562753 0.3411885245901639 0.5268218623481782 0.4887295081967213 0.5318825910931174 0.5420081967213115 0.5445344129554656 0.5348360655737705 0.5480769230769231 0.5245901639344263 0.5480769230769231 0.5040983606557377 0.5359311740890689 0.34938524590163933
10 0.5460526315789473 0.3698770491803279 0.5501012145748988 0.45491803278688525 0.5480769230769231 0.4723360655737705 0.5465587044534413 0.4805327868852459 0.5465587044534413 0.4918032786885246 0.5480769230769231 0.5092213114754098 0.5501012145748988 0.5215163934426229 0.5531376518218624 0.5379098360655737 0.5561740890688259 0.5430327868852459 0.5607287449392713 0.5450819672131147 0.5718623481781376 0.5297131147540983 0.569331983805668 0.5081967213114754 0.5688259109311741 0.47950819672131145 0.5668016194331984 0.4610655737704918 0.5587044534412956 0.33811475409836067 0.5460526315789473 0.3411885245901639
11 0.5708502024291497 0.34938524590163933 0.5850202429149798 0.4610655737704918 0.5850202429149798 0.48770491803278687 0.5880566801619433 0.5020491803278688 0.5921052631578947 0.507172131147541 0.5946356275303644 0.5204918032786885 0.5910931174089069 0.5286885245901639 0.5845141700404858 0.5327868852459017 0.576417004048583 0.5317622950819673 0.5733805668016194 0.5276639344262295 0.5668016194331984 0.5194672131147541 0.5632591093117408 0.5040983606557377 0.562753036437247 0.48360655737704916 0.562753036437247 0.46209016393442626 0.5647773279352226 0.44979508196721313 0.5647773279352226 0.42725409836065575 0.5637651821862348 0.3985655737704918 0.5632591093117408 0.36577868852459017 0.5632591093117408 0.3555327868852459
12 0.5941295546558705 0.33401639344262296 0.6088056680161943 0.4026639344262295 0.6062753036437247 0.46311475409836067 0.6128542510121457 0.4979508196721312 0.6093117408906883 0.5204918032786885 0.5996963562753036 0.5245901639344263 0.5931174089068826 0.5153688524590164 0.5845141700404858 0.4948770491803279 0.5840080971659919 0.47540983606557374 0.5860323886639676 0.4426229508196721 0.5845141700404858 0.4088114754098361 0.5743927125506073 0.3463114754098361
13 0.6052631578947368 0.3401639344262295 0.6093117408906883 0.4344262295081967 0.6052631578947368 0.4682377049180328 0.6123481781376519 0.5 0.645242914979757 0.4979508196721312 0.6477732793522267 0.48463114754098363 0.6432186234817814 0.45594262295081966 0.6432186234817814 0.4405737704918033 0.6371457489878543 0.3155737704918033 0.604757085020243 0.3237704918032787
14 0.6366396761133604 0.32172131147540983 0.6422064777327935 0.44672131147540983 0.646255060728745 0.4805327868852459 0.659919028340081 0.49077868852459017 0.6781376518218624 0.4661885245901639 0.680161943319838 0.4364754098360656 0.6745951417004049 0.4026639344262295 0.6685222672064778 0.3114754098360656
7 0.30465587044534415 0.3135245901639344 0.26214574898785425 0.39036885245901637 0.2702429149797571 0.4323770491803279 0.28795546558704455 0.4569672131147541 0.30111336032388664 0.4364754098360656 0.3147773279352227 0.39139344262295084 0.3274291497975709 0.3463114754098361
3 0.4089068825910931 0.3360655737704918 0.3972672064777328 0.5163934426229508 0.4048582995951417 0.5389344262295082 0.416497975708502 0.5286885245901639 0.42864372469635625 0.5215163934426229 0.43370445344129555 0.4887295081967213 0.4326923076923077 0.45901639344262296 0.4316801619433198 0.3360655737704918
16 0.4949392712550607 0.5799180327868853 0.4984817813765182 0.7028688524590164 0.5040485829959515 0.7817622950819673 0.5222672064777328 0.7756147540983607 0.5146761133603239 0.6424180327868853 0.513663967611336 0.6270491803278688 0.5121457489878543 0.6127049180327869 0.5116396761133604 0.5983606557377049 0.5111336032388664 0.5911885245901639 0.5080971659919028 0.5891393442622951 0.5025303643724697 0.5850409836065574
17 0.5172064777327935 0.5717213114754098 0.5075910931174089 0.5788934426229508 0.5111336032388664 0.6065573770491803 0.5242914979757085 0.7704918032786885 0.5430161943319838 0.757172131147541 0.5298582995951417 0.625 0.5288461538461539 0.5717213114754098 0.521255060728745 0.5686475409836066
18 0.5384615384615384 0.5727459016393442 0.5298582995951417 0.5840163934426229 0.5298582995951417 0.6301229508196722 0.5455465587044535 0.7817622950819673 0.5632591093117408 0.7715163934426229 0.5501012145748988 0.6260245901639344 0.5490890688259109 0.6065573770491803 0.5490890688259109 0.5922131147540983 0.548582995951417 0.5799180327868853 0.5455465587044535 0.5778688524590164
19 0.555668016194332 0.569672131147541 0.5470647773279352 0.5973360655737705 0.5470647773279352 0.617827868852459 0.5531376518218624 0.6301229508196722 0.5602226720647774 0.7715163934426229 0.5723684210526315 0.7684426229508197 0.5708502024291497 0.6290983606557377 0.5713562753036437 0.5942622950819673 0.5662955465587044 0.5727459016393442 0.562753036437247 0.5665983606557377 0.5581983805668016 0.5655737704918032
20 0.5718623481781376 0.555327868852459 0.569838056680162 0.5635245901639344 0.5652834008097166 0.5706967213114754 0.5617408906882592 0.5799180327868853 0.562246963562753 0.5901639344262295 0.5678137651821862 0.6055327868852459 0.5713562753036437 0.6127049180327869 0.59665991902834 0.764344262295082 0.617914979757085 0.7387295081967213 0.5915991902834008 0.5860655737704918 0.5905870445344129 0.5717213114754098 0.5905870445344129 0.5614754098360656 0.5895748987854251 0.5573770491803278 0.582995951417004 0.5522540983606558 0.5754048582995951 0.5522540983606558
21 0.5941295546558705 0.5389344262295082 0.5895748987854251 0.5389344262295082 0.5855263157894737 0.5409836065573771 0.582995951417004 0.5450819672131147 0.5824898785425101 0.5563524590163934 0.5860323886639676 0.5706967213114754 0.590080971659919 0.5870901639344263 0.5951417004048583 0.6045081967213115 0.625 0.7387295081967213 0.6543522267206477 0.7418032786885246 0.6675101214574899 0.6639344262295082 0.6285425101214575 0.5778688524590164 0.6265182186234818 0.5594262295081968 0.6260121457489879 0.5450819672131147 0.6234817813765182 0.5338114754098361 0.6169028340080972 0.5286885245901639 0.6103238866396761 0.5286885245901639 0.6022267206477733 0.5327868852459017 0.597165991902834 0.5368852459016393
22 0.6361336032388664 0.5133196721311475 0.6270242914979757 0.5317622950819673 0.6255060728744939 0.5440573770491803 0.6255060728744939 0.5522540983606558 0.6270242914979757 0.569672131147541 0.6305668016194332 0.5809426229508197 0.6887651821862348 0.673155737704918 0.7009109311740891 0.6024590163934426 0.6751012145748988 0.5819672131147541 0.6695344129554656 0.5625 0.6675101214574899 0.5358606557377049 0.6629554655870445 0.5092213114754098 0.6548582995951417 0.5040983606557377 0.6482793522267206 0.5040983606557377 0.6391700404858299 0.5092213114754098
23 0.6776315789473685 0.49385245901639346 0.6705465587044535 0.5461065573770492 0.6695344129554656 0.5594262295081968 0.6715587044534413 0.576844262295082 0.6781376518218624 0.5840163934426229 0.7277327935222672 0.5983606557377049 0.7272267206477733 0.5245901639344263 0.6892712550607287 0.49077868852459017
24 0.4949392712550607 0.5778688524590164 0.4974696356275304 0.6639344262295082 0.5030364372469636 0.7663934426229508 0.49291497975708504 0.7684426229508197 0.47874493927125505 0.6270491803278688 0.4777327935222672 0.5891393442622951
25 0.4726720647773279 0.5676229508196722 0.45445344129554655 0.5747950819672131 0.458502024291498 0.6034836065573771 0.4726720647773279 0.7551229508196722 0.4898785425101215 0.7469262295081968 0.47874493927125505 0.6290983606557377 0.4797570850202429 0.5942622950819673 0.4797570850202429 0.5727459016393442
26 0.4483805668016194 0.5983606557377049 0.43623481781376516 0.6086065573770492 0.43724696356275305 0.6342213114754098 0.44281376518218624 0.6680327868852459 0.4407894736842105 0.7920081967213115 0.4574898785425101 0.7971311475409836 0.4660931174089069 0.6987704918032787 0.46204453441295545 0.6301229508196722 0.46305668016194335 0.6209016393442623 0.4605263157894737 0.610655737704918 0.45799595141700405 0.6004098360655737 0.4549595141700405 0.5942622950819673 0.451417004048583 0.5942622950819673
27 0.43724696356275305 0.5665983606557377 0.451417004048583 0.5922131147540983 0.45293522267206476 0.6065573770491803 0.451417004048583 0.617827868852459 0.4478744939271255 0.6280737704918032 0.44534412955465585 0.6362704918032787 0.4418016194331984 0.6495901639344263 0.4256072874493927 0.8002049180327869 0.40789473684210525 0.7920081967213115 0.4190283400809717 0.6536885245901639 0.41953441295546556 0.625 0.4215587044534413 0.6075819672131147 0.42459514170040485 0.5911885245901639 0.4276315789473684 0.5778688524590164 0.4326923076923077 0.5727459016393442
28 0.4124493927125506 0.5604508196721312 0.40789473684210525 0.5635245901639344 0.4048582995951417 0.5706967213114754 0.4023279352226721 0.5799180327868853 0.39979757085020245 0.5891393442622951 0.3967611336032389 0.6096311475409836 0.3557692307692308 0.7786885245901639 0.38208502024291496 0.7991803278688525 0.4048582995951417 0.7028688524590164 0.4175101214574899 0.6659836065573771 0.4276315789473684 0.6301229508196722 0.43876518218623484 0.6086065573770492 0.44281376518218624 0.6014344262295082 0.44483805668016196 0.5870901639344263 0.4407894736842105 0.5778688524590164 0.4316801619433198 0.5717213114754098 0.4240890688259109 0.5686475409836066 0.4190283400809717 0.5625 0.4149797570850202 0.5604508196721312
29 0.36639676113360325 0.5491803278688525 0.3643724696356275 0.5502049180327869 0.3618421052631579 0.555327868852459 0.3598178137651822 0.5625 0.35728744939271256 0.5758196721311475 0.354251012145749 0.5911885245901639 0.30465587044534415 0.7120901639344263 0.3390688259109312 0.7704918032786885 0.37196356275303644 0.6864754098360656 0.3942307692307692 0.6239754098360656 0.4043522267206478 0.6065573770491803 0.41194331983805665 0.5870901639344263 0.41548582995951416 0.5737704918032787 0.4124493927125506 0.555327868852459 0.40030364372469635 0.5532786885245902 0.3861336032388664 0.5532786885245902 0.3805668016194332 0.548155737704918 0.37601214574898784 0.5420081967213115 0.37196356275303644 0.5420081967213115
30 0.3436234817813765 0.5235655737704918 0.3340080971659919 0.5122950819672131 0.3269230769230769 0.5133196721311475 0.32135627530364375 0.5174180327868853 0.3183198380566802 0.5256147540983607 0.3142712550607287 0.5420081967213115 0.2965587044534413 0.6147540983606558 0.2682186234817814 0.6588114754098361 0.2909919028340081 0.7049180327868853 0.3314777327935223 0.6362704918032787 0.35779352226720645 0.5809426229508197 0.3623481781376518 0.5665983606557377 0.36690283400809715 0.5532786885245902 0.3684210526315789 0.5420081967213115 0.35728744939271256 0.5338114754098361 0.34868421052631576 0.5286885245901639
31 0.28795546558704455 0.4989754098360656 0.2727732793522267 0.5020491803278688 0.2667004048582996 0.5061475409836066 0.26417004048583 0.5379098360655737 0.26720647773279355 0.5922131147540983 0.2667004048582996 0.6168032786885246 0.28846153846153844 0.6198770491803278 0.3016194331983806 0.5901639344262295 0.3102226720647773 0.5625 0.31629554655870445 0.5389344262295082 0.31983805668016196 0.5133196721311475 0.31629554655870445 0.5020491803278688 0.29959514170040485 0.4969262295081967