8 0.5183875530410184 0.38753799392097266 0.5056577086280056 0.479483282674772 0.504950495049505 0.5729483282674772 0.5102545968882602 0.5828267477203647 0.5374823196605375 0.5866261398176292 0.541018387553041 0.5493920972644377 0.5427864214992928 0.4969604863221885 0.5438472418670438 0.3958966565349544
9 0.5572842998585573 0.3776595744680851 0.5763790664780764 0.3723404255319149 0.5728429985855729 0.520516717325228 0.5693069306930693 0.5357142857142857 0.5739038189533239 0.5615501519756839 0.57001414427157 0.5965045592705167 0.5438472418670438 0.5942249240121581 0.5392503536067893 0.5653495440729484 0.5420792079207921 0.5083586626139818
10 0.5926449787835927 0.35106382978723405 0.6018387553041018 0.3290273556231003 0.6163366336633663 0.3411854103343465 0.6064356435643564 0.5281155015197568 0.6011315417256011 0.5805471124620061 0.5838048090523338 0.5904255319148937 0.57001414427157 0.5592705167173252 0.5682461103253182 0.5243161094224924
12 0.6407355021216408 0.364741641337386 0.6552333804809052 0.3586626139817629 0.6626591230551626 0.5630699088145896 0.6471004243281471 0.5843465045592705 0.6301272984441302 0.5653495440729484 0.6262376237623762 0.5106382978723404
14 0.7026166902404526 0.36246200607902734 0.7369165487977369 0.35638297872340424 0.7415134370579916 0.5258358662613982 0.7234794908062234 0.5516717325227963 0.696958981612447 0.5455927051671733 0.6916548797736917 0.506838905775076
0 0.501060820367751 0.36854103343465044 0.47595473833097596 0.3662613981762918 0.46322489391796323 0.5729483282674772 0.5021216407355021 0.5805471124620061 0.504950495049505 0.5379939209726444
1 0.4448373408769448 0.3586626139817629 0.4695898161244696 0.3586626139817629 0.4667609618104668 0.5668693009118541 0.4377652050919378 0.5729483282674772 0.43422913719943423 0.5296352583586627
2 0.40417256011315417 0.331306990881459 0.42043847241867044 0.32142857142857145 0.43033946251768035 0.3586626139817629 0.4349363507779349 0.5357142857142857 0.4243281471004243 0.5592705167173252 0.40523338048090524 0.5630699088145896 0.39957567185289955 0.5379939209726444
4 0.3497171145685997 0.35106382978723405 0.36704384724186706 0.3487841945288754 0.3826025459688826 0.4870820668693009 0.3741159830268741 0.5554711246200608 0.3426449787835926 0.5516717325227963 0.3408769448373409 0.5121580547112462 0.3415841584158416 0.36854103343465044
7 0.29915134370579916 0.31990881458966564 0.291018387553041 0.4012158054711246 0.2708628005657709 0.43237082066869303 0.22913719943422914 0.3958966565349544 0.22736916548797736 0.331306990881459 0.25565770862800563 0.24772036474164133 0.28005657708628007 0.2613981762917933
16 0.5067185289957568 0.6056231003039514 0.5247524752475248 0.601823708206687 0.5275813295615276 0.6139817629179332 0.5247524752475248 0.8472644376899696 0.5038896746817539 0.8472644376899696 0.504950495049505 0.6998480243161094
17 0.5275813295615276 0.6041033434650456 0.551980198019802 0.6041033434650456 0.553041018387553 0.6504559270516718 0.5484441301272984 0.8457446808510638 0.5282885431400283 0.8495440729483282 0.5265205091937766 0.6975683890577508
18 0.5583451202263083 0.6101823708206687 0.5862800565770863 0.6101823708206687 0.5774398868458275 0.8594224924012158 0.5509193776520509 0.8594224924012158
19 0.5862800565770863 0.6177811550151976 0.6018387553041018 0.6056231003039514 0.6145685997171145 0.6276595744680851 0.6082036775106082 0.8731003039513677 0.580975954738331 0.8708206686930091
20 0.6117397454031117 0.6177811550151976 0.6407355021216408 0.6101823708206687 0.6499292786421499 0.6329787234042553 0.6471004243281471 0.8419452887537994 0.6244695898161244 0.8457446808510638 0.6145685997171145 0.7013677811550152
23 0.6987270155586988 0.5980243161094225 0.7316124469589816 0.5379939209726444 0.7415134370579916 0.5379939209726444 0.8005657708628006 0.6550151975683891 0.7779349363507779 0.7484802431610942 0.7351485148514851 0.7051671732522796 0.6951909476661952 0.6238601823708206
24 0.4847949080622348 0.6003039513677811 0.504950495049505 0.6003039513677811 0.5084865629420084 0.6329787234042553 0.5003536067892503 0.8472644376899696 0.4794908062234795 0.8457446808510638 0.48125884016973125 0.7074468085106383 0.48302687411598305 0.6291793313069909
25 0.4596888260254597 0.5866261398176292 0.4847949080622348 0.5866261398176292 0.48585572842998587 0.6253799392097265 0.47842998585572843 0.8396656534954408 0.45756718528995755 0.8358662613981763 0.4603960396039604 0.6800911854103343 0.45756718528995755 0.6375379939209727
26 0.43033946251768035 0.5904255319148937 0.4596888260254597 0.5790273556231003 0.46216407355021216 0.6352583586626139 0.4504950495049505 0.810790273556231 0.4197312588401697 0.8069908814589666 0.42503536067892506 0.6952887537993921 0.42857142857142855 0.6428571428571429
27 0.39710042432814713 0.5927051671732523 0.4158415841584158 0.5767477203647416 0.4314002828854314 0.6155015197568389 0.43316831683168316 0.648936170212766 0.4169024045261669 0.8282674772036475 0.3826025459688826 0.8206686930091185 0.39427157001414426 0.668693009118541 0.39603960396039606 0.6451367781155015 0.4006364922206506 0.6238601823708206
28 0.3642149929278642 0.5866261398176292 0.3787128712871287 0.5729483282674772 0.4006364922206506 0.6056231003039514 0.39710042432814713 0.6641337386018237 0.378005657708628 0.8434650455927052 0.35537482319660535 0.8297872340425532 0.3606789250353607 0.6937689969604863 0.3635077793493635 0.6527355623100304
29 0.32425742574257427 0.5805471124620061 0.3415841584158416 0.5630699088145896 0.3716407355021216 0.5866261398176292 0.36810466760961813 0.6291793313069909 0.3451202263083451 0.8123100303951368 0.3345120226308345 0.8206686930091185 0.2871287128712871 0.7872340425531915 0.29915134370579916 0.6952887537993921 0.31541725601131543 0.6428571428571429
31 0.24363507779349364 0.4969604863221885 0.25742574257425743 0.48328267477203646 0.2690947666195191 0.493161094224924 0.29632248939179634 0.5319148936170213 0.29526166902404527 0.5767477203647416 0.24115983026874116 0.7051671732522796 0.20827439886845828 0.6876899696048632 0.19554455445544555 0.6291793313069909 0.2256011315417256 0.5516717325227963