0 0.47675675675675677 0.2857142857142857 0.4688288288288288 0.3472644376899696 0.4641441441441441 0.4316109422492401 0.46522522522522525 0.46656534954407297 0.47495495495495493 0.493161094224924 0.49333333333333335 0.4992401215805471 0.4972972972972973 0.45592705167173253 0.48936936936936937 0.3761398176291793 0.4922522522522523 0.2978723404255319 0.4922522522522523 0.2629179331306991
1 0.4436036036036036 0.2591185410334346 0.4446846846846847 0.2978723404255319 0.44756756756756755 0.3434650455927052 0.4464864864864865 0.3882978723404255 0.4425225225225225 0.44148936170212766 0.4454054054054054 0.493161094224924 0.45837837837837836 0.4848024316109423 0.45837837837837836 0.44756838905775076 0.46306306306306305 0.39893617021276595 0.4681081081081081 0.33890577507598785 0.4681081081081081 0.31458966565349544 0.46594594594594596 0.28343465045592703 0.461981981981982 0.26063829787234044
2 0.4327927927927928 0.2689969604863222 0.43675675675675674 0.2978723404255319 0.4407207207207207 0.3366261398176292 0.4407207207207207 0.3905775075987842 0.4418018018018018 0.4338905775075988 0.4407207207207207 0.4726443768996961 0.4407207207207207 0.493161094224924 0.4259459459459459 0.5030395136778115 0.42414414414414414 0.45440729483282677 0.42306306306306307 0.4126139817629179 0.4183783783783784 0.3639817629179331 0.4172972972972973 0.3123100303951368 0.4183783783783784 0.2750759878419453
3 0.4183783783783784 0.2629179331306991 0.4172972972972973 0.28191489361702127 0.4172972972972973 0.303951367781155 0.4172972972972973 0.3472644376899696 0.4172972972972973 0.3882978723404255 0.42018018018018016 0.43541033434650456 0.42306306306306307 0.4787234042553192 0.4183783783783784 0.49544072948328266 0.4028828828828829 0.4825227963525836 0.39603603603603604 0.425531914893617 0.3978378378378378 0.3738601823708207 0.3978378378378378 0.33282674772036475 0.3978378378378378 0.2712765957446808 0.40756756756756757 0.256838905775076
4 0.3772972972972973 0.2651975683890577 0.39387387387387385 0.2629179331306991 0.39387387387387385 0.28343465045592703 0.39387387387387385 0.30851063829787234 0.39387387387387385 0.33890577507598785 0.394954954954955 0.3844984802431611 0.394954954954955 0.4126139817629179 0.39963963963963967 0.44756838905775076 0.39675675675675676 0.4825227963525836 0.38414414414414416 0.4908814589665654 0.3754954954954955 0.4642857142857143 0.37657657657657656 0.4065349544072948 0.37657657657657656 0.34498480243161095 0.37657657657657656 0.29407294832826747
5 0.3636036036036036 0.30243161094224924 0.3754954954954955 0.3700607902735562 0.3754954954954955 0.4088145896656535 0.37045045045045044 0.4749240121580547 0.3636036036036036 0.4870820668693009 0.3365765765765766 0.4726443768996961 0.3326126126126126 0.42933130699088146 0.33153153153153153 0.3123100303951368 0.3354954954954955 0.2674772036474164 0.3646846846846847 0.26063829787234044
6 0.32756756756756755 0.2735562310030395 0.32756756756756755 0.3183890577507599 0.32756756756756755 0.3617021276595745 0.32576576576576577 0.43541033434650456 0.3210810810810811 0.45592705167173253 0.3073873873873874 0.4642857142857143 0.2897297297297297 0.44376899696048633 0.2818018018018018 0.4209726443768997 0.2926126126126126 0.378419452887538 0.30126126126126124 0.32674772036474165 0.30342342342342343 0.2796352583586626 0.31207207207207205 0.24848024316109424 0.3246846846846847 0.2530395136778115
7 0.2828828828828829 0.2530395136778115 0.28 0.2651975683890577 0.2702702702702703 0.3183890577507599 0.2634234234234234 0.35790273556231 0.2547747747747748 0.3822188449848024 0.2508108108108108 0.4194528875379939 0.27207207207207207 0.446048632218845 0.28792792792792793 0.4316109422492401 0.2926126126126126 0.4027355623100304 0.29477477477477476 0.33890577507598785 0.29945945945945945 0.30623100303951367 0.3045045045045045 0.2651975683890577 0.3045045045045045 0.2530395136778115 0.28864864864864864 0.23404255319148937
8 0.5138738738738738 0.2750759878419453 0.505945945945946 0.3495440729483283 0.503063063063063 0.3860182370820669 0.5012612612612612 0.4338905775075988 0.5012612612612612 0.4703647416413374 0.5088288288288288 0.5015197568389058 0.5282882882882883 0.4969604863221885 0.5322522522522523 0.46808510638297873 0.5293693693693694 0.4194528875379939 0.5264864864864864 0.3822188449848024 0.5254054054054054 0.3229483282674772 0.5304504504504505 0.2750759878419453
9 0.5282882882882883 0.2735562310030395 0.5272072072072073 0.2978723404255319 0.5272072072072073 0.35106382978723405 0.5272072072072073 0.3882978723404255 0.5264864864864864 0.4316109422492401 0.5272072072072073 0.4749240121580547 0.5322522522522523 0.4886018237082067 0.5517117117117117 0.4870820668693009 0.5585585585585585 0.46048632218844987 0.5527927927927928 0.4148936170212766 0.5506306306306307 0.3822188449848024 0.54990990990991 0.32674772036474165 0.54990990990991 0.2796352583586626 0.5401801801801802 0.2712765957446808
10 0.5682882882882883 0.2651975683890577 0.5625225225225226 0.30851063829787234 0.5585585585585585 0.3411854103343465 0.5545945945945946 0.378419452887538 0.5527927927927928 0.4399696048632219 0.5527927927927928 0.4521276595744681 0.5556756756756757 0.4703647416413374 0.5643243243243243 0.4908814589665654 0.5733333333333334 0.4848024316109423 0.578018018018018 0.4582066869300912 0.5798198198198198 0.4194528875379939 0.5830630630630631 0.34498480243161095 0.585945945945946 0.29559270516717323 0.5906306306306306 0.2674772036474164
11 0.5935135135135136 0.256838905775076 0.5895495495495495 0.28191489361702127 0.5888288288288288 0.303951367781155 0.5877477477477477 0.3434650455927052 0.5809009009009009 0.3943768996960486 0.5790990990990991 0.42325227963525835 0.585945945945946 0.4787234042553192 0.5992792792792793 0.4810030395136778 0.6082882882882883 0.4703647416413374 0.6082882882882883 0.4338905775075988 0.6032432432432432 0.371580547112462 0.6043243243243244 0.33890577507598785 0.6100900900900901 0.28191489361702127 0.6129729729729729 0.2651975683890577
12 0.6237837837837837 0.25455927051671734 0.618018018018018 0.28951367781155013 0.6111711711711711 0.35106382978723405 0.6111711711711711 0.4065349544072948 0.6111711711711711 0.4521276595744681 0.6198198198198198 0.4703647416413374 0.6363963963963964 0.4338905775075988 0.6363963963963964 0.4126139817629179 0.6363963963963964 0.3844984802431611 0.6345945945945946 0.28191489361702127
13 0.649009009009009 0.2689969604863222 0.6461261261261261 0.30243161094224924 0.6454054054054054 0.3434650455927052 0.6385585585585586 0.3943768996960486 0.6335135135135135 0.44148936170212766 0.6353153153153153 0.4726443768996961 0.6518918918918919 0.4825227963525836 0.6655855855855856 0.4825227963525836 0.6781981981981982 0.4726443768996961 0.6792792792792792 0.4521276595744681 0.6792792792792792 0.41109422492401215 0.6753153153153153 0.3677811550151976 0.6774774774774774 0.2773556231003039 0.6781981981981982 0.24848024316109424 0.6482882882882883 0.24696048632218845
14 0.6969369369369369 0.2629179331306991 0.6832432432432433 0.2735562310030395 0.6821621621621622 0.303951367781155 0.6803603603603604 0.3556231003039514 0.6803603603603604 0.3943768996960486 0.6803603603603604 0.4338905775075988 0.6843243243243243 0.46048632218844987 0.7066666666666667 0.4749240121580547 0.721081081081081 0.46200607902735563 0.723963963963964 0.4338905775075988 0.7181981981981982 0.4004559270516717 0.7113513513513513 0.35790273556231 0.7106306306306306 0.3183890577507599
15 0.7153153153153153 0.23860182370820668 0.7106306306306306 0.2712765957446808 0.7142342342342343 0.3183890577507599 0.7153153153153153 0.371580547112462 0.7174774774774775 0.41109422492401215 0.7308108108108108 0.44376899696048633 0.7445045045045044 0.44376899696048633 0.7535135135135135 0.41717325227963525 0.7535135135135135 0.3966565349544073 0.7495495495495496 0.3738601823708207 0.7434234234234234 0.3411854103343465 0.7336936936936936 0.28191489361702127 0.7261261261261261 0.24468085106382978
16 0.5048648648648648 0.6838905775075987 0.5048648648648648 0.6512158054711246 0.5012612612612612 0.6101823708206687 0.4944144144144144 0.5569908814589666 0.49513513513513513 0.5174772036474165 0.5138738738738738 0.513677811550152 0.5145945945945946 0.5440729483282675 0.5145945945945946 0.5775075987841946 0.5145945945945946 0.6101823708206687 0.5145945945945946 0.6512158054711246 0.5156756756756756 0.7044072948328267 0.5145945945945946 0.7272036474164134 0.505945945945946 0.7188449848024316
17 0.538018018018018 0.5220364741641338 0.5311711711711712 0.5159574468085106 0.5254054054054054 0.513677811550152 0.5196396396396397 0.5281155015197568 0.5185585585585586 0.5585106382978723 0.5185585585585586 0.581306990881459 0.5185585585585586 0.6200607902735562 0.5174774774774775 0.6983282674772037 0.5185585585585586 0.743920972644377 0.5304504504504505 0.75 0.5311711711711712 0.7104863221884499 0.5311711711711712 0.6595744680851063 0.5322522522522523 0.6101823708206687
18 0.5614414414414415 0.5197568389057751 0.5437837837837838 0.5075987841945289 0.538018018018018 0.5220364741641338 0.5401801801801802 0.5463525835866262 0.5401801801801802 0.6101823708206687 0.5401801801801802 0.6717325227963525 0.5488288288288288 0.7393617021276596 0.5596396396396396 0.7659574468085106 0.5614414414414415 0.682370820668693 0.5603603603603604 0.5980243161094225 0.5614414414414415 0.5440729483282675
19 0.5769369369369369 0.5159574468085106 0.57009009009009 0.5220364741641338 0.5632432432432433 0.5509118541033434 0.5664864864864865 0.6200607902735562 0.5769369369369369 0.6717325227963525 0.5848648648648649 0.7310030395136778 0.5877477477477477 0.7066869300911854 0.5877477477477477 0.6572948328267477 0.5866666666666667 0.5896656534954408 0.5888288288288288 0.5463525835866262
20 0.6032432432432432 0.5053191489361702 0.5927927927927928 0.5159574468085106 0.5895495495495495 0.5281155015197568 0.5895495495495495 0.5547112462006079 0.5935135135135136 0.5980243161094225 0.6072072072072072 0.6656534954407295 0.614054054054054 0.7332826747720365 0.618018018018018 0.7515197568389058 0.6237837837837837 0.7537993920972644 0.6237837837837837 0.708966565349544 0.6190990990990991 0.648936170212766 0.618018018018018 0.6162613981762918 0.6158558558558559 0.5714285714285714 0.616936936936937 0.5379939209726444
21 0.6248648648648648 0.5053191489361702 0.6093693693693694 0.5159574468085106 0.6227027027027027 0.5569908814589666 0.6288288288288288 0.6306990881458967 0.6363963963963964 0.6694528875379939 0.6443243243243243 0.7066869300911854 0.6695495495495496 0.7355623100303952 0.6706306306306307 0.6838905775075987 0.6695495495495496 0.6329787234042553 0.6587387387387388 0.5486322188449848 0.652972972972973 0.5113981762917933 0.6392792792792793 0.4992401215805471
22 0.6753153153153153 0.5053191489361702 0.6627027027027027 0.5113981762917933 0.6609009009009009 0.53419452887538 0.6706306306306307 0.5668693009118541 0.6803603603603604 0.601823708206687 0.689009009009009 0.6474164133738601 0.6976576576576576 0.675531914893617 0.7084684684684684 0.6884498480243161 0.7221621621621621 0.6800911854103343 0.723963963963964 0.6344984802431611 0.7192792792792793 0.587386018237082 0.7135135135135136 0.53419452887538 0.7095495495495495 0.4969604863221885 0.6947747747747748 0.4870820668693009
23 0.7387387387387387 0.4521276595744681 0.7250450450450451 0.4642857142857143 0.7163963963963964 0.4825227963525836 0.7124324324324325 0.513677811550152 0.729009009009009 0.5752279635258358 0.7398198198198198 0.6139817629179332 0.7592792792792793 0.6428571428571429 0.7668468468468469 0.6185410334346505 0.7668468468468469 0.5691489361702128 0.7632432432432432 0.5220364741641338 0.7571171171171172 0.4764437689969605
24 0.4882882882882883 0.7127659574468085 0.4944144144144144 0.6740121580547113 0.4962162162162162 0.5957446808510638 0.4972972972972973 0.5364741641337386 0.4922522522522523 0.513677811550152 0.48252252252252253 0.5235562310030395 0.48252252252252253 0.5691489361702128 0.4807207207207207 0.6329787234042553 0.47675675675675677 0.6884498480243161 0.47495495495495493 0.7393617021276596 0.4854054054054054 0.7393617021276596
25 0.46594594594594596 0.7332826747720365 0.46702702702702703 0.6884498480243161 0.4727927927927928 0.6329787234042553 0.48144144144144146 0.5691489361702128 0.47783783783783784 0.53419452887538 0.46702702702702703 0.5174772036474165 0.4601801801801802 0.5425531914893617 0.46126126126126127 0.587386018237082 0.46126126126126127 0.628419452887538 0.4590990990990991 0.6595744680851063 0.4562162162162162 0.6884498480243161 0.45513513513513515 0.7249240121580547
26 0.4493693693693694 0.7537993920972644 0.45225225225225224 0.7249240121580547 0.4562162162162162 0.6679331306990881 0.46702702702702703 0.5919452887537994 0.46702702702702703 0.5425531914893617 0.4601801801801802 0.5197568389057751 0.4464864864864865 0.5197568389057751 0.4407207207207207 0.5585106382978723 0.43891891891891893 0.5957446808510638 0.43495495495495495 0.6656534954407295 0.4338738738738739 0.708966565349544 0.43495495495495495 0.75
27 0.4252252252252252 0.7515197568389058 0.4259459459459459 0.7272036474164134 0.4338738738738739 0.6656534954407295 0.43567567567567567 0.6124620060790273 0.43963963963963965 0.560790273556231 0.43891891891891893 0.53419452887538 0.42414414414414414 0.5281155015197568 0.41549549549549547 0.560790273556231 0.41549549549549547 0.6101823708206687 0.4183783783783784 0.6451367781155015 0.4183783783783784 0.6945288753799392
28 0.39603603603603604 0.75 0.4028828828828829 0.708966565349544 0.40756756756756757 0.6474164133738601 0.4144144144144144 0.5775075987841946 0.41621621621621624 0.5379939209726444 0.40936936936936935 0.5220364741641338 0.39603603603603604 0.5281155015197568 0.39315315315315313 0.5630699088145896 0.39315315315315313 0.5934650455927052 0.39315315315315313 0.6550151975683891 0.3899099099099099 0.6983282674772037 0.38522522522522523 0.75
29 0.35495495495495494 0.7150455927051672 0.38306306306306304 0.6595744680851063 0.3881081081081081 0.6268996960486323 0.3899099099099099 0.5919452887537994 0.39675675675675676 0.53419452887538 0.390990990990991 0.5113981762917933 0.38126126126126125 0.5113981762917933 0.35783783783783785 0.5098784194528876 0.34702702702702704 0.5053191489361702 0.3463063063063063 0.5524316109422492 0.33945945945945943 0.5995440729483282 0.33441441441441444 0.6367781155015197 0.3326126126126126 0.675531914893617 0.3434234234234234 0.7165653495440729
30 0.29081081081081084 0.7127659574468085 0.3005405405405405 0.6922492401215805 0.31423423423423424 0.6512158054711246 0.32972972972972975 0.6162613981762918 0.33945945945945943 0.5775075987841946 0.35603603603603606 0.5281155015197568 0.3481081081081081 0.5030395136778115 0.3246846846846847 0.5030395136778115 0.30342342342342343 0.4908814589665654 0.2926126126126126 0.5220364741641338 0.28792792792792793 0.5752279635258358 0.2857657657657658 0.6162613981762918 0.28 0.648936170212766 0.2781981981981982 0.6740121580547113
31 0.25765765765765763 0.6512158054711246 0.2634234234234234 0.6367781155015197 0.274954954954955 0.6041033434650456 0.2926126126126126 0.5509118541033434 0.3005405405405405 0.5098784194528876 0.2965765765765766 0.4870820668693009 0.2771171171171171 0.4749240121580547 0.2616216216216216 0.46656534954407297 0.24576576576576575 0.49544072948328266 0.24216216216216216 0.5364741641337386 0.24 0.581306990881459 0.24 0.6063829787234043 0.23603603603603604 0.6428571428571429