0 0.49773913043478263 0.26671732522796354 0.5029565217391304 0.5243161094224924 0.4702608695652174 0.5250759878419453 0.4678260869565217 0.49620060790273557 0.4681739130434783 0.26443768996960487
1 0.4667826086956522 0.26063829787234044 0.4681739130434783 0.5212765957446809 0.4497391304347826 0.5182370820668692 0.4431304347826087 0.4939209726443769 0.44278260869565217 0.46504559270516715 0.4431304347826087 0.2689969604863222
2 0.42817391304347824 0.23708206686930092 0.44173913043478263 0.3047112462006079 0.4434782608695652 0.41413373860182373 0.44278260869565217 0.506838905775076 0.4285217391304348 0.526595744680851 0.416695652173913 0.5083586626139818 0.41356521739130436 0.49164133738601823 0.4132173913043478 0.46504559270516715 0.4156521739130435 0.40805471124620063 0.4083478260869565 0.25151975683890576
3 0.39756521739130435 0.26063829787234044 0.41391304347826086 0.36246200607902734 0.41530434782608694 0.42933130699088146 0.4177391304347826 0.45364741641337386 0.41947826086956524 0.4848024316109423 0.41008695652173915 0.5045592705167173 0.4031304347826087 0.5174772036474165 0.3951304347826087 0.5098784194528876 0.39060869565217393 0.5030395136778115 0.38921739130434785 0.493161094224924 0.3888695652173913 0.4749240121580547 0.3899130434782609 0.4627659574468085 0.3923478260869565 0.4316109422492401 0.39443478260869563 0.3958966565349544 0.3819130434782609 0.28419452887537994
4 0.3784347826086957 0.2651975683890577 0.38782608695652177 0.3700607902735562 0.39060869565217393 0.4247720364741641 0.3937391304347826 0.4513677811550152 0.39304347826086955 0.47720364741641336 0.3899130434782609 0.4939209726443769 0.3822608695652174 0.506838905775076 0.3739130434782609 0.5121580547112462 0.3662608695652174 0.5106382978723404 0.36278260869565215 0.5007598784194529 0.3586086956521739 0.4817629179331307 0.3620869565217391 0.44832826747720367 0.36243478260869566 0.2682370820668693
5 0.35547826086956524 0.2803951367781155 0.3620869565217391 0.3525835866261398 0.36278260869565215 0.4072948328267477 0.3645217391304348 0.4338905775075988 0.3655652173913043 0.44756838905775076 0.36695652173913046 0.4673252279635258 0.3648695652173913 0.48404255319148937 0.36278260869565215 0.4946808510638298 0.3596521739130435 0.5030395136778115 0.35478260869565215 0.5075987841945289 0.34608695652173915 0.506079027355623 0.335304347826087 0.5022796352583586 0.3297391304347826 0.49620060790273557 0.32660869565217393 0.4886018237082067 0.32556521739130434 0.4734042553191489 0.32521739130434785 0.4566869300911854 0.32521739130434785 0.4278115501519757 0.3189565217391304 0.3662613981762918 0.3130434782608696 0.28799392097264437
6 0.30191304347826087 0.2682370820668693 0.31756521739130433 0.3472644376899696 0.32556521739130434 0.4247720364741641 0.32730434782608697 0.49544072948328266 0.30469565217391303 0.49164133738601823 0.2866086956521739 0.48404255319148937 0.27756521739130435 0.4627659574468085 0.2813913043478261 0.42021276595744683 0.27304347826086955 0.26063829787234044 0.29982608695652174 0.25
8 0.49878260869565216 0.25835866261398177 0.5026086956521739 0.520516717325228 0.5290434782608696 0.520516717325228 0.5419130434782609 0.5083586626139818 0.5384347826086957 0.45592705167173253 0.5290434782608696 0.2530395136778115
9 0.528695652173913 0.2560790273556231 0.536 0.41185410334346506 0.5401739130434783 0.5121580547112462 0.5565217391304348 0.5098784194528876 0.5627826086956522 0.4825227963525836 0.5624347826086956 0.40577507598784196 0.5540869565217391 0.25
10 0.5676521739130435 0.2454407294832827 0.5627826086956522 0.41109422492401215 0.5638260869565217 0.49772036474164133 0.5784347826086956 0.5182370820668692 0.591304347826087 0.49240121580547114 0.5930434782608696 0.46808510638297873 0.592 0.4308510638297872 0.5892173913043478 0.3958966565349544 0.5892173913043478 0.36854103343465044 0.5916521739130435 0.2393617021276596
11 0.5968695652173913 0.24316109422492402 0.5871304347826087 0.4194528875379939 0.5850434782608696 0.4574468085106383 0.5888695652173913 0.4886018237082067 0.5986086956521739 0.5121580547112462 0.6107826086956522 0.5045592705167173 0.6146086956521739 0.47796352583586627 0.6114782608695652 0.45592705167173253 0.6111304347826086 0.42325227963525835 0.6107826086956522 0.3822188449848024 0.6104347826086957 0.256838905775076
12 0.6114782608695652 0.2507598784194529 0.6104347826086957 0.4574468085106383 0.6118260869565217 0.49012158054711247 0.6177391304347826 0.4969604863221885 0.6233043478260869 0.4969604863221885 0.6274782608695653 0.49240121580547114 0.6330434782608696 0.4749240121580547 0.6354782608695653 0.45896656534954405 0.6347826086956522 0.439209726443769 0.6306086956521739 0.37537993920972645 0.6420869565217391 0.2613981762917933
13 0.6441739130434783 0.25759878419452886 0.6316521739130435 0.3844984802431611 0.6299130434782608 0.45364741641337386 0.6302608695652174 0.48936170212765956 0.6358260869565218 0.4939209726443769 0.648 0.5007598784194529 0.6580869565217391 0.5007598784194529 0.6671304347826087 0.5030395136778115 0.6737391304347826 0.5007598784194529 0.6782608695652174 0.47796352583586627 0.6775652173913044 0.4574468085106383 0.6758260869565217 0.4194528875379939 0.6765217391304348 0.40197568389057753 0.679304347826087 0.38677811550151975 0.6824347826086956 0.36854103343465044 0.6845217391304348 0.3533434650455927 0.6852173913043478 0.3404255319148936 0.6848695652173913 0.31990881458966564 0.6848695652173913 0.30927051671732525 0.6827826086956522 0.2872340425531915 0.6810434782608695 0.2743161094224924 0.6685217391304348 0.2613981762917933
14 0.6883478260869565 0.28343465045592703 0.6834782608695652 0.3221884498480243 0.6859130434782609 0.34422492401215804 0.6834782608695652 0.35714285714285715 0.6820869565217391 0.3677811550151976 0.6796521739130434 0.3829787234042553 0.6765217391304348 0.40197568389057753 0.6754782608695652 0.4148936170212766 0.6751304347826087 0.4430091185410334 0.6772173913043478 0.45896656534954405 0.678608695652174 0.46808510638297873 0.6813913043478261 0.4848024316109423 0.6980869565217391 0.4878419452887538 0.713391304347826 0.46580547112462006 0.7161739130434782 0.44224924012158057 0.7154782608695652 0.42021276595744683 0.7130434782608696 0.3966565349544073 0.7137391304347827 0.364741641337386 0.7060869565217391 0.32598784194528874 0.7088695652173913 0.28799392097264437 0.7116521739130435 0.2674772036474164 0.7067826086956521 0.25455927051671734 0.6939130434782609 0.25455927051671734
15 0.7126956521739131 0.2629179331306991 0.7116521739130435 0.27811550151975684 0.7099130434782609 0.2978723404255319 0.7071304347826087 0.32142857142857145 0.7088695652173913 0.3541033434650456 0.7144347826086956 0.3639817629179331 0.7137391304347827 0.3913373860182371 0.713391304347826 0.4126139817629179 0.7144347826086956 0.4331306990881459 0.7168695652173913 0.44984802431610943 0.7175652173913043 0.45972644376899696 0.7217391304347827 0.46504559270516715 0.7307826086956521 0.46504559270516715 0.7474782608695653 0.4551671732522796 0.7596521739130435 0.4369300911854103 0.7648695652173914 0.3951367781155015 0.7551304347826087 0.2507598784194529
16 0.5043478260869565 0.5379939209726444 0.5033043478260869 0.5623100303951368 0.5137391304347826 0.7682370820668692 0.5401739130434783 0.7553191489361702 0.5273043478260869 0.5775075987841946 0.5248695652173913 0.5357142857142857
17 0.5259130434782608 0.5349544072948328 0.5318260869565218 0.7743161094224924 0.5554782608695652 0.7727963525835866 0.5492173913043479 0.574468085106383 0.5481739130434783 0.526595744680851 0.5363478260869565 0.5258358662613982
18 0.5568695652173913 0.5281155015197568 0.5492173913043479 0.5661094224924013 0.5544347826086956 0.6983282674772037 0.5707826086956522 0.8297872340425532 0.5940869565217392 0.8183890577507599 0.5826086956521739 0.6907294832826748 0.5763478260869566 0.5805471124620061 0.5756521739130435 0.5524316109422492 0.560695652173913 0.5250759878419453
19 0.5756521739130435 0.526595744680851 0.5718260869565217 0.5417933130699089 0.568695652173913 0.5448328267477204 0.5666086956521739 0.5562310030395137 0.5676521739130435 0.5683890577507599 0.5707826086956522 0.5889057750759878 0.5728695652173913 0.601063829787234 0.5888695652173913 0.7044072948328267 0.607304347826087 0.8001519756838906 0.6184347826086957 0.7849544072948328 0.6006956521739131 0.6557750759878419 0.5972173913043478 0.5858662613981763 0.592 0.5463525835866262 0.5867826086956521 0.5250759878419453 0.5815652173913044 0.5212765957446809
20 0.5975652173913043 0.5197568389057751 0.5916521739130435 0.5326747720364742 0.5864347826086956 0.5303951367781155 0.5822608695652174 0.5288753799392097 0.5808695652173913 0.5417933130699089 0.5843478260869566 0.560790273556231 0.5885217391304348 0.5843465045592705 0.5923478260869566 0.6056231003039514 0.5958260869565217 0.6231003039513677 0.6003478260869565 0.6550151975683891 0.6066086956521739 0.6968085106382979 0.6212173913043478 0.7674772036474165 0.6337391304347826 0.7530395136778115 0.6166956521739131 0.6025835866261399 0.6114782608695652 0.5493920972644377 0.6086956521739131 0.5273556231003039 0.6045217391304348 0.5189969604863222
21 0.6128695652173913 0.5220364741641338 0.6062608695652174 0.5296352583586627 0.6041739130434782 0.541033434650456 0.6055652173913043 0.5554711246200608 0.6086956521739131 0.5691489361702128 0.6118260869565217 0.5797872340425532 0.6156521739130435 0.5942249240121581 0.6173913043478261 0.6048632218844985 0.6187826086956522 0.6223404255319149 0.6187826086956522 0.6436170212765957 0.6246956521739131 0.6876899696048632 0.6424347826086957 0.7621580547112462 0.6876521739130435 0.6968085106382979 0.6584347826086957 0.5835866261398176 0.6535652173913044 0.5493920972644377 0.6518260869565218 0.5182370820668692 0.6511304347826087 0.5098784194528876 0.6246956521739131 0.5121580547112462
22 0.656695652173913 0.5159574468085106 0.6490434782608696 0.5288753799392097 0.6511304347826087 0.5524316109422492 0.6549565217391304 0.5683890577507599 0.6601739130434783 0.601823708206687 0.6942608695652174 0.7310030395136778 0.7405217391304347 0.6679331306990881 0.7008695652173913 0.5395136778115501 0.696 0.5053191489361702 0.6893913043478261 0.4886018237082067 0.6737391304347826 0.5015197568389058 0.6601739130434783 0.5083586626139818
23 0.7029565217391305 0.4825227963525836 0.6925217391304348 0.49848024316109424 0.6977391304347826 0.5212765957446809 0.7116521739130435 0.5775075987841946 0.7290434782608696 0.6329787234042553 0.7471304347826087 0.6512158054711246 0.7697391304347826 0.6519756838905775 0.7843478260869565 0.6382978723404256 0.790608695652174 0.5919452887537994 0.7697391304347826 0.5600303951367781 0.7572173913043478 0.506079027355623 0.7516521739130435 0.4734042553191489 0.7377391304347826 0.45592705167173253 0.7269565217391304 0.46580547112462006 0.7179130434782609 0.4688449848024316 0.7092173913043478 0.4749240121580547
24 0.5022608695652174 0.5379939209726444 0.5029565217391304 0.5706686930091185 0.5130434782608696 0.7591185410334347 0.4928695652173913 0.7629179331306991 0.480695652173913 0.5759878419452887 0.47895652173913045 0.541033434650456
25 0.4761739130434783 0.5296352583586627 0.4782608695652174 0.5372340425531915 0.47895652173913045 0.5448328267477204 0.49182608695652175 0.7621580547112462 0.47095652173913044 0.7682370820668692 0.4594782608695652 0.5957446808510638 0.45565217391304347 0.5349544072948328 0.47408695652173916 0.5288753799392097
26 0.456 0.5349544072948328 0.45808695652173914 0.5737082066869301 0.4643478260869565 0.7340425531914894 0.4643478260869565 0.817629179331307 0.4389565217391304 0.8115501519756839 0.4354782608695652 0.6314589665653495 0.4333913043478261 0.5562310030395137 0.4420869565217391 0.5273556231003039 0.44521739130434784 0.5227963525835866 0.44869565217391305 0.5235562310030395
27 0.4260869565217391 0.526595744680851 0.42991304347826087 0.5395136778115501 0.4354782608695652 0.5501519756838906 0.43756521739130433 0.5623100303951368 0.4351304347826087 0.601823708206687 0.4340869565217391 0.6139817629179332 0.4379130434782609 0.8085106382978723 0.408 0.8054711246200608 0.40869565217391307 0.6816109422492401 0.41008695652173915 0.6025835866261399 0.4097391304347826 0.5554711246200608 0.41008695652173915 0.5455927051671733 0.4156521739130435 0.5281155015197568 0.42156521739130437 0.5227963525835866
28 0.3829565217391304 0.5319148936170213 0.39652173913043476 0.5151975683890577 0.4097391304347826 0.5273556231003039 0.416695652173913 0.5303951367781155 0.4180869565217391 0.5379939209726444 0.41878260869565215 0.5478723404255319 0.41739130434782606 0.5630699088145896 0.4111304347826087 0.5904255319148937 0.40904347826086956 0.6223404255319149 0.40556521739130436 0.6876899696048632 0.40347826086956523 0.8085106382978723 0.3631304347826087 0.7788753799392097 0.36591304347826087 0.6930091185410334
31 0.31130434782608696 0.49848024316109424 0.288695652173913 0.4825227963525836 0.2768695652173913 0.493161094224924 0.22295652173913044 0.6253799392097265 0.2657391304347826 0.708966565349544 0.30191304347826087 0.6344984802431611 0.3203478260869565 0.5820668693009119 0.33217391304347826 0.5387537993920972 0.3311304347826087 0.5151975683890577 0.32069565217391305 0.5022796352583586
30 0.33947826086956523 0.5083586626139818 0.33217391304347826 0.5113981762917933 0.32382608695652176 0.5357142857142857 0.32069565217391305 0.5516717325227963 0.31756521739130433 0.5661094224924013 0.30678260869565216 0.6132218844984803 0.27930434782608693 0.7021276595744681 0.32521739130434785 0.7469604863221885 0.36695652173913046 0.621580547112462 0.3784347826086957 0.5539513677811551 0.3780869565217391 0.5273556231003039 0.36730434782608695 0.5220364741641338 0.35339130434782606 0.5167173252279635