0 0.47106598984771575 0.5752279635258358 0.4967851099830795 0.5797872340425532 0.4988155668358714 0.49620060790273557 0.4967851099830795 0.31155015197568386 0.4873096446700508 0.3168693009118541 0.47580372250423014 0.49772036474164133 0.4717428087986464 0.5440729483282675
1 0.4571912013536379 0.5683890577507599 0.4686971235194585 0.5721884498480243 0.4751269035532995 0.45364741641337386 0.483248730964467 0.3229483282674772 0.4622673434856176 0.3373860182370821 0.4544839255499154 0.5151975683890577
2 0.4362098138747885 0.5706686930091185 0.4470389170896785 0.5683890577507599 0.4544839255499154 0.5524316109422492 0.4592216582064298 0.5311550151975684 0.46362098138747887 0.31990881458966564 0.4494077834179357 0.32750759878419455 0.43790186125211505 0.44224924012158057 0.4355329949238579 0.49772036474164133 0.43214890016920476 0.5554711246200608
3 0.4182741116751269 0.5539513677811551 0.4277495769881557 0.5737082066869301 0.43147208121827413 0.5653495440729484 0.44230118443316413 0.5653495440729484 0.44873096446700506 0.5493920972644377 0.45076142131979696 0.5319148936170213 0.4494077834179357 0.49620060790273557 0.44873096446700506 0.32142857142857145 0.42842639593908627 0.3168693009118541 0.4199661590524535 0.4088145896656535 0.4199661590524535 0.44756838905775076 0.41692047377326563 0.48328267477203646 0.4138747884940778 0.5167173252279635
4 0.40338409475465314 0.5653495440729484 0.4182741116751269 0.5683890577507599 0.42842639593908627 0.5699088145896657 0.4362098138747885 0.5569908814589666 0.4365482233502538 0.5334346504559271 0.4341793570219966 0.4939209726443769 0.4311336717428088 0.439209726443769 0.42538071065989846 0.3290273556231003 0.405414551607445 0.3229483282674772 0.40609137055837563 0.439209726443769 0.40609137055837563 0.4574468085106383 0.4010152284263959 0.4908814589665654 0.3976311336717428 0.5091185410334347 0.3976311336717428 0.5364741641337386
5 0.38037225042301187 0.5623100303951368 0.38612521150592216 0.5653495440729484 0.40169204737732656 0.5638297872340425 0.41252115059221656 0.5623100303951368 0.41759729272419627 0.5509118541033434 0.4182741116751269 0.5075987841945289 0.4182741116751269 0.49620060790273557 0.41421319796954315 0.35714285714285715 0.38578680203045684 0.3556231003039514 0.366497461928934 0.3617021276595745 0.3708967851099831 0.4551671732522796 0.3759729272419628 0.506079027355623 0.3759729272419628 0.5281155015197568 0.37360406091370557 0.5539513677811551 0.3746192893401015 0.5699088145896657
6 0.34416243654822337 0.5539513677811551 0.3505922165820643 0.5592705167173252 0.366497461928934 0.5623100303951368 0.3824027072758037 0.5653495440729484 0.3868020304568528 0.5554711246200608 0.38815566835871407 0.5151975683890577 0.38747884940778343 0.46808510638297873 0.38307952622673436 0.41793313069908816 0.36717428087986465 0.33890577507598785 0.34653130287648054 0.3556231003039514 0.3461928934010152 0.44072948328267475 0.349238578680203 0.479483282674772 0.34991539763113366 0.4946808510638298 0.34416243654822337 0.5296352583586627
8 0.4967851099830795 0.5767477203647416 0.5120135363790186 0.5820668693009119 0.5164128595600677 0.581306990881459 0.5177664974619289 0.5577507598784195 0.5177664974619289 0.5334346504559271 0.5197969543147208 0.506079027355623 0.5170896785109983 0.3161094224924012 0.5049069373942471 0.3161094224924012 0.49915397631133673 0.4734042553191489 0.49746192893401014 0.5167173252279635 0.49475465313028766 0.5349544072948328 0.494077834179357 0.560790273556231
9 0.5214890016920474 0.5752279635258358 0.5184433164128596 0.5623100303951368 0.5184433164128596 0.5022796352583586 0.522165820642978 0.46048632218844987 0.5292724196277496 0.3373860182370821 0.5428087986463621 0.3617021276595745 0.5421319796954315 0.42933130699088146 0.5421319796954315 0.4749240121580547 0.5421319796954315 0.5220364741641338 0.5421319796954315 0.5569908814589666 0.5387478849407783 0.5721884498480243 0.5306260575296108 0.5737082066869301
10 0.5407783417935702 0.5767477203647416 0.5380710659898477 0.5493920972644377 0.5357021996615905 0.5235562310030395 0.5370558375634518 0.49620060790273557 0.5445008460236886 0.439209726443769 0.550253807106599 0.3844984802431611 0.5593908629441624 0.3662613981762918 0.5658206429780034 0.38145896656534956 0.5631133671742808 0.44224924012158057 0.561082910321489 0.4810030395136778 0.5631133671742808 0.5151975683890577 0.5631133671742808 0.5425531914893617 0.5587140439932318 0.5782674772036475 0.550253807106599 0.5851063829787234
11 0.5492385786802031 0.5797872340425532 0.5492385786802031 0.560790273556231 0.5478849407783418 0.5189969604863222 0.550253807106599 0.4939209726443769 0.5529610829103215 0.45364741641337386 0.5752961082910322 0.35714285714285715 0.5824027072758037 0.364741641337386 0.5840947546531303 0.3974164133738602 0.57834179357022 0.46656534954407297 0.5766497461928934 0.506079027355623 0.5739424703891709 0.5425531914893617 0.5708967851099831 0.5737082066869301 0.5617597292724196 0.5851063829787234
13 0.6006768189509306 0.5965045592705167 0.5939086294416244 0.5835866261398176 0.5905245346869712 0.5569908814589666 0.5925549915397631 0.526595744680851 0.5983079526226734 0.48328267477203646 0.6128595600676819 0.3791793313069909 0.6287648054145516 0.3829787234042553 0.6335025380710659 0.41033434650455924 0.6328257191201354 0.4734042553191489 0.6236886632825719 0.5425531914893617 0.622673434856176 0.5752279635258358 0.6230118443316413 0.5927051671732523
14 0.6263959390862944 0.5683890577507599 0.6230118443316413 0.5220364741641338 0.6263959390862944 0.4878419452887538 0.6409475465313029 0.3670212765957447 0.655160744500846 0.3890577507598784 0.6538071065989848 0.44756838905775076 0.6538071065989848 0.48632218844984804 0.6558375634517767 0.5121580547112462 0.6568527918781726 0.5319148936170213 0.6595600676818951 0.5554711246200608 0.6544839255499154 0.5767477203647416 0.6372250423011845 0.5881458966565349 0.6277495769881557 0.5866261398176292
16 0.4981387478849408 0.5896656534954408 0.515736040609137 0.5881458966565349 0.5126903553299492 0.6527355623100304 0.5082910321489001 0.7834346504559271 0.4981387478849408 0.770516717325228 0.4981387478849408 0.6572948328267477 0.4981387478849408 0.6238601823708206
17 0.5120135363790186 0.5881458966565349 0.5184433164128596 0.5866261398176292 0.5279187817258884 0.5835866261398176 0.5329949238578681 0.5896656534954408 0.5336717428087987 0.6170212765957447 0.5306260575296108 0.6458966565349544 0.528595600676819 0.6641337386018237 0.5204737732656515 0.8115501519756839 0.511336717428088 0.8062310030395137 0.511336717428088 0.7758358662613982 0.5133671742808799 0.7332826747720365 0.5140439932318105 0.6869300911854104 0.5140439932318105 0.6542553191489362 0.5133671742808799 0.6185410334346505
18 0.5329949238578681 0.6702127659574468 0.5292724196277496 0.6337386018237082 0.528595600676819 0.60790273556231 0.528595600676819 0.5995440729483282 0.5357021996615905 0.5881458966565349 0.5472081218274112 0.5881458966565349 0.5573604060913706 0.60790273556231 0.5553299492385787 0.6428571428571429 0.5516074450084603 0.6831306990881459 0.5465313028764806 0.7287234042553191 0.5407783417935702 0.8449848024316109 0.5299492385786801 0.8389057750759878 0.5272419627749577 0.8047112462006079 0.5313028764805414 0.7469604863221885 0.5313028764805414 0.702887537993921
19 0.550253807106599 0.709726443768997 0.5529610829103215 0.6557750759878419 0.5516074450084603 0.628419452887538 0.5516074450084603 0.6200607902735562 0.5580372250423011 0.5949848024316109 0.5708967851099831 0.5911854103343465 0.5766497461928934 0.5980243161094225 0.57834179357022 0.6139817629179332 0.5803722504230119 0.6428571428571429 0.5776649746192893 0.6709726443768997 0.571912013536379 0.7059270516717325 0.5715736040609137 0.7613981762917933 0.5675126903553299 0.8594224924012158 0.5522842639593909 0.8465045592705167 0.5522842639593909 0.7469604863221885
20 0.5715736040609137 0.7127659574468085 0.5725888324873096 0.6884498480243161 0.5725888324873096 0.6724924012158054 0.5708967851099831 0.6557750759878419 0.5732656514382403 0.6124620060790273 0.5790186125211506 0.6025835866261399 0.584771573604061 0.5995440729483282 0.6020304568527919 0.6253799392097265 0.6027072758037225 0.6458966565349544 0.5962774957698815 0.6724924012158054 0.5918781725888325 0.7241641337386018 0.5918781725888325 0.7788753799392097 0.584771573604061 0.8617021276595744 0.5732656514382403 0.8404255319148937 0.5739424703891709 0.7803951367781155
22 0.6328257191201354 0.7302431610942249 0.622673434856176 0.71580547112462 0.617258883248731 0.7013677811550152 0.6111675126903553 0.6838905775075987 0.6071065989847716 0.6610942249240122 0.6077834179357022 0.6337386018237082 0.6104906937394247 0.6223404255319149 0.6142131979695431 0.6155015197568389 0.6257191201353638 0.6094224924012158 0.6372250423011845 0.6056231003039514 0.6467005076142132 0.6109422492401215 0.6524534686971235 0.6398176291793313 0.6710659898477157 0.702887537993921 0.6774957698815567 0.7287234042553191 0.6862944162436548 0.7819148936170213 0.6673434856175973 0.8145896656534954 0.6531302876480541 0.7986322188449848
23 0.6595600676818951 0.6800911854103343 0.6565143824027073 0.6709726443768997 0.6460236886632825 0.6512158054711246 0.6395939086294417 0.6299392097264438 0.6402707275803723 0.6041033434650456 0.6450084602368866 0.5851063829787234 0.6609137055837564 0.5820668693009119 0.6781725888324873 0.5782674772036475 0.6839255499153977 0.5767477203647416 0.6896785109983079 0.5980243161094225 0.6896785109983079 0.6329787234042553 0.6927241962774958 0.6496960486322189 0.7143824027072758 0.6930091185410334 0.7272419627749577 0.756079027355623 0.6964467005076143 0.7575987841945289 0.6920473773265652 0.7484802431610942 0.6846023688663283 0.7332826747720365 0.6781725888324873 0.7218844984802432 0.6653130287648055 0.6983282674772037
24 0.48189509306260575 0.5927051671732523 0.48967851099830795 0.5896656534954408 0.4981387478849408 0.5965045592705167 0.4967851099830795 0.6770516717325228 0.48967851099830795 0.8001519756838906 0.47884940778341795 0.7849544072948328 0.48460236886632824 0.6983282674772037 0.48460236886632824 0.6398176291793313
25 0.4649746192893401 0.6367781155015197 0.4622673434856176 0.6155015197568389 0.46159052453468696 0.6025835866261399 0.4649746192893401 0.5881458966565349 0.47884940778341795 0.5896656534954408 0.48155668358714043 0.6025835866261399 0.483248730964467 0.6557750759878419 0.47884940778341795 0.8145896656534954 0.4673434856175973 0.8115501519756839 0.4653130287648054 0.6884498480243161
26 0.4436548223350254 0.6702127659574468 0.4436548223350254 0.6314589665653495 0.4463620981387479 0.601063829787234 0.4470389170896785 0.5927051671732523 0.4649746192893401 0.5980243161094225 0.46598984771573604 0.6170212765957447 0.4666666666666667 0.668693009118541 0.4666666666666667 0.7287234042553191 0.46598984771573604 0.770516717325228 0.45516074450084604 0.817629179331307 0.44873096446700506 0.7948328267477204 0.4480541455160745 0.7545592705167173 0.4463620981387479 0.6998480243161094
27 0.42402707275803725 0.6580547112462006 0.42064297800338407 0.628419452887538 0.42199661590524534 0.6056231003039514 0.42707275803722505 0.5835866261398176 0.4304568527918782 0.5752279635258358 0.4436548223350254 0.5767477203647416 0.4480541455160745 0.5881458966565349 0.45211505922165823 0.6200607902735562 0.4527918781725888 0.6458966565349544 0.4450084602368866 0.6816109422492401 0.43485617597292725 0.8130699088145896 0.42538071065989846 0.8092705167173252 0.4196277495769882 0.7689969604863222 0.42199661590524534 0.7256838905775076 0.422673434856176 0.6816109422492401
28 0.39661590524534684 0.7986322188449848 0.4027072758037225 0.7386018237082067 0.4027072758037225 0.6899696048632219 0.40033840947546534 0.6542553191489362 0.40033840947546534 0.6155015197568389 0.40338409475465314 0.5949848024316109 0.41421319796954315 0.581306990881459 0.4304568527918782 0.5896656534954408 0.43282571912013534 0.6139817629179332 0.43214890016920476 0.6398176291793313 0.4277495769881557 0.6770516717325228 0.42199661590524534 0.7241641337386018 0.4138747884940778 0.8077507598784195 0.411844331641286 0.8320668693009119
29 0.38307952622673436 0.7887537993920972 0.3915397631133672 0.7720364741641338 0.4010152284263959 0.6968085106382979 0.40609137055837563 0.6671732522796353 0.41421319796954315 0.6329787234042553 0.4182741116751269 0.6124620060790273 0.4148900169204738 0.5942249240121581 0.40473773265651436 0.5835866261398176 0.3817258883248731 0.5851063829787234 0.36852791878172586 0.5835866261398176 0.3715736040609137 0.628419452887538 0.36717428087986465 0.6595744680851063 0.35939086294416245 0.6998480243161094 0.3522842639593909 0.756079027355623 0.34991539763113366 0.7803951367781155 0.36074450084602366 0.8145896656534954
30 0.33570219966159054 0.7872340425531915 0.34043993231810493 0.743161094224924 0.34991539763113366 0.7127659574468085 0.35939086294416245 0.6770516717325228 0.37225042301184436 0.6512158054711246 0.377326565143824 0.628419452887538 0.3824027072758037 0.5851063829787234 0.37292724196277494 0.5752279635258358 0.3570219966159052 0.5706686930091185 0.34483925549915395 0.5623100303951368 0.33908629441624366 0.5623100303951368 0.3296108291032149 0.5896656534954408 0.3269035532994924 0.6458966565349544 0.32115059221658204 0.6702127659574468 0.31235194585448395 0.7803951367781155