6 0.29029957203994294 0.4756838905775076 0.28530670470756064 0.5121580547112462 0.29457917261055633 0.5395136778115501 0.30527817403708984 0.5349544072948328 0.32667617689015693 0.5577507598784195 0.34022824536376606 0.5395136778115501 0.34450784593437944 0.45972644376899696 0.3384450784593438 0.3738601823708207 0.32917261055634806 0.3161094224924012 0.325962910128388 0.30167173252279633 0.31169757489301 0.2712765957446808 0.2906562054208274 0.28495440729483285 0.2813837375178317 0.31155015197568386 0.286376604850214 0.40501519756838905
5 0.34022824536376606 0.493161094224924 0.3363052781740371 0.5364741641337386 0.3559201141226819 0.5623100303951368 0.3830242510699001 0.5326747720364742 0.3801711840228245 0.4787234042553192 0.37910128388017117 0.41185410334346506 0.3751783166904422 0.371580547112462 0.37054208273894434 0.32598784194528874 0.36626248216833096 0.2978723404255319 0.35770328102710414 0.29711246200607905 0.33452211126961484 0.3168693009118541 0.33202567760342366 0.36930091185410335 0.3405848787446505 0.446048632218845
4 0.37945791726105566 0.4848024316109423 0.3819543509272468 0.5349544072948328 0.3980028530670471 0.541033434650456 0.41476462196861624 0.5448328267477204 0.4211840228245364 0.5197568389057751 0.4222539229671897 0.46808510638297873 0.41012838801711843 0.3791793313069909 0.40691868758915833 0.31990881458966564 0.4040656205420827 0.2872340425531915 0.3980028530670471 0.2621580547112462 0.3898002853067047 0.26595744680851063 0.3801711840228245 0.31458966565349544 0.37874465049928674 0.37537993920972645
3 0.40477888730385164 0.47720364741641336 0.4037089871611983 0.5075987841945289 0.4136947218259629 0.5448328267477204 0.4290299572039943 0.5296352583586627 0.43366619115549215 0.540273556231003 0.4397289586305278 0.5212765957446809 0.44186875891583455 0.46580547112462006 0.43580599144079885 0.40425531914893614 0.43009985734664763 0.34194528875379937 0.427246790299572 0.30167173252279633 0.42653352353780316 0.2629179331306991 0.42082738944365194 0.24012158054711247 0.41048502139800286 0.2439209726443769 0.4015691868758916 0.30623100303951367 0.3980028530670471 0.3791793313069909 0.40192582025677603 0.45592705167173253
2 0.42867332382310985 0.49240121580547114 0.4290299572039943 0.5250759878419453 0.4397289586305278 0.5493920972644377 0.4482881597717546 0.5387537993920972 0.4614835948644793 0.4734042553191489 0.45756062767475036 0.439209726443769 0.4514978601997147 0.36246200607902734 0.44971469329529246 0.3191489361702128 0.44686162624821685 0.26443768996960487 0.44436519258202567 0.22796352583586627 0.4372325249643367 0.2135258358662614 0.4290299572039943 0.22644376899696048 0.4247503566333809 0.36854103343465044
1 0.4536376604850214 0.4764437689969605 0.4536376604850214 0.53419452887538 0.4682596291012839 0.5539513677811551 0.4810984308131241 0.541033434650456 0.4814550641940086 0.4756838905775076 0.4810984308131241 0.41109422492401215 0.4775320970042796 0.36854103343465044 0.474679029957204 0.3282674772036474 0.4711126961483595 0.2925531914893617 0.4664764621968616 0.2735562310030395 0.46184022824536375 0.27887537993920974 0.4593437945791726 0.3168693009118541
0 0.4810984308131241 0.4810030395136778 0.481811697574893 0.5311550151975684 0.4868045649072753 0.5486322188449848 0.5057061340941512 0.5448328267477204 0.5139087018544936 0.526595744680851 0.5074893009985735 0.4430091185410334 0.5042796005706134 0.3860182370820669 0.5042796005706134 0.3472644376899696 0.503922967189729 0.30623100303951367 0.5010699001426534 0.2826747720364742 0.48894436519258205 0.2743161094224924 0.4843081312410842 0.30015197568389057 0.4789586305278174 0.38069908814589665
8 0.5017831669044223 0.47188449848024316 0.49893009985734665 0.506079027355623 0.5014265335235378 0.5243161094224924 0.5171184022824536 0.5326747720364742 0.5303138373751783 0.520516717325228 0.5349500713266762 0.49012158054711247 0.5349500713266762 0.43541033434650456 0.5349500713266762 0.3844984802431611 0.5349500713266762 0.3366261398176292 0.5328102710413695 0.29027355623100304 0.5313837375178316 0.2629179331306991 0.5246077032810271 0.25227963525835867 0.5128388017118403 0.25227963525835867 0.507132667617689 0.30623100303951367
9 0.5267475035663338 0.4848024316109423 0.5235378031383737 0.5288753799392097 0.5285306704707561 0.5493920972644377 0.5463623395149786 0.5524316109422492 0.5549215406562055 0.5235562310030395 0.5567047075606276 0.45440729483282677 0.5584878744650499 0.38069908814589665 0.5584878744650499 0.3434650455927052 0.5613409415121255 0.2750759878419453 0.5627674750356634 0.24164133738601823 0.5509985734664765 0.2378419452887538 0.5445791726105563 0.26063829787234044
10 0.5556348074179743 0.4673252279635258 0.5527817403708987 0.4939209726443769 0.5527817403708987 0.5045592705167173 0.5538516405135521 0.5212765957446809 0.5602710413694721 0.5463525835866262 0.5709700427960057 0.5577507598784195 0.579885877318117 0.5531914893617021 0.5848787446504993 0.5144376899696048 0.5877318116975749 0.4430091185410334 0.5898716119828816 0.3708206686930091 0.5959343794579173 0.3229483282674772 0.598074179743224 0.27203647416413373 0.598074179743224 0.24164133738601823 0.5937945791726106 0.23632218844984804 0.5841654778887304 0.24316109422492402 0.5631241084165478 0.3882978723404255
11 0.5784593437945792 0.4825227963525836 0.5745363766048502 0.506079027355623 0.5802425106990015 0.541033434650456 0.5891583452211127 0.541033434650456 0.5966476462196861 0.5531914893617021 0.6073466476462197 0.5539513677811551 0.612339514978602 0.5227963525835866 0.6119828815977175 0.4490881458966565 0.6173323823109843 0.3905775075987842 0.6208987161198288 0.3541033434650456 0.6226818830242511 0.3123100303951368 0.6180456490727532 0.2857142857142857 0.608416547788873 0.29103343465045595
12 0.605206847360913 0.49848024316109424 0.6016405135520685 0.520516717325228 0.6094864479315264 0.5486322188449848 0.6191155492154066 0.5455927051671733 0.6237517831669044 0.5554711246200608 0.637660485021398 0.5349544072948328 0.640870185449358 0.5159574468085106 0.6405135520684736 0.47112462006079026 0.6422967189728959 0.3594224924012158 0.6440798858773181 0.28951367781155013 0.6419400855920114 0.26367781155015196 0.6273181169757489 0.26367781155015196 0.6137660485021398 0.3799392097264438
13 0.6348074179743224 0.5 0.6326676176890157 0.5258358662613982 0.6398002853067047 0.5516717325227963 0.6551355206847361 0.547112462006079 0.670827389443652 0.5562310030395137 0.6797432239657631 0.5357142857142857 0.6797432239657631 0.4886018237082067 0.6829529243937232 0.39893617021276595 0.6843794579172611 0.33890577507598785 0.6850927246790299 0.2765957446808511 0.6722539229671898 0.24620060790273557 0.6597717546362339 0.2796352583586626
14 0.677960057061341 0.4756838905775076 0.6808131241084165 0.5281155015197568 0.6893723252496433 0.541033434650456 0.7164764621968617 0.5220364741641338 0.7250356633380884 0.5075987841945289 0.7225392296718973 0.46808510638297873 0.7150499286733238 0.3913373860182371 0.7097004279600571 0.331306990881459 0.7093437945791726 0.2948328267477204 0.7061340941512125 0.25455927051671734 0.6947218259629101 0.2651975683890577 0.6893723252496433 0.2773556231003039
15 0.7146932952924394 0.45896656534954405 0.7221825962910129 0.506079027355623 0.7368045649072753 0.5144376899696048 0.7489300998573466 0.5030395136778115 0.7621255349500713 0.4635258358662614 0.7582025677603423 0.41793313069908816 0.7510699001426534 0.35030395136778114 0.7453637660485022 0.2978723404255319 0.7393009985734664 0.26443768996960487 0.7318116975748931 0.24164133738601823 0.7189728958630528 0.23708206686930092 0.7111269614835949 0.24696048632218845 0.7072039942938659 0.3047112462006079
23 0.7189728958630528 0.5577507598784195 0.7118402282453637 0.587386018237082 0.7164764621968617 0.6147416413373861 0.7282453637660485 0.6724924012158054 0.742867332382311 0.7325227963525835 0.760342368045649 0.7545592705167173 0.7788873038516405 0.7469604863221885 0.7845934379457917 0.708966565349544 0.7785306704707561 0.6496960486322189 0.7703281027104137 0.6056231003039514 0.7667617689015692 0.5699088145896657 0.760342368045649 0.547112462006079 0.7560627674750356 0.5440729483282675 0.7414407988587732 0.5539513677811551 0.7303851640513552 0.5547112462006079
22 0.6875891583452212 0.5775075987841946 0.666904422253923 0.5904255319148937 0.6601283880171184 0.6132218844984803 0.6679743223965763 0.6740121580547113 0.6833095577746077 0.7492401215805471 0.7057774607703281 0.7955927051671733 0.7203994293865906 0.8221884498480243 0.7410841654778887 0.8100303951367781 0.742867332382311 0.7697568389057751 0.7407275320970043 0.7211246200607903 0.7278887303851641 0.6732522796352584 0.7189728958630528 0.6299392097264438 0.7132667617689016 0.5881458966565349 0.7079172610556348 0.5714285714285714 0.6968616262482168 0.5729483282674772
20 0.594151212553495 0.6094224924012158 0.587018544935806 0.6200607902735562 0.5848787446504993 0.6352583586626139 0.598074179743224 0.6816109422492401 0.6062767475035663 0.7545592705167173 0.6148359486447932 0.8100303951367781 0.6258915834522111 0.8411854103343465 0.637660485021398 0.8351063829787234 0.6383737517831669 0.7819148936170213 0.6269614835948645 0.6884498480243161 0.6241084165477889 0.64209726443769 0.6241084165477889 0.6200607902735562 0.6173323823109843 0.601823708206687 0.6062767475035663 0.5995440729483282
19 0.568830242510699 0.601063829787234 0.5627674750356634 0.6193009118541033 0.5634807417974322 0.6458966565349544 0.5695435092724679 0.702887537993921 0.5795292439372325 0.7849544072948328 0.5948644793152639 0.8335866261398176 0.604493580599144 0.8290273556231003 0.6048502139800286 0.7697568389057751 0.5959343794579173 0.6664133738601824 0.5927246790299572 0.6193009118541033 0.5895149786019972 0.601063829787234 0.5781027104136948 0.5919452887537994
18 0.5392296718972895 0.5828267477203647 0.5335235378031383 0.6056231003039514 0.5335235378031383 0.6671732522796353 0.5417261055634808 0.7689969604863222 0.5492154065620543 0.8465045592705167 0.5638373751783167 0.8822188449848024 0.5709700427960057 0.8768996960486323 0.5699001426533523 0.790273556231003 0.5652639087018545 0.6800911854103343 0.5627674750356634 0.5995440729483282 0.5567047075606276 0.5797872340425532 0.5485021398002853 0.5805471124620061
17 0.521398002853067 0.5699088145896657 0.5096291012838802 0.5729483282674772 0.511055634807418 0.6048632218844985 0.5153352353780314 0.6960486322188449 0.5203281027104137 0.790273556231003 0.5335235378031383 0.8237082066869301 0.5370898716119828 0.8016717325227963 0.5356633380884451 0.6968085106382979 0.5335235378031383 0.6291793313069909 0.5335235378031383 0.5927051671732523 0.5349500713266762 0.574468085106383 0.526034236804565 0.5683890577507599
16 0.5032097004279601 0.574468085106383 0.49679029957203996 0.5759878419452887 0.49536376604850213 0.60790273556231 0.5 0.6572948328267477 0.5003566333808844 0.7325227963525835 0.5035663338088445 0.7727963525835866 0.5085592011412268 0.7925531914893617 0.5153352353780314 0.7887537993920972 0.5167617689015692 0.7408814589665653 0.5160485021398002 0.621580547112462 0.5171184022824536 0.5866261398176292 0.5171184022824536 0.5714285714285714 0.5064194008559201 0.5691489361702128
24 0.48787446504992865 0.5721884498480243 0.481811697574893 0.5775075987841946 0.48609129814550645 0.668693009118541 0.48787446504992865 0.7492401215805471 0.49322396576319544 0.8085106382978723 0.5017831669044223 0.7887537993920972 0.5003566333808844 0.675531914893617 0.5049928673323824 0.587386018237082 0.5060627674750356 0.5782674772036475 0.5003566333808844 0.5668693009118541
25 0.4686162624821683 0.5721884498480243 0.4600570613409415 0.5775075987841946 0.4600570613409415 0.6261398176291794 0.4682596291012839 0.7249240121580547 0.4764621968616263 0.8069908814589666 0.48359486447931527 0.8145896656534954 0.4921540656205421 0.8047112462006079 0.4871611982881598 0.6945288753799392 0.48573466476462196 0.6117021276595744 0.48573466476462196 0.5820668693009119 0.48038516405135523 0.5721884498480243
26 0.4425820256776034 0.5767477203647416 0.43616262482168333 0.5987841945288754 0.4368758915834522 0.6428571428571429 0.43937232524964337 0.7644376899696048 0.44186875891583455 0.8290273556231003 0.44365192582025675 0.8571428571428571 0.4500713266761769 0.8746200607902735 0.4593437945791726 0.851063829787234 0.4643366619115549 0.7021276595744681 0.46718972895863053 0.6200607902735562 0.4639800285306705 0.5858662613981763 0.45542082738944367 0.5729483282674772
27 0.4172610556348074 0.5927051671732523 0.4062054208273894 0.6132218844984803 0.40691868758915833 0.6694528875379939 0.4087018544935806 0.7469604863221885 0.41298145506419404 0.8145896656534954 0.42582025677603424 0.8229483282674772 0.4333095577746077 0.7773556231003039 0.43865905848787445 0.6557750759878419 0.43937232524964337 0.6124620060790273 0.43366619115549215 0.5995440729483282 0.42546362339514976 0.587386018237082 0.42047075606276746 0.587386018237082
28 0.3883737517831669 0.5965045592705167 0.3798145506419401 0.6147416413373861 0.3801711840228245 0.6838905775075987 0.3801711840228245 0.7879939209726444 0.38159771754636235 0.8351063829787234 0.38873038516405134 0.8404255319148937 0.40014265335235377 0.8199088145896657 0.41048502139800286 0.7203647416413373 0.41262482168330955 0.6580547112462006 0.41797432239657634 0.6231003039513677 0.4144079885877318 0.5987841945288754 0.4033523537803138 0.5965045592705167 0.3980028530670471 0.5881458966565349
29 0.3462910128388017 0.5987841945288754 0.3363052781740371 0.601823708206687 0.32988587731811697 0.6177811550151976 0.333095577746077 0.6595744680851063 0.3281027104136947 0.7416413373860182 0.31990014265335237 0.790273556231003 0.3281027104136947 0.8434650455927052 0.34308131241084167 0.8495440729483282 0.3769614835948645 0.7720364741641338 0.3801711840228245 0.6861702127659575 0.3862339514978602 0.6352583586626139 0.3883737517831669 0.5995440729483282 0.38409415121255347 0.5911854103343465 0.3698288159771755 0.5949848024316109
30 0.3013552068473609 0.5759878419452887 0.2917261055634807 0.5858662613981763 0.2817403708987161 0.6322188449848024 0.2731811697574893 0.6831306990881459 0.2582025677603424 0.7553191489361702 0.2574893009985735 0.7948328267477204 0.2710413694721826 0.8138297872340425 0.30313837375178315 0.7963525835866262 0.3252496433666191 0.7188449848024316 0.3377318116975749 0.6656534954407295 0.34522111269614836 0.6382978723404256 0.3487874465049929 0.6162613981762918 0.34308131241084167 0.6003039513677811 0.3327389443651926 0.5835866261398176 0.32489300998573467 0.581306990881459 0.31490727532097007 0.587386018237082 0.31062767475035663 0.5759878419452887 0.30599144079885876 0.5797872340425532