0 0.49629380053908356 0.4817629179331307 0.4956199460916442 0.5182370820668692 0.4828167115902965 0.5319148936170213 0.4727088948787062 0.520516717325228 0.4747304582210243 0.4688449848024316 0.47675202156334234 0.3844984802431611 0.478099730458221 0.2857142857142857 0.4858490566037736 0.25987841945288753 0.5003369272237197 0.30851063829787234
1 0.45653638814016173 0.4688449848024316 0.4555256064690027 0.5015197568389058 0.4612533692722372 0.5319148936170213 0.4716981132075472 0.526595744680851 0.47304582210242585 0.49620060790273557 0.47675202156334234 0.4278115501519757 0.47641509433962265 0.3601823708206687 0.47675202156334234 0.2986322188449848 0.4747304582210243 0.2553191489361702 0.46462264150943394 0.24696048632218845 0.45754716981132076 0.2682370820668693
2 0.4454177897574124 0.4810030395136778 0.4474393530997305 0.5182370820668692 0.4538409703504043 0.5281155015197568 0.4636118598382749 0.5144376899696048 0.47035040431266845 0.4810030395136778 0.4727088948787062 0.42629179331306993 0.4720350404312669 0.3601823708206687 0.47102425876010784 0.30243161094224924 0.46765498652291104 0.2674772036474164 0.4555256064690027 0.256838905775076 0.4454177897574124 0.2857142857142857 0.4444070080862534 0.39285714285714285
3 0.4164420485175202 0.44376899696048633 0.41172506738544473 0.47720364741641336 0.419811320754717 0.5144376899696048 0.43733153638814015 0.506079027355623 0.44002695417789756 0.44832826747720367 0.44272237196765496 0.3639817629179331 0.44272237196765496 0.30623100303951367 0.4380053908355795 0.27811550151975684 0.4282345013477089 0.2743161094224924 0.42082210242587603 0.30015197568389057 0.4171159029649596 0.38677811550151975
4 0.39555256064690025 0.4566869300911854 0.39622641509433965 0.5022796352583586 0.41206199460916443 0.5037993920972644 0.4211590296495957 0.4992401215805471 0.42014824797843664 0.44452887537993924 0.42082210242587603 0.37462006079027355 0.4221698113207547 0.32978723404255317 0.42183288409703507 0.29635258358662614 0.4164420485175202 0.29027355623100304 0.4066711590296496 0.30015197568389057 0.4029649595687331 0.33282674772036475
5 0.37432614555256066 0.4217325227963526 0.3689353099730458 0.45896656534954405 0.37163072776280326 0.4908814589665654 0.3884770889487871 0.5 0.4036388140161725 0.5 0.4066711590296496 0.46048632218844987 0.40195417789757415 0.40501519756838905 0.40195417789757415 0.3373860182370821 0.4002695417789757 0.3069908814589666 0.39555256064690025 0.2864741641337386 0.38477088948787064 0.2803951367781155 0.36994609164420483 0.2948328267477204 0.3638814016172507 0.32370820668693007 0.37264150943396224 0.3822188449848024
6 0.341644204851752 0.4278115501519757 0.340633423180593 0.44984802431610943 0.3524258760107817 0.48328267477203646 0.37365229110512127 0.493161094224924 0.3793800539083558 0.45592705167173253 0.37567385444743934 0.3974164133738602 0.37432614555256066 0.3556231003039514 0.36826145552560646 0.3069908814589666 0.35714285714285715 0.2864741641337386 0.34535040431266845 0.30243161094224924 0.3443396226415094 0.3373860182370821
8 0.4973045822102426 0.4734042553191489 0.4956199460916442 0.5220364741641338 0.5101078167115903 0.5303951367781155 0.5245956873315364 0.5167173252279635 0.523921832884097 0.45440729483282677 0.5256064690026954 0.3799392097264438 0.5256064690026954 0.32674772036474165 0.5259433962264151 0.27583586626139817 0.5219002695417789 0.256838905775076 0.5131401617250674 0.25151975683890576 0.5 0.2743161094224924
9 0.5232479784366577 0.4703647416413374 0.5276280323450134 0.513677811550152 0.5377358490566038 0.5281155015197568 0.5464959568733153 0.513677811550152 0.5475067385444744 0.4749240121580547 0.5411051212938005 0.4095744680851064 0.5431266846361186 0.3229483282674772 0.5336927223719676 0.2887537993920973 0.5276280323450134 0.3123100303951368 0.5245956873315364 0.3822188449848024 0.5232479784366577 0.4566869300911854
10 0.5394204851752021 0.45288753799392095 0.5394204851752021 0.4810030395136778 0.545822102425876 0.5159574468085106 0.5603099730458221 0.520516717325228 0.566711590296496 0.5015197568389058 0.5650269541778976 0.44680851063829785 0.5596361185983828 0.385258358662614 0.5559299191374663 0.3229483282674772 0.5528975741239892 0.28799392097264437 0.5431266846361186 0.26595744680851063 0.5357142857142857 0.2803951367781155 0.5357142857142857 0.3183890577507599
11 0.5532345013477089 0.4399696048632219 0.5532345013477089 0.4870820668693009 0.558288409703504 0.506079027355623 0.5683962264150944 0.49772036474164133 0.5774932614555256 0.5121580547112462 0.5859164420485176 0.48328267477203646 0.5815363881401617 0.43541033434650456 0.5764824797843666 0.3556231003039514 0.5764824797843666 0.29407294832826747 0.5694070080862533 0.24772036474164133 0.5555929919137467 0.2454407294832827 0.5485175202156334 0.2682370820668693 0.5549191374663073 0.35790273556231
12 0.5704177897574124 0.45288753799392095 0.5714285714285714 0.4878419452887538 0.5882749326145552 0.4992401215805471 0.5987196765498652 0.49164133738601823 0.6024258760107817 0.4376899696048632 0.5977088948787062 0.3844984802431611 0.5973719676549866 0.33282674772036475 0.5929919137466307 0.2887537993920973 0.5913072776280324 0.2591185410334346 0.5882749326145552 0.23860182370820668 0.5785040431266847 0.23632218844984804 0.568733153638814 0.25151975683890576
13 0.5842318059299192 0.3723404255319149 0.5832210242587601 0.41413373860182373 0.5828840970350404 0.4566869300911854 0.5872641509433962 0.4825227963525836 0.6030997304582211 0.4946808510638298 0.6236522911051213 0.48328267477203646 0.6283692722371967 0.44832826747720367 0.623989218328841 0.3951367781155015 0.6253369272237197 0.3548632218844985 0.6293800539083558 0.31534954407294835 0.6273584905660378 0.2857142857142857 0.6108490566037735 0.26443768996960487 0.5953504043126685 0.2887537993920973 0.5899595687331537 0.3191489361702128
14 0.6209568733153639 0.3890577507598784 0.6229784366576819 0.43237082066869303 0.6314016172506739 0.4574468085106383 0.6435309973045822 0.45288753799392095 0.6553234501347709 0.42857142857142855 0.6553234501347709 0.3822188449848024 0.648921832884097 0.28191489361702127 0.6445417789757413 0.25759878419452886 0.6384770889487871 0.25 0.628032345013477 0.25759878419452886 0.6246630727762803 0.28495440729483285
16 0.49528301886792453 0.5433130699088146 0.4942722371967655 0.5623100303951368 0.49494609164420483 0.6299392097264438 0.49494609164420483 0.6732522796352584 0.49831536388140163 0.7104863221884499 0.5050539083557951 0.7264437689969605 0.5134770889487871 0.7142857142857143 0.5111185983827493 0.6504559270516718 0.5111185983827493 0.5790273556231003 0.5101078167115903 0.5493920972644377 0.501010781671159 0.541033434650456
17 0.5087601078167115 0.5387537993920972 0.512466307277628 0.6048632218844985 0.512466307277628 0.6717325227963525 0.5151617250673854 0.7074468085106383 0.522911051212938 0.7408814589665653 0.5289757412398922 0.7446808510638298 0.5330188679245284 0.7188449848024316 0.5293126684636119 0.6193009118541033 0.5309973045822103 0.5691489361702128 0.5303234501347709 0.5364741641337386 0.5252695417789758 0.5281155015197568
18 0.5242587601078167 0.541033434650456 0.5293126684636119 0.5942249240121581 0.5330188679245284 0.6641337386018237 0.5330188679245284 0.7104863221884499 0.543800539083558 0.756838905775076 0.5508760107816711 0.743161094224924 0.5515498652291105 0.7013677811550152 0.5528975741239892 0.6231003039513677 0.5508760107816711 0.5706686930091185 0.5508760107816711 0.5364741641337386 0.5471698113207547 0.5243161094224924 0.5360512129380054 0.5288753799392097
19 0.5478436657681941 0.5303951367781155 0.5448113207547169 0.5372340425531915 0.5424528301886793 0.5592705167173252 0.5498652291105122 0.6048632218844985 0.5528975741239892 0.6702127659574468 0.5589622641509434 0.7188449848024316 0.5643530997304582 0.7393617021276596 0.5751347708894878 0.7355623100303952 0.5710916442048517 0.6147416413373861 0.5717654986522911 0.5501519756838906 0.566711590296496 0.5235562310030395 0.5579514824797843 0.520516717325228
20 0.5515498652291105 0.5334346504559271 0.557277628032345 0.5615501519756839 0.5680592991913747 0.6086626139817629 0.5778301886792453 0.6702127659574468 0.5879380053908356 0.7249240121580547 0.5960242587601078 0.7462006079027356 0.6078167115902965 0.7492401215805471 0.6054582210242587 0.6869300911854104 0.5916442048517521 0.5805471124620061 0.5852425876010782 0.5281155015197568 0.579177897574124 0.5075987841945289 0.5660377358490566 0.520516717325228 0.5549191374663073 0.520516717325228
21 0.5724393530997305 0.5296352583586627 0.5761455525606469 0.5600303951367781 0.5886118598382749 0.6428571428571429 0.6030997304582211 0.702887537993921 0.6159029649595688 0.7287234042553191 0.6367924528301887 0.7393617021276596 0.6425202156334232 0.6884498480243161 0.6283692722371967 0.5934650455927052 0.6189353099730458 0.5547112462006079 0.6169137466307277 0.5159574468085106 0.6088274932614556 0.49544072948328266 0.5940026954177897 0.4969604863221885 0.5754716981132075 0.5091185410334347 0.5731132075471698 0.5197568389057751
22 0.6074797843665768 0.4939209726443769 0.6057951482479784 0.5212765957446809 0.6169137466307277 0.5790273556231003 0.637466307277628 0.6671732522796353 0.6506064690026954 0.7051671732522796 0.6701482479784366 0.7059270516717325 0.6819407008086253 0.6732522796352584 0.6725067385444744 0.6170212765957447 0.6583557951482479 0.5531914893617021 0.6536388140161725 0.513677811550152 0.6482479784366577 0.4886018237082067 0.6398247978436657 0.4673252279635258 0.6297169811320755 0.4703647416413374 0.6243261455525606 0.4817629179331307 0.6115229110512129 0.4886018237082067
23 0.6310646900269542 0.46656534954407297 0.6290431266846361 0.48404255319148937 0.6337601078167115 0.5151975683890577 0.6465633423180593 0.541033434650456 0.657345013477089 0.5790273556231003 0.6728436657681941 0.6101823708206687 0.6836253369272237 0.6253799392097265 0.704177897574124 0.6155015197568389 0.7095687331536388 0.5767477203647416 0.704177897574124 0.5478723404255319 0.6883423180592992 0.5303951367781155 0.680256064690027 0.4946808510638298 0.6789083557951483 0.45896656534954405 0.6701482479784366 0.43617021276595747 0.6647574123989218 0.4331306990881459 0.6553234501347709 0.4369300911854103 0.648921832884097 0.45288753799392095 0.6415094339622641 0.4635258358662614
24 0.4942722371967655 0.5547112462006079 0.49292452830188677 0.6086626139817629 0.4912398921832884 0.6641337386018237 0.49056603773584906 0.6968085106382979 0.48247978436657685 0.7264437689969605 0.4727088948787062 0.7211246200607903 0.4747304582210243 0.6610942249240122 0.478099730458221 0.5759878419452887 0.478099730458221 0.5417933130699089 0.4841644204851752 0.5349544072948328
25 0.4612533692722372 0.5379939209726444 0.45889487870619944 0.5531914893617021 0.46057951482479786 0.5911854103343465 0.4582210242587601 0.6550151975683891 0.45417789757412397 0.702887537993921 0.455188679245283 0.7348024316109423 0.46495956873315364 0.736322188449848 0.47102425876010784 0.7082066869300911 0.4750673854447439 0.6466565349544073 0.4784366576819407 0.5600303951367781 0.4784366576819407 0.5372340425531915 0.46630727762803237 0.5326747720364742
26 0.4390161725067385 0.541033434650456 0.43733153638814015 0.5790273556231003 0.43463611859838275 0.6930091185410334 0.433288409703504 0.7545592705167173 0.43733153638814015 0.7697568389057751 0.44878706199460916 0.7712765957446809 0.45350404312668463 0.7310030395136778 0.4615902964959569 0.5729483282674772 0.46192722371967654 0.5417933130699089 0.4558625336927224 0.5334346504559271 0.4501347708894879 0.5319148936170213
27 0.42183288409703507 0.5364741641337386 0.41880053908355797 0.567629179331307 0.41576819407008087 0.6474164133738601 0.41273584905660377 0.6930091185410334 0.41206199460916443 0.7241641337386018 0.4221698113207547 0.736322188449848 0.4295822102425876 0.7241641337386018 0.43497304582210244 0.6633738601823708 0.44036388140161725 0.5995440729483282 0.44609164420485176 0.5577507598784195 0.4474393530997305 0.5349544072948328 0.4390161725067385 0.5258358662613982 0.433288409703504 0.5235562310030395
28 0.41004043126684636 0.5212765957446809 0.4063342318059299 0.5288753799392097 0.3999326145552561 0.5752279635258358 0.39016172506738545 0.6610942249240122 0.38578167115902967 0.689209726443769 0.38274932614555257 0.7325227963525835 0.38409703504043125 0.7606382978723404 0.4006064690026954 0.7477203647416414 0.41745283018867924 0.6231003039513677 0.43194070080862534 0.5554711246200608 0.4326145552560647 0.5235562310030395 0.4225067385444744 0.520516717325228
29 0.3837601078167116 0.5030395136778115 0.3746630727762803 0.5197568389057751 0.37365229110512127 0.5539513677811551 0.3608490566037736 0.6094224924012158 0.352088948787062 0.6466565349544073 0.3500673854447439 0.6740121580547113 0.3581536388140162 0.6990881458966566 0.375 0.6990881458966566 0.38746630727762804 0.6778115501519757 0.40869272237196763 0.5828267477203647 0.4164420485175202 0.5531914893617021 0.4181266846361186 0.5235562310030395 0.4107142857142857 0.5159574468085106 0.4026280323450135 0.5182370820668692 0.39824797843665766 0.5091185410334347 0.3918463611859838 0.5075987841945289
30 0.35107816711590295 0.48024316109422494 0.3433288409703504 0.4946808510638298 0.3389487870619946 0.5212765957446809 0.3335579514824798 0.5531914893617021 0.3194070080862534 0.5911854103343465 0.30929919137466305 0.6139817629179332 0.30357142857142855 0.6550151975683891 0.30929919137466305 0.6975683890577508 0.32681940700808626 0.6983282674772037 0.34400269541778977 0.6603343465045592 0.36253369272237196 0.6063829787234043 0.37634770889487873 0.5623100303951368 0.3867924528301887 0.5303951367781155 0.38746630727762804 0.5075987841945289 0.38140161725067384 0.5015197568389058 0.37331536388140163 0.5015197568389058 0.36522911051212936 0.4939209726443769 0.35680592991913745 0.48328267477203646
31 0.306266846361186 0.46656534954407297 0.30390835579514824 0.47720364741641336 0.29784366576819404 0.5129179331306991 0.28942048517520214 0.5387537993920972 0.27931266846361186 0.5645896656534954 0.2722371967654987 0.5843465045592705 0.27088948787061995 0.6132218844984803 0.2783018867924528 0.6390577507598785 0.3076145552560647 0.6253799392097265 0.3308625336927224 0.5638297872340425 0.34029649595687333 0.5296352583586627 0.3500673854447439 0.5121580547112462 0.3527628032345013 0.48632218844984804 0.3477088948787062 0.47188449848024316 0.3419811320754717 0.46656534954407297 0.3305256064690027 0.4521276595744681 0.3224393530997305 0.446048632218845 0.3170485175202156 0.44148936170212766