0 0.47895652173913045 0.541033434650456 0.49391304347826087 0.541033434650456 0.5078260869565218 0.5387537993920972 0.5050434782608696 0.49240121580547114 0.5022608695652174 0.4490881458966565 0.49391304347826087 0.27887537993920974 0.4782608695652174 0.2765957446808511 0.47304347826086957 0.39285714285714285 0.47095652173913044 0.46808510638297873 0.47408695652173916 0.5129179331306991
1 0.45113043478260867 0.541033434650456 0.4751304347826087 0.5387537993920972 0.47582608695652173 0.5151975683890577 0.47095652173913044 0.4521276595744681 0.4636521739130435 0.30851063829787234 0.448 0.3130699088145897 0.45113043478260867 0.4133738601823708 0.44869565217391305 0.4886018237082067 0.4493913043478261 0.5326747720364742
2 0.42434782608695654 0.5433130699088146 0.44069565217391304 0.5440729483282675 0.44904347826086954 0.5372340425531915 0.45008695652173913 0.5174772036474165 0.4462608695652174 0.4764437689969605 0.44417391304347825 0.40577507598784196 0.42678260869565215 0.28495440729483285 0.4146086956521739 0.29635258358662614 0.41982608695652174 0.4209726443768997 0.4222608695652174 0.4886018237082067 0.4201739130434783 0.5212765957446809
3 0.3996521739130435 0.5159574468085106 0.4 0.5379939209726444 0.4027826086956522 0.5486322188449848 0.4146086956521739 0.5486322188449848 0.41982608695652174 0.5448328267477204 0.4316521739130435 0.5433130699088146 0.43478260869565216 0.5030395136778115 0.42469565217391303 0.4369300911854103 0.40904347826086956 0.30319148936170215 0.39443478260869563 0.3069908814589666 0.4003478260869565 0.42629179331306993 0.3996521739130435 0.49620060790273557
6 0.3130434782608696 0.5319148936170213 0.32521739130434785 0.547112462006079 0.33704347826086956 0.560790273556231 0.34747826086956524 0.5440729483282675 0.34991304347826085 0.4969604863221885 0.3443478260869565 0.46808510638297873 0.3443478260869565 0.4217325227963526 0.3311304347826087 0.3191489361702128 0.3099130434782609 0.3351063829787234 0.3109565217391304 0.40805471124620063 0.31582608695652176 0.4642857142857143 0.31234782608695655 0.5083586626139818
8 0.5092173913043478 0.5395136778115501 0.5304347826086957 0.541033434650456 0.5384347826086957 0.5349544072948328 0.5377391304347826 0.5015197568389058 0.5373913043478261 0.4399696048632219 0.5227826086956522 0.28951367781155013 0.5085217391304347 0.2978723404255319 0.5071304347826087 0.4034954407294833 0.5050434782608696 0.46808510638297873 0.5050434782608696 0.5045592705167173
9 0.5391304347826087 0.5182370820668692 0.5398260869565218 0.5349544072948328 0.56 0.5357142857142857 0.5627826086956522 0.5106382978723404 0.559304347826087 0.44984802431610943 0.5488695652173913 0.30243161094224924 0.534608695652174 0.3130699088145897 0.5373913043478261 0.42021276595744683 0.5373913043478261 0.4756838905775076
10 0.5596521739130434 0.5197568389057751 0.569391304347826 0.5319148936170213 0.577391304347826 0.5174772036474165 0.5846956521739131 0.5098784194528876 0.584 0.48404255319148937 0.5756521739130435 0.27583586626139817 0.5547826086956522 0.27811550151975684 0.5568695652173913 0.40501519756838905 0.5568695652173913 0.46808510638297873 0.5579130434782609 0.5037993920972644
11 0.568 0.49620060790273557 0.5707826086956522 0.5281155015197568 0.583304347826087 0.5258358662613982 0.5881739130434782 0.5440729483282675 0.5989565217391304 0.5387537993920972 0.6031304347826087 0.5 0.5895652173913043 0.2796352583586626 0.5739130434782609 0.28495440729483285 0.5714782608695652 0.4065349544072948 0.5697391304347826 0.44680851063829785 0.5697391304347826 0.47796352583586627
12 0.5923478260869566 0.5379939209726444 0.591304347826087 0.5022796352583586 0.5944347826086956 0.47796352583586627 0.5961739130434782 0.41185410334346506 0.5926956521739131 0.30243161094224924 0.6055652173913043 0.30775075987841943 0.6142608695652174 0.4065349544072948 0.6194782608695653 0.48024316109422494 0.6208695652173913 0.5113981762917933 0.6219130434782608 0.5448328267477204 0.6128695652173913 0.5615501519756839 0.6069565217391304 0.5486322188449848 0.6017391304347826 0.5539513677811551
13 0.6170434782608696 0.5083586626139818 0.6229565217391304 0.4635258358662614 0.6243478260869565 0.39893617021276595 0.6250434782608696 0.34574468085106386 0.6278260869565218 0.3069908814589666 0.6598260869565218 0.3221884498480243 0.6563478260869565 0.40501519756838905 0.656695652173913 0.4566869300911854 0.664695652173913 0.5159574468085106 0.6598260869565218 0.5319148936170213 0.6539130434782608 0.5319148936170213 0.6459130434782608 0.5448328267477204 0.632695652173913 0.5455927051671733 0.6257391304347826 0.5448328267477204 0.6180869565217392 0.5319148936170213
16 0.5001739130434782 0.5638297872340425 0.5262608695652173 0.560790273556231 0.5238260869565218 0.6003039513677811 0.5137391304347826 0.8115501519756839 0.49982608695652175 0.8085106382978723 0.504 0.6162613981762918 0.4980869565217391 0.5858662613981763
17 0.5231304347826087 0.5980243161094225 0.5220869565217391 0.5691489361702128 0.5353043478260869 0.560790273556231 0.550608695652174 0.5721884498480243 0.5492173913043479 0.5972644376899696 0.5460869565217391 0.6177811550151976 0.5339130434782609 0.8069908814589666 0.5196521739130435 0.7986322188449848 0.5248695652173913 0.6056231003039514
18 0.5464347826086956 0.6094224924012158 0.5492173913043479 0.5805471124620061 0.5579130434782609 0.5721884498480243 0.5707826086956522 0.587386018237082 0.5711304347826087 0.6094224924012158 0.5683478260869566 0.7104863221884499 0.5662608695652174 0.8267477203647416 0.5436521739130434 0.8214285714285714
19 0.5711304347826087 0.6413373860182371 0.5659130434782609 0.6162613981762918 0.5690434782608695 0.5934650455927052 0.5815652173913044 0.5843465045592705 0.5881739130434782 0.5828267477203647 0.5937391304347827 0.6041033434650456 0.5926956521739131 0.6413373860182371 0.5860869565217391 0.8305471124620061 0.5725217391304348 0.8290273556231003 0.5714782608695652 0.6732522796352584
21 0.6810434782608695 0.7606382978723404 0.656695652173913 0.7203647416413373 0.6410434782608696 0.6732522796352584 0.6177391304347826 0.6253799392097265 0.6142608695652174 0.601823708206687 0.6208695652173913 0.5858662613981763 0.6323478260869565 0.5714285714285714 0.6507826086956522 0.5539513677811551 0.6622608695652173 0.5661094224924013 0.672 0.6025835866261399 0.68 0.6238601823708206 0.7314782608695652 0.7165653495440729 0.6949565217391305 0.7864741641337386
22 0.6688695652173913 0.5987841945288754 0.6542608695652173 0.5668693009118541 0.6594782608695652 0.5562310030395137 0.6674782608695652 0.5319148936170213 0.6747826086956522 0.5129179331306991 0.6845217391304348 0.5053191489361702 0.6956521739130435 0.4946808510638298 0.7019130434782609 0.5113981762917933 0.712 0.5509118541033434 0.7227826086956521 0.5843465045592705 0.7582608695652174 0.662613981762918 0.7370434782608696 0.7104863221884499 0.7036521739130435 0.6656534954407295 0.6939130434782609 0.648936170212766 0.6782608695652174 0.6200607902735562 0.6723478260869565 0.6041033434650456
24 0.47895652173913045 0.5699088145896657 0.49634782608695655 0.5592705167173252 0.49878260869565216 0.5927051671732523 0.4973913043478261 0.6504559270516718 0.49669565217391304 0.8100303951367781 0.47930434782608694 0.8092705167173252 0.47582608695652173 0.6876899696048632 0.4761739130434783 0.6155015197568389
25 0.4507826086956522 0.5645896656534954 0.4688695652173913 0.5623100303951368 0.47895652173913045 0.5645896656534954 0.4772173913043478 0.5942249240121581 0.4733913043478261 0.6155015197568389 0.4681739130434783 0.8123100303951368 0.456 0.8123100303951368 0.45460869565217393 0.6139817629179332 0.45217391304347826 0.5805471124620061
26 0.43095652173913046 0.5782674772036475 0.4459130434782609 0.5683890577507599 0.45217391304347826 0.5851063829787234 0.4507826086956522 0.628419452887538 0.43756521739130433 0.8495440729483282 0.4222608695652174 0.8419452887537994 0.4236521739130435 0.6922492401215805 0.4260869565217391 0.6208206686930091 0.42539130434782607 0.5949848024316109
27 0.4027826086956522 0.5934650455927052 0.4121739130434783 0.581306990881459 0.4177391304347826 0.5820668693009119 0.42539130434782607 0.5919452887537994 0.4285217391304348 0.5972644376899696 0.42643478260869566 0.6223404255319149 0.4236521739130435 0.6413373860182371 0.4212173913043478 0.7332826747720365 0.4146086956521739 0.8411854103343465 0.4 0.8381458966565349 0.40208695652173915 0.6945288753799392 0.4013913043478261 0.6466565349544073 0.4003478260869565 0.6147416413373861
28 0.37565217391304345 0.5866261398176292 0.3874782608695652 0.5737082066869301 0.3947826086956522 0.581306990881459 0.40591304347826085 0.5904255319148937 0.40452173913043477 0.6208206686930091 0.4013913043478261 0.6443768996960486 0.3979130434782609 0.6717325227963525 0.3947826086956522 0.7651975683890577 0.3819130434782609 0.8624620060790273 0.36382608695652174 0.8434650455927052 0.37530434782608696 0.7621580547112462 0.3784347826086957 0.708966565349544 0.37565217391304345 0.6329787234042553 0.3739130434782609 0.60790273556231
30 0.3109565217391304 0.574468085106383 0.3168695652173913 0.5661094224924013 0.3318260869565217 0.574468085106383 0.3408695652173913 0.574468085106383 0.3502608695652174 0.5949848024316109 0.3488695652173913 0.6344984802431611 0.3408695652173913 0.6527355623100304 0.3283478260869565 0.6975683890577508 0.31026086956521737 0.7917933130699089 0.271304347826087 0.7370820668693009 0.2831304347826087 0.6922492401215805 0.3022608695652174 0.6390577507598785 0.3060869565217391 0.6200607902735562