0 0.5063813813813813 0.49848024316109424 0.5063813813813813 0.5455927051671733 0.496996996996997 0.5623100303951368 0.47822822822822825 0.5585106382978723 0.4756006006006006 0.53419452887538 0.47785285285285284 0.4825227963525836 0.47635135135135137 0.41033434650455924 0.47484984984984985 0.3411854103343465 0.4740990990990991 0.3047112462006079 0.46959459459459457 0.25455927051671734 0.48873873873873874 0.24088145896656535 0.4958708708708709 0.28799392097264437 0.5033783783783784 0.4673252279635258
1 0.4496996996996997 0.48328267477203646 0.4421921921921922 0.5151975683890577 0.4463213213213213 0.5372340425531915 0.4650900900900901 0.5562310030395137 0.4786036036036036 0.5501519756838906 0.4756006006006006 0.5182370820668692 0.4756006006006006 0.45972644376899696 0.4740990990990991 0.3837386018237082 0.47484984984984985 0.34574468085106386 0.4725975975975976 0.3168693009118541 0.4624624624624625 0.2864741641337386 0.45345345345345345 0.2917933130699088 0.4527027027027027 0.33890577507598785 0.4530780780780781 0.4034954407294833
2 0.42042042042042044 0.46808510638297873 0.4155405405405405 0.5182370820668692 0.42492492492492495 0.547112462006079 0.44594594594594594 0.5455927051671733 0.45457957957957956 0.5075987841945289 0.45045045045045046 0.4635258358662614 0.4530780780780781 0.3981762917933131 0.4530780780780781 0.371580547112462 0.4530780780780781 0.32750759878419455 0.44894894894894893 0.2735562310030395 0.4478228228228228 0.2621580547112462 0.43205705705705705 0.2629179331306991 0.4298048048048048 0.31534954407294835 0.42905405405405406 0.3708206686930091
3 0.3922672672672673 0.48404255319148937 0.39039039039039036 0.5121580547112462 0.3978978978978979 0.5379939209726444 0.4132882882882883 0.5417933130699089 0.42492492492492495 0.5258358662613982 0.43543543543543545 0.5258358662613982 0.4369369369369369 0.5015197568389058 0.43843843843843844 0.46504559270516715 0.42792792792792794 0.42249240121580545 0.4207957957957958 0.35714285714285715 0.41929429429429427 0.3351063829787234 0.4147897897897898 0.2917933130699088 0.4057807807807808 0.26595744680851063 0.4016516516516517 0.2591185410334346 0.39714714714714716 0.2735562310030395 0.39414414414414417 0.31762917933130697 0.39414414414414417 0.35638297872340424
4 0.3641141141141141 0.4726443768996961 0.3614864864864865 0.49240121580547114 0.3674924924924925 0.5197568389057751 0.37575075075075076 0.5326747720364742 0.38926426426426425 0.5159574468085106 0.39902402402402404 0.5212765957446809 0.40427927927927926 0.49620060790273557 0.40127627627627627 0.4582066869300912 0.39714714714714716 0.42401215805471126 0.3945195195195195 0.3708206686930091 0.3945195195195195 0.3518237082066869 0.3963963963963964 0.2993920972644377 0.39602102102102105 0.2750759878419453 0.39151651651651653 0.2591185410334346 0.38325825825825827 0.2560790273556231 0.3731231231231231 0.2978723404255319 0.37237237237237236 0.3639817629179331
5 0.3235735735735736 0.4574468085106383 0.3235735735735736 0.48936170212765956 0.33295795795795796 0.5212765957446809 0.34872372372372373 0.5182370820668692 0.35960960960960964 0.5227963525835866 0.3731231231231231 0.5045592705167173 0.37012012012012013 0.44984802431610943 0.362987987987988 0.3677811550151976 0.362987987987988 0.32370820668693007 0.36036036036036034 0.28343465045592703 0.3551051051051051 0.2553191489361702 0.34572072072072074 0.24620060790273557 0.32995495495495497 0.25379939209726443 0.3235735735735736 0.2803951367781155 0.33070570570570573 0.3351063829787234 0.3246996996996997 0.4452887537993921
6 0.28003003003003 0.42249240121580545 0.27364864864864863 0.4452887537993921 0.2747747747747748 0.479483282674772 0.2864114114114114 0.5007598784194529 0.29767267267267267 0.49772036474164133 0.31043543543543545 0.5106382978723404 0.32094594594594594 0.49772036474164133 0.32545045045045046 0.4817629179331307 0.32545045045045046 0.4399696048632219 0.32394894894894893 0.41033434650455924 0.3228228228228228 0.3670212765957447 0.3246996996996997 0.33890577507598785 0.32657657657657657 0.3168693009118541 0.32657657657657657 0.29559270516717323 0.3246996996996997 0.270516717325228 0.32094594594594594 0.2507598784194529 0.3130630630630631 0.24164133738601823 0.3003003003003003 0.24620060790273557 0.29504504504504503 0.27203647416413373 0.29617117117117114 0.33206686930091184 0.2905405405405405 0.4004559270516717
7 0.2511261261261261 0.3305471124620061 0.2424924924924925 0.3594224924012158 0.24887387387387389 0.3913373860182371 0.27064564564564564 0.4065349544072948 0.2909159159159159 0.4034954407294833 0.29617117117117114 0.3700607902735562 0.29542042042042044 0.3373860182370821 0.2969219219219219 0.30243161094224924 0.29767267267267267 0.2682370820668693 0.29504504504504503 0.22796352583586627 0.2728978978978979 0.2135258358662614 0.262012012012012 0.2682370820668693
8 0.5052552552552553 0.5007598784194529 0.5048798798798799 0.5455927051671733 0.509009009009009 0.5630699088145896 0.5259009009009009 0.5592705167173252 0.5371621621621622 0.5509118541033434 0.5356606606606606 0.49240121580547114 0.5349099099099099 0.42933130699088146 0.5330330330330331 0.35714285714285715 0.5311561561561562 0.30623100303951367 0.5285285285285285 0.24696048632218845 0.5168918918918919 0.2439209726443769 0.509009009009009 0.2689969604863222
9 0.5356606606606606 0.5106382978723404 0.5356606606606606 0.5433130699088146 0.5465465465465466 0.5539513677811551 0.5634384384384384 0.5364741641337386 0.5675675675675675 0.5144376899696048 0.5634384384384384 0.47188449848024316 0.5559309309309309 0.4072948328267477 0.5563063063063063 0.3662613981762918 0.5578078078078078 0.34574468085106386 0.5630630630630631 0.32066869300911854 0.5641891891891891 0.2993920972644377 0.5596846846846847 0.28495440729483285 0.5412912912912913 0.2857142857142857 0.5337837837837838 0.331306990881459
10 0.5593093093093093 0.4726443768996961 0.5581831831831832 0.49620060790273557 0.5641891891891891 0.5288753799392097 0.5758258258258259 0.541033434650456 0.5897147147147147 0.5281155015197568 0.5930930930930931 0.48024316109422494 0.5848348348348348 0.43844984802431614 0.581081081081081 0.39285714285714285 0.5773273273273273 0.34802431610942247 0.5746996996996997 0.30775075987841943 0.5720720720720721 0.2811550151975684 0.56006006006006 0.28495440729483285 0.5533033033033034 0.3047112462006079
11 0.5709459459459459 0.4734042553191489 0.5705705705705706 0.4870820668693009 0.5716966966966966 0.5212765957446809 0.585960960960961 0.5258358662613982 0.5942192192192193 0.5417933130699089 0.6088588588588588 0.5326747720364742 0.6174924924924925 0.4969604863221885 0.6096096096096096 0.44832826747720367 0.6069819819819819 0.4034954407294833 0.6066066066066066 0.35106382978723405 0.6054804804804805 0.31762917933130697 0.6032282282282282 0.28495440729483285 0.6006006006006006 0.2621580547112462 0.5983483483483484 0.25227963525835867 0.5912162162162162 0.25379939209726443 0.579954954954955 0.27811550151975684 0.5784534534534534 0.3343465045592705
12 0.5987237237237237 0.4992401215805471 0.5990990990990991 0.5174772036474165 0.6171171171171171 0.5273556231003039 0.6223723723723724 0.5349544072948328 0.6336336336336337 0.5212765957446809 0.6396396396396397 0.506838905775076 0.6343843843843844 0.4612462006079027 0.6328828828828829 0.39969604863221886 0.6291291291291291 0.3427051671732523 0.6268768768768769 0.2925531914893617 0.6242492492492493 0.26671732522796354 0.6107357357357357 0.2591185410334346 0.6043543543543544 0.27583586626139817 0.5994744744744744 0.31762917933130697 0.6024774774774775 0.44452887537993924
13 0.6313813813813813 0.4642857142857143 0.6272522522522522 0.48632218844984804 0.6351351351351351 0.5174772036474165 0.6437687687687688 0.5212765957446809 0.6595345345345346 0.5189969604863222 0.6632882882882883 0.5197568389057751 0.6798048048048048 0.506079027355623 0.6783033033033034 0.47188449848024316 0.6726726726726727 0.4278115501519757 0.668918918918919 0.385258358662614 0.6726726726726727 0.3427051671732523 0.6741741741741741 0.32370820668693007 0.6737987987987988 0.2887537993920973 0.6734234234234234 0.2591185410334346 0.6576576576576577 0.25455927051671734 0.6486486486486487 0.26975683890577506 0.6445195195195195 0.30927051671732525 0.6388888888888888 0.3723404255319149 0.6392642642642643 0.4270516717325228
14 0.6775525525525525 0.44832826747720367 0.6764264264264265 0.47112462006079026 0.6824324324324325 0.49772036474164133 0.6914414414414415 0.506838905775076 0.7038288288288288 0.506838905775076 0.7094594594594594 0.49240121580547114 0.725975975975976 0.4810030395136778 0.7301051051051051 0.4673252279635258 0.7233483483483484 0.4316109422492401 0.7143393393393394 0.4156534954407295 0.7045795795795796 0.3776595744680851 0.7004504504504504 0.3404255319148936 0.6981981981981982 0.30623100303951367 0.6955705705705706 0.2887537993920973 0.6929429429429429 0.27811550151975684 0.6880630630630631 0.2629179331306991 0.6813063063063063 0.256838905775076 0.6707957957957958 0.270516717325228 0.6726726726726727 0.3161094224924012 0.674924924924925 0.3731003039513678 0.6775525525525525 0.4126139817629179
15 0.7019519519519519 0.3670212765957447 0.7098348348348348 0.39209726443769 0.7169669669669669 0.3958966565349544 0.7342342342342343 0.38753799392097266 0.7447447447447447 0.3700607902735562 0.7533783783783784 0.3556231003039514 0.7515015015015015 0.3351063829787234 0.7432432432432432 0.30775075987841943 0.7364864864864865 0.2917933130699088 0.7308558558558559 0.2765957446808511 0.7225975975975976 0.2613981762917933 0.7150900900900901 0.2378419452887538 0.7105855855855856 0.23404255319148937 0.6993243243243243 0.22948328267477203 0.691066066066066 0.23252279635258358 0.6846846846846847 0.2439209726443769 0.6861861861861862 0.27203647416413373 0.6970720720720721 0.2872340425531915 0.700075075075075 0.32750759878419455
23 0.7210960960960962 0.5934650455927052 0.7237237237237237 0.6200607902735562 0.7304804804804805 0.6466565349544073 0.7462462462462462 0.6550151975683891 0.762012012012012 0.6854103343465046 0.7751501501501501 0.7082066869300911 0.7912912912912913 0.7256838905775076 0.8108108108108109 0.723404255319149 0.8205705705705706 0.6633738601823708 0.8138138138138138 0.6390577507598785 0.7920420420420421 0.6170212765957447 0.7736486486486487 0.5562310030395137 0.7608858858858859 0.5364741641337386 0.7417417417417418 0.5357142857142857 0.725975975975976 0.5683890577507599
22 0.6662912912912913 0.5653495440729484 0.6704204204204204 0.6056231003039514 0.6824324324324325 0.6360182370820668 0.6936936936936937 0.6854103343465046 0.7087087087087087 0.7492401215805471 0.7192192192192193 0.7811550151975684 0.7301051051051051 0.7940729483282675 0.7518768768768769 0.78419452887538 0.7563813813813813 0.7598784194528876 0.7507507507507507 0.7066869300911854 0.7421171171171171 0.668693009118541 0.725975975975976 0.6352583586626139 0.7222222222222222 0.5957446808510638 0.7218468468468469 0.5645896656534954 0.71996996996997 0.5448328267477204 0.7087087087087087 0.526595744680851 0.6959459459459459 0.526595744680851 0.68993993993994 0.53419452887538
21 0.6133633633633634 0.5965045592705167 0.6223723723723724 0.621580547112462 0.6295045045045045 0.6580547112462006 0.6332582582582582 0.6914893617021277 0.6392642642642643 0.7424012158054711 0.6478978978978979 0.7864741641337386 0.6569069069069069 0.8305471124620061 0.670045045045045 0.8487841945288754 0.6858108108108109 0.8449848024316109 0.6970720720720721 0.8183890577507599 0.6944444444444444 0.763677811550152 0.6843093093093093 0.7196048632218845 0.6737987987987988 0.6610942249240122 0.670045045045045 0.6291793313069909 0.668918918918919 0.5896656534954408 0.6651651651651652 0.5638297872340425 0.6557807807807807 0.5547112462006079 0.6358858858858859 0.5524316109422492 0.6204954954954955 0.5623100303951368
20 0.5840840840840841 0.5949848024316109 0.5822072072072072 0.6109422492401215 0.5912162162162162 0.6398176291793313 0.5942192192192193 0.6534954407294833 0.5994744744744744 0.7082066869300911 0.6054804804804805 0.756838905775076 0.6126126126126126 0.8031914893617021 0.6193693693693694 0.8366261398176292 0.6268768768768769 0.8556231003039514 0.6392642642642643 0.8533434650455927 0.6433933933933934 0.831306990881459 0.6362612612612613 0.7651975683890577 0.631006006006006 0.708966565349544 0.6231231231231231 0.6443768996960486 0.625 0.6025835866261399 0.6216216216216216 0.5820668693009119 0.6126126126126126 0.5752279635258358 0.6006006006006006 0.5759878419452887
19 0.5596846846846847 0.6033434650455927 0.5604354354354354 0.6322188449848024 0.5683183183183184 0.6899696048632219 0.575075075075075 0.791033434650456 0.5792042042042042 0.831306990881459 0.585960960960961 0.8601823708206687 0.5938438438438438 0.8617021276595744 0.6028528528528528 0.8237082066869301 0.6028528528528528 0.756838905775076 0.5983483483483484 0.7036474164133738 0.5957207207207207 0.6466565349544073 0.5957207207207207 0.6117021276595744 0.5915915915915916 0.5851063829787234 0.5829579579579579 0.574468085106383 0.5675675675675675 0.5828267477203647
18 0.5446696696696697 0.6193009118541033 0.5416666666666666 0.6762917933130699 0.5386636636636637 0.7758358662613982 0.5386636636636637 0.8221884498480243 0.5446696696696697 0.8776595744680851 0.5578078078078078 0.8776595744680851 0.5638138138138138 0.851063829787234 0.5679429429429429 0.7302431610942249 0.5686936936936937 0.6762917933130699 0.5705705705705706 0.6390577507598785 0.5705705705705706 0.6056231003039514 0.5630630630630631 0.5706686930091185 0.5484234234234234 0.5706686930091185 0.5435435435435435 0.5980243161094225
17 0.5198948948948949 0.5828267477203647 0.5183933933933934 0.5942249240121581 0.5195195195195195 0.6398176291793313 0.5180180180180181 0.6998480243161094 0.5180180180180181 0.7712765957446809 0.5157657657657657 0.8206686930091185 0.5195195195195195 0.8525835866261399 0.5285285285285285 0.8594224924012158 0.5379129129129129 0.8389057750759878 0.5382882882882883 0.756079027355623 0.5394144144144144 0.6800911854103343 0.5431681681681682 0.6238601823708206 0.5454204204204204 0.5851063829787234 0.5341591591591591 0.5729483282674772
16 0.49962462462462465 0.5972644376899696 0.4981231231231231 0.648176291793313 0.49624624624624625 0.7272036474164134 0.4947447447447447 0.8062310030395137 0.4947447447447447 0.837386018237082 0.5075075075075075 0.8465045592705167 0.5161411411411412 0.8009118541033434 0.5198948948948949 0.648176291793313 0.5202702702702703 0.601823708206687 0.5198948948948949 0.5828267477203647
24 0.47897897897897895 0.5881458966565349 0.47897897897897895 0.64209726443769 0.4804804804804805 0.6618541033434651 0.4804804804804805 0.7317629179331308 0.4722222222222222 0.7857142857142857 0.46846846846846846 0.8077507598784195 0.48085585585585583 0.8267477203647416 0.4906156156156156 0.817629179331307 0.49737237237237236 0.7720364741641338 0.49774774774774777 0.7127659574468085 0.49962462462462465 0.6268996960486323 0.49924924924924924 0.6048632218844985 0.5015015015015015 0.5866261398176292
25 0.4572072072072072 0.5858662613981763 0.45345345345345345 0.5866261398176292 0.45345345345345345 0.6208206686930091 0.4542042042042042 0.6565349544072948 0.45683183183183185 0.7142857142857143 0.4553303303303303 0.7651975683890577 0.4519519519519519 0.810790273556231 0.4421921921921922 0.8442249240121581 0.4590840840840841 0.8548632218844985 0.4756006006006006 0.790273556231003 0.47935435435435436 0.7348024316109423 0.47785285285285284 0.6534954407294833 0.47935435435435436 0.60790273556231 0.47935435435435436 0.587386018237082 0.47072072072072074 0.5790273556231003
26 0.42567567567567566 0.621580547112462 0.42567567567567566 0.6352583586626139 0.4264264264264264 0.7150455927051672 0.42605105105105107 0.7796352583586627 0.4298048048048048 0.8389057750759878 0.43993993993993996 0.8617021276595744 0.4512012012012012 0.8487841945288754 0.4560810810810811 0.7872340425531915 0.45795795795795796 0.7112462006079028 0.45495495495495497 0.6382978723404256 0.45457957957957956 0.60790273556231 0.4508258258258258 0.5828267477203647 0.4433183183183183 0.5721884498480243 0.43243243243243246 0.5721884498480243 0.42454954954954954 0.5949848024316109
27 0.39414414414414417 0.5942249240121581 0.39677177177177175 0.6496960486322189 0.39864864864864863 0.7165653495440729 0.3952702702702703 0.7720364741641338 0.3888888888888889 0.8062310030395137 0.38175675675675674 0.8389057750759878 0.39076576576576577 0.8685410334346505 0.41403903903903905 0.8647416413373861 0.4264264264264264 0.7940729483282675 0.4283033033033033 0.6595744680851063 0.43355855855855857 0.6291793313069909 0.43656156156156156 0.6048632218844985 0.4298048048048048 0.5889057750759878 0.42680180180180183 0.5858662613981763 0.4174174174174174 0.5759878419452887 0.40953453453453453 0.5714285714285714
28 0.36711711711711714 0.6170212765957447 0.368993993993994 0.6443768996960486 0.3588588588588589 0.7226443768996961 0.3521021021021021 0.7857142857142857 0.34572072072072074 0.8221884498480243 0.34384384384384387 0.851823708206687 0.35322822822822825 0.8700607902735562 0.37537537537537535 0.851063829787234 0.38288288288288286 0.7849544072948328 0.39151651651651653 0.7082066869300911 0.39864864864864863 0.6474164133738601 0.408033033033033 0.601823708206687 0.40202702702702703 0.5782674772036475 0.38926426426426425 0.5668693009118541 0.37424924924924924 0.5714285714285714 0.3633633633633634 0.5889057750759878
29 0.3277027027027027 0.5661094224924013 0.32394894894894893 0.5866261398176292 0.3258258258258258 0.6360182370820668 0.31343843843843844 0.6945288753799392 0.30180180180180183 0.7454407294832827 0.2939189189189189 0.78419452887538 0.29767267267267267 0.8214285714285714 0.31794294294294295 0.8282674772036475 0.3397147147147147 0.7955927051671733 0.36261261261261263 0.6732522796352584 0.3704954954954955 0.628419452887538 0.37725225225225223 0.6003039513677811 0.37762762762762764 0.5729483282674772 0.3641141141141141 0.5600303951367781 0.34046546546546547 0.5501519756838906
30 0.28040540540540543 0.5433130699088146 0.2747747747747748 0.5600303951367781 0.2755255255255255 0.6025835866261399 0.256006006006006 0.6846504559270516 0.24887387387387389 0.708966565349544 0.24211711711711711 0.7378419452887538 0.24174174174174173 0.7727963525835866 0.2563813813813814 0.7925531914893617 0.27515015015015015 0.7811550151975684 0.28378378378378377 0.7325227963525835 0.3066816816816817 0.6800911854103343 0.31756756756756754 0.6398176291793313 0.3325825825825826 0.5987841945288754 0.3340840840840841 0.5638297872340425 0.3201951951951952 0.541033434650456 0.31043543543543545 0.5319148936170213 0.29767267267267267 0.5250759878419453
31 0.21396396396396397 0.5896656534954408 0.20345345345345345 0.6231003039513677 0.1891891891891892 0.6534954407294833 0.19031531531531531 0.7051671732522796 0.2195945945945946 0.7180851063829787 0.23911411411411412 0.6740121580547113 0.25825825825825827 0.6512158054711246 0.2759009009009009 0.6170212765957447 0.2683933933933934 0.560790273556231 0.24436936936936937 0.5349544072948328 0.21921921921921922 0.5509118541033434