0 0.4755197853789403 0.33966565349544076 0.47149564050972503 0.36930091185410335 0.46847753185781355 0.4133738601823708 0.4694835680751174 0.4582066869300912 0.47350771294433264 0.5569908814589666 0.4922870556673374 0.567629179331307 0.5020120724346077 0.5569908814589666 0.5020120724346077 0.5189969604863222 0.5 0.4673252279635258 0.49798792756539234 0.3981762917933131 0.49798792756539234 0.364741641337386 0.5 0.33586626139817627 0.4969818913480885 0.3130699088145897 0.47719651240778 0.31762917933130697
1 0.45774647887323944 0.310790273556231 0.4557344064386318 0.3373860182370821 0.45472837022132795 0.36930091185410335 0.45271629778672035 0.41109422492401215 0.4476861167002012 0.47416413373860183 0.44668008048289737 0.49164133738601823 0.448692152917505 0.53419452887538 0.4557344064386318 0.5638297872340425 0.4664654594232059 0.5638297872340425 0.46847753185781355 0.5167173252279635 0.4664654594232059 0.43617021276595747 0.46847753185781355 0.3799392097264438 0.47350771294433264 0.32674772036474165 0.4765258215962441 0.2978723404255319
2 0.44366197183098594 0.31534954407294835 0.4399731723675386 0.34194528875379937 0.4399731723675386 0.36930091185410335 0.44668008048289737 0.4133738601823708 0.44668008048289737 0.4627659574468085 0.44567404426559354 0.5053191489361702 0.44198524480214624 0.5387537993920972 0.42521797451374915 0.541033434650456 0.41616364855801474 0.5212765957446809 0.4181757209926224 0.46048632218844987 0.4232059020791415 0.4156534954407295 0.426224010731053 0.3487841945288754 0.426224010731053 0.31762917933130697 0.42991281019450034 0.2978723404255319
3 0.4084507042253521 0.303951367781155 0.4044265593561368 0.3221884498480243 0.4014084507042254 0.35790273556231 0.40040241448692154 0.3799392097264438 0.3963782696177062 0.43617021276595747 0.3933601609657948 0.48936170212765956 0.39738430583501005 0.5319148936170213 0.42689470154258885 0.5364741641337386 0.4409792085848424 0.5144376899696048 0.4232059020791415 0.4430091185410334 0.42018779342723006 0.39361702127659576 0.4279007377598927 0.32674772036474165 0.42689470154258885 0.2796352583586626 0.4044265593561368 0.2773556231003039
4 0.35311871227364183 0.2887537993920973 0.35110663983903423 0.31990881458966564 0.35110663983903423 0.35790273556231 0.35110663983903423 0.3844984802431611 0.3501006036217304 0.42933130699088146 0.34909456740442657 0.4582066869300912 0.3501006036217304 0.49164133738601823 0.3598256203890007 0.5144376899696048 0.3739101274312542 0.5273556231003039 0.3846411804158283 0.5273556231003039 0.3933601609657948 0.5144376899696048 0.39738430583501005 0.4696048632218845 0.3876592890677398 0.4133738601823708 0.38665325285043595 0.36930091185410335 0.38665325285043595 0.324468085106383 0.3846411804158283 0.29103343465045595 0.36686787391012743 0.25987841945288753 0.35110663983903423 0.26595744680851063
5 0.3195841716968478 0.26367781155015196 0.3195841716968478 0.2864741641337386 0.3195841716968478 0.3290273556231003 0.3175720992622401 0.37537993920972645 0.3165660630449363 0.4338905775075988 0.31556002682763246 0.46504559270516715 0.31556002682763246 0.48936170212765956 0.33433936955063714 0.5144376899696048 0.3413816230717639 0.5098784194528876 0.3470824949698189 0.4939209726443769 0.352112676056338 0.4430091185410334 0.35311871227364183 0.3670212765957447 0.35412474849094566 0.30623100303951367 0.3561368209255533 0.2796352583586626 0.33735747820254863 0.2530395136778115
8 0.5107310529845741 0.310790273556231 0.5100603621730382 0.3373860182370821 0.506036217303823 0.364741641337386 0.5010060362173038 0.4027355623100304 0.5 0.44756838905775076 0.49899396378269617 0.4870820668693009 0.5 0.5121580547112462 0.5030181086519114 0.5433130699088146 0.5197853789403085 0.5569908814589666 0.5295103957075789 0.5501519756838906 0.5295103957075789 0.5007598784194529 0.5274983232729712 0.42933130699088146 0.528504359490275 0.331306990881459 0.52280348759222 0.2993920972644377
9 0.5325285043594903 0.3130699088145897 0.5295103957075789 0.3373860182370821 0.5258215962441315 0.3890577507598784 0.5248155600268276 0.43844984802431614 0.5248155600268276 0.4810030395136778 0.5248155600268276 0.5250759878419453 0.5315224681421864 0.5433130699088146 0.5442655935613682 0.5433130699088146 0.5543259557344065 0.4939209726443769 0.5523138832997988 0.4247720364741641 0.5492957746478874 0.36246200607902734 0.5523138832997988 0.3130699088145897
10 0.5583501006036218 0.30623100303951367 0.5553319919517102 0.331306990881459 0.5533199195171026 0.38677811550151975 0.5533199195171026 0.4490881458966565 0.5533199195171026 0.49620060790273557 0.5553319919517102 0.5273556231003039 0.5660630449362843 0.541033434650456 0.5700871898054997 0.5098784194528876 0.5710932260228034 0.4513677811550152 0.5761234071093226 0.3958966565349544 0.5778001341381623 0.31990881458966564 0.5731052984574111 0.28191489361702127 0.5583501006036218 0.2796352583586626
11 0.5838363514419852 0.2933130699088146 0.5818242790073777 0.32674772036474165 0.5778001341381623 0.3731003039513678 0.5720992622401073 0.41793313069908816 0.5640509725016767 0.4582066869300912 0.5610328638497653 0.5121580547112462 0.5761234071093226 0.5212765957446809 0.5848423876592891 0.5212765957446809 0.596579476861167 0.5144376899696048 0.5945674044265593 0.4696048632218845 0.5945674044265593 0.43844984802431614 0.596579476861167 0.3844984802431611 0.607645875251509 0.30851063829787234 0.5945674044265593 0.270516717325228
12 0.60261569416499 0.30851063829787234 0.6016096579476862 0.3221884498480243 0.5955734406438632 0.36246200607902734 0.5935613682092555 0.3822188449848024 0.5888665325285044 0.4072948328267477 0.5868544600938967 0.4338905775075988 0.5828303152246814 0.49620060790273557 0.5935613682092555 0.5319148936170213 0.6113346747149564 0.5319148936170213 0.6153588195841717 0.49848024316109424 0.613346747149564 0.4316109422492401 0.613346747149564 0.3533434650455927 0.6234071093226022 0.28419452887537994
13 0.6281019450033535 0.2887537993920973 0.6203890006706908 0.32674772036474165 0.6173708920187794 0.3601823708206687 0.6163648558014755 0.3776595744680851 0.6163648558014755 0.4004559270516717 0.6143527833668678 0.4270516717325228 0.613346747149564 0.44756838905775076 0.6113346747149564 0.4810030395136778 0.6103286384976526 0.5007598784194529 0.6123407109322603 0.5189969604863222 0.6254191817572099 0.5296352583586627 0.6438631790744467 0.5250759878419453 0.6488933601609658 0.5075987841945289 0.6488933601609658 0.4810030395136778 0.6488933601609658 0.42933130699088146 0.6498993963782697 0.3844984802431611 0.6529175050301811 0.33966565349544076 0.6559356136820925 0.2933130699088146 0.6519114688128773 0.2773556231003039 0.6431924882629108 0.2750759878419453
14 0.6616364855801475 0.2682370820668693 0.6519114688128773 0.331306990881459 0.6438631790744467 0.4004559270516717 0.642186452045607 0.4316109422492401 0.6438631790744467 0.4810030395136778 0.6606304493628438 0.4939209726443769 0.6676727028839705 0.49620060790273557 0.6804158283031523 0.48936170212765956 0.6854460093896714 0.47416413373860183 0.6864520456069751 0.4490881458966565 0.6854460093896714 0.42021276595744683 0.681421864520456 0.38677811550151975 0.6804158283031523 0.3373860182370821 0.6804158283031523 0.30851063829787234 0.6767270288397049 0.25987841945288753
16 0.52280348759222 0.7598784194528876 0.5137491616364855 0.6306990881458967 0.5070422535211268 0.581306990881459 0.5238095238095238 0.581306990881459 0.528504359490275 0.5972644376899696 0.5295103957075789 0.6329787234042553 0.5295103957075789 0.6595744680851063 0.5295103957075789 0.6952887537993921 0.5295103957075789 0.7310030395136778 0.5325285043594903 0.7689969604863222
17 0.528504359490275 0.567629179331307 0.5264922870556673 0.5904255319148937 0.5258215962441315 0.6101823708206687 0.5248155600268276 0.6595744680851063 0.528504359490275 0.6884498480243161 0.5315224681421864 0.71580547112462 0.5365526492287056 0.7781155015197568 0.5462776659959758 0.7933130699088146 0.5482897384305835 0.7310030395136778 0.5492957746478874 0.6778115501519757 0.5472837022132797 0.6306990881458967 0.5462776659959758 0.5858662613981763 0.5462776659959758 0.5592705167173252
18 0.5442655935613682 0.567629179331307 0.5405767940979208 0.5972644376899696 0.5462776659959758 0.6838905775075987 0.5462776659959758 0.6998480243161094 0.5492957746478874 0.7469604863221885 0.5583501006036218 0.7849544072948328 0.5650570087189806 0.8092705167173252 0.5710932260228034 0.7621580547112462 0.574111334674715 0.7044072948328267 0.574111334674715 0.6618541033434651 0.5710932260228034 0.628419452887538 0.568075117370892 0.5995440729483282 0.5620389000670691 0.574468085106383
19 0.5751173708920188 0.567629179331307 0.5593561368209256 0.5881458966565349 0.5593561368209256 0.6033434650455927 0.5593561368209256 0.6261398176291794 0.5593561368209256 0.6504559270516718 0.5640509725016767 0.6816109422492401 0.5690811535881959 0.7241641337386018 0.5731052984574111 0.7553191489361702 0.5788061703554661 0.7895136778115501 0.5898725687458082 0.7781155015197568 0.5898725687458082 0.7332826747720365 0.590878604963112 0.6778115501519757 0.590878604963112 0.628419452887538 0.5868544600938967 0.5790273556231003
20 0.5898725687458082 0.5638297872340425 0.5818242790073777 0.5699088145896657 0.5808182427900738 0.5881458966565349 0.5828303152246814 0.6147416413373861 0.5928906773977196 0.6618541033434651 0.5945674044265593 0.6930091185410334 0.5995975855130785 0.7287234042553191 0.6036217303822937 0.7689969604863222 0.613346747149564 0.7758358662613982 0.6143527833668678 0.7021276595744681 0.6103286384976526 0.6641337386018237 0.6096579476861167 0.6238601823708206 0.607645875251509 0.5927051671732523 0.6046277665995976 0.5653495440729484
22 0.6371562709590879 0.5592705167173252 0.6321260898725688 0.574468085106383 0.6331321260898726 0.6101823708206687 0.6431924882629108 0.6413373860182371 0.6559356136820925 0.6664133738601824 0.670690811535882 0.7135258358662614 0.687458081824279 0.7332826747720365 0.6971830985915493 0.7066869300911854 0.6991951710261569 0.668693009118541 0.6924882629107981 0.6238601823708206 0.675720992622401 0.574468085106383 0.6626425217974514 0.541033434650456
23 0.7022132796780685 0.5030395136778115 0.6767270288397049 0.5144376899696048 0.6767270288397049 0.5524316109422492 0.6864520456069751 0.581306990881459 0.6961770623742455 0.6101823708206687 0.7092555331991952 0.6550151975683891 0.7250167672702884 0.6664133738601824 0.7367538564721663 0.6504559270516718 0.7367538564721663 0.5995440729483282 0.7250167672702884 0.5638297872340425 0.7199865861837693 0.5296352583586627
24 0.4959758551307847 0.5721884498480243 0.4959758551307847 0.6056231003039514 0.4959758551307847 0.6504559270516718 0.49798792756539234 0.7218844984802432 0.5050301810865191 0.7803951367781155 0.5117370892018779 0.7849544072948328 0.5167672702883971 0.7515197568389058 0.5197853789403085 0.6816109422492401 0.5187793427230047 0.621580547112462 0.5080482897384306 0.5949848024316109
25 0.4782025486250838 0.5721884498480243 0.4765258215962441 0.5995440729483282 0.4765258215962441 0.6550151975683891 0.4755197853789403 0.7424012158054711 0.47719651240778 0.8001519756838906 0.4892689470154259 0.7895136778115501 0.4939637826961771 0.6884498480243161 0.4959758551307847 0.628419452887538 0.4969818913480885 0.5767477203647416
26 0.4597585513078471 0.5904255319148937 0.4567404426559356 0.6329787234042553 0.4507042253521127 0.6816109422492401 0.44969818913480886 0.7196048632218845 0.4537223340040241 0.7917933130699089 0.4614352783366868 0.8183890577507599 0.4694835680751174 0.7332826747720365 0.48323272971160297 0.5972644376899696
27 0.44299128101945 0.5904255319148937 0.4339369550637156 0.6056231003039514 0.4329309188464118 0.6398176291793313 0.4369550637156271 0.6838905775075987 0.43594902749832326 0.7469604863221885 0.43594902749832326 0.7872340425531915 0.4409792085848424 0.8001519756838906 0.45774647887323944 0.7537993920972644 0.4674714956405097 0.6664133738601824 0.4664654594232059 0.6352583586626139 0.4624413145539906 0.6101823708206687 0.4567404426559356 0.5904255319148937
28 0.4242119382964453 0.5767477203647416 0.4121395036887995 0.5790273556231003 0.40945674044265595 0.5949848024316109 0.3963782696177062 0.648176291793313 0.3933601609657948 0.6709726443768997 0.38363514419852446 0.7332826747720365 0.39436619718309857 0.7781155015197568 0.40945674044265595 0.7955927051671733 0.426224010731053 0.7537993920972644 0.4329309188464118 0.6413373860182371 0.44366197183098594 0.5927051671732523
29 0.38162307176391685 0.5501519756838906 0.37860496311200537 0.5790273556231003 0.3739101274312542 0.6238601823708206 0.3698859825620389 0.6709726443768997 0.3598256203890007 0.7378419452887538 0.36284372904091217 0.7621580547112462 0.3796109993293092 0.7644376899696048 0.39067739771965126 0.7401215805471124 0.40040241448692154 0.7021276595744681 0.403420523138833 0.6238601823708206 0.4101274312541918 0.5790273556231003 0.40643863179074446 0.5592705167173252
30 0.3413816230717639 0.5455927051671733 0.3303152246814219 0.5615501519756839 0.3165660630449363 0.5995440729483282 0.3085177733065057 0.6261398176291794 0.3008048289738431 0.6664133738601824 0.31052984574111336 0.7241641337386018 0.32629107981220656 0.7196048632218845 0.34808853118712274 0.6572948328267477 0.3658618376928236 0.6056231003039514 0.37759892689470154 0.5653495440729484 0.36183769282360834 0.5273556231003039