0 0.48809922896413005 0.42021276595744683 0.4911163258464633 0.44072948328267475 0.4911163258464633 0.47188449848024316 0.4931277237680188 0.5167173252279635 0.49480388870264835 0.541033434650456 0.49782098558498156 0.5592705167173252 0.4937981897418706 0.5881458966565349 0.4790479383171304 0.601823708206687 0.47234327857861214 0.5790273556231003 0.47234327857861214 0.5364741641337386 0.47234327857861214 0.5007598784194529 0.46932618169627893 0.4430091185410334 0.4673147837747234 0.4004559270516717 0.4743546765001676 0.36930091185410335 0.48809922896413005 0.3799392097264438
1 0.4596044250754274 0.3822188449848024 0.4596044250754274 0.4247720364741641 0.4596044250754274 0.4673252279635258 0.4642976868923902 0.5273556231003039 0.46932618169627893 0.5790273556231003 0.4545759302715387 0.5949848024316109 0.44351324170298356 0.5699088145896657 0.44351324170298356 0.5250759878419453 0.44351324170298356 0.4627659574468085 0.4428427757291317 0.41109422492401215 0.441837076768354 0.36930091185410335
2 0.4327857861213543 0.3822188449848024 0.43479718404290985 0.4338905775075988 0.4388199798860208 0.48328267477203646 0.4398256788467985 0.5167173252279635 0.4428427757291317 0.5790273556231003 0.441837076768354 0.5995440729483282 0.42105263157894735 0.5949848024316109 0.42205833053972514 0.5455927051671733 0.42507542742205834 0.49164133738601823 0.42306402950050287 0.43844984802431614 0.4190412336573919 0.4004559270516717 0.42306402950050287 0.3822188449848024
3 0.4160241367750587 0.4095744680851064 0.4160241367750587 0.43617021276595747 0.4160241367750587 0.49164133738601823 0.41803553469661414 0.5387537993920972 0.41803553469661414 0.5790273556231003 0.41099564197116994 0.5927051671732523 0.4012738853503185 0.5790273556231003 0.39825678846798523 0.5296352583586627 0.39926248742876297 0.4810030395136778 0.3972510895072075 0.41109422492401215 0.3972510895072075 0.3776595744680851 0.42205833053972514 0.3913373860182371
4 0.391552128729467 0.4027355623100304 0.3895407308079115 0.43617021276595747 0.39322829366409656 0.48328267477203646 0.3972510895072075 0.541033434650456 0.39624539054642977 0.5790273556231003 0.3895407308079115 0.5904255319148937 0.37579617834394907 0.5790273556231003 0.3747904793831713 0.5235562310030395 0.3747904793831713 0.48936170212765956 0.3747904793831713 0.4316109422492401
5 0.3647334897753939 0.42933130699088146 0.3657391887361716 0.4787234042553192 0.36775058665772714 0.5121580547112462 0.37378478042239355 0.5615501519756839 0.3717733825008381 0.5904255319148937 0.35199463627220917 0.5881458966565349 0.3382500838082467 0.5638297872340425 0.3402614817298022 0.5212765957446809 0.3422728796513577 0.4696048632218845 0.3422728796513577 0.41793313069908816 0.34897753938987597 0.3981762917933131 0.3627220918538384 0.4004559270516717
6 0.3382500838082467 0.4027355623100304 0.33623868588669126 0.45364741641337386 0.33623868588669126 0.49620060790273557 0.33623868588669126 0.5364741641337386 0.33623868588669126 0.5721884498480243 0.32349983238350655 0.5790273556231003 0.30372108615487764 0.5569908814589666 0.3047267851156554 0.5319148936170213 0.3104257458933959 0.4810030395136778 0.3154542406972846 0.4316109422492401 0.31344284277572915 0.3776595744680851 0.3204827355011733 0.35790273556231 0.3382500838082467 0.3670212765957447
8 0.5105598390881663 0.4004559270516717 0.511565538048944 0.44756838905775076 0.5105598390881663 0.4939209726443769 0.5068722762319813 0.5296352583586627 0.5018437814280925 0.5949848024316109 0.5226282266174992 0.6033434650455927 0.531344284277573 0.5881458966565349 0.5273214884344619 0.5189969604863222 0.5263157894736842 0.47416413373860183 0.5303385853167951 0.4316109422492401 0.531344284277573 0.3958966565349544
9 0.5363727790814616 0.41793313069908816 0.5353670801206839 0.44756838905775076 0.5333556821991284 0.48556231003039513 0.5303385853167951 0.5212765957446809 0.5283271873952397 0.5615501519756839 0.5363727790814616 0.5949848024316109 0.5450888367415354 0.5790273556231003 0.5471002346630909 0.541033434650456 0.5471002346630909 0.49620060790273557 0.5501173315454241 0.4270516717325228 0.554140127388535 0.3799392097264438 0.5383841770030171 0.3799392097264438
10 0.5591686221924237 0.3799392097264438 0.5531344284277573 0.4247720364741641 0.5481059336238686 0.4673252279635258 0.5460945357023131 0.5121580547112462 0.5491116325846463 0.5790273556231003 0.5591686221924237 0.5881458966565349 0.5719074756956084 0.574468085106383 0.5719074756956084 0.5167173252279635 0.5698960777740529 0.46504559270516715 0.5678846798524975 0.41793313069908816 0.573918873617164 0.3799392097264438
11 0.5846463291987931 0.4072948328267477 0.573918873617164 0.46048632218844987 0.5719074756956084 0.5053191489361702 0.573918873617164 0.5653495440729484 0.5796178343949044 0.5927051671732523 0.5916862219242374 0.5904255319148937 0.5943680858196446 0.5296352583586627 0.5983908816627557 0.4870820668693009 0.6044250754274221 0.42249240121580545 0.6014079785450889 0.3958966565349544
12 0.6094535702313107 0.3913373860182371 0.6094535702313107 0.42933130699088146 0.6044250754274221 0.5167173252279635 0.6044250754274221 0.5455927051671733 0.6151525310090513 0.5835866261398176 0.6288970834730138 0.5881458966565349 0.6429768689239022 0.5699088145896657 0.6436473348977539 0.5121580547112462 0.6436473348977539 0.4513677811550152 0.6409654710023466 0.4095744680851064 0.6299027824337915 0.38677811550151975
13 0.6436473348977539 0.39361702127659576 0.6409654710023466 0.4430091185410334 0.6409654710023466 0.5075987841945289 0.6456587328193094 0.5547112462006079 0.6604089842440496 0.5721884498480243 0.6694602748910493 0.5501519756838906 0.6674488769694938 0.49164133738601823 0.6634260811263828 0.4247720364741641 0.6567214213878646 0.3670212765957447
14 0.6765001676164935 0.3822188449848024 0.6684545759302716 0.40501519756838905 0.6674488769694938 0.45592705167173253 0.6674488769694938 0.5053191489361702 0.6791820315119008 0.5638297872340425 0.6999664767013074 0.5638297872340425 0.7060006704659738 0.5296352583586627 0.6942675159235668 0.4764437689969605 0.6811934294334563 0.4072948328267477
16 0.5088836741535367 0.7849544072948328 0.5098893731143145 0.7196048632218845 0.5028494803888702 0.648176291793313 0.5058665772712034 0.6170212765957447 0.5165940328528327 0.621580547112462 0.5175997318136104 0.6550151975683891 0.5175997318136104 0.7044072948328267 0.519611129735166 0.7401215805471124
17 0.5303385853167951 0.8115501519756839 0.5273214884344619 0.7781155015197568 0.5216225276567215 0.7021276595744681 0.5216225276567215 0.6641337386018237 0.5236339255782769 0.628419452887538 0.5343613811599062 0.6170212765957447 0.5393898759637948 0.6504559270516718 0.5373784780422394 0.7112462006079028 0.5383841770030171 0.7446808510638298 0.5403955749245726 0.7849544072948328
18 0.5531344284277573 0.8092705167173252 0.5591686221924237 0.7667173252279635 0.5628561850486088 0.7310030395136778 0.5638618840093865 0.6884498480243161 0.5638618840093865 0.6413373860182371 0.5598390881662756 0.6101823708206687 0.5471002346630909 0.6170212765957447 0.5430774388199799 0.6527355623100304 0.5430774388199799 0.6952887537993921 0.5471002346630909 0.7515197568389058
19 0.5749245725779417 0.8024316109422492 0.5826349312772376 0.7515197568389058 0.5876634260811264 0.6930091185410334 0.5886691250419042 0.6572948328267477 0.5786121354341267 0.6147416413373861 0.5678846798524975 0.6147416413373861 0.565873281930942 0.6458966565349544 0.5648675829701643 0.6975683890577508 0.5668789808917197 0.7515197568389058
20 0.6111297351659404 0.8069908814589666 0.6131411330874958 0.7355623100303952 0.6141468320482736 0.6816109422492401 0.6111297351659404 0.6375379939209727 0.6004022795843111 0.6170212765957447 0.5906805229634596 0.6436170212765957 0.5896748240026819 0.6793313069908815 0.5943680858196446 0.7241641337386018 0.5993965806235334 0.7758358662613982
21 0.6309084813945692 0.7978723404255319 0.6242038216560509 0.7712765957446809 0.6131411330874958 0.7021276595744681 0.6064364733489775 0.6375379939209727 0.608447871270533 0.621580547112462 0.6268856855514583 0.621580547112462 0.6399597720415688 0.6329787234042553 0.6446530338585317 0.6861702127659575 0.6496815286624203 0.7218844984802432 0.6526986255447536 0.7803951367781155 0.6466644317800871 0.7978723404255319
22 0.6734830707341602 0.7803951367781155 0.6892390211196782 0.7712765957446809 0.6942675159235668 0.7492401215805471 0.6942675159235668 0.71580547112462 0.6872276231981227 0.668693009118541 0.6775058665772712 0.6056231003039514 0.6634260811263828 0.5949848024316109 0.6446530338585317 0.6056231003039514 0.6419711699631244 0.6306990881458967 0.6436473348977539 0.6793313069908815 0.6557157224270869 0.7515197568389058
23 0.7227623198122696 0.7218844984802432 0.7049949715051961 0.6975683890577508 0.6949379818974187 0.6618541033434651 0.6842105263157895 0.628419452887538 0.6811934294334563 0.60790273556231 0.6811934294334563 0.581306990881459 0.6989607777405297 0.567629179331307 0.7090177673483071 0.5592705167173252 0.7157224270868253 0.5858662613981763 0.7257794166946028 0.6375379939209727 0.7334897753938988 0.6732522796352584 0.7344954743546765 0.7066869300911854
24 0.49212202480724104 0.7933130699088146 0.4968152866242038 0.7758358662613982 0.4968152866242038 0.7218844984802432 0.49480388870264835 0.6595744680851063 0.4988266845457593 0.6375379939209727 0.49212202480724104 0.6238601823708206 0.47804223935635265 0.6238601823708206 0.4810593362386859 0.648176291793313 0.4830707341602414 0.6732522796352584 0.4830707341602414 0.7044072948328267 0.4830707341602414 0.7515197568389058
25 0.4770365403955749 0.7826747720364742 0.47804223935635265 0.7173252279635258 0.47804223935635265 0.6732522796352584 0.4790479383171304 0.6398176291793313 0.46228628897083474 0.60790273556231 0.4565873281930942 0.6398176291793313 0.46027489104927927 0.675531914893617 0.46228628897083474 0.7196048632218845
26 0.4565873281930942 0.7978723404255319 0.4565873281930942 0.7469604863221885 0.4565873281930942 0.6930091185410334 0.4565873281930942 0.6352583586626139 0.4428427757291317 0.60790273556231 0.4358028830036876 0.648176291793313 0.43781428092524305 0.6838905775075987 0.43781428092524305 0.7537993920972644 0.441837076768354 0.8092705167173252 0.4485417365068723 0.8335866261398176
27 0.4287629902782434 0.8069908814589666 0.4358028830036876 0.7598784194528876 0.44083137780757625 0.6838905775075987 0.441837076768354 0.621580547112462 0.4287629902782434 0.6101823708206687 0.42105263157894735 0.6436170212765957 0.42105263157894735 0.6793313069908815 0.42105263157894735 0.7287234042553191 0.41501843781428094 0.7758358662613982 0.41300703989272547 0.8183890577507599 0.4200469326181696 0.8335866261398176
28 0.4012738853503185 0.8297872340425532 0.41099564197116994 0.7781155015197568 0.4190412336573919 0.7332826747720365 0.4260811263828361 0.668693009118541 0.42105263157894735 0.628419452887538 0.40831377807576263 0.6193009118541033 0.4022795843110962 0.6641337386018237 0.39926248742876297 0.6861702127659575 0.39624539054642977 0.71580547112462 0.3942339926248743 0.7401215805471124 0.39054642976868925 0.7849544072948328 0.38652363392557826 0.8024316109422492
29 0.3727790814616158 0.8069908814589666 0.37646664431780086 0.7872340425531915 0.3855179349648005 0.7424012158054711 0.3972510895072075 0.6793313069908815 0.40831377807576263 0.6170212765957447 0.39054642976868925 0.6033434650455927 0.3697619845792826 0.6170212765957447 0.3657391887361716 0.6709726443768997 0.35400603419376464 0.7241641337386018 0.34797184042909823 0.7537993920972644 0.35098893731143144 0.7933130699088146
30 0.32919879316124706 0.7917933130699089 0.3342272879651358 0.7781155015197568 0.344954743546765 0.7355623100303952 0.36372779081461615 0.6618541033434651 0.3667448876969494 0.6436170212765957 0.3617163928930607 0.621580547112462 0.344954743546765 0.60790273556231 0.3281930942004693 0.5972644376899696 0.32349983238350655 0.6352583586626139 0.3104257458933959 0.708966565349544 0.30673818303721084 0.7401215805471124 0.30372108615487764 0.7803951367781155
31 0.29165269862554477 0.7401215805471124 0.3027153871940999 0.7112462006079028 0.3114314448541737 0.6838905775075987 0.3224941334227288 0.6375379939209727 0.3281930942004693 0.6033434650455927 0.3224941334227288 0.581306990881459 0.29165269862554477 0.567629179331307 0.282936640965471 0.6124620060790273 0.271203486423064 0.6595744680851063 0.26215219577606436 0.7021276595744681 0.2641635936976198 0.7264437689969605