0 0.4685872960777508 0.46504559270516715 0.4994793474488025 0.4574468085106383 0.49566122874002083 0.4012158054711246 0.4911489066296425 0.2188449848024316 0.4741409232905241 0.22036474164133737 0.4727525164873308 0.38069908814589665 0.4678930926761541 0.44224924012158057
1 0.44706699062825406 0.46580547112462006 0.4678930926761541 0.4673252279635258 0.46962860118014577 0.44148936170212766 0.47344671988892745 0.3829787234042553 0.47344671988892745 0.3290273556231003 0.46928149947934744 0.2796352583586626 0.4685872960777508 0.22872340425531915 0.45331482124262407 0.23556231003039513 0.44706699062825406 0.2743161094224924 0.44463727872266573 0.3541033434650456 0.4425546685178757 0.3829787234042553 0.4425546685178757 0.41793313069908816
2 0.41478653245400904 0.43844984802431614 0.4217285664699757 0.45896656534954405 0.43318292259632074 0.4635258358662614 0.44081916001388405 0.4551671732522796 0.44463727872266573 0.4331306990881459 0.4463727872266574 0.3860182370820669 0.44463727872266573 0.3556231003039514 0.44324887191947243 0.2439209726443769 0.4255466851787574 0.22416413373860183 0.417910447761194 0.2454407294832827 0.4186046511627907 0.31155015197568386 0.4186046511627907 0.3594224924012158 0.4186046511627907 0.38069908814589665
3 0.396043040610899 0.4452887537993921 0.3953488372093023 0.40501519756838905 0.393960430406109 0.3677811550151976 0.400208261020479 0.32674772036474165 0.4015966678236723 0.2765957446808511 0.405414786532454 0.24088145896656535 0.4092329052412357 0.19832826747720364 0.42936480388753906 0.2006079027355623 0.43110031239153074 0.3472644376899696 0.4300590072891357 0.38069908814589665 0.42936480388753906 0.4217325227963526 0.4276292953835474 0.44376899696048633 0.42103436306837905 0.4521276595744681 0.4123568205484207 0.44832826747720367 0.4071502950364457 0.46504559270516715 0.399166955918084 0.4566869300911854
4 0.37834085387018396 0.4551671732522796 0.3693162096494273 0.44376899696048633 0.3713988198542173 0.4148936170212766 0.373134328358209 0.3844984802431611 0.37834085387018396 0.3290273556231003 0.3769524470669906 0.26595744680851063 0.3790350572717806 0.18009118541033434 0.40298507462686567 0.2066869300911854 0.4015966678236723 0.29635258358662614 0.40298507462686567 0.34194528875379937 0.40298507462686567 0.3738601823708207 0.405414786532454 0.4027355623100304 0.40472058313085735 0.42325227963525835 0.3998611593196807 0.44984802431610943
5 0.3370357514751822 0.4316109422492401 0.33356473446719886 0.4095744680851064 0.33772995487677887 0.3776595744680851 0.34224227698715726 0.3541033434650456 0.3405067684831656 0.32142857142857145 0.3408538701839639 0.25227963525835867 0.3460603956959389 0.20364741641337386 0.3693162096494273 0.20364741641337386 0.373134328358209 0.2811550151975684 0.373134328358209 0.3252279635258359 0.373134328358209 0.3556231003039514 0.3769524470669906 0.3966565349544073 0.37834085387018396 0.4316109422492401 0.37834085387018396 0.4574468085106383 0.3693162096494273 0.45364741641337386 0.36167997223186393 0.44680851063829785 0.34744880249913224 0.4399696048632219
6 0.29434224227698713 0.4027355623100304 0.2960777507809788 0.3844984802431611 0.3044081916001388 0.34574468085106386 0.3051023950017355 0.30167173252279633 0.3082263103089205 0.2743161094224924 0.3099618188129122 0.2507598784194529 0.3120444290177022 0.22416413373860183 0.32905241235682053 0.22416413373860183 0.3370357514751822 0.25227963525835867 0.3391183616799722 0.30623100303951367 0.3391183616799722 0.3366261398176292 0.3405067684831656 0.36930091185410335 0.3370357514751822 0.40425531914893614 0.3228045817424505 0.4316109422492401 0.3120444290177022 0.4217325227963526 0.30128427629295385 0.4148936170212766
7 0.29503644567858384 0.4012158054711246 0.2721277334258938 0.3723404255319149 0.2683096147171121 0.35714285714285715 0.2710864283234988 0.3351063829787234 0.2804581742450538 0.2917933130699088 0.2860118014578271 0.2530395136778115 0.2898299201666088 0.23100303951367782 0.3023255813953488 0.2454407294832827 0.30059007289135714 0.30015197568389057 0.3023255813953488 0.33358662613981765 0.3044081916001388 0.3472644376899696 0.3019784796945505 0.3761398176291793
8 0.49566122874002083 0.46200607902735563 0.5289829920166609 0.4688449848024316 0.5279416869142659 0.42325227963525835 0.5244706699062825 0.3100303951367781 0.5213467545990975 0.2629179331306991 0.5119750086775425 0.23252279635258358 0.5005206525511975 0.23708206686930092 0.4987851440472058 0.2796352583586626 0.4987851440472058 0.3252279635258359 0.4994793474488025 0.4148936170212766
9 0.5279416869142659 0.4688449848024316 0.5550156195765359 0.46048632218844987 0.5536272127733426 0.3981762917933131 0.551891704269351 0.3670212765957447 0.5421728566469975 0.22872340425531915 0.5310656022214509 0.2393617021276596 0.5296771954182575 0.3860182370820669 0.5289829920166609 0.4027355623100304
10 0.5529330093717459 0.4506079027355623 0.5675112808052759 0.4673252279635258 0.572717806317251 0.46048632218844987 0.576883026726831 0.4399696048632219 0.578965636931621 0.4133738601823708 0.5796598403332176 0.3791793313069909 0.576883026726831 0.33206686930091184 0.5730649080180493 0.2613981762917933 0.5668170774036793 0.19376899696048633 0.5491148906629643 0.21048632218844984 0.5522388059701493 0.28799392097264437 0.5529330093717459 0.3290273556231003 0.5491148906629643 0.37462006079027355 0.5473793821589725 0.41109422492401215
11 0.572717806317251 0.4399696048632219 0.5782714335300243 0.44680851063829785 0.585213467545991 0.44832826747720367 0.5921555015619576 0.4551671732522796 0.596667823672336 0.44832826747720367 0.5984033321763277 0.4399696048632219 0.6022214508851094 0.42857142857142855 0.6015272474835127 0.4065349544072948 0.599791738979521 0.3738601823708207 0.597709128774731 0.34194528875379937 0.594585213467546 0.30319148936170215 0.590419993057966 0.25227963525835867 0.576883026726831 0.18693009118541035 0.5682054842068727 0.1831306990881459 0.5605692467893093 0.22188449848024316 0.564387365498091 0.2765957446808511 0.564387365498091 0.32370820668693007 0.5661228740020826 0.3655015197568389 0.5682054842068727 0.40501519756838905
13 0.6230475529330094 0.4270516717325228 0.6230475529330094 0.4065349544072948 0.6251301631377993 0.3738601823708207 0.6230475529330094 0.3290273556231003 0.6230475529330094 0.30015197568389057 0.6286011801457827 0.24620060790273557 0.642485248177716 0.2256838905775076 0.6584519264144394 0.2439209726443769 0.6640055536272128 0.28495440729483285 0.6601874349184311 0.31990881458966564 0.6629642485248177 0.3525835866261398 0.6660881638320028 0.3761398176291793 0.6685178757375911 0.3913373860182371 0.6699062825407844 0.4095744680851064 0.6608816383200278 0.4270516717325228 0.6539396043040611 0.42629179331306993 0.6438736549809094 0.43009118541033436 0.6313779937521694 0.4316109422492401
14 0.6754599097535577 0.4133738601823708 0.6862200624783061 0.4148936170212766 0.6962860118014579 0.4095744680851064 0.7025338424158278 0.40425531914893614 0.7087816730301979 0.3981762917933131 0.7063519611246095 0.3677811550151976 0.7046164526206179 0.3404255319148936 0.7007983339118362 0.30167173252279633 0.6924678930926762 0.24240121580547114 0.6855258590767095 0.22264437689969604 0.6737244012495661 0.23708206686930092 0.6737244012495661 0.28951367781155013 0.6737244012495661 0.31382978723404253 0.6716417910447762 0.33358662613981765 0.6685178757375911 0.36246200607902734 0.6678236723359945 0.3890577507598784
16 0.49357861853523083 0.5030395136778115 0.5119750086775425 0.5007598784194529 0.5164873307879209 0.5919452887537994 0.5112808052759459 0.7317629179331308 0.5026032627559875 0.7386018237082067 0.5012148559527941 0.6322188449848024 0.49809094064560916 0.5820668693009119 0.49184311003123915 0.5182370820668692
17 0.5112808052759459 0.5022796352583586 0.5334953141270392 0.5045592705167173 0.5359250260326276 0.5433130699088146 0.5380076362374175 0.5790273556231003 0.5380076362374175 0.6306990881458967 0.5373134328358209 0.7021276595744681 0.5328011107254426 0.7317629179331308 0.5171815341895175 0.7256838905775076 0.5209996528982992 0.6664133738601824 0.5189170426935092 0.6276595744680851 0.5164873307879209 0.5866261398176292 0.5126692120791392 0.5478723404255319
18 0.535230822631031 0.5433130699088146 0.5321069073238459 0.5197568389057751 0.5314127039222493 0.5030395136778115 0.551891704269351 0.5007598784194529 0.5619576535925026 0.5075987841945289 0.5626518569940993 0.5364741641337386 0.5626518569940993 0.5721884498480243 0.5626518569940993 0.6155015197568389 0.5675112808052759 0.6717325227963525 0.5661228740020826 0.7218844984802432 0.5591808399861159 0.7287234042553191 0.5522388059701493 0.7203647416413373 0.5473793821589725 0.6496960486322189 0.5452967719541826 0.6139817629179332 0.5380076362374175 0.5721884498480243
19 0.5626518569940993 0.5600303951367781 0.556056924678931 0.5379939209726444 0.5543214161749392 0.526595744680851 0.5605692467893093 0.5007598784194529 0.564387365498091 0.4878419452887538 0.5775772301284277 0.48936170212765956 0.582089552238806 0.4939209726443769 0.5866018743491843 0.5197568389057751 0.5866018743491843 0.5501519756838906 0.5890315862547727 0.5820668693009119 0.5921555015619576 0.7256838905775076 0.5796598403332176 0.7256838905775076 0.5713293995140576 0.6344984802431611 0.5657757723012843 0.5919452887537994
20 0.591461298160361 0.5547112462006079 0.5838250607427976 0.5296352583586627 0.5827837556404026 0.5174772036474165 0.5813953488372093 0.4992401215805471 0.5859076709475877 0.48404255319148937 0.593543908365151 0.48024316109422494 0.6043040610898993 0.48024316109422494 0.6115931968066644 0.4810030395136778 0.6161055189170427 0.5174772036474165 0.6161055189170427 0.5334346504559271 0.6286011801457827 0.6276595744680851 0.6400555362721277 0.6937689969604863 0.617493925720236 0.7120060790273556 0.6136758070114544 0.6496960486322189 0.6053453661922943 0.6193009118541033 0.600833044081916 0.5851063829787234 0.597709128774731 0.5767477203647416
21 0.621659146129816 0.5668693009118541 0.6185352308226311 0.5395136778115501 0.611246095105866 0.5159574468085106 0.6043040610898993 0.48024316109422494 0.6147171121138494 0.4673252279635258 0.6268656716417911 0.46504559270516715 0.6376258243665394 0.46048632218844987 0.650815688996876 0.45896656534954405 0.6598403332176328 0.46504559270516715 0.6615758417216244 0.48936170212765956 0.6584519264144394 0.5296352583586627 0.6646997570288095 0.5501519756838906 0.6893439777854912 0.6413373860182371 0.6598403332176328 0.6709726443768997 0.6355432141617494 0.6527355623100304 0.633113502256161 0.6291793313069909 0.6275598750433877 0.601823708206687 0.6230475529330094 0.5820668693009119
22 0.6723359944463728 0.5448328267477204 0.6633113502256162 0.5212765957446809 0.6546338077056577 0.506079027355623 0.650815688996876 0.48936170212765956 0.650815688996876 0.4726443768996961 0.6553280111072545 0.45364741641337386 0.6646997570288095 0.44376899696048633 0.6862200624783061 0.43541033434650456 0.6910794862894828 0.4270516717325228 0.6994099271086428 0.43009118541033436 0.7046164526206179 0.4452887537993921 0.7056577577230129 0.47416413373860183 0.7094758764317945 0.49620060790273557 0.7157237070461645 0.5182370820668692 0.7226657410621312 0.541033434650456 0.7365498090940645 0.5805471124620061 0.7334258937868795 0.6291793313069909 0.7084345713293995 0.6306990881458967 0.6987157237070462 0.6177811550151976 0.6945505032974661 0.6155015197568389 0.6869142658799028 0.5942249240121581 0.6771954182575495 0.5752279635258358
23 0.7323845886844845 0.5258358662613982 0.7247483512669212 0.5030395136778115 0.7178063172509546 0.48556231003039513 0.7101700798333912 0.47416413373860183 0.6980215203054495 0.43844984802431614 0.7001041305102395 0.42325227963525835 0.7240541478653245 0.4095744680851064 0.7292606733772995 0.4012158054711246 0.7403679278028462 0.4012158054711246 0.7441860465116279 0.42857142857142855 0.7455744533148212 0.4551671732522796 0.7532106907323846 0.48024316109422494 0.7625824366539397 0.49544072948328266 0.7688302672683096 0.5296352583586627 0.7518222839291913 0.5547112462006079
24 0.4724054147865325 0.5022796352583586 0.4973967372440125 0.5022796352583586 0.49566122874002083 0.5805471124620061 0.49566122874002083 0.7021276595744681 0.47552933009371745 0.6930091185410334 0.47934744880249913 0.6375379939209727 0.4779590419993058 0.5987841945288754 0.4765706351961125 0.5569908814589666 0.4765706351961125 0.5159574468085106
25 0.45192641443943077 0.49544072948328266 0.4762235334953141 0.49772036474164133 0.4762235334953141 0.5615501519756839 0.4786532454009025 0.7013677811550152 0.46407497396737246 0.7120060790273556 0.45574453314821245 0.6428571428571429 0.45400902464422077 0.5820668693009119 0.45157931273863244 0.5326747720364742
26 0.42485248177716073 0.5281155015197568 0.4276292953835474 0.49772036474164133 0.4349184311003124 0.4878419452887538 0.45400902464422077 0.49772036474164133 0.4564387365498091 0.5212765957446809 0.45539743144741407 0.5516717325227963 0.45331482124262407 0.5790273556231003 0.45331482124262407 0.6124620060790273 0.45713293995140575 0.7203647416413373 0.44081916001388405 0.7135258358662614 0.42867060048594235 0.6914893617021277
27 0.403332176327664 0.5486322188449848 0.40090246442207567 0.5212765957446809 0.4071502950364457 0.48936170212765956 0.42103436306837905 0.49544072948328266 0.4279763970843457 0.5144376899696048 0.4317945157931274 0.5281155015197568 0.42867060048594235 0.5585106382978723 0.424158278375564 0.5851063829787234 0.41721624435959737 0.7355623100303952 0.400208261020479 0.7135258358662614 0.40298507462686567 0.5721884498480243
28 0.3769524470669906 0.6041033434650456 0.38215897257896564 0.5045592705167173 0.38458868448455397 0.4908814589665654 0.3894481082957306 0.48556231003039513 0.39465463380770566 0.4825227963525836 0.3998611593196807 0.48936170212765956 0.40472058313085735 0.4992401215805471 0.413745227351614 0.5106382978723404 0.4071502950364457 0.5448328267477204 0.38632419298854564 0.7203647416413373 0.37209302325581395 0.7104863221884499
30 0.2919125303713988 0.6177811550151976 0.32592849704963556 0.5752279635258358 0.33530024297119054 0.5364741641337386 0.3491843110031239 0.5182370820668692 0.35369663311350225 0.4703647416413374 0.3439777854911489 0.46580547112462006 0.33148212426240886 0.4551671732522796 0.31273863241929883 0.4331306990881459 0.3044081916001388 0.4756838905775076 0.29746615758417216 0.5007598784194529 0.29225963207219713 0.5197568389057751 0.2804581742450538 0.5737082066869301 0.2676154113155155 0.6071428571428571 0.28531759805623047 0.6322188449848024
31 0.2405414786532454 0.5820668693009119 0.25269003818118707 0.48556231003039513 0.26275598750433876 0.43541033434650456 0.2651856994099271 0.42021276595744683 0.2759458521346755 0.3958966565349544 0.2867060048594238 0.41185410334346506 0.3082263103089205 0.4247720364741641 0.31135022561610554 0.44984802431610943 0.29920166608816384 0.4870820668693009 0.2884415133634155 0.49772036474164133 0.27282193682749045 0.5486322188449848 0.25060742797639707 0.5972644376899696