0 0.46188186813186816 0.46808510638297873 0.46188186813186816 0.49620060790273557 0.4684065934065934 0.506079027355623 0.48282967032967034 0.5030395136778115 0.4962225274725275 0.5015197568389058 0.4962225274725275 0.4156534954407295 0.49072802197802196 0.20288753799392098 0.46565934065934067 0.21200607902735563 0.46703296703296704 0.4027355623100304
1 0.4429945054945055 0.46656534954407297 0.43921703296703296 0.5045592705167173 0.44471153846153844 0.5243161094224924 0.4742445054945055 0.5129179331306991 0.46703296703296704 0.4156534954407295 0.4570741758241758 0.21732522796352582 0.42891483516483514 0.24012158054711247
2 0.4182692307692308 0.4521276595744681 0.4268543956043956 0.5045592705167173 0.4326923076923077 0.5167173252279635 0.44402472527472525 0.4886018237082067 0.44677197802197804 0.46504559270516715 0.4481456043956044 0.42857142857142855 0.44677197802197804 0.3677811550151976 0.4320054945054945 0.22416413373860183 0.41243131868131866 0.2439209726443769
3 0.4014423076923077 0.4506079027355623 0.4028159340659341 0.4946808510638298 0.41620879120879123 0.5129179331306991 0.42376373626373626 0.506838905775076 0.4296016483516483 0.493161094224924 0.44471153846153844 0.49164133738601823 0.4453983516483517 0.4399696048632219 0.4213598901098901 0.22416413373860183 0.3856456043956044 0.2439209726443769
4 0.38495879120879123 0.4072948328267477 0.3798076923076923 0.4506079027355623 0.3798076923076923 0.49772036474164133 0.38873626373626374 0.506838905775076 0.4014423076923077 0.5113981762917933 0.41311813186813184 0.49164133738601823 0.41620879120879123 0.4787234042553192 0.41620879120879123 0.425531914893617 0.40350274725274726 0.2454407294832827 0.38324175824175827 0.24848024316109424
5 0.3557692307692308 0.5129179331306991 0.34546703296703296 0.5030395136778115 0.34615384615384615 0.4635258358662614 0.34684065934065933 0.42401215805471126 0.34546703296703296 0.30015197568389057 0.3894230769230769 0.29635258358662614 0.39663461538461536 0.3974164133738602 0.39697802197802196 0.44984802431610943 0.39697802197802196 0.46808510638297873 0.39663461538461536 0.4886018237082067 0.37293956043956045 0.49848024316109424
6 0.3162774725274725 0.4886018237082067 0.3399725274725275 0.4817629179331307 0.3482142857142857 0.4521276595744681 0.35199175824175827 0.41717325227963525 0.35130494505494503 0.3844984802431611 0.34512362637362637 0.3343465045592705 0.3282967032967033 0.31155015197568386 0.30425824175824173 0.32598784194528874 0.2973901098901099 0.364741641337386 0.30357142857142855 0.43237082066869303 0.30631868131868134 0.47188449848024316
8 0.5 0.5030395136778115 0.5065247252747253 0.506838905775076 0.5305631868131868 0.5045592705167173 0.5364010989010989 0.4946808510638298 0.5343406593406593 0.4452887537993921 0.5339972527472527 0.3860182370820669 0.5257554945054945 0.21200607902735563 0.4989697802197802 0.23252279635258358 0.4945054945054945 0.3890577507598784
9 0.5319368131868132 0.49012158054711247 0.5364010989010989 0.49848024316109424 0.5521978021978022 0.49620060790273557 0.5669642857142857 0.49012158054711247 0.5669642857142857 0.46200607902735563 0.551510989010989 0.2188449848024316 0.5350274725274725 0.2317629179331307 0.5333104395604396 0.4156534954407295
10 0.5559752747252747 0.46504559270516715 0.5655906593406593 0.5045592705167173 0.5789835164835165 0.5227963525835866 0.5892857142857143 0.4886018237082067 0.5899725274725275 0.38753799392097266 0.5834478021978022 0.20896656534954408 0.5566620879120879 0.22036474164133737 0.5559752747252747 0.42401215805471126
11 0.5758928571428571 0.4582066869300912 0.5841346153846154 0.49620060790273557 0.5923763736263736 0.49848024316109424 0.5999313186813187 0.49164133738601823 0.603021978021978 0.5083586626139818 0.614010989010989 0.49772036474164133 0.6164148351648352 0.4696048632218845 0.6088598901098901 0.3776595744680851 0.5961538461538461 0.20896656534954408 0.5707417582417582 0.22188449848024316 0.5738324175824175 0.364741641337386
12 0.603021978021978 0.43844984802431614 0.6081730769230769 0.4734042553191489 0.6215659340659341 0.4817629179331307 0.6298076923076923 0.4848024316109423 0.6394230769230769 0.45972644376899696 0.634271978021978 0.42021276595744683 0.615728021978022 0.22264437689969604 0.59375 0.22720364741641338 0.5982142857142857 0.3708206686930091
14 0.6813186813186813 0.45364741641337386 0.6730769230769231 0.43237082066869303 0.6723901098901099 0.3822188449848024 0.6758241758241759 0.3541033434650456 0.6796016483516484 0.25835866261398177 0.7400412087912088 0.2682370820668693 0.7177197802197802 0.3761398176291793 0.717032967032967 0.42401215805471126 0.7118818681318682 0.4452887537993921 0.7022664835164835 0.45364741641337386 0.6888736263736264 0.45364741641337386
16 0.49072802197802196 0.5425531914893617 0.5078983516483516 0.526595744680851 0.5154532967032966 0.5721884498480243 0.5281593406593407 0.7492401215805471 0.5154532967032966 0.7537993920972644
17 0.5123626373626373 0.5691489361702128 0.5103021978021978 0.5379939209726444 0.5377747252747253 0.5326747720364742 0.5401785714285714 0.6056231003039514 0.5467032967032966 0.7545592705167173 0.5288461538461539 0.756079027355623
18 0.5401785714285714 0.6117021276595744 0.5364010989010989 0.5547112462006079 0.5401785714285714 0.5326747720364742 0.5467032967032966 0.5212765957446809 0.5649038461538461 0.5379939209726444 0.5686813186813187 0.5721884498480243 0.5865384615384616 0.8039513677811551 0.5728021978021978 0.8123100303951368
19 0.5745192307692307 0.6306990881458967 0.5649038461538461 0.5790273556231003 0.5600961538461539 0.5547112462006079 0.5686813186813187 0.53419452887538 0.5782967032967034 0.5296352583586627 0.5903159340659341 0.5395136778115501 0.5947802197802198 0.5843465045592705 0.6102335164835165 0.8069908814589666 0.5848214285714286 0.8123100303951368
20 0.601304945054945 0.6382978723404256 0.5940934065934066 0.5889057750759878 0.5885989010989011 0.5638297872340425 0.595467032967033 0.5357142857142857 0.6095467032967034 0.5296352583586627 0.6215659340659341 0.5547112462006079 0.626717032967033 0.6041033434650456 0.6380494505494505 0.8001519756838906 0.6222527472527473 0.797112462006079
21 0.6280906593406593 0.601823708206687 0.6215659340659341 0.5721884498480243 0.6133241758241759 0.5547112462006079 0.6112637362637363 0.5281155015197568 0.6133241758241759 0.5159574468085106 0.6311813186813187 0.5129179331306991 0.6414835164835165 0.5159574468085106 0.6565934065934066 0.506079027355623 0.6717032967032966 0.5227963525835866 0.6758241758241759 0.5775075987841946 0.679945054945055 0.6200607902735562 0.7057005494505495 0.7127659574468085 0.6758241758241759 0.7408814589665653 0.6425137362637363 0.7196048632218845
22 0.6730769230769231 0.5805471124620061 0.6679258241758241 0.5379939209726444 0.6603708791208791 0.5258358662613982 0.6572802197802198 0.506079027355623 0.6572802197802198 0.4878419452887538 0.6624313186813187 0.4734042553191489 0.678228021978022 0.4635258358662614 0.6929945054945055 0.4635258358662614 0.7081043956043956 0.46808510638297873 0.7156593406593407 0.5 0.7177197802197802 0.5379939209726444 0.7410714285714286 0.6778115501519757 0.7273351648351648 0.7044072948328267 0.6978021978021978 0.668693009118541
23 0.7214972527472527 0.5645896656534954 0.7184065934065934 0.5311550151975684 0.7118818681318682 0.49620060790273557 0.7101648351648352 0.48328267477203646 0.7139423076923077 0.46656534954407297 0.7221840659340659 0.44984802431610943 0.7372939560439561 0.4506079027355623 0.75 0.4506079027355623 0.7603021978021978 0.47796352583586627 0.7616758241758241 0.5083586626139818 0.7788461538461539 0.6253799392097265 0.7527472527472527 0.6451367781155015
24 0.47012362637362637 0.5311550151975684 0.4945054945054945 0.5258358662613982 0.49828296703296704 0.6117021276595744 0.5041208791208791 0.7591185410334347 0.49313186813186816 0.7644376899696048
25 0.4526098901098901 0.5197568389057751 0.4766483516483517 0.5258358662613982 0.48729395604395603 0.770516717325228 0.4684065934065934 0.7788753799392097
26 0.4320054945054945 0.5843465045592705 0.43131868131868134 0.5478723404255319 0.4481456043956044 0.5296352583586627 0.4519230769230769 0.5326747720364742 0.46119505494505497 0.5927051671732523 0.4639423076923077 0.8085106382978723 0.43921703296703296 0.8123100303951368
27 0.41552197802197804 0.7537993920972644 0.4072802197802198 0.6306990881458967 0.4055631868131868 0.5919452887537994 0.4010989010989011 0.574468085106383 0.4059065934065934 0.5379939209726444 0.4141483516483517 0.5281155015197568 0.4333791208791209 0.5562310030395137 0.43475274725274726 0.5927051671732523 0.43543956043956045 0.8237082066869301 0.4186126373626374 0.8123100303951368
28 0.3760302197802198 0.8085106382978723 0.3760302197802198 0.702887537993921 0.3787774725274725 0.6398176291793313 0.37225274725274726 0.6086626139817629 0.3743131868131868 0.5592705167173252 0.38186813186813184 0.5425531914893617 0.3959478021978022 0.5379939209726444 0.40418956043956045 0.5509118541033434 0.40796703296703296 0.5843465045592705 0.4055631868131868 0.6519756838905775 0.4028159340659341 0.8335866261398176
30 0.3131868131868132 0.7446808510638298 0.33619505494505497 0.6762917933130699 0.34615384615384615 0.6306990881458967 0.35714285714285715 0.6041033434650456 0.3646978021978022 0.5691489361702128 0.3646978021978022 0.5448328267477204 0.3602335164835165 0.5311550151975684 0.35061813186813184 0.5296352583586627 0.3392857142857143 0.5212765957446809 0.332760989010989 0.5129179331306991 0.32005494505494503 0.5258358662613982 0.31559065934065933 0.567629179331307 0.27369505494505497 0.7492401215805471 0.3018543956043956 0.7735562310030395