0 0.474468085106383 0.4992401215805471 0.49539007092198584 0.4992401215805471 0.49929078014184397 0.4946808510638298 0.5010638297872341 0.46504559270516715 0.5010638297872341 0.425531914893617 0.4921985815602837 0.2591185410334346 0.4677304964539007 0.2591185410334346 0.47127659574468084 0.3981762917933131 0.47127659574468084 0.47416413373860183
1 0.4443262411347518 0.44984802431610943 0.4443262411347518 0.47416413373860183 0.45886524822695035 0.4825227963525836 0.4695035460992908 0.48404255319148937 0.47588652482269506 0.4566869300911854 0.4769503546099291 0.4065349544072948 0.47375886524822697 0.25455927051671734 0.45567375886524825 0.26443768996960487 0.44858156028368795 0.3890577507598784
2 0.41808510638297874 0.44452887537993924 0.425886524822695 0.4734042553191489 0.44042553191489364 0.4825227963525836 0.451063829787234 0.45288753799392095 0.45354609929078016 0.3958966565349544 0.4542553191489362 0.3495440729483283 0.44113475177304967 0.20820668693009117 0.4219858156028369 0.20440729483282674 0.4226950354609929 0.3351063829787234 0.42021276595744683 0.36854103343465044 0.41808510638297874 0.4095744680851064
3 0.3946808510638298 0.446048632218845 0.40177304964539007 0.4703647416413374 0.4156028368794326 0.45972644376899696 0.41702127659574467 0.44984802431610943 0.4340425531914894 0.44452887537993924 0.4372340425531915 0.37537993920972645 0.4326241134751773 0.2872340425531915 0.42340425531914894 0.18161094224924013 0.399290780141844 0.1884498480243161 0.40106382978723404 0.3221884498480243 0.3971631205673759 0.3601823708206687 0.3946808510638298 0.39209726443769 0.39148936170212767 0.425531914893617
4 0.375886524822695 0.3905775075987842 0.3776595744680851 0.42401215805471126 0.38652482269503546 0.446048632218845 0.40106382978723404 0.44224924012158057 0.40886524822695036 0.4148936170212766 0.4049645390070922 0.3860182370820669 0.399290780141844 0.35638297872340424 0.38156028368794326 0.1952887537993921 0.3670212765957447 0.20288753799392098 0.3726950354609929 0.3427051671732523
5 0.32127659574468087 0.44072948328267475 0.32695035460992905 0.3860182370820669 0.3294326241134752 0.3601823708206687 0.3301418439716312 0.33586626139817627 0.33156028368794327 0.2803951367781155 0.3677304964539007 0.25455927051671734 0.36879432624113473 0.2712765957446808 0.3726950354609929 0.34802431610942247 0.37375886524822693 0.3981762917933131 0.3776595744680851 0.42401215805471126 0.37836879432624115 0.4551671732522796 0.36312056737588655 0.45972644376899696 0.3478723404255319 0.45972644376899696 0.3365248226950355 0.4582066869300912
6 0.30602836879432627 0.4338905775075988 0.2936170212765957 0.4217325227963526 0.2897163120567376 0.41717325227963525 0.2847517730496454 0.4095744680851064 0.2847517730496454 0.37537993920972645 0.28829787234042553 0.34802431610942247 0.30035460992907803 0.3168693009118541 0.29858156028368793 0.1884498480243161 0.32127659574468087 0.19224924012158054 0.3301418439716312 0.22492401215805471 0.33156028368794327 0.3161094224924012 0.33191489361702126 0.34574468085106386 0.33191489361702126 0.3738601823708207 0.33085106382978724 0.39285714285714285 0.32588652482269503 0.42325227963525835 0.31560283687943264 0.43541033434650456
7 0.27375886524822696 0.3768996960486322 0.2542553191489362 0.3662613981762918 0.24929078014184397 0.3472644376899696 0.25177304964539005 0.32370820668693007 0.2624113475177305 0.29103343465045595 0.27375886524822696 0.24696048632218845 0.29219858156028367 0.19756838905775076 0.29858156028368793 0.23024316109422494 0.2904255319148936 0.3100303951367781 0.2875886524822695 0.3373860182370821 0.2872340425531915 0.3617021276595745 0.2815602836879433 0.3738601823708207
8 0.500354609929078 0.48936170212765956 0.5092198581560283 0.49240121580547114 0.525886524822695 0.49620060790273557 0.5301418439716312 0.46808510638297873 0.5308510638297872 0.43009118541033436 0.526595744680851 0.3837386018237082 0.5138297872340426 0.24924012158054712 0.49113475177304966 0.2591185410334346 0.500354609929078 0.41185410334346506 0.500354609929078 0.4566869300911854
9 0.5290780141843971 0.4490881458966565 0.5283687943262412 0.4787234042553192 0.5453900709219858 0.48404255319148937 0.5549645390070922 0.46656534954407297 0.5556737588652483 0.439209726443769 0.551063829787234 0.4012158054711246 0.5468085106382978 0.3411854103343465 0.5308510638297872 0.2560790273556231 0.5180851063829788 0.26595744680851063 0.526595744680851 0.3822188449848024 0.526595744680851 0.4095744680851064
10 0.551063829787234 0.4012158054711246 0.5563829787234043 0.44224924012158057 0.5670212765957446 0.4513677811550152 0.5741134751773049 0.45972644376899696 0.5833333333333334 0.4582066869300912 0.5890070921985816 0.43009118541033436 0.5865248226950355 0.4012158054711246 0.5815602836879432 0.371580547112462 0.573404255319149 0.2872340425531915 0.5638297872340425 0.20972644376899696 0.5418439716312057 0.21808510638297873 0.549290780141844 0.3351063829787234 0.549290780141844 0.3662613981762918
11 0.577304964539007 0.32370820668693007 0.575177304964539 0.3601823708206687 0.575177304964539 0.40501519756838905 0.5815602836879432 0.4270516717325228 0.5911347517730496 0.4338905775075988 0.599290780141844 0.4376899696048632 0.6088652482269503 0.446048632218845 0.6187943262411347 0.4065349544072948 0.6156028368794326 0.3731003039513678 0.60177304964539 0.30927051671732525 0.5953900709219858 0.24696048632218845 0.5861702127659575 0.19756838905775076 0.5684397163120567 0.20212765957446807
12 0.6095744680851064 0.3981762917933131 0.6067375886524823 0.34422492401215804 0.6063829787234043 0.30623100303951367 0.6024822695035461 0.2591185410334346 0.6063829787234043 0.19224924012158054 0.6283687943262412 0.22492401215805471 0.6421985815602836 0.3768996960486322 0.6379432624113475 0.43009118541033436 0.6273049645390071 0.4338905775075988 0.6202127659574468 0.4148936170212766
13 0.6531914893617021 0.4217325227963526 0.6421985815602836 0.41717325227963525 0.6354609929078014 0.39209726443769 0.6365248226950354 0.34422492401215804 0.6404255319148936 0.30319148936170215 0.648581560283688 0.18541033434650456 0.6719858156028369 0.1884498480243161 0.6822695035460993 0.31155015197568386 0.6804964539007092 0.35638297872340424 0.6804964539007092 0.3958966565349544 0.676595744680851 0.43237082066869303 0.6631205673758865 0.4338905775075988
14 0.6936170212765957 0.3890577507598784 0.6776595744680851 0.36854103343465044 0.6687943262411348 0.3351063829787234 0.6702127659574468 0.29407294832826747 0.674822695035461 0.24696048632218845 0.6804964539007092 0.22720364741641338 0.7 0.22644376899696048 0.7177304964539007 0.26671732522796354 0.723404255319149 0.31990881458966564 0.7297872340425532 0.3548632218844985 0.7159574468085106 0.3768996960486322
16 0.5024822695035461 0.5182370820668692 0.524468085106383 0.5182370820668692 0.5226950354609929 0.7226443768996961 0.5081560283687944 0.7066869300911854
17 0.524468085106383 0.5083586626139818 0.549290780141844 0.5083586626139818 0.5535460992907801 0.5478723404255319 0.549290780141844 0.5843465045592705 0.5418439716312057 0.7340425531914894 0.524468085106383 0.7462006079027356 0.5212765957446809 0.7150455927051672
18 0.5446808510638298 0.5828267477203647 0.5418439716312057 0.5357142857142857 0.5478723404255319 0.4878419452887538 0.5606382978723404 0.4870820668693009 0.5726950354609929 0.5015197568389058 0.5765957446808511 0.5189969604863222 0.5776595744680851 0.5493920972644377 0.577304964539007 0.601823708206687 0.5726950354609929 0.7515197568389058 0.5588652482269504 0.7446808510638298
19 0.577304964539007 0.5965045592705167 0.5726950354609929 0.5395136778115501 0.5702127659574469 0.5273556231003039 0.5890070921985816 0.5 0.5985815602836879 0.506079027355623 0.6074468085106383 0.5189969604863222 0.6095744680851064 0.5683890577507599 0.6056737588652482 0.6329787234042553 0.6042553191489362 0.7272036474164134 0.5929078014184397 0.7348024316109423 0.5797872340425532 0.6565349544072948
20 0.6120567375886525 0.5805471124620061 0.6088652482269503 0.5113981762917933 0.6088652482269503 0.4825227963525836 0.6156028368794326 0.4810030395136778 0.6276595744680851 0.49240121580547114 0.6418439716312057 0.506079027355623 0.64822695035461 0.5235562310030395 0.64822695035461 0.5737082066869301 0.6404255319148936 0.7135258358662614 0.625886524822695 0.7104863221884499
21 0.6570921985815603 0.5615501519756839 0.6443262411347518 0.5258358662613982 0.6404255319148936 0.5030395136778115 0.6386524822695036 0.48024316109422494 0.6460992907801418 0.47416413373860183 0.6517730496453901 0.47416413373860183 0.6687943262411348 0.4551671732522796 0.6773049645390071 0.4635258358662614 0.6879432624113475 0.4825227963525836 0.699290780141844 0.520516717325228 0.7290780141843972 0.6132218844984803 0.7138297872340426 0.6390577507598785 0.674822695035461 0.5965045592705167
22 0.6982269503546099 0.506838905775076 0.6865248226950355 0.4946808510638298 0.6804964539007092 0.46808510638297873 0.6804964539007092 0.4430091185410334 0.6897163120567376 0.425531914893617 0.7024822695035461 0.42021276595744683 0.7074468085106383 0.40501519756838905 0.7113475177304964 0.4027355623100304 0.7265957446808511 0.42021276595744683 0.7400709219858156 0.4430091185410334 0.7475177304964539 0.4703647416413374 0.776595744680851 0.5493920972644377 0.7638297872340426 0.5790273556231003 0.7347517730496453 0.5828267477203647 0.7195035460992908 0.5721884498480243 0.7131205673758865 0.5600303951367781
24 0.4847517730496454 0.5250759878419453 0.50177304964539 0.5235562310030395 0.5067375886524823 0.5516717325227963 0.5 0.7348024316109423 0.48900709219858157 0.7325227963525835
25 0.4624113475177305 0.5182370820668692 0.4879432624113475 0.5151975683890577 0.4897163120567376 0.5615501519756839 0.49042553191489363 0.7310030395136778 0.4702127659574468 0.7272036474164134
26 0.4379432624113475 0.5965045592705167 0.43546099290780144 0.5463525835866262 0.4372340425531915 0.5189969604863222 0.449290780141844 0.5151975683890577 0.4599290780141844 0.5311550151975684 0.4631205673758865 0.5638297872340425 0.4726950354609929 0.743161094224924 0.44858156028368795 0.756838905775076
27 0.40886524822695036 0.6724924012158054 0.4074468085106383 0.601823708206687 0.4074468085106383 0.5752279635258358 0.4067375886524823 0.5547112462006079 0.4145390070921986 0.5167173252279635 0.4187943262411348 0.5113981762917933 0.43156028368794325 0.520516717325228 0.43829787234042555 0.53419452887538 0.4379432624113475 0.5752279635258358 0.43333333333333335 0.6344984802431611 0.42659574468085104 0.797112462006079 0.4074468085106383 0.7689969604863222
28 0.36879432624113473 0.7066869300911854 0.37127659574468086 0.6588145896656535 0.37836879432624115 0.6139817629179332 0.38333333333333336 0.5805471124620061 0.38581560283687943 0.5235562310030395 0.3872340425531915 0.5151975683890577 0.39680851063829786 0.5083586626139818 0.40921985815602835 0.5098784194528876 0.41631205673758864 0.520516717325228 0.41702127659574467 0.5516717325227963 0.41382978723404257 0.5691489361702128 0.38971631205673757 0.729483282674772
30 0.2663120567375887 0.6208206686930091 0.2815602836879433 0.5516717325227963 0.28581560283687946 0.5151975683890577 0.29219858156028367 0.48936170212765956 0.30425531914893617 0.46200607902735563 0.32127659574468087 0.46504559270516715 0.33404255319148934 0.4810030395136778 0.3421985815602837 0.47416413373860183 0.3517730496453901 0.5 0.34361702127659577 0.53419452887538 0.3382978723404255 0.5653495440729484 0.3074468085106383 0.6618541033434651
31 0.21666666666666667 0.5843465045592705 0.22446808510638297 0.5151975683890577 0.2404255319148936 0.4787234042553192 0.250354609929078 0.4612462006079027 0.2670212765957447 0.41717325227963525 0.2776595744680851 0.43009118541033436 0.2929078014184397 0.44224924012158057 0.29858156028368793 0.44224924012158057 0.3049645390070922 0.446048632218845 0.3028368794326241 0.4870820668693009 0.2872340425531915 0.506079027355623 0.27198581560283686 0.5721884498480243 0.2372340425531915 0.6238601823708206 0.2173758865248227 0.601063829787234