0 0.4760773668137089 0.520516717325228 0.47370206990159486 0.560790273556231 0.4815066168985409 0.6025835866261399 0.502884289107567 0.6048632218844985 0.5100101798439091 0.5638297872340425 0.508992195453003 0.48328267477203646 0.507295554801493 0.4133738601823708 0.5140821174075331 0.36854103343465044 0.5154394299287411 0.3351063829787234 0.504920257889379 0.28343465045592703 0.49643705463182897 0.2864741641337386 0.4862572107227689 0.3533434650455927
1 0.45503902273498475 0.513677811550152 0.4523243976925687 0.5547112462006079 0.46623685103495077 0.5942249240121581 0.47879199185612487 0.5919452887537994 0.4862572107227689 0.541033434650456 0.4835425856803529 0.479483282674772 0.4835425856803529 0.43237082066869303 0.48897183576518494 0.3844984802431611 0.48897183576518494 0.3533434650455927 0.48931116389548696 0.3191489361702128 0.4845605700712589 0.30015197568389057 0.4750593824228028 0.2986322188449848 0.4679334916864608 0.32142857142857145 0.4635222259925348 0.39893617021276595
2 0.4312860536138446 0.506079027355623 0.42857142857142855 0.5509118541033434 0.4387512724804886 0.5927051671732523 0.4513064133016627 0.5957446808510638 0.46521886664404477 0.5433130699088146 0.4604682728198168 0.48556231003039513 0.4614862572107228 0.42629179331306993 0.4614862572107228 0.38677811550151975 0.46182558534102475 0.33358662613981765 0.46182558534102475 0.3009118541033435 0.45775364777740074 0.29027355623100304 0.4499491007804547 0.28343465045592703 0.44248388191381066 0.3130699088145897
3 0.41092636579572445 0.513677811550152 0.40821174075330846 0.5547112462006079 0.42042755344418054 0.5699088145896657 0.43196470987444857 0.5699088145896657 0.4468951476077367 0.5486322188449848 0.4513064133016627 0.5075987841945289 0.44418052256532065 0.45592705167173253 0.4377332880895826 0.38677811550151975 0.43942992874109266 0.3556231003039514 0.4387512724804886 0.2948328267477204 0.43196470987444857 0.27811550151975684 0.42755344418052255 0.27583586626139817 0.41839158466236853 0.2857142857142857 0.4146589752290465 0.30015197568389057 0.41024770953512046 0.4992401215805471
4 0.3919239904988123 0.5 0.39124533423820834 0.5433130699088146 0.3990498812351544 0.5615501519756839 0.42280285035629456 0.5615501519756839 0.4306073973532406 0.5364741641337386 0.4306073973532406 0.4848024316109423 0.4241601628775025 0.43541033434650456 0.42280285035629456 0.34802431610942247 0.4231421784865965 0.30851063829787234 0.41839158466236853 0.2743161094224924 0.40176450627757043 0.28191489361702127 0.3909060061079063 0.45592705167173253
5 0.35697319307770614 0.48556231003039513 0.35697319307770614 0.5243161094224924 0.36443841194435017 0.5493920972644377 0.3732609433322022 0.5531914893617021 0.3993892093654564 0.5547112462006079 0.41194435018663045 0.5243161094224924 0.4136409908381405 0.4939209726443769 0.40380047505938244 0.4316109422492401 0.4054971157108924 0.3951367781155015 0.40278249066847643 0.33966565349544076 0.40176450627757043 0.30243161094224924 0.39463861554122837 0.28191489361702127 0.3847980997624703 0.28799392097264437 0.3773328808958263 0.30623100303951367 0.37461825585341024 0.33586626139817627
6 0.3233797081778079 0.4703647416413374 0.3213437393959959 0.48556231003039513 0.3203257550050899 0.5075987841945289 0.328469630132338 0.5281155015197568 0.3522225992534781 0.5433130699088146 0.3688496776382762 0.5303951367781155 0.37360027146250424 0.5053191489361702 0.3732609433322022 0.4582066869300912 0.3678316932473702 0.39893617021276595 0.36443841194435017 0.3662613981762918 0.36138445877163217 0.32978723404255317 0.35731252120800816 0.30623100303951367 0.3505259586019681 0.2864741641337386 0.33525619273837803 0.29407294832826747 0.32575500508992195 0.33358662613981765 0.32473702069901594 0.3723404255319149
7 0.29385816084153377 0.43541033434650456 0.28944689514760774 0.4582066869300912 0.29284017645062776 0.4848024316109423 0.31014591109602985 0.506079027355623 0.32473702069901594 0.5083586626139818 0.334916864608076 0.49164133738601823 0.34068544282321006 0.45592705167173253 0.336613505259586 0.3700607902735562 0.33423820834747203 0.3130699088145897 0.33423820834747203 0.27811550151975684 0.33220223956566 0.2393617021276596 0.3182897862232779 0.22264437689969604 0.30844927044451986 0.22872340425531915 0.30302002035968784 0.2651975683890577 0.30844927044451986 0.30243161094224924
8 0.507634882931795 0.5303951367781155 0.507634882931795 0.5980243161094225 0.5239226331862912 0.6063829787234043 0.5361384458771632 0.5965045592705167 0.5405497115710892 0.5638297872340425 0.5351204614862572 0.44072948328267475 0.5324058364438412 0.3844984802431611 0.5286732270105192 0.32142857142857145 0.5266372582287071 0.2803951367781155 0.5249406175771971 0.25987841945288753 0.5147607736681371 0.2674772036474164 0.511367492365117 0.29635258358662614
9 0.5320665083135392 0.5349544072948328 0.5324058364438412 0.567629179331307 0.5395317271801833 0.5858662613981763 0.5493722429589413 0.5881458966565349 0.5568374618255854 0.5699088145896657 0.5524261961316593 0.4582066869300912 0.5486935866983373 0.364741641337386 0.5486935866983373 0.32674772036474165 0.5480149304377333 0.2948328267477204 0.5405497115710892 0.2773556231003039 0.5296912114014252 0.2773556231003039 0.5246012894468951 0.303951367781155
10 0.5486935866983373 0.5182370820668692 0.5524261961316593 0.5782674772036475 0.5622667119104173 0.5919452887537994 0.5744825246012895 0.5782674772036475 0.5788937902952155 0.5349544072948328 0.5714285714285714 0.46504559270516715 0.5680352901255514 0.3822188449848024 0.5700712589073634 0.32370820668693007 0.5670173057346454 0.26975683890577506 0.5609093993892094 0.2507598784194529 0.5524261961316593 0.2553191489361702 0.5459789616559213 0.2651975683890577
11 0.5636240244316254 0.4992401215805471 0.5626060400407193 0.5554711246200608 0.5676959619952494 0.5737082066869301 0.5792331184255175 0.5782674772036475 0.5863590091618596 0.581306990881459 0.5945028842891076 0.5653495440729484 0.5883949779436716 0.44680851063829785 0.5843230403800475 0.3829787234042553 0.5846623685103495 0.32674772036474165 0.5846623685103495 0.2917933130699088 0.5856803529012555 0.2735562310030395 0.5792331184255175 0.2629179331306991 0.5700712589073634 0.2743161094224924 0.5663386494740414 0.3009118541033435
12 0.5788937902952155 0.5015197568389058 0.5782151340346114 0.5547112462006079 0.5900916185951816 0.5714285714285714 0.6046827281981676 0.5653495440729484 0.6118086189345097 0.5592705167173252 0.6138445877163217 0.5182370820668692 0.6101119782829997 0.4627659574468085 0.6063793688496777 0.38069908814589665 0.6026467594163556 0.30927051671732525 0.6036647438072617 0.2651975683890577 0.6019681031557517 0.25151975683890576 0.5856803529012555 0.26975683890577506 0.5799117746861214 0.331306990881459
13 0.5945028842891076 0.4749240121580547 0.5917882592466915 0.506079027355623 0.5982354937224296 0.5288753799392097 0.6263997285374957 0.53419452887538 0.6348829317950458 0.5227963525835866 0.6420088225313878 0.5 0.6342042755344418 0.4642857142857143 0.6277570410587038 0.41717325227963525 0.6284356973193078 0.3822188449848024 0.6287750254496097 0.33966565349544076 0.6196131659314558 0.3130699088145897 0.6121479470648117 0.3191489361702128 0.6036647438072617 0.34574468085106386
14 0.6247030878859857 0.4734042553191489 0.6274177129284018 0.5197568389057751 0.6365795724465558 0.541033434650456 0.6511706820495419 0.541033434650456 0.665422463522226 0.5303951367781155 0.6745843230403801 0.5144376899696048 0.675262979300984 0.4817629179331307 0.669833729216152 0.44376899696048633 0.664065151001018 0.41185410334346506 0.6562606040040719 0.3639817629179331 0.6532066508313539 0.331306990881459 0.6494740413980319 0.2948328267477204 0.6447234475738038 0.2803951367781155 0.6365795724465558 0.2887537993920973 0.6284356973193078 0.3252279635258359 0.6263997285374957 0.3700607902735562
15 0.656939260264676 0.44832826747720367 0.666779776043434 0.5144376899696048 0.6789955887343061 0.520516717325228 0.6908720732948761 0.5075987841945289 0.7071598235493722 0.4848024316109423 0.7054631828978623 0.45896656534954405 0.6898540889039702 0.3829787234042553 0.6888361045130641 0.3411854103343465 0.6888361045130641 0.30243161094224924 0.6918900576857822 0.2674772036474164 0.6864608076009501 0.24696048632218845 0.673566338649474 0.24696048632218845 0.664065151001018 0.2682370820668693 0.6535459789616559 0.32674772036474165 0.6552426196131659 0.3829787234042553
23 0.67967424499491 0.5281155015197568 0.673566338649474 0.5569908814589666 0.6871394638615541 0.6253799392097265 0.7237869019341704 0.729483282674772 0.7414319647098745 0.7416413373860182 0.7516118086189345 0.7188449848024316 0.7529691211401425 0.6907294832826748 0.7414319647098745 0.6451367781155015 0.7339667458432304 0.6003039513677811 0.7360027146250424 0.5547112462006079 0.7332880895826264 0.5098784194528876 0.7200542925008483 0.49164133738601823 0.6973193077706142 0.5083586626139818
22 0.6247030878859857 0.5486322188449848 0.6277570410587038 0.5927051671732523 0.6484560570071259 0.6679331306990881 0.671530369867662 0.7462006079027356 0.6901934170342722 0.7682370820668692 0.7044451985069562 0.7682370820668692 0.7173396674584323 0.75 0.7149643705463183 0.723404255319149 0.6993552765524262 0.6496960486322189 0.6864608076009501 0.5577507598784195 0.6769596199524941 0.5319148936170213 0.6725483542585681 0.5281155015197568 0.6623685103495079 0.526595744680851 0.6430268069222939 0.547112462006079
21 0.5921275873769936 0.5661094224924013 0.5900916185951816 0.5965045592705167 0.5972175093315236 0.6466565349544073 0.6053613844587716 0.7165653495440729 0.6247030878859857 0.7986322188449848 0.6379368849677638 0.8214285714285714 0.6511706820495419 0.810790273556231 0.661350525958602 0.7879939209726444 0.663386494740414 0.7553191489361702 0.6542246352222599 0.6838905775075987 0.6426874787919918 0.6147416413373861 0.6399728537495758 0.5638297872340425 0.6328469630132338 0.5455927051671733 0.6124872751951137 0.5524316109422492 0.6053613844587716 0.5661094224924013 0.5978961655921275 0.5615501519756839
20 0.5761791652527994 0.5775075987841946 0.5721072276891754 0.5995440729483282 0.5758398371224974 0.6428571428571429 0.5870376654224635 0.7264437689969605 0.5968781812012216 0.7895136778115501 0.6182558534102477 0.8206686930091185 0.6270783847980997 0.8115501519756839 0.6236851034950798 0.7781155015197568 0.6090939938920936 0.7416413373860182 0.6040040719375637 0.6778115501519757 0.6050220563284696 0.6170212765957447 0.6036647438072617 0.5995440729483282 0.5972175093315236 0.5775075987841946 0.5917882592466915 0.5714285714285714 0.5836443841194435 0.5782674772036475
19 0.5575161180861894 0.6101823708206687 0.5571767899558874 0.6322188449848024 0.5666779776043434 0.702887537993921 0.5751611808618935 0.7712765957446809 0.5819477434679335 0.8130699088145896 0.5897522904648795 0.8206686930091185 0.5951815405497116 0.8145896656534954 0.5945028842891076 0.7819148936170213 0.5843230403800475 0.6960486322188449 0.5839837122497455 0.6177811550151976 0.5826263997285375 0.5927051671732523 0.5761791652527994 0.5835866261398176 0.5697319307770614 0.5843465045592705 0.5646420088225313 0.5995440729483282
18 0.5469969460468272 0.6086626139817629 0.5442823210044113 0.6398176291793313 0.5442823210044113 0.7348024316109423 0.5442823210044113 0.7933130699088146 0.5456396335256193 0.8221884498480243 0.5554801493043773 0.8442249240121581 0.5632846963013234 0.8290273556231003 0.5653206650831354 0.6983282674772037 0.5687139463861555 0.6428571428571429 0.5680352901255514 0.6238601823708206 0.5622667119104173 0.5980243161094225 0.5558194774346793 0.5927051671732523
17 0.5293518832711231 0.6139817629179332 0.5273159144893111 0.6398176291793313 0.5249406175771971 0.7462006079027356 0.5256192738378012 0.7864741641337386 0.5262979300984052 0.8252279635258358 0.5341024770953512 0.8267477203647416 0.5419070240922973 0.8069908814589666 0.5429250084832032 0.7211246200607903 0.5497115710892433 0.6436170212765957 0.5466576179165252 0.6185410334346505 0.5368171021377672 0.6109422492401215
16 0.507295554801493 0.6170212765957447 0.5079742110620971 0.6656534954407295 0.508992195453003 0.7302431610942249 0.511367492365117 0.7925531914893617 0.5147607736681371 0.8130699088145896 0.5201900237529691 0.8138297872340425 0.5246012894468951 0.7993920972644377 0.5259586019681032 0.7507598784194529 0.5266372582287071 0.6702127659574468 0.5286732270105192 0.6162613981762918 0.5218866644044792 0.6086626139817629
24 0.4852392263318629 0.6155015197568389 0.4855785544621649 0.6694528875379939 0.49100780454699694 0.743161094224924 0.49440108585001696 0.7925531914893617 0.501866304716661 0.8077507598784195 0.5106888361045131 0.7993920972644377 0.508992195453003 0.743920972644377 0.5079742110620971 0.668693009118541 0.507295554801493 0.6208206686930091 0.497794367153037 0.6101823708206687
25 0.46521886664404477 0.6117021276595744 0.46080760095011875 0.6155015197568389 0.4625042416016288 0.6428571428571429 0.4696301323379708 0.723404255319149 0.47370206990159486 0.7933130699088146 0.47743467933491684 0.8130699088145896 0.49202578893790294 0.8100303951367781 0.49202578893790294 0.7462006079027356 0.4876145232439769 0.6740121580547113 0.4872751951136749 0.6268996960486323 0.47980997624703087 0.6117021276595744
26 0.4428232100441127 0.6033434650455927 0.4346793349168646 0.6261398176291794 0.4418052256532066 0.7241641337386018 0.44316253817441464 0.7940729483282675 0.44519850695622665 0.8305471124620061 0.45266372582287073 0.8472644376899696 0.4635222259925348 0.8434650455927052 0.46929080420766883 0.8259878419452887 0.46827281981676283 0.7424012158054711 0.46623685103495077 0.6572948328267477 0.4655581947743468 0.6132218844984803 0.4563963352561927 0.5980243161094225 0.44757380386834067 0.5934650455927052
27 0.4190702409229725 0.5911854103343465 0.4126230064472345 0.6223404255319149 0.41533763148965047 0.7074468085106383 0.41330166270783847 0.7621580547112462 0.4197488971835765 0.8487841945288754 0.42789277231082457 0.8662613981762918 0.43705463182897863 0.8601823708206687 0.4377332880895826 0.8252279635258358 0.4367153036986766 0.7462006079027356 0.44316253817441464 0.6565349544072948 0.4482524601289447 0.6261398176291794 0.4482524601289447 0.60790273556231 0.44010858500169664 0.5835866261398176 0.4292500848320326 0.5759878419452887 0.4231421784865965 0.5790273556231003 0.4207668815744825 0.5828267477203647
28 0.3990498812351544 0.5775075987841946 0.39531727180183235 0.5980243161094225 0.39056667797760436 0.6922492401215805 0.39022734984730234 0.7682370820668692 0.38106549032914827 0.8199088145896657 0.3834407872412623 0.8624620060790273 0.39667458432304037 0.8647416413373861 0.4065151001017984 0.8145896656534954 0.42449949100780454 0.6648936170212766 0.43400067865626063 0.5927051671732523 0.43094672548354257 0.5752279635258358 0.42178486596538856 0.5699088145896657 0.41024770953512046 0.5585106382978723
29 0.3647777400746522 0.5577507598784195 0.3576518493383101 0.6063829787234043 0.33966745843230406 0.7180851063829787 0.33627417712928404 0.7796352583586627 0.34340006786562605 0.817629179331307 0.35833050559891416 0.8237082066869301 0.3752969121140142 0.8161094224924013 0.3875127248048863 0.7598784194528876 0.4065151001017984 0.6458966565349544 0.4149983033593485 0.5972644376899696 0.41431964709874447 0.560790273556231 0.4031218187987784 0.560790273556231 0.39158466236851036 0.5493920972644377 0.3803868340685443 0.5516717325227963
30 0.3193077706141839 0.540273556231003 0.31116389548693585 0.5942249240121581 0.3006447234475738 0.6648936170212766 0.28978622327790976 0.7256838905775076 0.29046487953851374 0.7659574468085106 0.2996267390566678 0.7887537993920972 0.3145571767899559 0.7811550151975684 0.32507634882931796 0.7553191489361702 0.34170342721411606 0.7165653495440729 0.35900916185951814 0.6398176291793313 0.37190363081099426 0.5911854103343465 0.37665422463522225 0.5661094224924013 0.3732609433322022 0.547112462006079 0.35833050559891416 0.5417933130699089 0.3498473023413641 0.541033434650456 0.33525619273837803 0.5319148936170213 0.3213437393959959 0.5296352583586627
31 0.2704445198506956 0.506079027355623 0.2650152697658636 0.5364741641337386 0.2656939260264676 0.5927051671732523 0.2619613165931456 0.621580547112462 0.25517475398710554 0.6610942249240122 0.2514421445537835 0.689209726443769 0.2514421445537835 0.7112462006079028 0.2629793009840516 0.7348024316109423 0.2809636918900577 0.7272036474164134 0.29589412962334577 0.6876899696048632 0.31048523922633187 0.6534954407294833 0.3138785205293519 0.6185410334346505 0.32304038004750596 0.5706686930091185 0.32609433322022396 0.5326747720364742 0.31964709874448594 0.5121580547112462 0.30607397353240584 0.5053191489361702 0.2972514421445538 0.5015197568389058 0.2870715982354937 0.5030395136778115