0 0.4767206477732793 0.3145491803278688 0.4848178137651822 0.47438524590163933 0.4898785425101215 0.555327868852459 0.4559716599190283 0.5573770491803278 0.45040485829959515 0.5399590163934426 0.4509109311740891 0.49385245901639346 0.4473684210526316 0.32172131147540983
1 0.4367408906882591 0.3206967213114754 0.4478744939271255 0.3862704918032787 0.451417004048583 0.5020491803278688 0.4498987854251012 0.5450819672131147 0.4251012145748988 0.5430327868852459 0.42054655870445345 0.5225409836065574 0.4230769230769231 0.49385245901639346 0.4230769230769231 0.4723360655737705 0.4175101214574899 0.33094262295081966
2 0.4144736842105263 0.33299180327868855 0.4251012145748988 0.41700819672131145 0.42459514170040485 0.48463114754098363 0.42459514170040485 0.4969262295081967 0.4251012145748988 0.507172131147541 0.42054655870445345 0.5194672131147541 0.4109311740890688 0.5440573770491803 0.4033400809716599 0.5409836065573771 0.39878542510121456 0.5297131147540983 0.3917004048582996 0.5102459016393442 0.3917004048582996 0.4959016393442623 0.3942307692307692 0.48155737704918034 0.39878542510121456 0.4692622950819672 0.3942307692307692 0.319672131147541 0.4124493927125506 0.3114754098360656
3 0.3917004048582996 0.319672131147541 0.40131578947368424 0.46209016393442626 0.40131578947368424 0.4723360655737705 0.4023279352226721 0.4887295081967213 0.4023279352226721 0.4979508196721312 0.4008097165991903 0.5081967213114754 0.3972672064777328 0.5163934426229508 0.3917004048582996 0.5245901639344263 0.3810728744939271 0.5276639344262295 0.37601214574898784 0.5307377049180327 0.3699392712550607 0.5286885245901639 0.36690283400809715 0.5194672131147541 0.36639676113360325 0.507172131147541 0.3658906882591093 0.48463114754098363 0.3674089068825911 0.4415983606557377 0.3684210526315789 0.32581967213114754
4 0.3456477732793522 0.32786885245901637 0.3451417004048583 0.4569672131147541 0.34058704453441296 0.4764344262295082 0.33856275303643724 0.4887295081967213 0.33805668016194335 0.507172131147541 0.34058704453441296 0.5184426229508197 0.34868421052631576 0.5286885245901639 0.3638663967611336 0.5163934426229508 0.3699392712550607 0.5081967213114754 0.3734817813765182 0.4805327868852459 0.3699392712550607 0.45491803278688525 0.36538461538461536 0.32786885245901637
5 0.29453441295546556 0.33094262295081966 0.3016194331983806 0.4067622950819672 0.29605263157894735 0.444672131147541 0.29453441295546556 0.4661885245901639 0.29200404858299595 0.48770491803278687 0.29706477732793524 0.5061475409836066 0.3132591093117409 0.5194672131147541 0.3208502024291498 0.5204918032786885 0.3314777327935223 0.5163934426229508 0.33704453441295545 0.5040983606557377 0.3410931174089069 0.4764344262295082 0.3415991902834008 0.35348360655737704 0.3350202429149798 0.32581967213114754
6 0.2646761133603239 0.30635245901639346 0.2616396761133603 0.38831967213114754 0.25050607287449395 0.4262295081967213 0.24645748987854252 0.4456967213114754 0.25050607287449395 0.4692622950819672 0.2555668016194332 0.48155737704918034 0.26568825910931176 0.4918032786885246 0.2768218623481781 0.4969262295081967 0.2859311740890688 0.4959016393442623 0.29200404858299595 0.48463114754098363 0.29706477732793524 0.4405737704918033 0.3001012145748988 0.382172131147541 0.29706477732793524 0.3104508196721312
8 0.47520242914979755 0.3452868852459016 0.4848178137651822 0.47848360655737704 0.4898785425101215 0.5573770491803278 0.5222672064777328 0.5409836065573771 0.5258097165991903 0.5215163934426229 0.5192307692307693 0.47438524590163933 0.506578947368421 0.32274590163934425 0.47520242914979755 0.33299180327868855
9 0.520242914979757 0.3104508196721312 0.520242914979757 0.4805327868852459 0.520242914979757 0.4969262295081967 0.520242914979757 0.5112704918032787 0.5227732793522267 0.5215163934426229 0.5268218623481782 0.5358606557377049 0.5364372469635628 0.5450819672131147 0.5435222672064778 0.5461065573770492 0.548582995951417 0.5266393442622951 0.548582995951417 0.5133196721311475 0.5490890688259109 0.4969262295081967 0.5455465587044535 0.4651639344262295 0.5460526315789473 0.3073770491803279
10 0.5495951417004049 0.3145491803278688 0.5475708502024291 0.4600409836065574 0.5440283400809717 0.4733606557377049 0.5435222672064778 0.4805327868852459 0.5435222672064778 0.4969262295081967 0.5460526315789473 0.5092213114754098 0.5490890688259109 0.5204918032786885 0.5536437246963563 0.5327868852459017 0.5602226720647774 0.5389344262295082 0.5678137651821862 0.5399590163934426 0.5723684210526315 0.5297131147540983 0.5759109311740891 0.5163934426229508 0.5748987854251012 0.5051229508196722 0.5733805668016194 0.4702868852459016 0.5703441295546559 0.3145491803278688
11 0.5733805668016194 0.3206967213114754 0.5723684210526315 0.43135245901639346 0.569838056680162 0.4487704918032787 0.5673076923076923 0.4569672131147541 0.5662955465587044 0.4661885245901639 0.5662955465587044 0.48360655737704916 0.5673076923076923 0.5 0.5708502024291497 0.5092213114754098 0.576417004048583 0.5204918032786885 0.583502024291498 0.5297131147540983 0.5895748987854251 0.5338114754098361 0.5951417004048583 0.5327868852459017 0.5991902834008097 0.5256147540983607 0.6032388663967612 0.5153688524590164 0.6032388663967612 0.4979508196721312 0.6007085020242915 0.48463114754098363 0.597165991902834 0.4682377049180328 0.5941295546558705 0.3125
12 0.597165991902834 0.32479508196721313 0.5956477732793523 0.45286885245901637 0.5961538461538461 0.4651639344262295 0.5961538461538461 0.4774590163934426 0.597165991902834 0.4887295081967213 0.6002024291497976 0.5030737704918032 0.6077935222672065 0.5153688524590164 0.6148785425101214 0.5245901639344263 0.6275303643724697 0.5153688524590164 0.6305668016194332 0.5 0.6295546558704453 0.48565573770491804 0.625 0.4661885245901639 0.6219635627530364 0.430327868852459 0.6133603238866396 0.319672131147541
13 0.6169028340080972 0.32581967213114754 0.6255060728744939 0.4672131147540984 0.6290485829959515 0.48258196721311475 0.631578947368421 0.4959016393442623 0.6366396761133604 0.5051229508196722 0.6442307692307693 0.5112704918032787 0.6594129554655871 0.507172131147541 0.6690283400809717 0.5020491803278688 0.6761133603238867 0.48360655737704916 0.6756072874493927 0.4569672131147541 0.6705465587044535 0.4385245901639344 0.6649797570850202 0.4098360655737705 0.6680161943319838 0.36577868852459017 0.6680161943319838 0.3319672131147541 0.6411943319838057 0.3104508196721312
14 0.6659919028340081 0.3155737704918033 0.6675101214574899 0.3698770491803279 0.666497975708502 0.42110655737704916 0.6771255060728745 0.4774590163934426 0.6983805668016194 0.45799180327868855 0.7009109311740891 0.42213114754098363 0.6958502024291497 0.39651639344262296 0.6928137651821862 0.3719262295081967 0.6938259109311741 0.3514344262295082 0.6923076923076923 0.33094262295081966 0.6897773279352226 0.3165983606557377 0.673582995951417 0.3114754098360656
15 0.6938259109311741 0.3125 0.6928137651821862 0.367827868852459 0.6923076923076923 0.38831967213114754 0.6953441295546559 0.39959016393442626 0.6978744939271255 0.41290983606557374 0.6998987854251012 0.4293032786885246 0.6998987854251012 0.4415983606557377 0.7004048582995951 0.4600409836065574 0.708502024291498 0.47438524590163933 0.7165991902834008 0.4764344262295082 0.7257085020242915 0.4682377049180328 0.7343117408906883 0.45286885245901637 0.7413967611336032 0.4364754098360656 0.7444331983805668 0.41905737704918034 0.7444331983805668 0.4047131147540984 0.7353238866396761 0.38114754098360654 0.7282388663967612 0.35655737704918034 0.7226720647773279 0.33299180327868855 0.7206477732793523 0.3114754098360656 0.7130566801619433 0.3084016393442623
24 0.4772267206477733 0.5788934426229508 0.4767206477732793 0.6004098360655737 0.4757085020242915 0.6413934426229508 0.48228744939271256 0.7674180327868853 0.49544534412955465 0.7602459016393442 0.4979757085020243 0.6219262295081968 0.5 0.5911885245901639 0.49949392712550605 0.5717213114754098
16 0.4984817813765182 0.5727459016393442 0.49898785425101216 0.5983606557377049 0.5010121457489879 0.7551229508196722 0.5121457489878543 0.7530737704918032 0.5167004048582996 0.6331967213114754 0.5217611336032388 0.5686475409836066
17 0.5247975708502024 0.5717213114754098 0.5192307692307693 0.5717213114754098 0.5192307692307693 0.6260245901639344 0.5172064777327935 0.7797131147540983 0.5344129554655871 0.7797131147540983 0.5379554655870445 0.6424180327868853 0.5384615384615384 0.617827868852459 0.5409919028340081 0.6045081967213115 0.5435222672064778 0.5963114754098361 0.5455465587044535 0.5850409836065574 0.5445344129554656 0.569672131147541 0.5394736842105263 0.5665983606557377
18 0.5460526315789473 0.5665983606557377 0.5435222672064778 0.6024590163934426 0.5394736842105263 0.6127049180327869 0.5369433198380567 0.6168032786885246 0.5480769230769231 0.798155737704918 0.5652834008097166 0.8073770491803278 0.583502024291498 0.7971311475409836 0.5728744939271255 0.7346311475409836 0.5708502024291497 0.6711065573770492 0.5708502024291497 0.6352459016393442 0.5657894736842105 0.6147540983606558 0.5617408906882592 0.5983606557377049 0.5612348178137652 0.5860655737704918 0.562753036437247 0.5717213114754098 0.5546558704453441 0.5645491803278688
19 0.569331983805668 0.5645491803278688 0.5794534412955465 0.5594262295081968 0.5860323886639676 0.5717213114754098 0.5895748987854251 0.5819672131147541 0.5895748987854251 0.5963114754098361 0.5890688259109311 0.6096311475409836 0.6108299595141701 0.7725409836065574 0.582995951417004 0.798155737704918 0.5708502024291497 0.7100409836065574 0.569838056680162 0.6536885245901639 0.569331983805668 0.6260245901639344 0.5647773279352226 0.6065573770491803 0.5607287449392713 0.5911885245901639 0.5617408906882592 0.5747950819672131 0.5652834008097166 0.5655737704918032
20 0.6002024291497976 0.5563524590163934 0.590080971659919 0.5645491803278688 0.5875506072874493 0.5727459016393442 0.5870445344129555 0.5829918032786885 0.5885627530364372 0.5932377049180327 0.5895748987854251 0.6065573770491803 0.5895748987854251 0.6209016393442623 0.618421052631579 0.7725409836065574 0.6503036437246964 0.7397540983606558 0.6244939271255061 0.5983606557377049 0.6234817813765182 0.5799180327868853 0.6204453441295547 0.5686475409836066 0.618421052631579 0.5604508196721312 0.6108299595141701 0.5522540983606558
21 0.6336032388663968 0.5358606557377049 0.6224696356275303 0.5409836065573771 0.6199392712550608 0.5471311475409836 0.617914979757085 0.5594262295081968 0.6199392712550608 0.5727459016393442 0.6239878542510121 0.5860655737704918 0.6270242914979757 0.5963114754098361 0.6578947368421053 0.7418032786885246 0.7059716599190283 0.6772540983606558 0.6791497975708503 0.6055327868852459 0.6624493927125507 0.5584016393442623 0.6594129554655871 0.5420081967213115 0.6578947368421053 0.5276639344262295 0.6487854251012146 0.5235655737704918
22 0.6751012145748988 0.5010245901639344 0.6680161943319838 0.507172131147541 0.6644736842105263 0.5163934426229508 0.6619433198380567 0.5276639344262295 0.6594129554655871 0.5368852459016393 0.659919028340081 0.5471311475409836 0.6649797570850202 0.5686475409836066 0.6998987854251012 0.6536885245901639 0.7257085020242915 0.6772540983606558 0.7474696356275303 0.6219262295081968 0.7140688259109311 0.5327868852459017 0.7059716599190283 0.49385245901639346 0.694331983805668 0.4774590163934426 0.6867408906882592 0.48360655737704916 0.680161943319838 0.4959016393442623
25 0.47621457489878544 0.5758196721311475 0.47621457489878544 0.6075819672131147 0.4832995951417004 0.7735655737704918 0.4605263157894737 0.7766393442622951 0.4569838056680162 0.6352459016393442 0.45293522267206476 0.6045081967213115 0.4478744939271255 0.5799180327868853 0.4549595141700405 0.5676229508196722 0.4660931174089069 0.5706967213114754
26 0.44534412955465585 0.5686475409836066 0.45293522267206476 0.6096311475409836 0.4559716599190283 0.6239754098360656 0.4559716599190283 0.632172131147541 0.45546558704453444 0.6413934426229508 0.4159919028340081 0.7930327868852459 0.3977732793522267 0.7674180327868853 0.4124493927125506 0.6915983606557377 0.4251012145748988 0.6219262295081968 0.430668016194332 0.6014344262295082 0.43218623481781376 0.5870901639344263 0.4326923076923077 0.5747950819672131 0.4357287449392713 0.5706967213114754
27 0.4185222672064777 0.5665983606557377 0.41194331983805665 0.5614754098360656 0.4068825910931174 0.5665983606557377 0.4048582995951417 0.5747950819672131 0.40131578947368424 0.5829918032786885 0.39979757085020245 0.5891393442622951 0.3992914979757085 0.5983606557377049 0.3967611336032389 0.6127049180327869 0.375 0.7786885245901639 0.39271255060728744 0.7848360655737705 0.41700404858299595 0.6577868852459017 0.4240890688259109 0.6188524590163934 0.43016194331983804 0.6086065573770492 0.4326923076923077 0.6004098360655737 0.4326923076923077 0.5850409836065574 0.43016194331983804 0.5727459016393442 0.4225708502024291 0.5655737704918032
28 0.395748987854251 0.5635245901639344 0.4023279352226721 0.576844262295082 0.4023279352226721 0.5829918032786885 0.4023279352226721 0.5911885245901639 0.4008097165991903 0.5983606557377049 0.3977732793522267 0.6055327868852459 0.3689271255060729 0.7971311475409836 0.3314777327935223 0.8012295081967213 0.3248987854251012 0.7715163934426229 0.3355263157894737 0.7284836065573771 0.35020242914979755 0.6680327868852459 0.36285425101214575 0.5911885245901639 0.3648785425101215 0.5717213114754098 0.3684210526315789 0.5573770491803278 0.37398785425101216 0.5532786885245902 0.38208502024291496 0.5584016393442623
29 0.3562753036437247 0.5461065573770492 0.36538461538461536 0.5502049180327869 0.3658906882591093 0.5635245901639344 0.3643724696356275 0.5737704918032787 0.36285425101214575 0.5942622950819673 0.3183198380566802 0.7715163934426229 0.26619433198380565 0.7110655737704918 0.2899797570850202 0.6424180327868853 0.31224696356275305 0.5911885245901639 0.31781376518218624 0.5665983606557377 0.32034412955465585 0.5430327868852459 0.3284412955465587 0.5348360655737705 0.3360323886639676 0.5399590163934426 0.3466599190283401 0.5440573770491803
30 0.28036437246963564 0.5081967213114754 0.27530364372469635 0.5266393442622951 0.2682186234817814 0.5604508196721312 0.22469635627530365 0.6741803278688525 0.2575910931174089 0.7049180327868853 0.305668016194332 0.6024590163934426 0.3168016194331984 0.576844262295082 0.319331983805668 0.5604508196721312 0.32135627530364375 0.5440573770491803 0.3157894736842105 0.5327868852459017 0.3092105263157895 0.5245901639344263 0.3001012145748988 0.5153688524590164 0.29554655870445345 0.5112704918032787 0.2874493927125506 0.507172131147541
31 0.24392712550607287 0.46311475409836067 0.22621457489878544 0.49077868852459017 0.22267206477732793 0.5174180327868853 0.1887651821862348 0.6331967213114754 0.2201417004048583 0.680327868852459 0.26417004048583 0.569672131147541 0.2758097165991903 0.5307377049180327 0.2798582995951417 0.5102459016393442 0.27884615384615385 0.4989754098360656 0.2727732793522267 0.4918032786885246 0.2667004048582996 0.48565573770491804 0.2611336032388664 0.48463114754098363 0.2560728744939271 0.47848360655737704 0.2515182186234818 0.4692622950819672 0.24746963562753035 0.4641393442622951