0 0.5118679050567595 0.5463525835866262 0.5153078775369797 0.4939209726443769 0.5142758857929136 0.4194528875379939 0.5115239078087376 0.3168693009118541 0.500515995872033 0.2803951367781155 0.4932920536635707 0.29027355623100304 0.4895080839353285 0.39285714285714285 0.4864121087031304 0.4673252279635258 0.47746818025455795 0.53419452887538 0.49122807017543857 0.5493920972644377
1 0.46164430684554525 0.4878419452887538 0.4588923288613691 0.5037993920972644 0.4613003095975232 0.5303951367781155 0.4681802545579635 0.5516717325227963 0.4853801169590643 0.5509118541033434 0.48813209494324045 0.5182370820668692 0.49122807017543857 0.46504559270516715 0.49501203990368076 0.3913373860182371 0.49879600963192294 0.3601823708206687 0.49879600963192294 0.32978723404255317 0.4864121087031304 0.33586626139817627
2 0.43550051599587203 0.48328267477203646 0.43515651874785 0.513677811550152 0.44272445820433437 0.541033434650456 0.44650842793257656 0.5531914893617021 0.45476436188510494 0.5387537993920972 0.46405228758169936 0.5167173252279635 0.4726522187822497 0.4734042553191489 0.47058823529411764 0.43844984802431614 0.4733402132782938 0.37462006079027355 0.4733402132782938 0.34194528875379937 0.47746818025455795 0.3069908814589666 0.47746818025455795 0.27583586626139817 0.47746818025455795 0.2507598784194529 0.46164430684554525 0.24924012158054712 0.4496044031647747 0.2796352583586626 0.44272445820433437 0.3761398176291793
7 0.3023735810113519 0.30851063829787234 0.2868937048503612 0.3495440729483283 0.28104575163398693 0.3799392097264438 0.2875816993464052 0.4034954407294833 0.3120055039559684 0.42401215805471126 0.33677330581355347 0.41109422492401215 0.3453732370141039 0.3700607902735562 0.34502923976608185 0.32066869300911854 0.3453732370141039 0.2796352583586626 0.3305813553491572 0.24088145896656535 0.3175094599243206 0.23328267477203649 0.3027175782593739 0.2454407294832827 0.3013415892672859 0.2735562310030395
6 0.3164774681802546 0.4376899696048632 0.30787753697970416 0.47112462006079026 0.3089095287237702 0.5015197568389058 0.3202614379084967 0.5167173252279635 0.3278293773649811 0.5167173252279635 0.34055727554179566 0.5326747720364742 0.3543171654626763 0.5303951367781155 0.3636050911592707 0.49772036474164133 0.3667010663914689 0.4642857142857143 0.3715170278637771 0.42021276595744683 0.37323701410388715 0.3905775075987842 0.37323701410388715 0.35030395136778114 0.36566907464740284 0.31534954407294835 0.35982112143102857 0.29027355623100304 0.34881320949432404 0.28799392097264437 0.34262125902992774 0.30623100303951367 0.34227726178190576 0.3434650455927052 0.3433092535259718 0.3761398176291793 0.33608531131750946 0.40501519756838905
5 0.3515651874785002 0.49544072948328266 0.3498452012383901 0.5227963525835866 0.35810113519091846 0.547112462006079 0.3715170278637771 0.5433130699088146 0.38699690402476783 0.5486322188449848 0.3973168214654283 0.5448328267477204 0.4066047471620227 0.5243161094224924 0.41142070863433094 0.493161094224924 0.40763673890608876 0.46048632218844987 0.4048847609219126 0.43237082066869303 0.40282077743378053 0.4072948328267477 0.4000687994496044 0.3844984802431611 0.3973168214654283 0.36246200607902734 0.39078087375300996 0.33358662613981765 0.3783969728242174 0.32674772036474165 0.3677330581355349 0.3290273556231003 0.3622291021671827 0.3472644376899696 0.3646370829033368 0.3639817629179331 0.36188510491916065 0.3966565349544073 0.35741314069487445 0.44832826747720367
4 0.3897488820089439 0.48936170212765956 0.3842449260405917 0.5227963525835866 0.39078087375300996 0.5493920972644377 0.3980048159614723 0.5569908814589666 0.41210870313037495 0.560790273556231 0.4258685930512556 0.5448328267477204 0.43171654626762984 0.5167173252279635 0.43102855177158583 0.4734042553191489 0.4299965600275198 0.42629179331306993 0.4286205710354317 0.3951367781155015 0.4262125902992776 0.36854103343465044 0.42346061231510146 0.3229483282674772 0.4224286205710354 0.2773556231003039 0.41210870313037495 0.26975683890577506 0.40075679394564845 0.3191489361702128
3 0.41142070863433094 0.4817629179331307 0.41210870313037495 0.513677811550152 0.42036463708290334 0.5531914893617021 0.4327485380116959 0.5569908814589666 0.4513243894048848 0.5569908814589666 0.4551083591331269 0.5281155015197568 0.4602683178534572 0.4870820668693009 0.45751633986928103 0.45288753799392095 0.44478844169246645 0.310790273556231 0.44169246646026833 0.2796352583586626 0.4286205710354317 0.2773556231003039
8 0.5153078775369797 0.4908814589665654 0.5118679050567595 0.547112462006079 0.5249398004815962 0.5668693009118541 0.543171654626763 0.5638297872340425 0.5442036463708291 0.5372340425531915 0.542139662882697 0.3738601823708207 0.542139662882697 0.32978723404255317 0.5311317509459924 0.3229483282674772 0.520811833505332 0.33282674772036475
9 0.5424836601307189 0.5037993920972644 0.543515651874785 0.5509118541033434 0.5545235638114895 0.5547112462006079 0.5638114895080839 0.5433130699088146 0.5620915032679739 0.45896656534954405 0.5552115583075335 0.3594224924012158 0.5514275885792914 0.31534954407294835 0.5397316821465429 0.3183890577507599
10 0.5610595115239078 0.49772036474164133 0.5617475060199518 0.5167173252279635 0.5710354317165462 0.5509118541033434 0.5779153766769866 0.5569908814589666 0.5851393188854489 0.5364741641337386 0.5889232886136911 0.5083586626139818 0.585827313381493 0.4612462006079027 0.5813553491572068 0.4027355623100304 0.5786033711730306 0.3168693009118541 0.5820433436532507 0.3009118541033435 0.5841073271413829 0.2743161094224924 0.5820433436532507 0.25987841945288753 0.5741314069487444 0.24316109422492402 0.5607155142758858 0.26367781155015196 0.5569315445476436 0.2978723404255319 0.5545235638114895 0.3472644376899696
16 0.5077399380804953 0.5782674772036475 0.5115239078087376 0.6291793313069909 0.5118679050567595 0.6884498480243161 0.5135878912968697 0.7393617021276596 0.5170278637770898 0.770516717325228 0.5245958032335741 0.7743161094224924 0.5273477812177503 0.7583586626139818 0.5290677674578603 0.6268996960486323 0.5304437564499485 0.5714285714285714
17 0.5311317509459924 0.5721884498480243 0.5283797729618163 0.6276595744680851 0.5266597867217062 0.7606382978723404 0.5328517371861025 0.7689969604863222 0.5393876848985208 0.7583586626139818 0.5424836601307189 0.723404255319149 0.543515651874785 0.6778115501519757 0.5486756105951153 0.6398176291793313 0.5514275885792914 0.6147416413373861 0.5541795665634675 0.5759878419452887 0.5462676298589612 0.5699088145896657
18 0.5552115583075335 0.560790273556231 0.5497076023391813 0.6193009118541033 0.5459236326109391 0.6717325227963525 0.5497076023391813 0.7378419452887538 0.5620915032679739 0.8343465045592705 0.5748194014447885 0.8465045592705167 0.5796353629170966 0.8237082066869301 0.5796353629170966 0.7644376899696048 0.5720674234606123 0.6147416413373861 0.5713794289645683 0.5896656534954408 0.56484348125215 0.5638297872340425
19 0.5700034399724803 0.5615501519756839 0.564499484004128 0.5987841945288754 0.5779153766769866 0.7667173252279635 0.587891296869625 0.8039513677811551 0.5961472308221534 0.797112462006079 0.5992432060543516 0.7484802431610942 0.5937392500859993 0.581306990881459 0.586859305125559 0.5516717325227963 0.5755073959408324 0.5516717325227963
20 0.5792913656690747 0.5630699088145896 0.5786033711730306 0.5858662613981763 0.5944272445820433 0.6413373860182371 0.6081871345029239 0.7401215805471124 0.6147230822153423 0.7857142857142857 0.6260749914000688 0.8199088145896657 0.6336429308565531 0.817629179331307 0.6336429308565531 0.7826747720364742 0.6257309941520468 0.71580547112462 0.6216030271757826 0.6329787234042553 0.6216030271757826 0.5881458966565349 0.6167870657034744 0.5486322188449848 0.6057791537667698 0.5433130699088146 0.5923632610939112 0.5509118541033434
21 0.6037151702786377 0.5516717325227963 0.6057791537667698 0.5797872340425532 0.6164430684554524 0.6223404255319149 0.6326109391124871 0.7127659574468085 0.6467148262813898 0.75 0.6604747162022704 0.7788753799392097 0.673202614379085 0.7796352583586627 0.6883384932920537 0.7621580547112462 0.6883384932920537 0.7332826747720365 0.6773305813553492 0.6664133738601824 0.6621947024423804 0.6147416413373861 0.6594427244582043 0.581306990881459 0.6601307189542484 0.5547112462006079 0.6546267629858961 0.5281155015197568 0.6467148262813898 0.5227963525835866 0.6374269005847953 0.5281155015197568 0.6243550051599587 0.5349544072948328
22 0.6474028207774338 0.5319148936170213 0.6480908152734778 0.5653495440729484 0.6566907464740283 0.587386018237082 0.6649466804265566 0.6048632218844985 0.6735466116271069 0.648176291793313 0.6838665290677675 0.6808510638297872 0.695562435500516 0.702887537993921 0.7048503611971104 0.7241641337386018 0.7144822841417269 0.7317629179331308 0.7282421740626075 0.7218844984802432 0.7299621603027175 0.6861702127659575 0.7254901960784313 0.6618541033434651 0.7089783281733746 0.6048632218844985 0.7041623667010664 0.5797872340425532 0.7020983832129343 0.53419452887538 0.696938424492604 0.4939209726443769 0.6893704850361198 0.48936170212765956 0.6762985896112831 0.5 0.6694186446508428 0.5075987841945289 0.6573787409700722 0.5083586626139818
23 0.7014103887168902 0.5319148936170213 0.7010663914688683 0.5699088145896657 0.7069143446852425 0.5835866261398176 0.7144822841417269 0.6132218844984803 0.7223942208462333 0.648176291793313 0.7261781905744754 0.6603343465045592 0.7375300997592019 0.682370820668693 0.7506019951840385 0.6679331306990881 0.7578259373925008 0.6542553191489362 0.7567939456484348 0.6170212765957447 0.7512899896800825 0.5797872340425532 0.7512899896800825 0.5569908814589666 0.7499140006879945 0.526595744680851 0.739250085999312 0.49772036474164133 0.7227382180942552 0.4878419452887538 0.7189542483660131 0.5037993920972644 0.716890264877881 0.5113981762917933 0.7014103887168902 0.5197568389057751
24 0.5087719298245614 0.5775075987841946 0.5115239078087376 0.6314589665653495 0.5142758857929136 0.7211246200607903 0.5135878912968697 0.75 0.5104919160646715 0.776595744680851 0.5025799793601651 0.776595744680851 0.4932920536635707 0.6512158054711246 0.49019607843137253 0.6101823708206687 0.4884760921912625 0.5942249240121581 0.4895080839353285 0.5752279635258358 0.49673202614379086 0.5737082066869301
25 0.49019607843137253 0.5752279635258358 0.4891640866873065 0.6048632218844985 0.49226006191950467 0.6390577507598785 0.4960440316477468 0.6861702127659575 0.500515995872033 0.756079027355623 0.5022359821121432 0.791033434650456 0.4984520123839009 0.8039513677811551 0.4960440316477468 0.8054711246200608 0.49054007567939456 0.8054711246200608 0.4846921224630203 0.7629179331306991 0.478844169246646 0.7006079027355623 0.47230822153422775 0.6352583586626139 0.46542827657378744 0.5759878419452887 0.4688682490540076 0.5653495440729484 0.47987616099071206 0.5630699088145896
26 0.4482284141726866 0.5759878419452887 0.43790849673202614 0.5896656534954408 0.4392844857241142 0.6268996960486323 0.44478844169246645 0.6778115501519757 0.44926040591675265 0.7211246200607903 0.455796353629171 0.7682370820668692 0.46164430684554525 0.7955927051671733 0.46680426556587545 0.8199088145896657 0.47540419676642587 0.8442249240121581 0.4864121087031304 0.8442249240121581 0.4895080839353285 0.8199088145896657 0.4864121087031304 0.776595744680851 0.48159614723082217 0.7218844984802432 0.47471620227038186 0.6557750759878419 0.46990024079807363 0.601823708206687 0.46611627106983144 0.5775075987841946 0.45751633986928103 0.5699088145896657
27 0.4196766425868593 0.5858662613981763 0.4152046783625731 0.6162613981762918 0.4193326453388373 0.6664133738601824 0.4196766425868593 0.7196048632218845 0.42036463708290334 0.7629179331306991 0.42346061231510146 0.8001519756838906 0.4244926040591675 0.8297872340425532 0.43171654626762984 0.8366261398176292 0.4430684554523564 0.8237082066869301 0.4437564499484004 0.770516717325228 0.44650842793257656 0.7188449848024316 0.4523563811489508 0.6451367781155015 0.45786033711730306 0.6208206686930091 0.455796353629171 0.5797872340425532 0.4496044031647747 0.5691489361702128 0.4458204334365325 0.5653495440729484 0.44031647746818026 0.5433130699088146 0.43171654626762984 0.5463525835866262
28 0.3973168214654283 0.5752279635258358 0.391468868249054 0.6253799392097265 0.39250085999312007 0.6762917933130699 0.39525283797729616 0.729483282674772 0.391468868249054 0.7796352583586627 0.3887168902648779 0.8001519756838906 0.3942208462332301 0.8237082066869301 0.40282077743378053 0.8221884498480243 0.413140694874441 0.7933130699088146 0.4196766425868593 0.7621580547112462 0.4231166150670795 0.7112462006079028 0.42518059855521156 0.6633738601823708 0.4299965600275198 0.6231003039513677 0.43653250773993807 0.5965045592705167 0.43653250773993807 0.567629179331307 0.4299965600275198 0.5569908814589666 0.4217406260749914 0.5668693009118541 0.41382868937048506 0.5577507598784195 0.40454076367389064 0.5577507598784195
29 0.35569315445476435 0.5714285714285714 0.3508771929824561 0.6193009118541033 0.34502923976608185 0.6633738601823708 0.3347093223254214 0.7127659574468085 0.32679738562091504 0.756079027355623 0.33126934984520123 0.7955927051671733 0.347781217750258 0.8016717325227963 0.37048503611971106 0.7933130699088146 0.3759889920880633 0.770516717325228 0.3942208462332301 0.7066869300911854 0.4021327829377365 0.6428571428571429 0.41210870313037495 0.6124620060790273 0.41864465084279323 0.5699088145896657 0.4152046783625731 0.5569908814589666 0.4055727554179567 0.5509118541033434 0.39834881320949433 0.5554711246200608 0.39250085999312007 0.547112462006079 0.3797729618163055 0.5547112462006079 0.3722050223598211 0.540273556231003 0.3591331269349845 0.5547112462006079
30 0.3126934984520124 0.5364741641337386 0.3089095287237702 0.5615501519756839 0.3061575507395941 0.5987841945288754 0.29858961128310973 0.6428571428571429 0.2913656690746474 0.6618541033434651 0.28414172686618505 0.689209726443769 0.28104575163398693 0.7135258358662614 0.2793257653938768 0.7401215805471124 0.2848297213622291 0.7583586626139818 0.2961816305469556 0.7598784194528876 0.30994152046783624 0.756079027355623 0.3175094599243206 0.7393617021276596 0.3319573443412453 0.709726443768997 0.3439972480220158 0.6702127659574468 0.35190918472652216 0.6413373860182371 0.3584451324389405 0.6193009118541033 0.3711730306157551 0.5919452887537994 0.3759889920880633 0.5615501519756839 0.36566907464740284 0.5448328267477204 0.3591331269349845 0.5448328267477204 0.35053319573443414 0.53419452887538 0.3412452700378397 0.5349544072948328 0.3302373581011352 0.5197568389057751 0.31991744066047473 0.5159574468085106
31 0.2635018919848641 0.5144376899696048 0.25593395252837975 0.5509118541033434 0.2511179910560716 0.5881458966565349 0.24011007911936705 0.6223404255319149 0.22807017543859648 0.6603343465045592 0.23357413140694874 0.6838905775075987 0.2366701066391469 0.7006079027355623 0.2579979360165119 0.7006079027355623 0.2710698314413485 0.6884498480243161 0.28586171310629516 0.6474164133738601 0.29686962504299963 0.6086626139817629 0.30718954248366015 0.5987841945288754 0.31166150670794635 0.5759878419452887 0.3106295149638803 0.5387537993920972 0.29480564155486755 0.5258358662613982 0.28414172686618505 0.506079027355623 0.2696938424492604 0.5037993920972644
11 0.5737874097007224 0.4817629179331307 0.5737874097007224 0.5022796352583586 0.5741314069487444 0.5288753799392097 0.5806673546611627 0.5463525835866262 0.5896112831097351 0.547112462006079 0.6016511867905057 0.5486322188449848 0.60749914000688 0.5349544072948328 0.6109391124871001 0.49772036474164133 0.6026831785345718 0.44452887537993924 0.5971792225662195 0.42325227963525835 0.5937392500859993 0.3943768996960486 0.5916752665978672 0.34802431610942247 0.5913312693498453 0.32370820668693007 0.585827313381493 0.30015197568389057 0.5768833849329206 0.30851063829787234 0.5730994152046783 0.3373860182370821 0.5713794289645683 0.3822188449848024 0.5737874097007224 0.42401215805471126
12 0.5964912280701754 0.4734042553191489 0.6006191950464397 0.5197568389057751 0.60749914000688 0.540273556231003 0.6174750601995184 0.5372340425531915 0.6308909528723771 0.53419452887538 0.6363949088407292 0.5113981762917933 0.6353629170966633 0.4817629179331307 0.630546955624355 0.4521276595744681 0.6250429996560027 0.41717325227963525 0.6222910216718266 0.385258358662614 0.6202270381836945 0.3617021276595745 0.6174750601995184 0.331306990881459 0.6140350877192983 0.30623100303951367 0.6006191950464397 0.2948328267477204 0.5951152390780874 0.31458966565349544 0.5927072583419333 0.3541033434650456
13 0.6216030271757826 0.4506079027355623 0.6212590299277606 0.4870820668693009 0.6281389748882009 0.5144376899696048 0.6463708290333677 0.5258358662613982 0.6577227382180942 0.5159574468085106 0.6697626418988648 0.5075987841945289 0.6697626418988648 0.4848024316109423 0.6652906776745786 0.4376899696048632 0.6560027519779842 0.4133738601823708 0.6453388372893016 0.3723404255319149 0.6418988648090815 0.3533434650455927 0.6360509115927072 0.3252279635258359 0.6336429308565531 0.30851063829787234 0.6277949776401789 0.3047112462006079 0.6174750601995184 0.3252279635258359 0.6191950464396285 0.3723404255319149
14 0.6587547299621603 0.34574468085106386 0.6587547299621603 0.4012158054711246 0.6652906776745786 0.45440729483282677 0.6704506363949089 0.4939209726443769 0.6818025455796354 0.4908814589665654 0.693842449260406 0.4878419452887538 0.7020983832129343 0.4810030395136778 0.7106983144134847 0.4627659574468085 0.717234262125903 0.446048632218845 0.7151702786377709 0.40577507598784196 0.7038183694530443 0.37462006079027355 0.695906432748538 0.34574468085106386 0.6904024767801857 0.3252279635258359 0.6893704850361198 0.2986322188449848 0.6866185070519436 0.27203647416413373 0.6769865841073271 0.26975683890577506 0.6666666666666666 0.2887537993920973
15 0.6463708290333677 0.3434650455927052 0.6463708290333677 0.364741641337386 0.6415548675610595 0.3882978723404255 0.6425868593051256 0.41793313069908816 0.6463708290333677 0.42933130699088146 0.6549707602339181 0.4278115501519757 0.672514619883041 0.43844984802431614 0.6852425180598555 0.44832826747720367 0.6917784657722739 0.44984802431610943 0.7003783969728242 0.446048632218845 0.7038183694530443 0.4217325227963526 0.7048503611971104 0.3943768996960486 0.7020983832129343 0.3601823708206687 0.696938424492604 0.256838905775076 0.6855865153078775 0.23632218844984804 0.673202614379085 0.23632218844984804 0.6611627106983144 0.23708206686930092 0.6549707602339181 0.25379939209726443 0.6474028207774338 0.2917933130699088