0 0.4543109801031688 0.4764437689969605 0.4937361827560796 0.4635258358662614 0.46683861459100956 0.23024316109422494 0.44657332350773765 0.24088145896656535
1 0.4200442151805453 0.44376899696048633 0.42630803242446574 0.4764437689969605 0.43515106853352986 0.48404255319148937 0.45320560058953574 0.47796352583586627 0.45320560058953574 0.4004559270516717 0.4333087693441415 0.24696048632218845 0.40788504053058217 0.25151975683890576
2 0.38872512896094324 0.4148936170212766 0.394620486366986 0.4703647416413374 0.40272660280029476 0.4946808510638298 0.41046425939572584 0.49620060790273557 0.4255711127487104 0.47796352583586627 0.42999263080324246 0.46200607902735563 0.4288872512896094 0.42401215805471126 0.38504053058216653 0.22796352583586627 0.3691967575534267 0.24848024316109424
3 0.3629329403095063 0.4095744680851064 0.3647752394988946 0.4566869300911854 0.36035372144436256 0.48328267477203646 0.37030213706705967 0.5015197568389058 0.3795136330140015 0.5053191489361702 0.39019896831245393 0.49240121580547114 0.39535740604274133 0.4673252279635258 0.39535740604274133 0.44376899696048633 0.38504053058216653 0.34194528875379937 0.3673544583640383 0.23404255319148937 0.341930729550479 0.25379939209726443
4 0.3323507737656595 0.4072948328267477 0.3375092114959469 0.43465045592705165 0.33603537214443624 0.4635258358662614 0.33603537214443624 0.48328267477203646 0.34893146647015477 0.49240121580547114 0.3647752394988946 0.4870820668693009 0.3728813559322034 0.4817629179331307 0.37030213706705967 0.4399696048632219 0.36845983787767134 0.3799392097264438 0.35335298452468683 0.2378419452887538 0.3286661753868828 0.25379939209726443
6 0.27523949889462046 0.48328267477203646 0.2826086956521739 0.5083586626139818 0.2955047899778924 0.5106382978723404 0.30766396462785556 0.5015197568389058 0.317243920412675 0.4939209726443769 0.31945467943994105 0.4582066869300912 0.32277081798084006 0.44756838905775076 0.30950626381724394 0.371580547112462 0.2848194546794399 0.26443768996960487 0.25497420781134855 0.2811550151975684 0.2745025792188651 0.40577507598784196
7 0.2339719970523213 0.4939209726443769 0.22697126013264554 0.47796352583586627 0.22512896094325718 0.44756838905775076 0.22549742078113486 0.42401215805471126 0.2236551215917465 0.4034954407294833 0.21923360353721444 0.371580547112462 0.21997052321296978 0.3047112462006079 0.2560795873249816 0.30243161094224924 0.26934414148857777 0.3860182370820669 0.27708179808400885 0.42401215805471126 0.27818717759764183 0.44224924012158057 0.27708179808400885 0.48328267477203646 0.27081798084008846 0.5091185410334347 0.26197494473102434 0.5121580547112462 0.24539425202652912 0.49848024316109424
8 0.4937361827560796 0.4703647416413374 0.5324244657332351 0.4635258358662614 0.528002947678703 0.41641337386018235 0.5272660280029476 0.23556231003039513 0.4922623434045689 0.2317629179331307 0.49042004421518054 0.40425531914893614 0.4922623434045689 0.45288753799392095
9 0.5305821665438467 0.41109422492401215 0.5261606484893147 0.44148936170212766 0.5357406042741342 0.4582066869300912 0.547162859248342 0.45592705167173253 0.552689756816507 0.44756838905775076 0.5571112748710391 0.44224924012158057 0.5552689756816507 0.3700607902735562 0.5534266764922623 0.24620060790273557 0.5287398673544583 0.25759878419452886
10 0.5611643330876934 0.35638297872340424 0.5519528371407516 0.4095744680851064 0.5508474576271186 0.44148936170212766 0.5615327929255711 0.4566869300911854 0.58069270449521 0.46200607902735563 0.5902726602800294 0.44224924012158057 0.5939572586588062 0.21428571428571427 0.5725865880619012 0.22112462006079028
11 0.5939572586588062 0.3639817629179331 0.5876934414148858 0.3981762917933131 0.5858511422254974 0.43465045592705165 0.5913780397936624 0.45972644376899696 0.6068533529845247 0.46580547112462006 0.6201179071481209 0.45440729483282677 0.6212232866617539 0.41109422492401215 0.6226971260132645 0.24240121580547114 0.605379513633014 0.2393617021276596
12 0.628960943257185 0.2773556231003039 0.6219602063375093 0.32598784194528874 0.6149594694178334 0.3837386018237082 0.6072218128224024 0.43237082066869303 0.6138540899042004 0.446048632218845 0.6308032424465734 0.46048632218844987 0.6488577745025792 0.46200607902735563 0.6543846720707442 0.425531914893617 0.653647752394989 0.2378419452887538 0.6429624170965365 0.23404255319148937
13 0.6613854089904201 0.26671732522796354 0.6488577745025792 0.30851063829787234 0.6462785556374355 0.34802431610942247 0.6488577745025792 0.38069908814589665 0.6462785556374355 0.418693009118541 0.6411201179071481 0.45592705167173253 0.6676492262343404 0.46580547112462006 0.7078113485630066 0.45440729483282677 0.7133382461311717 0.4452887537993921 0.7000736919675755 0.3844984802431611 0.6989683124539425 0.3366261398176292 0.7000736919675755 0.2773556231003039 0.6949152542372882 0.23404255319148937 0.6665438467207074 0.24696048632218845
14 0.6989683124539425 0.2553191489361702 0.6927044952100221 0.3100303951367781 0.6927044952100221 0.3677811550151976 0.6945467943994105 0.3981762917933131 0.6974944731024318 0.43465045592705165 0.7070744288872512 0.4452887537993921 0.7236551215917465 0.44224924012158057 0.7402358142962417 0.43465045592705165 0.7431834929992631 0.3898176291793313 0.7350773765659543 0.3518237082066869 0.734340456890199 0.30851063829787234 0.734340456890199 0.22492401215805471 0.7085482682387619 0.23252279635258358 0.7033898305084746 0.26595744680851063
16 0.4900515843773029 0.5015197568389058 0.5184229918938835 0.5037993920972644 0.5305821665438467 0.7120060790273556 0.5007369196757553 0.7203647416413373
17 0.5158437730287398 0.5030395136778115 0.5361090641120118 0.4908814589665654 0.5456890198968313 0.5182370820668692 0.5560058953574061 0.7241641337386018 0.5420044215180545 0.7203647416413373
18 0.5475313190862195 0.5577507598784195 0.5401621223286662 0.5083586626139818 0.5453205600589536 0.4817629179331307 0.5622697126013264 0.4817629179331307 0.5744288872512896 0.5174772036474165 0.576271186440678 0.5759878419452887 0.5821665438467207 0.7408814589665653 0.5729550478997789 0.743920972644377
19 0.5799557848194546 0.5562310030395137 0.5692704495210023 0.5250759878419453 0.5685335298452469 0.4939209726443769 0.5799557848194546 0.48556231003039513 0.5939572586588062 0.48556231003039513 0.6028002947678703 0.5015197568389058 0.6050110537951363 0.5600303951367781 0.6190125276344879 0.729483282674772 0.6072218128224024 0.7370820668693009
20 0.6086956521739131 0.5562310030395137 0.599852616064849 0.5106382978723404 0.5972733971997052 0.49620060790273557 0.6123802505526897 0.47796352583586627 0.6282240235814296 0.4817629179331307 0.6411201179071481 0.5037993920972644 0.6429624170965365 0.5600303951367781 0.6595431098010317 0.6983282674772037 0.6462785556374355 0.7059270516717325
21 0.6436993367722919 0.5600303951367781 0.633382461311717 0.5303951367781155 0.6322770817980841 0.5037993920972644 0.633382461311717 0.479483282674772 0.652542372881356 0.4703647416413374 0.6753868828297716 0.4703647416413374 0.6930729550478998 0.4817629179331307 0.6949152542372882 0.5326747720364742 0.7166543846720708 0.6876899696048632 0.6831245394252027 0.7021276595744681 0.6488577745025792 0.6246200607902735
22 0.6956521739130435 0.5433130699088146 0.6834929992630803 0.5091185410334347 0.6823876197494473 0.48328267477203646 0.6904937361827561 0.46504559270516715 0.7269712601326456 0.45288753799392095 0.7394988946204863 0.4582066869300912 0.7431834929992631 0.4817629179331307 0.7479734708916728 0.5212765957446809 0.7649226234340457 0.6770516717325228 0.7243920412675019 0.6648936170212766
23 0.7483419307295505 0.5212765957446809 0.740972733971997 0.48556231003039513 0.7369196757553427 0.4673252279635258 0.7361827560795873 0.446048632218845 0.7483419307295505 0.4270516717325228 0.7693441414885778 0.41793313069908816 0.7833456153279292 0.41793313069908816 0.7914517317612381 0.4703647416413374 0.810611643330877 0.5995440729483282 0.7973470891672808 0.6352583586626139 0.7593957258658807 0.5737082066869301
24 0.4657332350773766 0.5083586626139818 0.4911569638909359 0.5129179331306991 0.5103168754605748 0.7112462006079028 0.49299926308032427 0.7218844984802432 0.4664701547531319 0.5653495440729484
25 0.44804716285924834 0.5934650455927052 0.4392041267501842 0.5288753799392097 0.44030950626381726 0.4939209726443769 0.4561532792925571 0.47796352583586627 0.47347089167280765 0.48556231003039513 0.4694178334561533 0.5881458966565349 0.48231392778187177 0.7135258358662614 0.46683861459100956 0.7188449848024316 0.45062638172439207 0.60790273556231
26 0.4167280766396463 0.7218844984802432 0.4167280766396463 0.6648936170212766 0.4185703758290346 0.6177811550151976 0.4185703758290346 0.5683890577507599 0.41820191599115697 0.5288753799392097 0.4167280766396463 0.5182370820668692 0.43773028739867353 0.5 0.44657332350773765 0.5091185410334347 0.45320560058953574 0.541033434650456 0.4436256448047163 0.7348024316109423 0.43662490788504055 0.7530395136778115 0.4185703758290346 0.7386018237082067
27 0.3964627855563744 0.7553191489361702 0.38761974944731026 0.7165653495440729 0.3857774502579219 0.6603343465045592 0.38246131171702286 0.6155015197568389 0.38246131171702286 0.5851063829787234 0.38246131171702286 0.5562310030395137 0.38393515106853354 0.53419452887538 0.39277818717759766 0.5129179331306991 0.40935887988209285 0.5121580547112462 0.4167280766396463 0.5212765957446809 0.4174649963154016 0.5790273556231003 0.4123065585851142 0.7606382978723404
28 0.3577745025792189 0.729483282674772 0.35187914517317614 0.6785714285714286 0.35187914517317614 0.628419452887538 0.35187914517317614 0.5706686930091185 0.35335298452468683 0.5326747720364742 0.3629329403095063 0.5182370820668692 0.37693441414885775 0.5174772036474165 0.38504053058216653 0.5433130699088146 0.3813559322033898 0.5980243161094225 0.38061901252763447 0.7530395136778115 0.36661753868828295 0.7553191489361702 0.3610906411201179 0.7408814589665653
29 0.29403095062638174 0.7310030395136778 0.2955047899778924 0.6557750759878419 0.3017686072218128 0.6025835866261399 0.3017686072218128 0.5797872340425532 0.2980840088430361 0.5501519756838906 0.2955047899778924 0.5235562310030395 0.3069270449521002 0.5030395136778115 0.32608695652173914 0.49772036474164133 0.341930729550479 0.49772036474164133 0.35703758290346355 0.5030395136778115 0.3507737656595431 0.5562310030395137 0.3526160648489315 0.6496960486322189 0.34635224760501104 0.743920972644377