0 0.47094474153297683 0.5995440729483282 0.48841354723707664 0.601823708206687 0.5040998217468806 0.5942249240121581 0.5040998217468806 0.5668693009118541 0.4894830659536542 0.36854103343465044 0.47914438502673795 0.3738601823708207 0.4734402852049911 0.5516717325227963 0.47023172905525845 0.5737082066869301
1 0.4449197860962567 0.5995440729483282 0.45454545454545453 0.6048632218844985 0.47058823529411764 0.5995440729483282 0.4734402852049911 0.5235562310030395 0.47629233511586455 0.46656534954407297 0.4659536541889483 0.39969604863221886 0.45062388591800356 0.40805471124620063 0.4570409982174688 0.47188449848024316 0.45062388591800356 0.5167173252279635 0.4467023172905526 0.5585106382978723
2 0.42780748663101603 0.601823708206687 0.44313725490196076 0.587386018237082 0.44420677361853833 0.5790273556231003 0.449554367201426 0.5683890577507599 0.45169340463458113 0.5531914893617021 0.45169340463458113 0.4878419452887538 0.44028520499108736 0.35638297872340424 0.4295900178253119 0.3617021276595745 0.42245989304812837 0.5182370820668692 0.4199643493761141 0.5653495440729484 0.4210338680926916 0.5942249240121581
3 0.3910873440285205 0.5896656534954408 0.4017825311942959 0.6063829787234043 0.4106951871657754 0.5965045592705167 0.41675579322638145 0.6048632218844985 0.4228163992869875 0.601823708206687 0.4267379679144385 0.587386018237082 0.4292335115864528 0.541033434650456 0.41746880570409983 0.3662613981762918 0.4021390374331551 0.3700607902735562 0.4071301247771836 0.43541033434650456 0.40463458110516937 0.48556231003039513 0.4 0.5273556231003039 0.3932263814616756 0.5600303951367781 0.3893048128342246 0.5805471124620061
6 0.3062388591800356 0.5585106382978723 0.3165775401069519 0.5790273556231003 0.33119429590017824 0.5896656534954408 0.33511586452762926 0.5737082066869301 0.3433155080213904 0.5653495440729484 0.34509803921568627 0.5547112462006079 0.3429590017825312 0.5326747720364742 0.3411764705882353 0.520516717325228 0.3393939393939394 0.43541033434650456 0.3301247771836007 0.39969604863221886 0.31301247771836005 0.36854103343465044 0.2991087344028521 0.3974164133738602 0.3083778966131907 0.446048632218845 0.3122994652406417 0.49620060790273557 0.30802139037433157 0.5182370820668692 0.3037433155080214 0.5425531914893617
8 0.5055258467023173 0.5942249240121581 0.5215686274509804 0.601823708206687 0.5401069518716578 0.601823708206687 0.5379679144385027 0.5531914893617021 0.532620320855615 0.3738601823708207 0.5204991087344029 0.378419452887538 0.5101604278074866 0.506838905775076 0.5094474153297682 0.5425531914893617 0.5055258467023173 0.5600303951367781
9 0.5408199643493761 0.6063829787234043 0.560427807486631 0.6048632218844985 0.5664884135472371 0.5942249240121581 0.5632798573975044 0.5326747720364742 0.5557932263814617 0.37537993920972645 0.542602495543672 0.3768996960486322 0.5393939393939394 0.48556231003039513 0.5372549019607843 0.5425531914893617 0.5358288770053476 0.5668693009118541 0.5358288770053476 0.5896656534954408 0.5361853832442067 0.5995440729483282
10 0.5771836007130124 0.6101823708206687 0.5864527629233511 0.6048632218844985 0.5928698752228164 0.5942249240121581 0.580035650623886 0.3427051671732523 0.5696969696969697 0.3404255319148936 0.5654188948306595 0.45440729483282677 0.562210338680927 0.5235562310030395 0.5625668449197861 0.541033434650456 0.5600713012477718 0.5585106382978723 0.560427807486631 0.5737082066869301 0.5636363636363636 0.5805471124620061 0.5661319073083779 0.5896656534954408 0.5657754010695187 0.5942249240121581 0.568270944741533 0.601823708206687
11 0.5875222816399287 0.6033434650455927 0.596078431372549 0.601823708206687 0.6014260249554367 0.6086626139817629 0.6081996434937611 0.6101823708206687 0.6149732620320856 0.601823708206687 0.6171122994652406 0.5896656534954408 0.6153297682709448 0.5478723404255319 0.6135472370766488 0.5030395136778115 0.6021390374331551 0.3548632218844985 0.5918003565062389 0.3617021276595745 0.5914438502673797 0.4946808510638298 0.5875222816399287 0.5372340425531915 0.5843137254901961 0.5653495440729484 0.5839572192513369 0.5775075987841946
12 0.6092691622103387 0.5980243161094225 0.6171122994652406 0.601823708206687 0.6203208556149733 0.601823708206687 0.627807486631016 0.6101823708206687 0.6342245989304813 0.6063829787234043 0.6431372549019608 0.5980243161094225 0.6452762923351159 0.5805471124620061 0.6402852049910873 0.5493920972644377 0.6342245989304813 0.4756838905775076 0.6327985739750446 0.37537993920972645 0.6142602495543672 0.3738601823708207 0.6114081996434938 0.48936170212765956 0.6110516934046346 0.5425531914893617 0.6085561497326203 0.5638297872340425 0.6085561497326203 0.5843465045592705
14 0.6705882352941176 0.5896656534954408 0.685204991087344 0.5752279635258358 0.6959001782531195 0.5638297872340425 0.6983957219251337 0.5372340425531915 0.6905525846702317 0.5030395136778115 0.6898395721925134 0.49240121580547114 0.7062388591800357 0.3662613981762918 0.6766488413547237 0.3700607902735562 0.6645276292335116 0.4338905775075988 0.6641711229946524 0.4878419452887538 0.6609625668449198 0.5220364741641338 0.6570409982174688 0.5531914893617021 0.6577540106951871 0.5683890577507599 0.663458110516934 0.5843465045592705
16 0.49732620320855614 0.6223404255319149 0.5062388591800356 0.6155015197568389 0.5158645276292335 0.6170212765957447 0.5183600713012477 0.6253799392097265 0.5130124777183601 0.6588145896656535 0.5126559714795009 0.682370820668693 0.5033868092691622 0.8191489361702128 0.4905525846702317 0.8138297872340425
17 0.5180035650623885 0.6246200607902735 0.5272727272727272 0.621580547112462 0.5368983957219251 0.6246200607902735 0.5358288770053476 0.6762917933130699 0.5251336898395722 0.8594224924012158 0.5130124777183601 0.85790273556231 0.5133689839572193 0.743920972644377 0.5140819964349376 0.6542553191489362
18 0.5368983957219251 0.621580547112462 0.5468805704099822 0.621580547112462 0.562210338680927 0.6367781155015197 0.5647058823529412 0.6572948328267477 0.5586452762923351 0.6937689969604863 0.5568627450980392 0.7355623100303952 0.5479500891265597 0.8525835866261399 0.5365418894830659 0.851063829787234 0.5383244206773619 0.7644376899696048 0.5368983957219251 0.6732522796352584 0.5358288770053476 0.6572948328267477
19 0.5543672014260249 0.6474164133738601 0.5597147950089126 0.6382978723404256 0.5636363636363636 0.6268996960486323 0.5704099821746881 0.6246200607902735 0.5768270944741533 0.6268996960486323 0.5828877005347594 0.6405775075987842 0.5839572192513369 0.6610942249240122 0.5828877005347594 0.6952887537993921 0.5814616755793226 0.8427051671732523 0.5725490196078431 0.8442249240121581 0.5586452762923351 0.6884498480243161
20 0.5786096256684492 0.6884498480243161 0.5721925133689839 0.6527355623100304 0.5725490196078431 0.6314589665653495 0.5764705882352941 0.6268996960486323 0.5839572192513369 0.6352583586626139 0.597860962566845 0.621580547112462 0.6035650623885918 0.6268996960486323 0.6081996434937611 0.6405775075987842 0.6114081996434938 0.6595744680851063 0.6103386809269162 0.6869300911854104 0.6074866310160428 0.7667173252279635 0.6199643493761141 0.8472644376899696 0.6053475935828877 0.8525835866261399
21 0.6110516934046346 0.6937689969604863 0.6046345811051693 0.6648936170212766 0.5996434937611408 0.6443768996960486 0.5992869875222816 0.6306990881458967 0.6042780748663101 0.6238601823708206 0.609982174688057 0.6208206686930091 0.6188948306595365 0.6306990881458967 0.6245989304812835 0.6253799392097265 0.633511586452763 0.6185410334346505 0.6484848484848484 0.6185410334346505 0.6499108734402852 0.6322188449848024 0.6499108734402852 0.6550151975683891 0.649554367201426 0.689209726443769 0.6581105169340463 0.7446808510638298 0.6702317290552585 0.8069908814589666 0.6491978609625668 0.8259878419452887 0.6313725490196078 0.7879939209726444 0.6231729055258467 0.7553191489361702 0.6160427807486631 0.7082066869300911
22 0.6584670231729055 0.6816109422492401 0.6484848484848484 0.6572948328267477 0.6442067736185383 0.6360182370820668 0.645632798573975 0.6162613981762918 0.6516934046345811 0.6094224924012158 0.6663101604278074 0.5987841945288754 0.6816399286987522 0.5972644376899696 0.6855614973262032 0.601063829787234 0.68698752228164 0.6193009118541033 0.6909090909090909 0.6382978723404256 0.6898395721925134 0.6504559270516718 0.6909090909090909 0.6709726443768997 0.6976827094474153 0.6876899696048632 0.7033868092691622 0.7180851063829787 0.7137254901960784 0.8009118541033434 0.6951871657754011 0.8145896656534954 0.6798573975044563 0.7575987841945289 0.6688057040998218 0.7218844984802432
23 0.7001782531194296 0.6580547112462006 0.6919786096256685 0.6352583586626139 0.6866310160427808 0.6162613981762918 0.6841354723707664 0.5896656534954408 0.6923351158645277 0.5782674772036475 0.6976827094474153 0.5699088145896657 0.704812834224599 0.5630699088145896 0.7105169340463459 0.5577507598784195 0.7144385026737968 0.5531914893617021 0.716934046345811 0.5516717325227963 0.7204991087344028 0.5585106382978723 0.7276292335115865 0.5820668693009119 0.7279857397504457 0.5995440729483282 0.7279857397504457 0.6117021276595744 0.7311942959001783 0.6367781155015197 0.7418894830659537 0.668693009118541 0.758288770053476 0.736322188449848 0.742602495543672 0.756079027355623 0.7119429590017825 0.6990881458966566 0.7037433155080214 0.675531914893617
24 0.4805704099821747 0.6177811550151976 0.4983957219251337 0.6170212765957447 0.49768270944741533 0.6443768996960486 0.48520499108734405 0.7948328267477204 0.4802139037433155 0.7940729483282675
25 0.46024955436720144 0.6193009118541033 0.47878787878787876 0.6223404255319149 0.4805704099821747 0.6664133738601824 0.47878787878787876 0.682370820668693 0.4730837789661319 0.8168693009118541 0.46131907308377895 0.8191489361702128
26 0.4370766488413547 0.6276595744680851 0.4467023172905526 0.6200607902735562 0.4549019607843137 0.6177811550151976 0.46024955436720144 0.6231003039513677 0.46060606060606063 0.6717325227963525 0.45811051693404636 0.6846504559270516 0.4477718360071301 0.8662613981762918 0.44028520499108736 0.8662613981762918 0.4370766488413547 0.6884498480243161 0.435650623885918 0.6709726443768997 0.43636363636363634 0.6344984802431611 0.43672014260249553 0.6329787234042553
27 0.4128342245989305 0.6390577507598785 0.41746880570409983 0.6268996960486323 0.4235294117647059 0.6200607902735562 0.4295900178253119 0.6238601823708206 0.43137254901960786 0.6268996960486323 0.4320855614973262 0.6413373860182371 0.4338680926916221 0.6436170212765957 0.43636363636363634 0.6405775075987842 0.4392156862745098 0.6436170212765957 0.44028520499108736 0.6466565349544073 0.4399286987522282 0.6679331306990881 0.43672014260249553 0.6793313069908815 0.435650623885918 0.682370820668693 0.4338680926916221 0.7142857142857143 0.41746880570409983 0.8396656534954408 0.4106951871657754 0.8351063829787234 0.4106951871657754 0.763677811550152 0.4106951871657754 0.7203647416413373 0.4128342245989305 0.6876899696048632 0.4110516934046346 0.668693009118541 0.4117647058823529 0.6542553191489362
28 0.38894830659536545 0.6382978723404256 0.39572192513368987 0.6238601823708206 0.3982174688057041 0.6200607902735562 0.40463458110516937 0.6177811550151976 0.4089126559714795 0.6231003039513677 0.4142602495543672 0.6306990881458967 0.4213903743315508 0.628419452887538 0.42780748663101603 0.6299392097264438 0.4288770053475936 0.6337386018237082 0.42566844919786095 0.6603343465045592 0.41746880570409983 0.6876899696048632 0.4128342245989305 0.708966565349544 0.4089126559714795 0.7477203647416414 0.39180035650623884 0.8229483282674772 0.38110516934046346 0.8130699088145896 0.3868092691622103 0.7583586626139818 0.3878787878787879 0.7249240121580547 0.38859180035650626 0.6869300911854104 0.38859180035650626 0.6565349544072948
29 0.3536541889483066 0.6139817629179332 0.36185383244206776 0.6109422492401215 0.3657754010695187 0.6162613981762918 0.3711229946524064 0.6177811550151976 0.3761140819964349 0.6155015197568389 0.3843137254901961 0.6155015197568389 0.3871657754010695 0.6223404255319149 0.38894830659536545 0.6261398176291794 0.3939393939393939 0.6261398176291794 0.39786096256684494 0.6261398176291794 0.40035650623885916 0.6367781155015197 0.4 0.6527355623100304 0.396078431372549 0.6717325227963525 0.39215686274509803 0.6838905775075987 0.3875222816399287 0.6922492401215805 0.38253119429590016 0.7059270516717325 0.38110516934046346 0.723404255319149 0.3761140819964349 0.756079027355623 0.37040998217468807 0.770516717325228 0.35401069518716577 0.8237082066869301 0.3251336898395722 0.7849544072948328 0.33511586452762926 0.756838905775076 0.342602495543672 0.7317629179331308 0.34866310160427805 0.7104863221884499 0.3515151515151515 0.6899696048632219 0.3511586452762923 0.6603343465045592 0.3497326203208556 0.6451367781155015 0.3497326203208556 0.6314589665653495 0.3515151515151515 0.6223404255319149
30 0.31836007130124777 0.5972644376899696 0.32869875222816397 0.5987841945288754 0.3340463458110517 0.6056231003039514 0.33975044563279855 0.6056231003039514 0.3479500891265597 0.6177811550151976 0.35401069518716577 0.6253799392097265 0.35579322638146166 0.64209726443769 0.3511586452762923 0.6603343465045592 0.3336898395721925 0.7142857142857143 0.32798573975044565 0.7355623100303952 0.3062388591800356 0.8085106382978723 0.2948306595365419 0.7993920972644377 0.2983957219251337 0.7401215805471124 0.3048128342245989 0.6998480243161094 0.3122994652406417 0.668693009118541 0.3122994652406417 0.6253799392097265 0.314795008912656 0.6086626139817629
31 0.2816399286987522 0.5547112462006079 0.2912655971479501 0.5600303951367781 0.30089126559714796 0.5737082066869301 0.30980392156862746 0.5820668693009119 0.31693404634581107 0.5949848024316109 0.31836007130124777 0.6048632218844985 0.3155080213903743 0.6261398176291794 0.31051693404634584 0.6390577507598785 0.30196078431372547 0.6580547112462006 0.29376114081996435 0.6922492401215805 0.26737967914438504 0.7674772036474165 0.24598930481283424 0.7332826747720365 0.25276292335115863 0.6808510638297872 0.26024955436720143 0.6550151975683891 0.27058823529411763 0.628419452887538 0.2727272727272727 0.6155015197568389 0.2720142602495544 0.5851063829787234 0.275222816399287 0.5729483282674772