0 0.49296282930350055 0.3465045592705167 0.5027066041140382 0.43617021276595747 0.504150126308192 0.5539513677811551 0.4879105016239625 0.5585106382978723 0.4731143991338867 0.5683890577507599 0.46661854926019486 0.5577507598784195 0.4648141465175027 0.5167173252279635 0.468422952002887 0.4764437689969605 0.4702273547455792 0.33966565349544076 0.49296282930350055 0.33586626139817627
1 0.46661854926019486 0.33358662613981765 0.46950559364850236 0.4088145896656535 0.4691447130999639 0.4726443768996961 0.4691447130999639 0.4992401215805471 0.46517502706604114 0.5288753799392097 0.46661854926019486 0.5463525835866262 0.4648141465175027 0.5623100303951368 0.45326596896427285 0.5623100303951368 0.4435221941537351 0.5539513677811551 0.4399133886683508 0.541033434650456 0.4388307470227355 0.5296352583586627 0.4399133886683508 0.5121580547112462 0.4402742692168892 0.4688449848024316 0.4496571634788885 0.3351063829787234
2 0.43341753879465894 0.3069908814589666 0.4420786719595814 0.4088145896656535 0.4420786719595814 0.4726443768996961 0.4428004330566582 0.4969604863221885 0.4428004330566582 0.5174772036474165 0.4402742692168892 0.5319148936170213 0.4366654637315049 0.5486322188449848 0.4319740166005052 0.5585106382978723 0.42259112233850593 0.5615501519756839 0.41753879465896787 0.5623100303951368 0.41140382533381453 0.5448328267477204 0.40671237820281486 0.520516717325228 0.4063514976542764 0.5 0.414290869722122 0.3723404255319149 0.42150848069289065 0.31155015197568386
3 0.4103211836881992 0.34802431610942247 0.4171779141104294 0.4308510638297872 0.42475640562973654 0.4726443768996961 0.4233128834355828 0.5022796352583586 0.4171779141104294 0.513677811550152 0.4110429447852761 0.5281155015197568 0.4081559003969686 0.5379939209726444 0.405990617105738 0.540273556231003 0.3984121255864309 0.5387537993920972 0.39263803680981596 0.5319148936170213 0.3886683507758932 0.5159574468085106 0.3846986647419704 0.4886018237082067 0.3955250811981234 0.3465045592705167 0.4103211836881992 0.33966565349544076
4 0.3782028148682786 0.3465045592705167 0.3699025622518946 0.44756838905775076 0.3630458318296644 0.49012158054711247 0.3619631901840491 0.5045592705167173 0.3673763984121256 0.520516717325228 0.3749548899314327 0.5311550151975684 0.3836160230963551 0.5258358662613982 0.3901118729700469 0.5129179331306991 0.39516420064958496 0.49772036474164133 0.39516420064958496 0.4673252279635258 0.3901118729700469 0.33358662613981765 0.37964633706243234 0.33358662613981765
7 0.27102129195236374 0.29711246200607905 0.2580295922049802 0.36930091185410335 0.24539877300613497 0.4331306990881459 0.26236015878744134 0.47720364741641336 0.2829303500541321 0.48632218844984804 0.29556116925297726 0.4612462006079027 0.297004691447131 0.4331306990881459 0.3002526163839769 0.3776595744680851 0.30205701912666905 0.31155015197568386
6 0.29736557199566943 0.32066869300911854 0.3013352580295922 0.3738601823708207 0.2977264525442079 0.4194528875379939 0.2959220498015157 0.44680851063829785 0.2959220498015157 0.46504559270516715 0.3107181522915915 0.49772036474164133 0.3258751353302057 0.5106382978723404 0.3374233128834356 0.49772036474164133 0.33922771562612775 0.46580547112462006 0.3341753879465897 0.4430091185410334 0.3356189101407434 0.3768996960486322 0.3215445687477445 0.31762917933130697
8 0.506676290147961 0.364741641337386 0.5027066041140382 0.5562310030395137 0.5131721400216528 0.5585106382978723 0.5225550342836521 0.5630699088145896 0.5279682425117286 0.567629179331307 0.5369902562251895 0.567629179331307 0.5373511367737279 0.5493920972644377 0.5351858534824973 0.44224924012158057 0.5315770479971129 0.3351063829787234 0.5052327679538073 0.33586626139817627
9 0.5369902562251895 0.33358662613981765 0.534103211836882 0.41717325227963525 0.536629375676651 0.506079027355623 0.5395164200649585 0.5577507598784195 0.5553951642006496 0.5554711246200608 0.5611692529772645 0.5463525835866262 0.5611692529772645 0.5319148936170213 0.5597257307831108 0.5106382978723404 0.5528690003608806 0.32598784194528874 0.5398773006134969 0.324468085106383
10 0.564056297365572 0.30851063829787234 0.5553951642006496 0.4027355623100304 0.5593648502345724 0.5075987841945289 0.5611692529772645 0.5243161094224924 0.5665824612053411 0.540273556231003 0.574882713821725 0.5516717325227963 0.5846264886322627 0.5547112462006079 0.5932876217971851 0.5364741641337386 0.5943702634428004 0.5030395136778115 0.5929267412486467 0.4817629179331307 0.5896788163118007 0.4582066869300912 0.5770479971129556 0.30167173252279633
11 0.5972573078311079 0.32978723404255317 0.5918440996030314 0.4688449848024316 0.5936485023457235 0.4992401215805471 0.5968964272825694 0.5182370820668692 0.6015878744135691 0.5364741641337386 0.6124142908697221 0.5372340425531915 0.6181883796463371 0.5212765957446809 0.6185492601948755 0.5075987841945289 0.6178274990977987 0.47796352583586627 0.615662215806568 0.4521276595744681 0.6178274990977987 0.331306990881459
12 0.6210754240346446 0.3351063829787234 0.6149404547094912 0.44224924012158057 0.6120534103211837 0.47112462006079026 0.6124142908697221 0.49848024316109424 0.6163839769036449 0.5113981762917933 0.623962468422952 0.5189969604863222 0.6387585709130278 0.5281155015197568 0.6423673763984121 0.506838905775076 0.6416456153013352 0.4810030395136778 0.6365932876217972 0.4521276595744681 0.6351497654276435 0.32598784194528874
13 0.643089137495489 0.3290273556231003 0.6394803320101047 0.4376899696048632 0.6369541681703356 0.45592705167173253 0.6394803320101047 0.4749240121580547 0.6448935402381811 0.48632218844984804 0.6524720317574882 0.4992401215805471 0.6683507758931794 0.5030395136778115 0.6748466257668712 0.48556231003039513 0.6741248646697943 0.33206686930091184
14 0.6817033561891014 0.31382978723404253 0.6744857452183327 0.3655015197568389 0.6741248646697943 0.4072948328267477 0.6734031035727174 0.44072948328267475 0.6712378202814868 0.45592705167173253 0.6712378202814868 0.4642857142857143 0.6723204619271022 0.479483282674772 0.673042223024179 0.48632218844984804 0.6741248646697943 0.49240121580547114 0.6784554312522555 0.5030395136778115 0.686394803320101 0.506838905775076 0.6939732948394082 0.5037993920972644 0.7033561891014074 0.49620060790273557 0.7073258751353302 0.48632218844984804 0.7130999639119452 0.4696048632218845 0.7130999639119452 0.45972644376899696 0.7091302778780224 0.4316109422492401 0.7073258751353302 0.4072948328267477 0.7073258751353302 0.3768996960486322 0.7080476362324071 0.34498480243161095 0.7084085167809455 0.3123100303951368
15 0.7159870083002526 0.31534954407294835 0.7073258751353302 0.364741641337386 0.7073258751353302 0.40425531914893614 0.7091302778780224 0.42933130699088146 0.7120173222663299 0.44680851063829785 0.7123782028148683 0.45592705167173253 0.7109346806207145 0.47112462006079026 0.7145434861060989 0.4969604863221885 0.7224828581739444 0.5 0.7282569469505593 0.5007598784194529 0.7351136773727897 0.49620060790273557 0.743774810537712 0.4810030395136778 0.749548899314327 0.4627659574468085 0.752075063154096 0.446048632218845 0.7484662576687117 0.4209726443768997 0.741248646697943 0.3708206686930091 0.7390833634067123 0.34422492401215804 0.7361963190184049 0.3161094224924012
16 0.5088415734391917 0.5927051671732523 0.5084806928906532 0.6253799392097265 0.5099242150848069 0.7462006079027356 0.5337423312883436 0.743161094224924 0.5290508841573439 0.6268996960486323 0.5279682425117286 0.5889057750759878
17 0.5304944063514977 0.5805471124620061 0.5265247203175749 0.5881458966565349 0.528329123060267 0.6117021276595744 0.5272464814146518 0.6276595744680851 0.5315770479971129 0.6960486322188449 0.5413208228076507 0.8161094224924013 0.5651389390111873 0.797112462006079 0.5485384337784194 0.6231003039513677 0.5481775532298809 0.5911854103343465 0.5333814507398051 0.5775075987841946
18 0.5543125225550343 0.5653495440729484 0.5467340310357272 0.5987841945288754 0.5488993143269578 0.6268996960486323 0.5546734031035727 0.6899696048632219 0.5680259833994947 0.8199088145896657 0.5925658607001083 0.8054711246200608 0.5763262360158787 0.6268996960486323 0.5727174305304944 0.5987841945288754 0.5712739083363406 0.5790273556231003 0.5597257307831108 0.5615501519756839
19 0.5788523998556477 0.5623100303951368 0.5712739083363406 0.5881458966565349 0.5730783110790328 0.601823708206687 0.5788523998556477 0.6504559270516718 0.5961746661854926 0.8031914893617021 0.6225189462287982 0.7917933130699089 0.6109707686755684 0.6618541033434651 0.6033922771562613 0.5980243161094225 0.599783471670877 0.5653495440729484 0.588957055214724 0.5531914893617021 0.5828220858895705 0.5577507598784195
20 0.6102490075784915 0.547112462006079 0.6012269938650306 0.5759878419452887 0.6037531577047998 0.6071428571428571 0.6196319018404908 0.7051671732522796 0.6416456153013352 0.7545592705167173 0.6553590761457957 0.7469604863221885 0.634788884879105 0.6117021276595744 0.6319018404907976 0.574468085106383 0.6311800793937207 0.5554711246200608 0.6210754240346446 0.5478723404255319
22 0.6806207145434862 0.520516717325228 0.6676290147961025 0.5425531914893617 0.6669072536990256 0.5592705167173252 0.6712378202814868 0.5957446808510638 0.6791771923493324 0.6306990881458967 0.6928906531937928 0.6588145896656535 0.7047997112955612 0.6762917933130699 0.7127390833634067 0.6778115501519757 0.719595813785637 0.675531914893617 0.724648141465175 0.6572948328267477 0.7260916636593288 0.6398176291793313 0.7275351858534825 0.6200607902735562 0.7275351858534825 0.6003039513677811 0.7217610970768675 0.5775075987841946 0.7167087693973295 0.5585106382978723 0.7134608444604836 0.5319148936170213 0.7098520389750993 0.5151975683890577 0.7040779501984843 0.5045592705167173 0.6936124142908697 0.5075987841945289 0.6842295200288705 0.5189969604863222
23 0.7448574521833273 0.541033434650456 0.7383616023096355 0.5569908814589666 0.7325875135330205 0.5683890577507599 0.7311439913388669 0.5851063829787234 0.7311439913388669 0.5972644376899696 0.7297004691447131 0.6033434650455927 0.7271743053049441 0.6109422492401215 0.7268134247564056 0.6185410334346505 0.7264525442078672 0.6314589665653495 0.7275351858534825 0.6474164133738601 0.7369180801154818 0.6702127659574468 0.7426921688920968 0.6747720364741642 0.7564056297365572 0.6854103343465046 0.7614579574160952 0.6861702127659575 0.8004330566582462 0.689209726443769 0.8025983399494767 0.6474164133738601 0.7957416095272465 0.6033434650455927 0.7892457596535547 0.5805471124620061 0.7730061349693251 0.5645896656534954 0.7636232407073259 0.5562310030395137
24 0.5088415734391917 0.5896656534954408 0.5099242150848069 0.770516717325228 0.49079754601226994 0.7644376899696048 0.4904366654637315 0.6899696048632219 0.4864669794298087 0.6382978723404256 0.48430169613857815 0.5896656534954408
25 0.48357993504150126 0.5851063829787234 0.48682785997834715 0.6398176291793313 0.49079754601226994 0.6930091185410334 0.4915193071093468 0.7834346504559271 0.47816672681342476 0.7895136778115501 0.4669794298087333 0.6990881458966566 0.4648141465175027 0.6375379939209727 0.46192710212919524 0.6177811550151976 0.46192710212919524 0.601823708206687 0.46120534103211835 0.5843465045592705 0.4756405629736557 0.5820668693009119
26 0.45470949115842657 0.574468085106383 0.4630097437748105 0.5942249240121581 0.46337062432334897 0.6094224924012158 0.46337062432334897 0.6246200607902735 0.4662576687116564 0.6413373860182371 0.4698664741970408 0.7940729483282675 0.4637315048718874 0.831306990881459 0.44243955250811984 0.8267477203647416 0.4345001804402743 0.6747720364741642 0.4348610609888127 0.6261398176291794 0.4337784193431974 0.60790273556231 0.4352219415373511 0.5942249240121581 0.4381089859256586 0.5790273556231003 0.4428004330566582 0.5683890577507599 0.4489354023818116 0.5699088145896657
27 0.4265608083724287 0.5645896656534954 0.435943702634428 0.5896656534954408 0.43955250811981234 0.5987841945288754 0.4373872248285817 0.6124620060790273 0.4337784193431974 0.6185410334346505 0.4316131360519668 0.6671732522796353 0.4197040779501985 0.7925531914893617 0.39660772284373874 0.78419452887538 0.4077950198484302 0.6261398176291794 0.4070732587513533 0.6071428571428571 0.4056297365571996 0.5949848024316109 0.405990617105738 0.5843465045592705 0.40959942259112236 0.5775075987841946 0.4135691086250451 0.5721884498480243 0.4178996752075063 0.5691489361702128
28 0.4092385420425839 0.5630699088145896 0.40057740887766147 0.5615501519756839 0.39372067845543124 0.5585106382978723 0.3875857091302779 0.5592705167173252 0.38433778419343195 0.5615501519756839 0.38108985925658606 0.567629179331307 0.37892457596535545 0.5767477203647416 0.37784193431974017 0.5843465045592705 0.3767592926741249 0.6109422492401215 0.3753157704799711 0.6268996960486323 0.36160230963551065 0.7629179331306991 0.37784193431974017 0.7796352583586627 0.40671237820281486 0.6261398176291794 0.41140382533381453 0.6101823708206687 0.4132082280765067 0.5972644376899696 0.414290869722122 0.5835866261398176 0.414290869722122 0.5729483282674772 0.4135691086250451 0.5668693009118541
29 0.3738722482858174 0.5463525835866262 0.3619631901840491 0.5455927051671733 0.3551064597618188 0.5455927051671733 0.3471670876939733 0.547112462006079 0.33850595452905086 0.5486322188449848 0.33525802959220496 0.5501519756838906 0.33273186575243596 0.5577507598784195 0.3323709852038975 0.5691489361702128 0.3320101046553591 0.5835866261398176 0.3312883435582822 0.601823708206687 0.3247924936845904 0.628419452887538 0.3085528690003609 0.7051671732522796 0.3551064597618188 0.7598784194528876 0.37315048718874055 0.6702127659574468 0.37784193431974017 0.6041033434650456 0.3846986647419704 0.5881458966565349 0.386863948033201 0.5767477203647416 0.39047275351858535 0.5623100303951368 0.3908336340671238 0.5531914893617021 0.38975099242150846 0.5463525835866262 0.38505954529050884 0.541033434650456 0.38108985925658606 0.5417933130699089
30 0.3067484662576687 0.4939209726443769 0.2959220498015157 0.5045592705167173 0.29231324431613137 0.5212765957446809 0.2890653193792855 0.5448328267477204 0.2829303500541321 0.5752279635258358 0.2634428004330567 0.6534954407294833 0.2713821725009022 0.6808510638297872 0.2890653193792855 0.6930091185410334 0.29880909418982315 0.6869300911854104 0.3139660772284374 0.6694528875379939 0.32190544929628295 0.6443768996960486 0.32731865752435946 0.6063829787234043 0.33273186575243596 0.5927051671732523 0.3356189101407434 0.5881458966565349 0.3417538794658968 0.5721884498480243 0.34464092385420425 0.560790273556231 0.34680620714543486 0.5486322188449848 0.34536268495128114 0.5349544072948328 0.337784193431974 0.5288753799392097 0.32984482136412846 0.5189969604863222 0.32190544929628295 0.5098784194528876 0.3175748827138217 0.5030395136778115
31 0.27174305304944063 0.49772036474164133 0.2580295922049802 0.4870820668693009 0.24648141465175027 0.4848024316109423 0.23745940093828943 0.4886018237082067 0.23168531216167448 0.5 0.22952002887044387 0.5212765957446809 0.228798267773367 0.5516717325227963 0.22627210393359798 0.6003039513677811 0.22591122338505953 0.6322188449848024 0.22555034283652112 0.6534954407294833 0.24828581739444244 0.6838905775075987 0.27174305304944063 0.6367781155015197 0.27823890292313247 0.5866261398176292 0.2850956333453627 0.5630699088145896 0.2883435582822086 0.547112462006079 0.29086972212197765 0.5303951367781155 0.29086972212197765 0.5167173252279635 0.2890653193792855 0.5 0.283652111151209 0.49544072948328266 0.2764345001804403 0.4939209726443769
21 0.6553590761457957 0.5463525835866262 0.6654637315048719 0.601823708206687 0.6777336701551786 0.6451367781155015 0.6849512811259473 0.6595744680851063 0.686394803320101 0.6709726443768997 0.6719595813785637 0.6800911854103343 0.6596896427282569 0.6717325227963525 0.6517502706604114 0.6641337386018237 0.6416456153013352 0.6436170212765957 0.6365932876217972 0.6200607902735562 0.6326236015878745 0.6033434650455927 0.632262721039336 0.5927051671732523 0.632262721039336 0.5714285714285714 0.6337062432334897 0.5623100303951368 0.6383976903644893 0.5562310030395137 0.6445326596896427 0.5516717325227963