0 0.49246231155778897 0.5022796352583586 0.49030868628858576 0.5425531914893617 0.5114860014357502 0.5547112462006079 0.5254845656855707 0.5524316109422492 0.5308686288585787 0.5379939209726444 0.5262024407753051 0.44452887537993924 0.5283560660445082 0.29711246200607905 0.5348169418521177 0.25 0.5290739411342427 0.2188449848024316 0.5186647523330941 0.21200607902735563 0.5046661880832735 0.23708206686930092 0.49784637473079685 0.29711246200607905
1 0.46697774587221824 0.46656534954407297 0.46661880832735103 0.5129179331306991 0.4784637473079684 0.5524316109422492 0.49030868628858576 0.540273556231003 0.49605168700646085 0.48404255319148937 0.4953338119167265 0.378419452887538 0.4953338119167265 0.30243161094224924 0.4949748743718593 0.2591185410334346 0.4913854989231874 0.22492401215805471 0.4791816223977028 0.23860182370820668 0.47092605886575734 0.27811550151975684
2 0.44041636755204594 0.46808510638297873 0.4440057430007179 0.5227963525835866 0.45082555635319455 0.5463525835866262 0.4633883704235463 0.5425531914893617 0.47164393395549176 0.5167173252279635 0.4781048097631012 0.4627659574468085 0.4705671213208902 0.3768996960486322 0.4737975592246949 0.25455927051671734 0.4734386216798277 0.20820668693009117 0.45656855707106964 0.1945288753799392 0.44615936826992103 0.2188449848024316
3 0.4160086145010768 0.4908814589665654 0.4160086145010768 0.5288753799392097 0.42318736539842067 0.5486322188449848 0.44508255563531945 0.5326747720364742 0.4529791816223977 0.5326747720364742 0.457286432160804 0.5083586626139818 0.45369705671213206 0.44072948328267475 0.45549174443646806 0.378419452887538 0.4501076812634602 0.3290273556231003 0.4432878679109835 0.2765957446808511 0.4328786791098349 0.2689969604863222 0.41385498923187364 0.3009118541033435 0.4149318018664752 0.3966565349544073
4 0.38765254845656855 0.48024316109422494 0.38837042354630297 0.5319148936170213 0.4005743000717875 0.5463525835866262 0.41421392677674085 0.53419452887538 0.4264178033022254 0.5326747720364742 0.4335965541995693 0.5243161094224924 0.4328786791098349 0.4749240121580547 0.43000717875089733 0.4004559270516717 0.4271356783919598 0.3465045592705167 0.42318736539842067 0.2864741641337386 0.41564967695620963 0.2743161094224924 0.3969849246231156 0.2887537993920973 0.38837042354630297 0.3662613981762918
5 0.34816941852117733 0.45896656534954405 0.34816941852117733 0.5083586626139818 0.3621679827709978 0.5349544072948328 0.375448671931084 0.540273556231003 0.3905240488155061 0.540273556231003 0.3962670495333812 0.5189969604863222 0.3987796123474515 0.49240121580547114 0.3987796123474515 0.4430091185410334 0.3987796123474515 0.4027355623100304 0.40272792534099067 0.3609422492401216 0.3987796123474515 0.3161094224924012 0.3905240488155061 0.29103343465045595 0.3707824838478105 0.2864741641337386 0.3546302943287868 0.3100303951367781 0.34960516870064606 0.35638297872340424 0.34709260588657576 0.43465045592705165
6 0.30545585068198133 0.44224924012158057 0.29863603732950467 0.4688449848024316 0.29971284996410624 0.4969604863221885 0.31550610193826273 0.5250759878419453 0.3377602297200287 0.5319148936170213 0.3506819813352477 0.5159574468085106 0.35570710696338836 0.46200607902735563 0.35714285714285715 0.41413373860182373 0.35714285714285715 0.34422492401215804 0.3506819813352477 0.2986322188449848 0.34709260588657576 0.27279635258358664 0.33488872936109115 0.2591185410334346 0.3165829145728643 0.2629179331306991 0.3108399138549892 0.30623100303951367 0.3108399138549892 0.3844984802431611
8 0.5262024407753051 0.4870820668693009 0.5290739411342427 0.5387537993920972 0.5358937544867193 0.5539513677811551 0.5491744436468055 0.5509118541033434 0.5595836324479541 0.5425531914893617 0.5606604450825556 0.5326747720364742 0.5574300071787509 0.45592705167173253 0.5563531945441493 0.3822188449848024 0.5567121320890165 0.34422492401215804 0.5595836324479541 0.30015197568389057 0.5592246949030869 0.25835866261398177 0.5538406317300789 0.22796352583586627 0.5412778176597272 0.22036474164133737 0.5337401292175161 0.25227963525835867 0.5262024407753051 0.44224924012158057 0.5254845656855707 0.4688449848024316
9 0.5556353194544149 0.4787234042553192 0.5603015075376885 0.5463525835866262 0.5757358219669777 0.5440729483282675 0.5782483847810481 0.5091185410334347 0.5757358219669777 0.3951367781155015 0.5757358219669777 0.33282674772036475 0.5793251974156497 0.27203647416413373 0.5800430725053841 0.24848024316109424 0.5782483847810481 0.2127659574468085 0.5681981335247667 0.20212765957446807 0.5603015075376885 0.22036474164133737 0.5549174443646806 0.2887537993920973 0.5531227566403446 0.40805471124620063
10 0.5710696338837042 0.48404255319148937 0.5710696338837042 0.5189969604863222 0.5850681981335247 0.547112462006079 0.5972720746590093 0.547112462006079 0.6001435750179469 0.5189969604863222 0.5979899497487438 0.446048632218845 0.5936826992103375 0.39893617021276595 0.5936826992103375 0.3404255319148936 0.5994256999282125 0.3130699088145897 0.6008614501076812 0.2629179331306991 0.6048097631012204 0.22112462006079028 0.5944005743000718 0.19680851063829788 0.5839913854989232 0.21504559270516718 0.5764536970567121 0.2560790273556231 0.574300071787509 0.32066869300911854
11 0.5926058865757359 0.4688449848024316 0.5922469490308686 0.5144376899696048 0.6055276381909548 0.5448328267477204 0.6216798277099784 0.5379939209726444 0.6220387652548457 0.4969604863221885 0.617013639626705 0.4430091185410334 0.613424264178033 0.38069908814589665 0.613424264178033 0.34802431610942247 0.613424264178033 0.30851063829787234 0.6141421392677674 0.26443768996960487 0.6101938262742282 0.22416413373860183 0.6048097631012204 0.21808510638297873 0.5936826992103375 0.22416413373860183 0.5908111988513999 0.26595744680851063
12 0.6141421392677674 0.4521276595744681 0.6234745154343144 0.5220364741641338 0.6378320172290022 0.520516717325228 0.6475233309404164 0.5030395136778115 0.6500358937544867 0.46656534954407297 0.6249102656137832 0.3130699088145897 0.6162957645369705 0.29711246200607905 0.6008614501076812 0.34194528875379937 0.6048097631012204 0.3943768996960486
14 0.6564967695620962 0.43009118541033436 0.6568557071069634 0.4582066869300912 0.6669059583632448 0.4726443768996961 0.6823402727925341 0.47416413373860183 0.6938262742282842 0.4582066869300912 0.6992103374012921 0.43237082066869303 0.6984924623115578 0.3731003039513678 0.6992103374012921 0.3183890577507599 0.6999282124910265 0.2811550151975684 0.6952620244077531 0.22644376899696048 0.6898779612347452 0.19680851063829788 0.6697774587221823 0.19832826747720364 0.657932519741565 0.24012158054711247 0.6564967695620962 0.30623100303951367
28 0.39519023689877963 0.5661094224924013 0.3930366116295764 0.6139817629179332 0.38370423546302945 0.6838905775075987 0.3808327351040919 0.743920972644377 0.39231873653984206 0.7826747720364742 0.40524048815506103 0.7788753799392097 0.41708542713567837 0.7082066869300911 0.43180186647523333 0.6101823708206687 0.43646805455850685 0.5759878419452887 0.43072505384063176 0.5547112462006079 0.4109834888729361 0.5486322188449848
27 0.42749461593682697 0.5539513677811551 0.4167264895908112 0.6086626139817629 0.4167264895908112 0.7386018237082067 0.41959798994974873 0.7940729483282675 0.42893036611629576 0.8009118541033434 0.43933955491744436 0.7743161094224924 0.45082555635319455 0.6770516717325228 0.45656855707106964 0.6200607902735562 0.45585068198133527 0.5782674772036475 0.4472361809045226 0.5569908814589666
26 0.4486719310839914 0.5782674772036475 0.4379038047379756 0.6405775075987842 0.4411342426417803 0.7621580547112462 0.4472361809045226 0.8229483282674772 0.4529791816223977 0.8381458966565349 0.46984924623115576 0.824468085106383 0.4752333094041637 0.7667173252279635 0.4745154343144293 0.6550151975683891 0.4676956209619526 0.5782674772036475 0.4619526202440775 0.5569908814589666 0.4529791816223977 0.5585106382978723
25 0.47702799712849964 0.5509118541033434 0.4680545585068198 0.5463525835866262 0.4633883704235463 0.5501519756838906 0.4623115577889447 0.5843465045592705 0.4694903086862886 0.6519756838905775 0.4723618090452261 0.7401215805471124 0.48025843503230436 0.7849544072948328 0.49353912419239054 0.7864741641337386 0.49605168700646085 0.7401215805471124 0.4913854989231874 0.6231003039513677 0.4895908111988514 0.5721884498480243 0.48600143575017946 0.5562310030395137
24 0.4971284996410625 0.5585106382978723 0.4867193108399139 0.5562310030395137 0.4867193108399139 0.5987841945288754 0.49246231155778897 0.7082066869300911 0.4942569992821249 0.7644376899696048 0.5025125628140703 0.8001519756838906 0.5104091888011486 0.7948328267477204 0.5129217516152189 0.7408814589665653 0.5104091888011486 0.6740121580547113 0.5104091888011486 0.6109422492401215 0.509332376166547 0.574468085106383
16 0.5104091888011486 0.5729483282674772 0.511127063890883 0.6641337386018237 0.5161521895190236 0.7598784194528876 0.5226130653266332 0.7978723404255319 0.5337401292175161 0.7887537993920972 0.5312275664034458 0.668693009118541 0.5308686288585787 0.5790273556231003 0.5294328786791098 0.560790273556231
17 0.5323043790380474 0.560790273556231 0.5312275664034458 0.6542553191489362 0.5301507537688442 0.7446808510638298 0.5337401292175161 0.7963525835866262 0.5455850681981336 0.8024316109422492 0.5491744436468055 0.7583586626139818 0.5527638190954773 0.648936170212766 0.5509691313711415 0.5965045592705167 0.5516870064608758 0.5683890577507599 0.5441493180186647 0.5547112462006079
18 0.5567121320890165 0.5524316109422492 0.5498923187365399 0.5645896656534954 0.5473797559224695 0.5980243161094225 0.5516870064608758 0.6679331306990881 0.5545585068198133 0.7583586626139818 0.5549174443646806 0.8009118541033434 0.5620961952620244 0.8206686930091185 0.5757358219669777 0.8123100303951368 0.5786073223259153 0.7142857142857143 0.5753768844221105 0.6268996960486323 0.5710696338837042 0.574468085106383
19 0.5775305096913137 0.5562310030395137 0.5710696338837042 0.5683890577507599 0.5696338837042355 0.5980243161094225 0.5757358219669777 0.6648936170212766 0.5775305096913137 0.770516717325228 0.5804020100502513 0.791033434650456 0.5926058865757359 0.7925531914893617 0.6001435750179469 0.7507598784194529 0.5983488872936109 0.6588145896656535 0.5944005743000718 0.5729483282674772 0.5847092605886576 0.5524316109422492
22 0.6342426417803302 0.5159574468085106 0.6267049533381192 0.5326747720364742 0.6349605168700646 0.5820668693009119 0.6755204594400575 0.6983282674772037 0.6974156496769562 0.7021276595744681 0.7117731514716439 0.6679331306990881 0.7124910265613783 0.6322188449848024 0.6905958363244795 0.574468085106383 0.678391959798995 0.53419452887538 0.6708542713567839 0.5030395136778115 0.6643933955491744 0.48404255319148937 0.6539842067480258 0.4870820668693009 0.6446518305814788 0.5182370820668692
23 0.673007896625987 0.47112462006079026 0.6683417085427136 0.4886018237082067 0.673007896625987 0.5250759878419453 0.6934673366834171 0.5721884498480243 0.7067480258435033 0.6162613981762918 0.7304379038047379 0.6223404255319149 0.7386934673366834 0.574468085106383 0.7286432160804021 0.5182370820668692 0.7049533381191673 0.44832826747720367 0.6938262742282842 0.44832826747720367 0.6862885857860732 0.46048632218844987