16 0.5037947235272858 0.46656534954407297 0.5048789302493676 0.6831306990881459 0.5193350198771233 0.675531914893617 0.5225876400433682 0.5197568389057751 0.5222262378026744 0.4696048632218845
24 0.5027105168052042 0.4673252279635258 0.48138778460426457 0.4726443768996961 0.48644741597397906 0.5121580547112462 0.48970003614022406 0.6952887537993921 0.5059631369714492 0.6937689969604863 0.5037947235272858 0.5144376899696048
17 0.5222262378026744 0.46808510638297873 0.5182508131550415 0.6945288753799392 0.5388507408745934 0.6937689969604863 0.5366823274304301 0.5509118541033434 0.5399349475966752 0.4612462006079027
18 0.5388507408745934 0.46048632218844987 0.5355981207083484 0.5531914893617021 0.5381279363932057 0.7127659574468085 0.5634260932417781 0.708966565349544 0.563787495482472 0.5623100303951368 0.5587278641127575 0.45896656534954405
19 0.5587278641127575 0.46656534954407297 0.5590892663534514 0.49620060790273557 0.5580050596313697 0.5053191489361702 0.5590892663534514 0.526595744680851 0.5623418865196964 0.5372340425531915 0.5630646910010842 0.5501519756838906 0.5645102999638598 0.709726443768997 0.5941452837007589 0.7074468085106383 0.587278641127575 0.5417933130699089 0.5887242500903506 0.520516717325228 0.5890856523310445 0.5113981762917933 0.5865558366461872 0.4939209726443769 0.5851102276834116 0.4635258358662614
20 0.5894470545717383 0.4817629179331307 0.5804119985543911 0.49620060790273557 0.5818576075171666 0.513677811550152 0.5865558366461872 0.5417933130699089 0.5912540657752078 0.7059270516717325 0.6216118539934947 0.7036474164133738 0.6132996024575352 0.540273556231003 0.6143838091796169 0.5113981762917933 0.6143838091796169 0.48936170212765956 0.610769786772678 0.47112462006079026 0.5981207083483917 0.4688449848024316
21 0.6114925912540657 0.4749240121580547 0.607155764365739 0.4878419452887538 0.6060715576436574 0.5045592705167173 0.6067943621250452 0.520516717325228 0.6104083845319841 0.5379939209726444 0.6136610046982292 0.5478723404255319 0.6292013010480665 0.7104863221884499 0.6848572461149259 0.6914893617021277 0.6631731116732924 0.526595744680851 0.664618720636068 0.5167173252279635 0.664618720636068 0.5053191489361702 0.6624503071919046 0.49164133738601823 0.6595590892663534 0.47796352583586627
22 0.6667871340802313 0.4756838905775076 0.661004698229129 0.4870820668693009 0.6581134803035779 0.49620060790273557 0.6602818937477413 0.5212765957446809 0.6635345139139862 0.5258358662613982 0.6866642573183954 0.6922492401215805 0.7325623418865197 0.6641337386018237 0.7166606432959884 0.5144376899696048 0.7116010119262739 0.45972644376899696
23 0.7155764365739068 0.46200607902735563 0.714492229851825 0.4886018237082067 0.7332851463679074 0.6610942249240122 0.7896638959161547 0.6360182370820668 0.7629201301048066 0.45592705167173253
25 0.4835561980484279 0.47720364741641336 0.46765449945789667 0.47796352583586627 0.46837730393928445 0.513677811550152 0.4701843151427539 0.5326747720364742 0.4705457173834478 0.5653495440729484 0.46982291290206 0.5790273556231003 0.46765449945789667 0.7074468085106383 0.49078424286230576 0.7013677811550152 0.4868088182146729 0.5121580547112462
26 0.4452475605348753 0.49772036474164133 0.44669316949765087 0.479483282674772 0.46801590169859053 0.47720364741641336 0.4687387061799783 0.5129179331306991 0.4705457173834478 0.5326747720364742 0.46548608601373326 0.709726443768997 0.4416335381279364 0.7059270516717325 0.4401879291651608 0.6056231003039514 0.4427177448500181 0.560790273556231 0.44741597397903865 0.5281155015197568 0.44741597397903865 0.513677811550152
27 0.41994940368630285 0.5015197568389058 0.43043006866642575 0.4870820668693009 0.43801951572099745 0.49164133738601823 0.44380195157209973 0.5 0.44922298518250814 0.520516717325228 0.44777737621973257 0.5395136778115501 0.44416335381279365 0.5585106382978723 0.4427177448500181 0.5668693009118541 0.4416335381279364 0.7135258358662614 0.4163353812793639 0.7150455927051672 0.41922659920491506 0.5509118541033434 0.41669678352005785 0.5319148936170213 0.41741958800144563 0.5121580547112462
28 0.3903144199494037 0.5113981762917933 0.39645825804119983 0.4946808510638298 0.4007950849295266 0.49012158054711247 0.4134441633538128 0.49240121580547114 0.4224792193711601 0.5022796352583586 0.42609324177809904 0.5098784194528876 0.4264546440187929 0.5296352583586627 0.4221178171304662 0.5547112462006079 0.4188651969642212 0.5683890577507599 0.4058547162992411 0.7507598784194529 0.379110950487893 0.7446808510638298 0.3888688109866281 0.5501519756838906 0.389230213227322 0.5258358662613982
29 0.34513913986266714 0.4908814589665654 0.39645825804119983 0.48404255319148937 0.3986266714853632 0.5045592705167173 0.3982652692446693 0.5281155015197568 0.39573545355981204 0.540273556231003 0.3935670401156487 0.5539513677811551 0.38814600650524034 0.5691489361702128 0.3783881460065052 0.7325227963525835 0.3194795807734008 0.6960486322188449 0.342247921937116 0.5486322188449848 0.34188651969642214 0.5379939209726444 0.34007950849295265 0.5281155015197568 0.34007950849295265 0.5174772036474165 0.34080231297434044 0.5098784194528876 0.34188651969642214 0.5045592705167173 0.3429707264185038 0.49848024316109424
30 0.29382002168413446 0.48024316109422494 0.268521864835562 0.6724924012158054 0.3147813516443802 0.7074468085106383 0.3429707264185038 0.5395136778115501 0.34513913986266714 0.5296352583586627 0.34622334658474885 0.5182370820668692 0.34622334658474885 0.5053191489361702 0.34441633538127936 0.4946808510638298 0.3436935308998916 0.4870820668693009
31 0.2949042284062161 0.4817629179331307 0.2612938200216841 0.6778115501519757 0.20780628839898807 0.6268996960486323 0.24213950126490785 0.4513677811550152 0.2949042284062161 0.4870820668693009
0 0.49114564510299963 0.22188449848024316 0.5009035056017347 0.44832826747720367 0.4647632815323455 0.44984802431610943 0.46295627032887604 0.43009118541033436 0.46295627032887604 0.40577507598784196 0.4647632815323455 0.3898176291793313 0.46548608601373326 0.3829787234042553 0.46223346584748826 0.196048632218845 0.4886158294181424 0.19224924012158054
1 0.46151066136610047 0.2074468085106383 0.4658474882544272 0.38677811550151975 0.46548608601373326 0.40425531914893614 0.4669316949765089 0.41033434650455924 0.4669316949765089 0.42401215805471126 0.4658474882544272 0.4316109422492401 0.4658474882544272 0.43844984802431614 0.4499457896638959 0.44376899696048633 0.439465124683773 0.4399696048632219 0.43404409107336467 0.42857142857142855 0.43801951572099745 0.4012158054711246 0.43729671123960967 0.3556231003039514 0.43476689555475245 0.20288753799392098
2 0.41669678352005785 0.1899696048632219 0.43729671123960967 0.3639817629179331 0.43910372244307916 0.3951367781155015 0.43729671123960967 0.418693009118541 0.4351282977954463 0.44452887537993924 0.4351282977954463 0.4513677811550152 0.42537043729671126 0.45440729483282677 0.41669678352005785 0.45592705167173253 0.41091434766895557 0.4506079027355623 0.40802312974340443 0.4376899696048632 0.4047705095771594 0.42629179331306993 0.4044091073364655 0.41033434650455924 0.40549331405854716 0.4012158054711246 0.4058547162992411 0.38069908814589665 0.4047705095771594 0.3601823708206687 0.4015178894109144 0.33282674772036475 0.39754246476328153 0.29027355623100304 0.3928442356342609 0.24924012158054712 0.3903144199494037 0.19984802431610943
4 0.3671846765449946 0.1945288753799392 0.3773039392844236 0.35714285714285715 0.3798337549692808 0.37537993920972645 0.3816407661727503 0.3966565349544073 0.385977593061077 0.4209726443768997 0.38670039754246477 0.4338905775075988 0.3816407661727503 0.44680851063829785 0.37368991687748465 0.4635258358662614 0.3577882182869534 0.45440729483282677 0.34550054210336106 0.439209726443769 0.34550054210336106 0.41185410334346506 0.34586194434405493 0.3829787234042553 0.3465847488254427 0.3548632218844985 0.3415251174557282 0.28191489361702127 0.3397181062522588 0.23252279635258358 0.3379110950487893 0.20972644376899696
5 0.3310444524756053 0.20896656534954408 0.3465847488254427 0.3655015197568389 0.3473075533068305 0.4065349544072948 0.3483917600289122 0.4430091185410334 0.3473075533068305 0.45972644376899696 0.31080592699674736 0.46200607902735563 0.30285507770148173 0.4399696048632219 0.30321647994217565 0.41641337386018235 0.2956270328876039 0.21656534954407294
6 0.2771955186122154 0.22492401215805471 0.30249367546078787 0.41033434650455924 0.30140946873870617 0.45288753799392095 0.28876039031441997 0.4627659574468085 0.27394289844597036 0.45972644376899696 0.2605710155402963 0.4490881458966565 0.2587640043368269 0.42629179331306993 0.25912540657752076 0.40805471124620063 0.2587640043368269 0.3791793313069909 0.2490061438380918 0.23100303951367782
7 0.23888688109866282 0.23480243161094225 0.2587640043368269 0.3761398176291793 0.2605710155402963 0.4513677811550152 0.24105529454282618 0.4506079027355623 0.21792555113841705 0.4316109422492401 0.2161185399349476 0.2439209726443769
8 0.49114564510299963 0.19300911854103345 0.49981929887965304 0.446048632218845 0.5225876400433682 0.44756838905775076 0.5330683050234911 0.43617021276595747 0.5355981207083484 0.4247720364741641 0.5345139139862667 0.4012158054711246 0.533429707264185 0.38677811550151975 0.53017708709794 0.3738601823708207 0.5283700758944705 0.35638297872340424 0.5222262378026744 0.196048632218845
9 0.5222262378026744 0.19072948328267478 0.5290928803758583 0.3890577507598784 0.5298156848572461 0.4308510638297872 0.5323455005421034 0.439209726443769 0.547162992410553 0.44148936170212766 0.5547524394651246 0.4369300911854103 0.557282255149982 0.4217325227963526 0.5590892663534514 0.40577507598784196 0.5616190820383087 0.3731003039513678 0.5616190820383087 0.3548632218844985 0.5576436573906758 0.32066869300911854 0.5533068305023491 0.2621580547112462 0.5525840260209613 0.19756838905775076 0.5251174557282255 0.19072948328267478
10 0.5652331044452475 0.18617021276595744 0.5561980484279002 0.3343465045592705 0.5543910372244308 0.3677811550151976 0.5518612215395735 0.3898176291793313 0.5540296349837369 0.4004559270516717 0.5561980484279002 0.4148936170212766 0.5583664618720636 0.42629179331306993 0.5605348753162269 0.44148936170212766 0.5616190820383087 0.44756838905775076 0.5702927358149621 0.44984802431610943 0.5811348030357788 0.4506079027355623 0.5847488254427178 0.4338905775075988 0.5869172388868811 0.41641337386018235 0.5854716299241055 0.3860182370820669 0.5840260209613299 0.35030395136778114 0.583664618720636 0.30775075987841943 0.5847488254427178 0.2651975683890577 0.5847488254427178 0.22948328267477203 0.5869172388868811 0.19984802431610943 0.587278641127575 0.18465045592705168
11 0.5934224792193712 0.18617021276595744 0.5833032164799422 0.3427051671732523 0.5786049873509216 0.3617021276595745 0.5753523671846765 0.3791793313069909 0.5749909649439826 0.39361702127659576 0.5775207806288399 0.40501519756838905 0.5800505963136972 0.418693009118541 0.5894470545717383 0.42857142857142855 0.5963136971449223 0.42857142857142855 0.6013733285146368 0.4217325227963526 0.6067943621250452 0.4133738601823708 0.6086013733285146 0.40425531914893614 0.6104083845319841 0.3898176291793313 0.6122153957354536 0.3700607902735562 0.6125767979761475 0.3541033434650456 0.6136610046982292 0.33814589665653494 0.6151066136610047 0.31155015197568386 0.6165522226237803 0.2826747720364742 0.6183592338272498 0.2439209726443769 0.6179978315865559 0.21048632218844984 0.6176364293458619 0.1899696048632219
12 0.6259486808818214 0.2066869300911854 0.6100469822912902 0.371580547112462 0.6064329598843513 0.3913373860182371 0.6064329598843513 0.4148936170212766 0.6082399710878208 0.4308510638297872 0.6111311890133719 0.4316109422492401 0.6165522226237803 0.43617021276595747 0.6237802674376581 0.44072948328267475 0.6335381279363932 0.43541033434650456 0.637513552584026 0.42629179331306993 0.6400433682688833 0.41413373860182373 0.6425731839537405 0.39361702127659576 0.6436573906758222 0.3731003039513678 0.6451029996385977 0.35106382978723405 0.6472714130827611 0.3161094224924012 0.6487170220455367 0.2811550151975684 0.6501626310083123 0.25835866261398177 0.6505240332490061 0.23328267477203649 0.6505240332490061 0.22264437689969604 0.6512468377303939 0.2013677811550152
13 0.6566678713408023 0.182370820668693 0.6440187929165161 0.33814589665653494 0.6436573906758222 0.3609422492401216 0.6436573906758222 0.38753799392097266 0.6436573906758222 0.4065349544072948 0.6436573906758222 0.42325227963525835 0.64438019515721 0.43617021276595747 0.6498012287676184 0.44376899696048633 0.6570292735814962 0.4430091185410334 0.6696783520057824 0.4452887537993921 0.6790748102638237 0.44072948328267475 0.688109866281171 0.41185410334346506 0.6913624864474159 0.38145896656534956 0.6938923021322733 0.189209726443769
14 0.7076255872786411 0.1884498480243161 0.6884712685218648 0.39209726443769 0.6873870617997832 0.43237082066869303 0.7090711962414167 0.44148936170212766 0.7336465486086013 0.42629179331306993 0.7376219732562342 0.3958966565349544 0.7376219732562342 0.3411854103343465 0.7549692808095411 0.22340425531914893
15 0.7585833032164799 0.22796352583586627 0.737983375496928 0.3548632218844985 0.7358149620527648 0.40197568389057753 0.7340079508492953 0.4278115501519757 0.76508854354897 0.4376899696048632 0.7723165883628479 0.418693009118541 0.7806288398988074 0.23328267477203649