0 0.48938391924817265 0.47112462006079026 0.48555516881308736 0.49620060790273557 0.48242255482074486 0.6231003039513677 0.48242255482074486 0.6588145896656535 0.48172641837800206 0.682370820668693 0.5029585798816568 0.6907294832826748 0.5134006265227985 0.6717325227963525 0.508527671423599 0.6253799392097265 0.5067873303167421 0.5577507598784195 0.5078315349808562 0.49848024316109424 0.5057431256526279 0.4756838905775076
1 0.46049425687434736 0.4627659574468085 0.4545770971110338 0.4946808510638298 0.44865993734772014 0.547112462006079 0.447615732683606 0.6124620060790273 0.447615732683606 0.6656534954407295 0.4594500522102332 0.6740121580547113 0.47859380438565957 0.6656534954407295 0.4796380090497738 0.6398176291793313 0.47859380438565957 0.5911854103343465 0.47859380438565957 0.5364741641337386 0.47859380438565957 0.49620060790273557 0.4796380090497738 0.4627659574468085 0.47372084928646013 0.4521276595744681
2 0.410024364775496 0.4521276595744681 0.4072398190045249 0.47720364741641336 0.4121127741037243 0.5220364741641338 0.41698572920292376 0.574468085106383 0.4187260703097807 0.6086626139817629 0.42359902540898015 0.6610942249240122 0.43125652627915073 0.6907294832826748 0.4437869822485207 0.6800911854103343 0.4507483466759485 0.6572948328267477 0.45248868778280543 0.6208206686930091 0.4507483466759485 0.5623100303951368 0.4399582318134354 0.49848024316109424 0.43612948137835017 0.4582066869300912
3 0.3898364079359554 0.4734042553191489 0.3887922032718413 0.5303951367781155 0.3887922032718413 0.5790273556231003 0.38670379394361293 0.6314589665653495 0.38670379394361293 0.6610942249240122 0.39644970414201186 0.6907294832826748 0.40619561434041074 0.6930091185410334 0.41768186564566656 0.682370820668693 0.42081447963800905 0.6504559270516718 0.4159415245388096 0.587386018237082 0.4128089105464671 0.541033434650456 0.4072398190045249 0.49620060790273557 0.40515140967629654 0.4673252279635258
4 0.36268708666898714 0.4946808510638298 0.3654716324399582 0.581306990881459 0.3665158371040724 0.6041033434650456 0.3665158371040724 0.6527355623100304 0.3665158371040724 0.6930091185410334 0.37417333797424296 0.7013677811550152 0.3898364079359554 0.6907294832826748 0.39262095370692657 0.6610942249240122 0.3908806126000696 0.6147416413373861 0.38774799860772713 0.5600303951367781 0.38670379394361293 0.5053191489361702 0.3860076575008702 0.46048632218844987 0.35885833623390184 0.4734042553191489
5 0.3202227636616777 0.4946808510638298 0.31917855899756353 0.5197568389057751 0.31917855899756353 0.5554711246200608 0.31813435433344933 0.5896656534954408 0.31813435433344933 0.6398176291793313 0.31813435433344933 0.6633738601823708 0.32788026453184826 0.6990881458966566 0.3424991298294466 0.7074468085106383 0.3539853811347024 0.7074468085106383 0.3647754959972154 0.6968085106382979 0.36268708666898714 0.6588145896656535 0.3578141315697877 0.6208206686930091 0.35607379046293075 0.5957446808510638 0.35502958579881655 0.5243161094224924 0.35502958579881655 0.4946808510638298 0.3501566306996171 0.4756838905775076 0.32996867386007656 0.4817629179331307
6 0.28646014618865295 0.49620060790273557 0.28715628263139575 0.5220364741641338 0.28715628263139575 0.5554711246200608 0.28437173686042466 0.5828267477203647 0.2767142359902541 0.6337386018237082 0.2767142359902541 0.6504559270516718 0.27567003132613993 0.6717325227963525 0.2854159415245388 0.7013677811550152 0.2958579881656805 0.7142857142857143 0.3076923076923077 0.7180851063829787 0.3202227636616777 0.6968085106382979 0.3202227636616777 0.6717325227963525 0.31813435433344933 0.6124620060790273 0.3170901496693352 0.5493920972644377 0.31534980856247824 0.5113981762917933 0.31534980856247824 0.47720364741641336
7 0.2554820744865994 0.506838905775076 0.25339366515837103 0.5258358662613982 0.25060911938739994 0.574468085106383 0.2457361642882005 0.5896656534954408 0.23807866341802994 0.6231003039513677 0.23703445875391577 0.6671732522796353 0.2387747998607727 0.6952887537993921 0.24678036895231464 0.71580547112462 0.2572224155934563 0.71580547112462 0.2669683257918552 0.6907294832826748 0.27462582666202573 0.6443768996960486 0.28715628263139575 0.5767477203647416 0.29411764705882354 0.5151975683890577 0.29028889662373825 0.49848024316109424 0.2707970762269405 0.48632218844984804 0.25826662025757047 0.479483282674772
8 0.5203619909502263 0.47112462006079026 0.5203619909502263 0.5326747720364742 0.5221023320570832 0.5706686930091185 0.5203619909502263 0.6208206686930091 0.5144448311869126 0.6504559270516718 0.5172293769578837 0.6778115501519757 0.530804037591368 0.6884498480243161 0.5454229028889662 0.6884498480243161 0.5513400626522799 0.6588145896656535 0.5464671075530804 0.6147416413373861 0.5464671075530804 0.5683890577507599 0.5405499477897668 0.5053191489361702 0.5388096066829099 0.4582066869300912
9 0.5530804037591368 0.4817629179331307 0.5513400626522799 0.541033434650456 0.5482074486599373 0.5851063829787234 0.5464671075530804 0.6253799392097265 0.5520361990950227 0.6656534954407295 0.5617821092934215 0.6740121580547113 0.5715280194918204 0.6466565349544073 0.5725722241559346 0.6101823708206687 0.5725722241559346 0.5554711246200608 0.5743125652627915 0.49848024316109424 0.5781413156978767 0.4582066869300912 0.5628263139575357 0.44832826747720367
10 0.5868430212321615 0.4582066869300912 0.5851026801253045 0.47720364741641336 0.5812739296902193 0.5197568389057751 0.5764009745910198 0.5661094224924013 0.5715280194918204 0.6003039513677811 0.5704838148277063 0.64209726443769 0.5781413156978767 0.6740121580547113 0.5927601809954751 0.682370820668693 0.6035502958579881 0.6466565349544073 0.6035502958579881 0.6101823708206687 0.6052906369648451 0.5600303951367781 0.6101635920640446 0.5007598784194529 0.6160807518273581 0.46504559270516715
11 0.6199095022624435 0.446048632218845 0.6226940480334145 0.4734042553191489 0.6199095022624435 0.513677811550152 0.6091193873999304 0.5638297872340425 0.6042464323007309 0.5980243161094225 0.6035502958579881 0.6398176291793313 0.6035502958579881 0.6610942249240122 0.6171249564914724 0.6740121580547113 0.627567003132614 0.6671732522796353 0.6296554124608423 0.5980243161094225 0.6345283675600417 0.5220364741641338 0.6432300730943264 0.4878419452887538 0.6383571179951271 0.45440729483282677
12 0.6460146188652977 0.4673252279635258 0.6432300730943264 0.49012158054711247 0.6373129133310129 0.5448328267477204 0.627567003132614 0.5980243161094225 0.6247824573616428 0.6443768996960486 0.627567003132614 0.6778115501519757 0.6498433693003829 0.7013677811550152 0.6557605290636965 0.6930091185410334 0.6564566655064392 0.6694528875379939 0.6575008701705535 0.6193009118541033 0.6623738252697529 0.547112462006079 0.6693351896971806 0.4673252279635258 0.6693351896971806 0.44984802431610943 0.6439262095370692 0.43541033434650456
13 0.6759484859032371 0.44376899696048633 0.6738600765750087 0.4582066869300912 0.6710755308040376 0.49848024316109424 0.6662025757048381 0.5303951367781155 0.6623738252697529 0.5493920972644377 0.6613296206056387 0.5638297872340425 0.6606334841628959 0.5934650455927052 0.6595892794987818 0.6276595744680851 0.6575008701705535 0.6443768996960486 0.6536721197354681 0.682370820668693 0.6693351896971806 0.7013677811550152 0.688478941872607 0.7013677811550152 0.7020536025060912 0.6930091185410334 0.7041420118343196 0.6527355623100304 0.6999651931778629 0.581306990881459 0.6982248520710059 0.5197568389057751 0.7020536025060912 0.46048632218844987
14 0.7128437173686043 0.47112462006079026 0.7097111033762618 0.5030395136778115 0.7079707622694048 0.5243161094224924 0.7030978071702053 0.5638297872340425 0.701009397841977 0.601823708206687 0.701009397841977 0.64209726443769 0.701009397841977 0.6717325227963525 0.7086668987121476 0.7013677811550152 0.7222415593456317 0.6968085106382979 0.7379046293073442 0.6846504559270516 0.7493908806126001 0.6762917933130699 0.7476505395057431 0.6276595744680851 0.7379046293073442 0.5577507598784195 0.7379046293073442 0.5113981762917933 0.7379046293073442 0.4582066869300912
15 0.7476505395057431 0.4688449848024316 0.7455621301775148 0.5030395136778115 0.7427775844065437 0.5493920972644377 0.7389488339714584 0.581306990881459 0.7389488339714584 0.6208206686930091 0.7434737208492864 0.6694528875379939 0.7504350852767142 0.6884498480243161 0.7570483814827706 0.6907294832826748 0.7716672467803689 0.6762917933130699 0.782457361642882 0.6588145896656535 0.7852419074138531 0.6382978723404256 0.7765402018795684 0.587386018237082 0.7688827010093978 0.5364741641337386 0.76192133658197 0.47720364741641336 0.7608771319178559 0.44832826747720367
16 0.5127044900800557 0.8867781155015197 0.5106160807518274 0.8700607902735562 0.5116602854159416 0.8214285714285714 0.5172293769578837 0.7857142857142857 0.5144448311869126 0.743161094224924 0.5154890358510268 0.71580547112462 0.530804037591368 0.7203647416413373 0.5367211973546815 0.7264437689969605 0.5346327880264532 0.7522796352583586 0.530804037591368 0.7750759878419453 0.5301079011486252 0.8047112462006079 0.529063696484511 0.8259878419452887 0.529063696484511 0.8533434650455927
17 0.5579533588583362 0.9141337386018237 0.5502958579881657 0.8852583586626139 0.5454229028889662 0.8533434650455927 0.5405499477897668 0.8191489361702128 0.5388096066829099 0.7667173252279635 0.5395057431256526 0.7393617021276596 0.5433344935607379 0.7264437689969605 0.5530804037591368 0.7226443768996961 0.5600417681865646 0.7370820668693009 0.5607379046293074 0.7689969604863222 0.5607379046293074 0.7986322188449848 0.5600417681865646 0.8214285714285714 0.5600417681865646 0.8723404255319149
18 0.5910198398886182 0.912613981762918 0.5851026801253045 0.8951367781155015 0.5781413156978767 0.8662613981762918 0.5736164288200487 0.8297872340425532 0.5676992690567351 0.7857142857142857 0.5656108597285068 0.7522796352583586 0.5676992690567351 0.7264437689969605 0.5774451792551341 0.7180851063829787 0.5840584754611904 0.7180851063829787 0.589975635224504 0.756079027355623 0.591715976331361 0.8130699088145896 0.591715976331361 0.8282674772036475 0.5965889314305604 0.8746200607902735 0.6004176818656457 0.9080547112462006 0.602506091193874 0.9331306990881459 0.5955447267664462 0.9483282674772037
19 0.6258266620257571 0.7370820668693009 0.6171249564914724 0.7310030395136778 0.6042464323007309 0.7226443768996961 0.5927601809954751 0.7454407294832827 0.5938043856595893 0.7667173252279635 0.6035502958579881 0.8130699088145896 0.6073790462930735 0.8556231003039514 0.6101635920640446 0.8936170212765957 0.617821092934215 0.9483282674772037 0.6286112077967282 0.9627659574468085 0.6324399582318134 0.8996960486322189 0.6303515489035851 0.8449848024316109 0.6286112077967282 0.8047112462006079 0.6258266620257571 0.7583586626139818
20 0.6449704142011834 0.7310030395136778 0.6345283675600417 0.7332826747720365 0.6303515489035851 0.75 0.6362687086668987 0.8069908814589666 0.6432300730943264 0.8533434650455927 0.6487991646362687 0.9042553191489362 0.6575008701705535 0.9566869300911854 0.6644622345979811 0.9544072948328267 0.6682909850330665 0.9316109422492401 0.6682909850330665 0.8806990881458967 0.6672467803689524 0.8427051671732523 0.6606334841628959 0.7712765957446809
21 0.6818656456665506 0.7332826747720365 0.665158371040724 0.7416413373860182 0.6585450748346676 0.7644376899696048 0.6738600765750087 0.8214285714285714 0.6787330316742082 0.8639817629179332 0.688478941872607 0.918693009118541 0.7030978071702053 0.9521276595744681 0.7243299686738601 0.9376899696048632 0.7396449704142012 0.8913373860182371 0.7319874695440306 0.8472644376899696 0.7173686042464323 0.7834346504559271 0.7048381482770623 0.7348024316109423
22 0.7542638357117996 0.7180851063829787 0.7166724678036895 0.7348024316109423 0.7145840584754611 0.7537993920972644 0.7253741733379743 0.7963525835866262 0.7347720153150017 0.8472644376899696 0.7455621301775148 0.8936170212765957 0.7706230421162548 0.9080547112462006 0.7803689523146536 0.8867781155015197 0.7803689523146536 0.8556231003039514 0.7744517925513401 0.8153495440729484 0.7629655412460842 0.7796352583586627
24 0.4998259658893143 0.8951367781155015 0.5057431256526279 0.8533434650455927 0.5127044900800557 0.8047112462006079 0.5127044900800557 0.7727963525835866 0.5127044900800557 0.7393617021276596 0.5078315349808562 0.71580547112462 0.483466759484859 0.7203647416413373 0.47859380438565957 0.743161094224924 0.4845109641489732 0.7712765957446809 0.4872955099199443 0.7857142857142857 0.48938391924817265 0.8427051671732523 0.4872955099199443 0.8677811550151976 0.48659937347720156 0.9080547112462006
25 0.4768534632788026 0.9019756838905775 0.48555516881308736 0.8320668693009119 0.48938391924817265 0.7917933130699089 0.49216846501914374 0.7393617021276596 0.48555516881308736 0.7226443768996961 0.4691959624086321 0.7180851063829787 0.4556213017751479 0.7454407294832827 0.4563174382178907 0.7621580547112462 0.458405847546119 0.7857142857142857 0.458405847546119 0.8191489361702128 0.4556213017751479 0.8571428571428571 0.4535328924469196 0.8829787234042553 0.4535328924469196 0.9042553191489362
26 0.42151061608075185 0.9506079027355623 0.43125652627915073 0.9293313069908815 0.43891402714932126 0.8974164133738601 0.4469195962408632 0.8571428571428571 0.4545770971110338 0.8282674772036475 0.4622345979812043 0.7857142857142857 0.4622345979812043 0.756079027355623 0.4535328924469196 0.7287234042553191 0.44309084580577796 0.7241641337386018 0.43612948137835017 0.7477203647416414 0.43612948137835017 0.7796352583586627 0.43125652627915073 0.8092705167173252 0.4263835711799513 0.8404255319148937 0.422554820744866 0.8723404255319149 0.41385311521058127 0.9164133738601824 0.4121127741037243 0.9399696048632219
27 0.397493908806126 0.75 0.397493908806126 0.7750759878419453 0.39540549947789766 0.8191489361702128 0.3947093630351549 0.8487841945288754 0.3860076575008702 0.9164133738601824 0.3821789070657849 0.9521276595744681 0.3936651583710407 0.9566869300911854 0.4013226592412113 0.9141337386018237 0.4072398190045249 0.8761398176291794 0.41698572920292376 0.8366261398176292 0.4256874347372085 0.7963525835866262 0.433344935607379 0.7667173252279635 0.433344935607379 0.7370820668693009 0.42742777584406544 0.7264437689969605 0.41698572920292376 0.7264437689969605 0.40515140967629654 0.7287234042553191
28 0.3605986773407588 0.9756838905775076 0.3665158371040724 0.9376899696048632 0.3752175426383571 0.9042553191489362 0.38391924817264184 0.8677811550151976 0.3887922032718413 0.8297872340425532 0.3947093630351549 0.7986322188449848 0.4002784545770971 0.7644376899696048 0.4002784545770971 0.7454407294832827 0.3898364079359554 0.7241641337386018 0.37417333797424296 0.7226443768996961 0.3686042464323007 0.7370820668693009 0.3686042464323007 0.7621580547112462 0.3637312913331013 0.8047112462006079 0.3578141315697877 0.851063829787234 0.35294117647058826 0.8936170212765957 0.3480682213713888 0.918693009118541 0.347372084928646 0.9506079027355623
29 0.3132613992342499 0.9422492401215805 0.32405151409676297 0.9293313069908815 0.3355377654020188 0.9103343465045592 0.347372084928646 0.8723404255319149 0.35189697180647406 0.8404255319148937 0.35885833623390184 0.7986322188449848 0.3686042464323007 0.75 0.3665158371040724 0.7241641337386018 0.3386703793943613 0.7348024316109423 0.3250957187608771 0.7348024316109423 0.31534980856247824 0.7537993920972644 0.31256526279150715 0.8069908814589666 0.30838844413505045 0.8259878419452887 0.30177514792899407 0.8533434650455927 0.2892446919596241 0.8951367781155015 0.28332753219631046 0.9209726443768997 0.2892446919596241 0.9331306990881459
30 0.2554820744865994 0.9316109422492401 0.26209537069265576 0.9209726443768997 0.27567003132613993 0.9057750759878419 0.28332753219631046 0.8974164133738601 0.29028889662373825 0.8867781155015197 0.298990602158023 0.8594224924012158 0.3076923076923077 0.8191489361702128 0.3163940132265924 0.7834346504559271 0.3163940132265924 0.756079027355623 0.30177514792899407 0.7370820668693009 0.2854159415245388 0.7310030395136778 0.2697528715628263 0.7310030395136778 0.2572224155934563 0.7644376899696048 0.2572224155934563 0.7811550151975684 0.2516533240515141 0.8191489361702128 0.2387747998607727 0.8639817629179332 0.23007309432648798 0.9042553191489362 0.24086320918900103 0.912613981762918
23 0.7657500870170554 0.723404255319149 0.7988165680473372 0.709726443768997 0.8353637312913331 0.723404255319149 0.8465019143752175 0.7477203647416414 0.8336233901844762 0.7826747720364742 0.8130873651235642 0.8031914893617021 0.7974242951618518 0.8206686930091185 0.7845457709711103 0.8343465045592705 0.7706230421162548 0.7925531914893617