0 0.49546722454672243 0.5791223404255319 0.49546722454672243 0.5352393617021277 0.49616457461645747 0.49069148936170215 0.49546722454672243 0.4461436170212766 0.4916317991631799 0.3982712765957447 0.4874476987447699 0.3650265957446808 0.4721059972105997 0.3484042553191489 0.4595536959553696 0.3670212765957447 0.45676429567642957 0.4554521276595745 0.4585076708507671 0.48138297872340424 0.4585076708507671 0.538563829787234 0.453626220362622 0.5738031914893617 0.46931659693165967 0.5851063829787234
1 0.45746164574616455 0.5445478723404256 0.45188284518828453 0.5791223404255319 0.44700139470013944 0.5811170212765957 0.4313110181311018 0.5531914893617021 0.43444909344490934 0.5093085106382979 0.43444909344490934 0.4574468085106383 0.4306136680613668 0.4002659574468085 0.4306136680613668 0.35771276595744683 0.4351464435146444 0.324468085106383 0.44595536959553694 0.32845744680851063 0.45676429567642957 0.3670212765957447 0.45571827057182707 0.41688829787234044 0.45746164574616455 0.46143617021276595 0.4585076708507671 0.507313829787234
2 0.4351464435146444 0.5113031914893617 0.43444909344490934 0.5478723404255319 0.42747559274755925 0.5738031914893617 0.41492329149232915 0.5777925531914894 0.400278940027894 0.5498670212765957 0.405160390516039 0.5146276595744681 0.4062064156206416 0.46875 0.40341701534170155 0.42021276595744683 0.40237099023709905 0.3723404255319149 0.40237099023709905 0.3371010638297872 0.4089958158995816 0.3098404255319149 0.4236401673640167 0.324468085106383 0.42747559274755925 0.37632978723404253 0.4295676429567643 0.4035904255319149 0.43235704323570434 0.45944148936170215
3 0.405160390516039 0.5166223404255319 0.4013249651324965 0.5498670212765957 0.38389121338912136 0.5611702127659575 0.36854951185495116 0.538563829787234 0.36854951185495116 0.5053191489361702 0.3800557880055788 0.46875 0.3821478382147838 0.4315159574468085 0.38284518828451886 0.3836436170212766 0.37900976290097627 0.3484042553191489 0.38702928870292885 0.31183510638297873 0.4013249651324965 0.32646276595744683 0.40237099023709905 0.37433510638297873 0.40237099023709905 0.41688829787234044 0.405160390516039 0.46476063829787234
4 0.3800557880055788 0.46875 0.3821478382147838 0.5146276595744681 0.3783124128312413 0.5365691489361702 0.3647140864714086 0.538563829787234 0.34797768479776847 0.5531914893617021 0.33751743375174337 0.5365691489361702 0.3403068340306834 0.49601063829787234 0.3403068340306834 0.4521276595744681 0.3403068340306834 0.42021276595744683 0.34414225941422594 0.3796542553191489 0.3521617852161785 0.34507978723404253 0.3598326359832636 0.32845744680851063 0.3762203626220363 0.34507978723404253 0.37900976290097627 0.3816489361702128 0.3811018131101813 0.41888297872340424
5 0.33542538354253837 0.46143617021276595 0.34623430962343094 0.4853723404255319 0.3500697350069735 0.5113031914893617 0.33856345885634587 0.538563829787234 0.3298465829846583 0.5478723404255319 0.3172942817294282 0.5425531914893617 0.30264993026499304 0.5518617021276596 0.29672245467224545 0.5146276595744681 0.297768479776848 0.46675531914893614 0.29672245467224545 0.42220744680851063 0.2880055788005579 0.3723404255319149 0.29114365411436544 0.3337765957446808 0.30369595536959554 0.3204787234042553 0.32496513249651326 0.3836436170212766 0.3298465829846583 0.4261968085106383
6 0.29567642956764295 0.4408244680851064 0.3054393305439331 0.47007978723404253 0.30857740585774057 0.5019946808510638 0.3064853556485356 0.5259308510638298 0.29672245467224545 0.5332446808510638 0.28626220362622035 0.5458776595744681 0.26778242677824265 0.5146276595744681 0.2590655509065551 0.49800531914893614 0.2608089260808926 0.4574468085106383 0.25418410041841005 0.40558510638297873 0.24442119944211996 0.3670212765957447 0.2608089260808926 0.3390957446808511 0.27370990237099024 0.3537234042553192 0.28417015341701535 0.3949468085106383
8 0.49616457461645747 0.4886968085106383 0.49721059972105996 0.5292553191489362 0.49616457461645747 0.5738031914893617 0.5080195258019525 0.5851063829787234 0.5303347280334728 0.5884308510638298 0.5380055788005579 0.5757978723404256 0.5341701534170153 0.5113031914893617 0.5331241283124128 0.47805851063829785 0.5303347280334728 0.43351063829787234 0.5310320781032078 0.39095744680851063 0.5167364016736402 0.3650265957446808 0.499302649930265 0.3783244680851064 0.49337517433751743 0.4148936170212766
9 0.5341701534170153 0.507313829787234 0.5359135285913529 0.5498670212765957 0.5380055788005579 0.5791223404255319 0.5543933054393305 0.5884308510638298 0.5641562064156206 0.5611702127659575 0.5641562064156206 0.5219414893617021 0.5631101813110181 0.46875 0.5613668061366807 0.42021276595744683 0.560320781032078 0.3816489361702128 0.5543933054393305 0.34308510638297873 0.5390516039051604 0.3357712765957447 0.5310320781032078 0.3816489361702128 0.5320781032078103 0.43683510638297873
10 0.5620641562064156 0.5199468085106383 0.5631101813110181 0.5644946808510638 0.5746164574616457 0.5884308510638298 0.5913528591352859 0.5738031914893617 0.601813110181311 0.5611702127659575 0.6007670850767085 0.5113031914893617 0.599023709902371 0.46675531914893614 0.599023709902371 0.4148936170212766 0.603905160390516 0.37433510638297873 0.603905160390516 0.3390957446808511 0.5962343096234309 0.3151595744680851 0.5864714086471409 0.3038563829787234 0.5718270571827058 0.32978723404255317 0.5652022315202232 0.3783244680851064 0.5652022315202232 0.42220744680851063 0.5613668061366807 0.47938829787234044
11 0.5979776847977685 0.47007978723404253 0.5892608089260809 0.507313829787234 0.5930962343096234 0.5365691489361702 0.606694560669456 0.5664893617021277 0.6154114365411436 0.5757978723404256 0.6311018131101813 0.5625 0.6366806136680614 0.5445478723404256 0.6356345885634589 0.49800531914893614 0.6317991631799164 0.46476063829787234 0.6262203626220363 0.43351063829787234 0.6262203626220363 0.3982712765957447 0.6300557880055788 0.3650265957446808 0.6300557880055788 0.3390957446808511 0.6251743375174338 0.3204787234042553 0.6136680613668062 0.3191489361702128 0.6007670850767085 0.331781914893617 0.6007670850767085 0.3816489361702128 0.6000697350069735 0.42021276595744683
12 0.6311018131101813 0.4627659574468085 0.6269177126917713 0.507313829787234 0.6279637377963738 0.5445478723404256 0.6426080892608089 0.5718085106382979 0.655160390516039 0.5777925531914894 0.6659693165969317 0.555186170212766 0.6659693165969317 0.5146276595744681 0.6610878661087866 0.47007978723404253 0.6589958158995816 0.4261968085106383 0.6600418410041841 0.3962765957446808 0.6579497907949791 0.37433510638297873 0.6541143654114365 0.3390957446808511 0.6377266387726639 0.331781914893617 0.6241283124128313 0.386968085106383
13 0.6666666666666666 0.49800531914893614 0.6579497907949791 0.5332446808510638 0.6705020920502092 0.5625 0.6841004184100419 0.5625 0.7025801952580195 0.5757978723404256 0.7182705718270572 0.5571808510638298 0.7133891213389121 0.5033244680851063 0.7200139470013946 0.46875 0.7287308228730823 0.4295212765957447 0.7357043235704324 0.4095744680851064 0.745118549511855 0.39095744680851063 0.7489539748953975 0.3690159574468085 0.7482566248256625 0.3410904255319149 0.7325662482566249 0.3224734042553192 0.7102510460251046 0.34507978723404253 0.6976987447698745 0.386968085106383 0.6879358437935844 0.41688829787234044 0.6746861924686193 0.45013297872340424
14 0.7151324965132496 0.46675531914893614 0.7053695955369595 0.49800531914893614 0.708507670850767 0.5425531914893617 0.7259414225941423 0.5625 0.745118549511855 0.5611702127659575 0.7597629009762901 0.5498670212765957 0.7576708507670851 0.5053191489361702 0.7597629009762901 0.46476063829787234 0.7608089260808926 0.42021276595744683 0.7684797768479776 0.4002659574468085 0.7831241283124128 0.37632978723404253 0.7761506276150628 0.3337765957446808 0.7635983263598326 0.32978723404255317 0.75 0.3617021276595745 0.7357043235704324 0.4115691489361702
16 0.5010460251046025 0.6163563829787234 0.499302649930265 0.6715425531914894 0.49546722454672243 0.714095744680851 0.48361227336122736 0.7566489361702128 0.47489539748953974 0.7918882978723404 0.4884937238493724 0.8118351063829787 0.50418410041841 0.7752659574468085 0.5167364016736402 0.7160904255319149 0.5271966527196653 0.6642287234042553 0.5282426778242678 0.6183510638297872
17 0.5282426778242678 0.6123670212765957 0.5244072524407253 0.6569148936170213 0.5177824267782427 0.706781914893617 0.5031380753138075 0.7526595744680851 0.502092050209205 0.7845744680851063 0.5031380753138075 0.8271276595744681 0.5108089260808926 0.8304521276595744 0.5233612273361228 0.8158244680851063 0.5352161785216178 0.7825797872340425 0.545676429567643 0.7360372340425532 0.552649930264993 0.6861702127659575 0.5592747559274756 0.6529255319148937 0.5658995815899581 0.6309840425531915 0.5690376569037657 0.6050531914893617 0.552649930264993 0.5977393617021277 0.5380055788005579 0.5997340425531915
18 0.560320781032078 0.6123670212765957 0.550557880055788 0.6529255319148937 0.550557880055788 0.6941489361702128 0.5428870292887029 0.7473404255319149 0.5418410041841004 0.8045212765957447 0.5418410041841004 0.8397606382978723 0.545676429567643 0.8730053191489362 0.553347280334728 0.8916223404255319 0.5718270571827058 0.8710106382978723 0.5794979079497908 0.8450797872340425 0.5826359832635983 0.8065159574468085 0.5875174337517434 0.7566489361702128 0.5903068340306834 0.723404255319149 0.5941422594142259 0.6848404255319149 0.599023709902371 0.6456117021276596 0.596931659693166 0.6163563829787234 0.5815899581589958 0.5977393617021277
19 0.5979776847977685 0.6236702127659575 0.5951882845188284 0.675531914893617 0.5913528591352859 0.7253989361702128 0.5913528591352859 0.7772606382978723 0.5913528591352859 0.8191489361702128 0.5962343096234309 0.8636968085106383 0.603905160390516 0.8783244680851063 0.6175034867503487 0.875 0.6262203626220363 0.8583776595744681 0.6269177126917713 0.8191489361702128 0.6279637377963738 0.769281914893617 0.6279637377963738 0.7160904255319149 0.6366806136680614 0.6735372340425532 0.6377266387726639 0.6329787234042553 0.6279637377963738 0.6216755319148937 0.6154114365411436 0.6123670212765957
20 0.6317991631799164 0.6256648936170213 0.6269177126917713 0.6622340425531915 0.6464435146443515 0.7214095744680851 0.6541143654114365 0.769281914893617 0.6666666666666666 0.8118351063829787 0.6813110181311018 0.8490691489361702 0.698744769874477 0.8690159574468085 0.7210599721059973 0.8803191489361702 0.7357043235704324 0.8397606382978723 0.7384937238493724 0.8065159574468085 0.7336122733612274 0.7639627659574468 0.7182705718270572 0.7214095744680851 0.7025801952580195 0.6788563829787234 0.6921199442119944 0.6422872340425532 0.6841004184100419 0.6110372340425532 0.6617852161785216 0.6070478723404256 0.6436541143654114 0.6090425531914894
21 0.6889818688981869 0.6329787234042553 0.696652719665272 0.6695478723404256 0.7123430962343096 0.7160904255319149 0.7276847977684798 0.745345744680851 0.74721059972106 0.7712765957446809 0.7712691771269177 0.7805851063829787 0.7869595536959554 0.7785904255319149 0.803347280334728 0.7752659574468085 0.806136680613668 0.7420212765957447 0.808228730822873 0.7194148936170213 0.795676429567643 0.7047872340425532 0.7751046025104602 0.6861702127659575 0.7618549511854951 0.6642287234042553 0.752092050209205 0.6349734042553191 0.7444211994421199 0.6050531914893617 0.7357043235704324 0.5924202127659575 0.7172245467224547 0.5904255319148937 0.7112970711297071 0.6070478723404256 0.6949093444909344 0.6183510638297872
24 0.5010460251046025 0.6163563829787234 0.5031380753138075 0.6569148936170213 0.49721059972105996 0.6901595744680851 0.4916317991631799 0.723404255319149 0.48361227336122736 0.7606382978723404 0.47594142259414224 0.7918882978723404 0.46617852161785217 0.8271276595744681 0.45746164574616455 0.8271276595744681 0.45746164574616455 0.7938829787234043 0.4585076708507671 0.761968085106383 0.46338912133891214 0.7214095744680851 0.4700139470013947 0.6881648936170213 0.47419804741980476 0.6695478723404256 0.47419804741980476 0.6382978723404256 0.4787308228730823 0.6143617021276596 0.4905857740585774 0.6090425531914894
25 0.4895397489539749 0.6110372340425532 0.48465829846582986 0.6496010638297872 0.4769874476987448 0.6808510638297872 0.4700139470013947 0.7121010638297872 0.46129707112970714 0.745345744680851 0.45571827057182707 0.7772606382978723 0.45188284518828453 0.8011968085106383 0.4421199442119944 0.8284574468085106 0.4313110181311018 0.8543882978723404 0.42189679218967924 0.8490691489361702 0.41701534170153415 0.8284574468085106 0.4285216178521618 0.8011968085106383 0.4393305439330544 0.7772606382978723 0.448047419804742 0.6941489361702128 0.45083682008368203 0.675531914893617 0.4525801952580195 0.6402925531914894 0.4525801952580195 0.6050531914893617 0.4595536959553696 0.5924202127659575 0.47419804741980476 0.5904255319148937
26 0.45676429567642957 0.6070478723404256 0.45083682008368203 0.6529255319148937 0.448744769874477 0.6954787234042553 0.4421199442119944 0.7400265957446809 0.4410739191073919 0.7732712765957447 0.4306136680613668 0.7992021276595744 0.4177126917712692 0.8357712765957447 0.40446304044630405 0.8636968085106383 0.3926080892608089 0.8523936170212766 0.39644351464435146 0.8178191489361702 0.4110878661087866 0.754654255319149 0.41387726638772665 0.7027925531914894 0.4208507670850767 0.6529255319148937 0.4187587168758717 0.6050531914893617 0.4313110181311018 0.5884308510638298
27 0.4198047419804742 0.6402925531914894 0.4208507670850767 0.675531914893617 0.4089958158995816 0.7027925531914894 0.40446304044630405 0.7440159574468085 0.3957461645746165 0.7805851063829787 0.38389121338912136 0.8138297872340425 0.3695955369595537 0.8543882978723404 0.35599721059972106 0.8563829787234043 0.35495118549511856 0.8377659574468085 0.3608786610878661 0.7992021276595744 0.3702928870292887 0.7679521276595744 0.38284518828451886 0.706781914893617 0.38702928870292885 0.6622340425531915 0.3908647140864714 0.6236702127659575 0.3985355648535565 0.6070478723404256 0.4100418410041841 0.6070478723404256
28 0.3887726638772664 0.6216755319148937 0.38598326359832635 0.660904255319149 0.38284518828451886 0.7014627659574468 0.37343096234309625 0.7360372340425532 0.36645746164574616 0.7712765957446809 0.35599721059972106 0.8011968085106383 0.34414225941422594 0.8324468085106383 0.3277545327754533 0.8344414893617021 0.32601115760111576 0.7992021276595744 0.33751743375174337 0.7526595744680851 0.34518828451882844 0.706781914893617 0.3500697350069735 0.668218085106383 0.35390516039051606 0.6256648936170213 0.3647140864714086 0.6017287234042553 0.37900976290097627 0.6090425531914894
29 0.35495118549511856 0.6183510638297872 0.3472803347280335 0.675531914893617 0.3392608089260809 0.7194148936170213 0.33158995815899583 0.7712765957446809 0.31311018131101814 0.8011968085106383 0.2900976290097629 0.8344414893617021 0.2688284518828452 0.8284574468085106 0.26778242677824265 0.7918882978723404 0.27824267782426776 0.730718085106383 0.2918410041841004 0.682845744680851 0.300557880055788 0.6476063829787234 0.3075313807531381 0.6030585106382979 0.31520223152022314 0.5884308510638298 0.33158995815899583 0.5924202127659575 0.34797768479776847 0.5997340425531915
30 0.3064853556485356 0.6030585106382979 0.3043933054393305 0.6402925531914894 0.29567642956764295 0.6695478723404256 0.28312412831241285 0.6901595744680851 0.2695258019525802 0.7214095744680851 0.25418410041841005 0.738031914893617 0.23570432357043236 0.7566489361702128 0.22698744769874477 0.769281914893617 0.21548117154811716 0.7772606382978723 0.19595536959553697 0.7513297872340425 0.1990934449093445 0.723404255319149 0.21164574616457463 0.692154255319149 0.2290794979079498 0.6529255319148937 0.24546722454672246 0.6050531914893617 0.2569735006973501 0.569813829787234 0.26778242677824265 0.5611702127659575 0.2824267782426778 0.5718085106382979 0.29672245467224545 0.5851063829787234