0 0.4664613278576318 0.541033434650456 0.500684462696783 0.5448328267477204 0.5017111567419575 0.4848024316109423 0.4914442162902122 0.3191489361702128 0.4787816563997262 0.31762917933130697 0.47091033538672145 0.4696048632218845 0.4654346338124572 0.49164133738601823
1 0.4414784394250513 0.526595744680851 0.4678302532511978 0.5364741641337386 0.47159479808350446 0.506838905775076 0.46885694729637234 0.46504559270516715 0.47467488021902804 0.30851063829787234 0.45824777549623547 0.30851063829787234 0.44284736481861736 0.46656534954407297
2 0.41170431211498976 0.5197568389057751 0.42265571526351814 0.5357142857142857 0.4346338124572211 0.5364741641337386 0.44490075290896647 0.5159574468085106 0.44387405886379194 0.4551671732522796 0.44182067077344284 0.2986322188449848 0.42505133470225875 0.2917933130699088 0.4134154688569473 0.4696048632218845
3 0.38843258042436685 0.46656534954407297 0.3894592744695414 0.5098784194528876 0.3949349760438056 0.5326747720364742 0.406570841889117 0.5296352583586627 0.41683778234086244 0.5296352583586627 0.4247091033538672 0.48404255319148937 0.42368240930869266 0.45972644376899696 0.4127310061601643 0.29027355623100304 0.4000684462696783 0.29027355623100304 0.391854893908282 0.45364741641337386
5 0.29842573579739906 0.44756838905775076 0.3025325119780972 0.5053191489361702 0.3319644079397673 0.5227963525835866 0.3483915126625599 0.5159574468085106 0.3535249828884326 0.45440729483282677 0.32991101984941823 0.2978723404255319 0.3056125941136208 0.30775075987841943 0.3059548254620123 0.43617021276595747
8 0.5017111567419575 0.5493920972644377 0.5321697467488022 0.547112462006079 0.5379876796714579 0.4848024316109423 0.5369609856262834 0.3161094224924012 0.5246406570841889 0.32066869300911854 0.5061601642710473 0.48936170212765956 0.500684462696783 0.5075987841945289
9 0.5308008213552361 0.5425531914893617 0.553388090349076 0.5448328267477204 0.5595482546201233 0.506838905775076 0.5574948665297741 0.4886018237082067 0.553388090349076 0.3366261398176292 0.5431211498973306 0.3351063829787234 0.5359342915811088 0.4908814589665654 0.5318275154004107 0.5167173252279635
10 0.554757015742642 0.5372340425531915 0.5650239561943874 0.5516717325227963 0.5756331279945243 0.5493920972644377 0.582819986310746 0.5303951367781155 0.5848733744010951 0.4886018237082067 0.582819986310746 0.32598784194528874 0.5722108145106092 0.32598784194528874 0.5598904859685148 0.4908814589665654 0.5568104038329911 0.5022796352583586
12 0.6279945242984257 0.5486322188449848 0.6652977412731006 0.5516717325227963 0.6700889801505818 0.47796352583586627 0.6550308008213552 0.3601823708206687 0.6396303901437371 0.36246200607902734 0.6273100616016427 0.4870820668693009 0.6211498973305954 0.49544072948328266
14 0.6813826146475017 0.49772036474164133 0.687542778918549 0.5159574468085106 0.7094455852156057 0.5250759878419453 0.715605749486653 0.4908814589665654 0.7121834360027378 0.35106382978723405 0.704312114989733 0.3525835866261398
16 0.5010266940451745 0.5828267477203647 0.5205338809034907 0.5858662613981763 0.5112936344969199 0.7750759878419453 0.4976043805612594 0.770516717325228
17 0.5205338809034907 0.5881458966565349 0.5444900752908967 0.5965045592705167 0.5441478439425051 0.6276595744680851 0.525325119780972 0.7879939209726444 0.5160848733744011 0.7811550151975684
18 0.5465434633812457 0.5949848024316109 0.568104038329911 0.601823708206687 0.567419575633128 0.6458966565349544 0.5475701574264202 0.797112462006079 0.5359342915811088 0.7948328267477204 0.5338809034907598 0.7082066869300911
19 0.567419575633128 0.6268996960486323 0.5776865160848734 0.6033434650455927 0.5906913073237509 0.6117021276595744 0.5951403148528405 0.6572948328267477 0.5879534565366188 0.6937689969604863 0.58145106091718 0.8016717325227963 0.5725530458590007 0.8001519756838906 0.5636550308008214 0.7332826747720365
20 0.5900068446269678 0.6314589665653495 0.5941136208076659 0.6094224924012158 0.6057494866529775 0.6056231003039514 0.62217659137577 0.6268996960486323 0.6167008898015058 0.6960486322188449 0.6108829568788501 0.797112462006079 0.5982203969883642 0.8016717325227963
22 0.6379192334017796 0.6086626139817629 0.6824093086926762 0.5805471124620061 0.6909650924024641 0.6185410334346505 0.688227241615332 0.6504559270516718 0.704312114989733 0.7591185410334347 0.6892539356605065 0.7743161094224924 0.6502395619438741 0.6664133738601824 0.6433949349760438 0.6633738601823708
24 0.49794661190965095 0.5805471124620061 0.47638603696098564 0.5835866261398176 0.4753593429158111 0.7773556231003039 0.49110198494182067 0.776595744680851
25 0.4534565366187543 0.5790273556231003 0.4791238877481177 0.5835866261398176 0.4729637234770705 0.7811550151975684 0.4589322381930185 0.7811550151975684 0.45071868583162217 0.5972644376899696
26 0.42368240930869266 0.5896656534954408 0.445242984257358 0.5699088145896657 0.45687885010266943 0.648176291793313 0.458590006844627 0.7879939209726444 0.44182067077344284 0.7879939209726444 0.42950034223134836 0.6595744680851063
27 0.3997262149212868 0.6291793313069909 0.4048596851471595 0.5904255319148937 0.4161533196440794 0.5790273556231003 0.43086926762491445 0.6056231003039514 0.4329226557152635 0.6610942249240122 0.4346338124572211 0.776595744680851 0.41649555099247093 0.7788753799392097
28 0.37679671457905545 0.5881458966565349 0.38535249828884327 0.5790273556231003 0.39664613278576316 0.5737082066869301 0.4086242299794661 0.5835866261398176 0.4028062970568104 0.6390577507598785 0.3935660506502396 0.7591185410334347 0.3839835728952772 0.756079027355623
30 0.3247775496235455 0.5577507598784195 0.33744010951403147 0.5493920972644377 0.37166324435318276 0.5858662613981763 0.3675564681724846 0.6253799392097265 0.31656399726214923 0.7302431610942249 0.29671457905544146 0.7120060790273556