0 0.48712737127371275 0.4012158054711246 0.48136856368563685 0.4270516717325228 0.47865853658536583 0.49012158054711247 0.47560975609756095 0.5273556231003039 0.4823848238482385 0.5835866261398176 0.4803523035230352 0.5835866261398176 0.4949186991869919 0.5942249240121581 0.5067750677506775 0.5790273556231003 0.5074525745257452 0.5463525835866262 0.502710027100271 0.49240121580547114 0.5047425474254743 0.44680851063829785 0.5047425474254743 0.3905775075987842
1 0.462059620596206 0.4012158054711246 0.4600271002710027 0.4247720364741641 0.4532520325203252 0.46656534954407297 0.44579945799457993 0.5334346504559271 0.4464769647696477 0.5729483282674772 0.45934959349593496 0.581306990881459 0.4708672086720867 0.5752279635258358 0.47188346883468835 0.5357142857142857 0.47289972899729 0.45364741641337386 0.4803523035230352 0.3882978723404255
2 0.4329268292682927 0.3837386018237082 0.4329268292682927 0.41641337386018235 0.42920054200542007 0.47720364741641336 0.4244579945799458 0.5227963525835866 0.4244579945799458 0.5577507598784195 0.44173441734417346 0.5554711246200608 0.4474932249322493 0.5075987841945289 0.4532520325203252 0.42325227963525835 0.4563008130081301 0.3837386018237082
3 0.40582655826558267 0.39285714285714285 0.40887533875338755 0.44680851063829785 0.4051490514905149 0.4969604863221885 0.40210027100271 0.5509118541033434 0.40989159891598914 0.5775075987841946 0.4281842818428184 0.5683890577507599 0.4261517615176152 0.5053191489361702 0.4261517615176152 0.4247720364741641 0.43021680216802166 0.3776595744680851
4 0.3817750677506775 0.3905775075987842 0.37398373983739835 0.40805471124620063 0.36720867208672087 0.42325227963525835 0.3624661246612466 0.4703647416413374 0.35365853658536583 0.5379939209726444 0.35772357723577236 0.5858662613981763 0.3943089430894309 0.5942249240121581 0.39735772357723576 0.540273556231003 0.38651761517615174 0.48556231003039513 0.3932926829268293 0.40577507598784196
5 0.34417344173441733 0.3966565349544073 0.33062330623306235 0.42933130699088146 0.32079945799457993 0.48404255319148937 0.3130081300813008 0.5425531914893617 0.3187669376693767 0.5904255319148937 0.35264227642276424 0.5835866261398176 0.36144986449864497 0.5463525835866262 0.3604336043360434 0.4817629179331307 0.3604336043360434 0.418693009118541 0.3556910569105691 0.3860182370820669
6 0.3062330623306233 0.40577507598784196 0.3004742547425474 0.418693009118541 0.29471544715447157 0.43844984802431614 0.2859078590785908 0.48556231003039513 0.28319783197831977 0.5144376899696048 0.2801490514905149 0.5615501519756839 0.28116531165311653 0.60790273556231 0.29065040650406504 0.6512158054711246 0.3092818428184282 0.6314589665653495 0.3255420054200542 0.6314589665653495 0.3238482384823848 0.5683890577507599 0.3160569105691057 0.4992401215805471 0.31402439024390244 0.4490881458966565
8 0.5240514905149052 0.3791793313069909 0.516260162601626 0.40577507598784196 0.5105013550135501 0.45364741641337386 0.5094850948509485 0.5075987841945289 0.5094850948509485 0.5615501519756839 0.516260162601626 0.5752279635258358 0.5277777777777778 0.581306990881459 0.5338753387533876 0.5706686930091185 0.5345528455284553 0.5311550151975684 0.532859078590786 0.479483282674772 0.5355691056910569 0.4316109422492401 0.5386178861788617 0.3776595744680851
9 0.5464092140921409 0.3776595744680851 0.5365853658536586 0.43617021276595747 0.5338753387533876 0.4642857142857143 0.5318428184281843 0.520516717325228 0.5318428184281843 0.5683890577507599 0.5521680216802168 0.6056231003039514 0.556910569105691 0.5752279635258358 0.5548780487804879 0.5296352583586627 0.55420054200542 0.46656534954407297 0.556910569105691 0.39893617021276595
10 0.5684281842818428 0.36246200607902734 0.5616531165311653 0.3776595744680851 0.5609756097560976 0.41413373860182373 0.556910569105691 0.4642857142857143 0.5558943089430894 0.5075987841945289 0.5558943089430894 0.5683890577507599 0.5704607046070461 0.5927051671732523 0.5840108401084011 0.581306990881459 0.5840108401084011 0.5486322188449848 0.5752032520325203 0.4878419452887538 0.5782520325203252 0.3905775075987842
11 0.5948509485094851 0.3776595744680851 0.587059620596206 0.39285714285714285 0.5813008130081301 0.4338905775075988 0.5772357723577236 0.4749240121580547 0.573509485094851 0.5683890577507599 0.5850271002710027 0.581306990881459 0.5955284552845529 0.5858662613981763 0.600609756097561 0.5615501519756839 0.5948509485094851 0.4513677811550152
12 0.616869918699187 0.3639817629179331 0.6090785907859079 0.39893617021276595 0.6016260162601627 0.4270516717325228 0.5965447154471545 0.4946808510638298 0.5948509485094851 0.5531914893617021 0.600609756097561 0.5729483282674772 0.6189024390243902 0.5638297872340425 0.6199186991869918 0.5075987841945289 0.6236449864498645 0.45364741641337386 0.6294037940379403 0.39893617021276595
13 0.6382113821138211 0.3943768996960486 0.6294037940379403 0.418693009118541 0.6266937669376694 0.4688449848024316 0.6111111111111112 0.5615501519756839 0.6151761517615176 0.5790273556231003 0.6361788617886179 0.581306990881459 0.6585365853658537 0.5835866261398176 0.6517615176151762 0.5075987841945289 0.6480352303523035 0.45364741641337386 0.6480352303523035 0.40805471124620063
13 0.6700542005420054 0.41185410334346506 0.6558265582655827 0.4574468085106383 0.6507452574525745 0.4969604863221885 0.6490514905149052 0.5486322188449848 0.6751355013550135 0.5904255319148937 0.6913956639566395 0.5858662613981763 0.6954607046070461 0.5600303951367781 0.6913956639566395 0.48404255319148937 0.6876693766937669 0.44452887537993924
14 0.7022357723577236 0.4247720364741641 0.6954607046070461 0.4551671732522796 0.6944444444444444 0.5144376899696048 0.690379403794038 0.5858662613981763 0.6913956639566395 0.6291793313069909 0.7110433604336044 0.6337386018237082 0.7262872628726287 0.6162613981762918 0.7273035230352304 0.5835866261398176 0.7273035230352304 0.520516717325228 0.7273035230352304 0.4703647416413374 0.7137533875338753 0.4399696048632219
16 0.5105013550135501 0.7575987841945289 0.5105013550135501 0.6983282674772037 0.502710027100271 0.5942249240121581 0.5057588075880759 0.5638297872340425 0.516260162601626 0.5881458966565349 0.5193089430894309 0.6443768996960486 0.5203252032520326 0.7332826747720365 0.5230352303523035 0.7834346504559271
17 0.5345528455284553 0.7743161094224924 0.532859078590786 0.7530395136778115 0.532859078590786 0.6595744680851063 0.5318428184281843 0.601063829787234 0.5318428184281843 0.581306990881459 0.5230352303523035 0.5729483282674772 0.5182926829268293 0.6360182370820668 0.5193089430894309 0.7051671732522796 0.5210027100271003 0.7727963525835866 0.5287940379403794 0.7940729483282675
18 0.5609756097560976 0.8115501519756839 0.5464092140921409 0.770516717325228 0.5396341463414634 0.6838905775075987 0.5396341463414634 0.6139817629179332 0.5453929539295393 0.5729483282674772 0.5589430894308943 0.5927051671732523 0.5589430894308943 0.6466565349544073 0.5616531165311653 0.6945288753799392 0.5657181571815718 0.7484802431610942
19 0.5772357723577236 0.7895136778115501 0.5772357723577236 0.7575987841945289 0.5772357723577236 0.6793313069908815 0.5819783197831978 0.5942249240121581 0.5752032520325203 0.5790273556231003 0.5636856368563685 0.5858662613981763 0.5616531165311653 0.6443768996960486 0.5647018970189702 0.7226443768996961
20 0.5928184281842819 0.7986322188449848 0.5907859078590786 0.7834346504559271 0.5840108401084011 0.7135258358662614 0.5840108401084011 0.6512158054711246 0.5829945799457995 0.5835866261398176 0.5918021680216802 0.5729483282674772 0.6043360433604336 0.60790273556231 0.6023035230352304 0.648936170212766 0.6023035230352304 0.7203647416413373 0.6053523035230353 0.7743161094224924
21 0.630420054200542 0.7917933130699089 0.6189024390243902 0.7659574468085106 0.6053523035230353 0.6747720364741642 0.603319783197832 0.60790273556231 0.5985772357723578 0.5790273556231003 0.627710027100271 0.5835866261398176 0.6429539295392954 0.5858662613981763 0.6507452574525745 0.6398176291793313 0.6548102981029811 0.7272036474164134 0.6565040650406504 0.776595744680851
22 0.6829268292682927 0.7857142857142857 0.690379403794038 0.7743161094224924 0.6954607046070461 0.7249240121580547 0.6808943089430894 0.6291793313069909 0.6778455284552846 0.5775075987841946 0.6565040650406504 0.5965045592705167 0.6507452574525745 0.6291793313069909 0.6507452574525745 0.6838905775075987 0.6595528455284553 0.7332826747720365 0.6663279132791328 0.7895136778115501 0.674119241192412 0.8047112462006079
24 0.513550135501355 0.8009118541033434 0.5037262872628726 0.7788753799392097 0.502710027100271 0.7462006079027356 0.5006775067750677 0.6770516717325228 0.49898373983739835 0.6291793313069909 0.4969512195121951 0.5927051671732523 0.49220867208672087 0.5790273556231003 0.48136856368563685 0.5987841945288754 0.4834010840108401 0.6337386018237082 0.48712737127371275 0.6945288753799392 0.48814363143631434 0.7355623100303952 0.4969512195121951 0.7879939209726444
25 0.48814363143631434 0.7310030395136778 0.49017615176151763 0.7834346504559271 0.49017615176151763 0.7530395136778115 0.48441734417344173 0.6983282674772037 0.48136856368563685 0.6314589665653495 0.4766260162601626 0.581306990881459 0.4678184281842818 0.5729483282674772 0.46104336043360433 0.5987841945288754 0.46680216802168023 0.6572948328267477 0.47289972899729 0.7249240121580547 0.4834010840108401 0.7682370820668692 0.49220867208672087 0.7940729483282675
26 0.46680216802168023 0.8115501519756839 0.46680216802168023 0.7591185410334347 0.46680216802168023 0.6724924012158054 0.46680216802168023 0.6139817629179332 0.4532520325203252 0.5775075987841946 0.44173441734417346 0.6162613981762918 0.44173441734417346 0.6838905775075987 0.4437669376693767 0.7811550151975684 0.4474932249322493 0.831306990881459
27 0.42242547425474253 0.7917933130699089 0.4261517615176152 0.7462006079027356 0.4203929539295393 0.6968085106382979 0.4166666666666667 0.6337386018237082 0.42242547425474253 0.5965045592705167 0.4380081300813008 0.6246200607902735 0.44850948509485095 0.7287234042553191 0.45257452574525747 0.8115501519756839 0.44275067750677505 0.8571428571428571 0.4312330623306233 0.8396656534954408 0.4271680216802168 0.8115501519756839
28 0.4109078590785908 0.7963525835866262 0.4176829268292683 0.743920972644377 0.4234417344173442 0.6641337386018237 0.4254742547425474 0.601063829787234 0.40887533875338755 0.5790273556231003 0.4000677506775068 0.6162613981762918 0.3983739837398374 0.7310030395136778 0.39735772357723576 0.7613981762917933 0.4000677506775068 0.8092705167173252
29 0.3790650406504065 0.7857142857142857 0.3838075880758808 0.770516717325228 0.3915989159891599 0.71580547112462 0.3983739837398374 0.6382978723404256 0.39939024390243905 0.6056231003039514 0.37974254742547425 0.5942249240121581 0.3712737127371274 0.6139817629179332 0.3661924119241192 0.6512158054711246 0.358739837398374 0.6838905775075987 0.34789972899729 0.7401215805471124 0.35196476964769646 0.776595744680851
30 0.3313008130081301 0.770516717325228 0.34010840108401086 0.7462006079027356 0.35196476964769646 0.7135258358662614 0.36348238482384826 0.6793313069908815 0.3682249322493225 0.6291793313069909 0.35264227642276424 0.5942249240121581 0.3255420054200542 0.6117021276595744 0.3228319783197832 0.6534954407294833 0.3187669376693767 0.7272036474164134 0.3170731707317073 0.776595744680851