0 0.494546693933197 0.513677811550152 0.49352419904567146 0.2439209726443769 0.4645535105657805 0.256838905775076 0.46353101567825494 0.41793313069908816 0.4604635310156783 0.506838905775076
1 0.4604635310156783 0.5022796352583586 0.4645535105657805 0.4133738601823708 0.4645535105657805 0.24848024316109424 0.44103612815269255 0.26367781155015196 0.440013633265167 0.49848024316109424
2 0.440013633265167 0.5007598784194529 0.4389911383776414 0.2135258358662614 0.412747102931152 0.21580547112462006 0.4158145875937287 0.2986322188449848 0.4117246080436264 0.4870820668693009
3 0.4117246080436264 0.4848024316109423 0.4263803680981595 0.42401215805471126 0.4226312201772324 0.21580547112462006 0.39536468984321743 0.21808510638297873 0.39536468984321743 0.34422492401215804 0.38070892978868437 0.46580547112462006
5 0.36503067484662577 0.2872340425531915 0.3837764144512611 0.4376899696048632 0.38070892978868437 0.4696048632218845 0.33094751192910704 0.4566869300911854 0.3377641445126108 0.24848024316109424 0.3660531697341513 0.24620060790273557
6 0.3319700068166326 0.24012158054711247 0.3340149965916837 0.45440729483282677 0.28050443081117926 0.44148936170212766 0.2989093387866394 0.22872340425531915
8 0.49352419904567146 0.24012158054711247 0.49761417859577367 0.513677811550152 0.5296523517382413 0.506838905775076 0.5228357191547376 0.23556231003039513
9 0.5248807089297887 0.2378419452887538 0.5306748466257669 0.506838905775076 0.5541922290388548 0.48936170212765956 0.5579413769597819 0.2074468085106383
10 0.5548738922972052 0.49164133738601823 0.5589638718473074 0.20288753799392098 0.5957736877982277 0.21124620060790272 0.5930470347648262 0.33282674772036475 0.5852079072937969 0.46808510638297873
11 0.5920245398773006 0.48328267477203646 0.5804362644853442 0.45288753799392095 0.5957736877982277 0.20288753799392098 0.6172460804362645 0.21808510638297873 0.6134969325153374 0.4635258358662614
12 0.6124744376278118 0.4612462006079027 0.6172460804362645 0.22036474164133737 0.6428084526244036 0.23328267477203649 0.6387184730743013 0.45440729483282677
13 0.6397409679618269 0.45440729483282677 0.643490115882754 0.21580547112462006 0.6775732788002726 0.24012158054711247 0.6874573960463531 0.44832826747720367
14 0.6864349011588275 0.44376899696048633 0.6785957736877982 0.37462006079027355 0.6796182685753238 0.24164133738601823 0.710974778459441 0.24012158054711247 0.7263122017723245 0.42021276595744683
15 0.7409679618268575 0.43541033434650456 0.7283571915473755 0.42021276595744683 0.7068847989093388 0.24012158054711247 0.7430129516019086 0.21580547112462006 0.7750511247443763 0.385258358662614
16 0.4809134287661895 0.5174772036474165 0.47716428084526247 0.7697568389057751 0.5044308111792775 0.7697568389057751 0.5034083162917519 0.5174772036474165
17 0.5023858214042263 0.5159574468085106 0.5044308111792775 0.7629179331306991 0.5374914792092707 0.7606382978723404 0.5337423312883436 0.6071428571428571 0.5170415814587593 0.513677811550152
18 0.5190865712338105 0.5174772036474165 0.5306748466257669 0.6200607902735562 0.5374914792092707 0.7629179331306991 0.5579413769597819 0.7583586626139818 0.5558963871847308 0.621580547112462 0.5453306066803 0.5022796352583586
19 0.5443081117927744 0.5007598784194529 0.5558963871847308 0.6306990881458967 0.5610088616223585 0.756838905775076 0.601908657123381 0.7477203647416414 0.5783912747102932 0.5592705167173252 0.5668029993183368 0.4848024316109423
20 0.5678254942058623 0.49848024316109424 0.5821404226312201 0.5896656534954408 0.5978186775732788 0.7150455927051672 0.6240627130197682 0.7044072948328267 0.6134969325153374 0.567629179331307 0.591002044989775 0.47416413373860183
21 0.5920245398773006 0.4764437689969605 0.6134969325153374 0.5699088145896657 0.6281526925698705 0.7150455927051672 0.6486025903203817 0.689209726443769 0.6376959781867757 0.5372340425531915 0.6230402181322426 0.46580547112462006
22 0.6213360599863668 0.4635258358662614 0.6397409679618269 0.5417933130699089 0.6486025903203817 0.6975683890577508 0.6942740286298569 0.6390577507598785 0.6775732788002726 0.5045592705167173 0.6758691206543967 0.4506079027355623
23 0.6748466257668712 0.4506079027355623 0.6758691206543967 0.5091185410334347 0.712678936605317 0.648176291793313 0.7556237218813906 0.5934650455927052 0.7293796864349011 0.42249240121580545
24 0.48193592365371507 0.5091185410334347 0.47920927062031354 0.7629179331306991 0.4546693933197001 0.7545592705167173 0.4604635310156783 0.5045592705167173
25 0.45773687798227675 0.5113981762917933 0.4536468984321745 0.756838905775076 0.4263803680981595 0.7454407294832827 0.4383094751192911 0.5007598784194529
26 0.4441036128152693 0.5395136778115501 0.4168370824812543 0.7279635258358662 0.39740967961826856 0.7112462006079028 0.4178595773687798 0.49620060790273557 0.44103612815269255 0.5091185410334347
27 0.423653715064758 0.5243161094224924 0.40899795501022496 0.574468085106383 0.3933197000681663 0.7218844984802432 0.36912065439672803 0.6960486322188449 0.38479890933878663 0.5417933130699089 0.3943421949556919 0.4764437689969605 0.423653715064758 0.49164133738601823
28 0.39843217450579416 0.5007598784194529 0.3827539195637355 0.5463525835866262 0.36025903203817317 0.6869300911854104 0.3214042263122018 0.6633738601823708 0.33605998636673484 0.5349544072948328 0.3428766189502386 0.46580547112462006 0.37389229720518063 0.4696048632218845
29 0.35241990456714384 0.4848024316109423 0.3387866394001363 0.5243161094224924 0.2989093387866394 0.6846504559270516 0.2668711656441718 0.6458966565349544 0.2842535787321063 0.49848024316109424 0.2951601908657123 0.44376899696048633 0.3398091342876619 0.45896656534954405
30 0.29209270620313565 0.44148936170212766 0.261758691206544 0.6352583586626139 0.2229038854805726 0.5934650455927052 0.23755964553510567 0.4072948328267477