0 0.5054719562243503 0.3123100303951368 0.5023939808481532 0.5501519756838906 0.47093023255813954 0.5372340425531915 0.47606019151846785 0.48328267477203646 0.47606019151846785 0.4399696048632219 0.4798221614227086 0.3890577507598784 0.47537619699042405 0.3100303951367781 0.47571819425444595 0.2925531914893617 0.5075239398084815 0.2917933130699088
1 0.47093023255813954 0.5326747720364742 0.4521203830369357 0.5288753799392097 0.4531463748290014 0.493161094224924 0.4548563611491108 0.46808510638297873 0.45656634746922026 0.425531914893617 0.4531463748290014 0.29103343465045595 0.478796169630643 0.28799392097264437 0.4777701778385773 0.3366261398176292 0.4781121751025992 0.38753799392097266 0.47606019151846785 0.44756838905775076
2 0.4524623803009576 0.53419452887538 0.4261285909712722 0.5387537993920972 0.429890560875513 0.5182370820668692 0.4274965800273598 0.4642857142857143 0.4165526675786594 0.27583586626139817 0.4531463748290014 0.2689969604863222 0.45554035567715456 0.425531914893617 0.454172366621067 0.4825227963525836 0.4521203830369357 0.5182370820668692
3 0.4052667578659371 0.2735562310030395 0.4278385772913817 0.4696048632218845 0.42954856361149113 0.5349544072948328 0.38919288645690836 0.5296352583586627 0.3905608755129959 0.44376899696048633 0.3751709986320109 0.28419452887537994
8 0.506155950752394 0.29559270516717323 0.5020519835841313 0.5547112462006079 0.5331737346101231 0.5531914893617021 0.530437756497948 0.47720364741641336 0.5331737346101231 0.2933130699088146
9 0.5338577291381669 0.2925531914893617 0.5297537619699042 0.493161094224924 0.5321477428180574 0.5516717325227963 0.5530095759233926 0.5440729483282675 0.5533515731874145 0.506838905775076 0.5506155950752394 0.47416413373860183 0.5557455540355677 0.303951367781155
16 0.49008207934336523 0.5691489361702128 0.49247606019151846 0.8145896656534954 0.512311901504788 0.8130699088145896 0.5095759233926128 0.601063829787234 0.5106019151846786 0.5630699088145896
17 0.5112859097127223 0.5623100303951368 0.5102599179206566 0.6041033434650456 0.5112859097127223 0.8130699088145896 0.5362517099863201 0.8069908814589666 0.5290697674418605 0.6603343465045592 0.5314637482900136 0.6003039513677811 0.5338577291381669 0.5638297872340425
19 0.533515731874145 0.5645896656534954 0.5311217510259918 0.6063829787234043 0.5287277701778386 0.6580547112462006 0.5352257181942545 0.8100303951367781 0.5571135430916553 0.8047112462006079 0.5530095759233926 0.7059270516717325 0.5560875512995896 0.6261398176291794 0.5571135430916553 0.5790273556231003
20 0.5574555403556771 0.5797872340425532 0.554719562243502 0.6291793313069909 0.551641586867305 0.7059270516717325 0.5550615595075239 0.8039513677811551 0.5697674418604651 0.8047112462006079 0.5752393980848153 0.6580547112462006 0.5783173734610123 0.6390577507598785 0.5752393980848153 0.587386018237082
21 0.5755813953488372 0.581306990881459 0.5748974008207934 0.6162613981762918 0.5800273597811217 0.648936170212766 0.5735294117647058 0.8016717325227963 0.6108071135430917 0.8016717325227963 0.6022571819425444 0.6603343465045592 0.603967168262654 0.6413373860182371 0.6025991792065664 0.5790273556231003
22 0.6306429548563611 0.5889057750759878 0.6679206566347469 0.5600303951367781 0.6774965800273598 0.5866261398176292 0.7202462380300958 0.7887537993920972 0.6751025991792066 0.8328267477203647 0.6354309165526676 0.6603343465045592 0.6330369357045144 0.6405775075987842
24 0.49008207934336523 0.5683890577507599 0.49281805745554036 0.8161094224924013 0.469562243502052 0.8115501519756839 0.47127222982216144 0.682370820668693 0.46990424076607384 0.5729483282674772
25 0.4476744186046512 0.5721884498480243 0.46990424076607384 0.5737082066869301 0.47024623803009574 0.810790273556231 0.4521203830369357 0.8062310030395137 0.4545143638850889 0.6724924012158054 0.4545143638850889 0.6306990881458967
26 0.42305061559507523 0.5752279635258358 0.4469904240766074 0.5721884498480243 0.4545143638850889 0.6322188449848024 0.45109439124487005 0.8389057750759878 0.42476060191518467 0.8389057750759878
28 0.4179206566347469 0.5759878419452887 0.4059507523939809 0.8799392097264438 0.37209302325581395 0.8662613981762918 0.3820109439124487 0.6382978723404256 0.3847469220246238 0.6352583586626139 0.3898768809849521 0.5820668693009119
30 0.32421340629274964 0.541033434650456 0.256155950752394 0.729483282674772 0.3064295485636115 0.8221884498480243 0.3543091655266758 0.6595744680851063 0.3546511627906977 0.6443768996960486 0.3590971272229822 0.6390577507598785 0.36730506155950754 0.5661094224924013
14 0.655266757865937 0.34194528875379937 0.6227770177838577 0.479483282674772 0.6268809849521204 0.5357142857142857 0.6668946648426812 0.5349544072948328 0.6764705882352942 0.4939209726443769 0.6966484268125855 0.33814589665653494
10 0.5615595075239398 0.29407294832826747 0.5495896032831737 0.4635258358662614 0.5506155950752394 0.4939209726443769 0.5512995896032832 0.5144376899696048 0.5543775649794802 0.5349544072948328 0.561217510259918 0.5455927051671733 0.5649794801641587 0.5455927051671733 0.570109439124487 0.5387537993920972 0.5735294117647058 0.5349544072948328 0.5742134062927496 0.5235562310030395 0.5783173734610123 0.46048632218844987 0.5772913816689467 0.303951367781155
12 0.6186730506155951 0.3161094224924012 0.6210670314637483 0.47796352583586627 0.6238030095759234 0.5007598784194529 0.6214090287277702 0.5212765957446809 0.6169630642954856 0.5326747720364742 0.6060191518467852 0.5387537993920972 0.6025991792065664 0.5326747720364742 0.5991792065663475 0.5235562310030395 0.5961012311901505 0.5129179331306991 0.5937072503419972 0.5037993920972644 0.5926812585499316 0.48556231003039513 0.5930232558139535 0.46656534954407297 0.594733242134063 0.31155015197568386 0.6142270861833106 0.30319148936170215
11 0.5926812585499316 0.30775075987841943 0.5940492476060192 0.4756838905775076 0.5957592339261286 0.4878419452887538 0.5971272229822161 0.49772036474164133 0.5981532147742818 0.5098784194528876 0.5981532147742818 0.5220364741641338 0.5964432284541724 0.5326747720364742 0.5933652530779754 0.5433130699088146 0.5885772913816689 0.547112462006079 0.5844733242134063 0.5455927051671733 0.5800273597811217 0.5379939209726444 0.5769493844049247 0.5303951367781155 0.5759233926128591 0.5243161094224924 0.5738714090287278 0.5106382978723404 0.5752393980848153 0.4886018237082067 0.5769493844049247 0.46656534954407297 0.5783173734610123 0.30319148936170215