8 0.5223152022315202 0.4434840425531915 0.5251046025104602 0.569813829787234 0.5732217573221757 0.5724734042553191 0.5697350069735007 0.5152925531914894 0.5728730822873083 0.44680851063829785 0.5829846582984658 0.29720744680851063 0.544281729428173 0.29853723404255317
0 0.5251046025104602 0.5691489361702128 0.5223152022315202 0.4428191489361702 0.497907949790795 0.28125 0.4585076708507671 0.300531914893617 0.4787308228730823 0.4640957446808511 0.48361227336122736 0.567154255319149
1 0.4825662482566248 0.5511968085106383 0.4794281729428173 0.4640957446808511 0.4571129707112971 0.2912234042553192 0.42642956764295675 0.3178191489361702 0.43444909344490934 0.34242021276595747 0.4389818688981869 0.3670212765957447 0.4445606694560669 0.4308510638297872 0.4511854951185495 0.48603723404255317 0.4504881450488145 0.5026595744680851 0.451534170153417 0.5172872340425532 0.452231520223152 0.5418882978723404 0.45327754532775455 0.5565159574468085
2 0.4222454672245467 0.2839095744680851 0.4361924686192469 0.34175531914893614 0.4435146443514644 0.42220744680851063 0.4511854951185495 0.48470744680851063 0.4504881450488145 0.5026595744680851 0.451534170153417 0.5179521276595744 0.4525801952580195 0.543218085106383 0.4504881450488145 0.5485372340425532 0.41527196652719667 0.5485372340425532 0.4177126917712692 0.507313829787234 0.41701534170153415 0.46742021276595747 0.4100418410041841 0.39029255319148937 0.39400278940027894 0.28856382978723405
3 0.38737796373779637 0.5332446808510638 0.4201534170153417 0.5212765957446809 0.41841004184100417 0.5039893617021277 0.42398884239888424 0.4953457446808511 0.4215481171548117 0.46675531914893614 0.38947001394700137 0.331781914893617 0.3821478382147838 0.3038563829787234 0.3647140864714086 0.3204787234042553 0.37308228730822873 0.394281914893617 0.3852859135285914 0.4740691489361702 0.38284518828451886 0.48736702127659576 0.38389121338912136 0.4966755319148936 0.38458856345885634 0.504654255319149 0.38598326359832635 0.5099734042553191 0.3877266387726639 0.5206117021276596
4 0.35599721059972106 0.538563829787234 0.3887726638772664 0.535904255319149 0.38947001394700137 0.49933510638297873 0.38493723849372385 0.47007978723404253 0.3647140864714086 0.33111702127659576 0.3608786610878661 0.3151595744680851 0.3396094839609484 0.3351063829787234 0.349721059972106 0.45811170212765956 0.3514644351464435 0.4966755319148936 0.353207810320781 0.5186170212765957
5 0.2914923291492329 0.5319148936170213 0.3542538354253835 0.5378989361702128 0.348326359832636 0.43550531914893614 0.3392608089260809 0.2865691489361702 0.3082287308228731 0.2872340425531915 0.3064853556485356 0.4015957446808511 0.29916317991631797 0.4800531914893617 0.2988145048814505 0.507313829787234
6 0.23744769874476987 0.4800531914893617 0.252092050209205 0.5006648936170213 0.26778242677824265 0.5139627659574468 0.28451882845188287 0.5219414893617021 0.299860529986053 0.5186170212765957 0.2995118549511855 0.480718085106383 0.30613668061366806 0.39893617021276595 0.3078800557880056 0.3125 0.30509065550906556 0.26263297872340424 0.303347280334728 0.22872340425531915 0.27615062761506276 0.2300531914893617 0.27475592747559274 0.31648936170212766 0.27370990237099024 0.3523936170212766 0.27370990237099024 0.3803191489361702 0.26673640167364016 0.40824468085106386 0.25174337517433754 0.4441489361702128
7 0.25592747559274753 0.23736702127659576 0.2744072524407252 0.3158244680851064 0.27405857740585776 0.35106382978723405 0.27370990237099024 0.3809840425531915 0.2660390516039052 0.4122340425531915 0.252092050209205 0.4441489361702128 0.23396094839609485 0.4474734042553192 0.22280334728033474 0.38231382978723405 0.22140864714086472 0.3171542553191489 0.2193165969316597 0.24933510638297873
9 0.5690376569037657 0.5372340425531915 0.5770571827057183 0.5452127659574468 0.5934449093444909 0.5445478723404256 0.604602510460251 0.5392287234042553 0.6035564853556485 0.504654255319149 0.604602510460251 0.4734042553191489 0.6143654114365411 0.293218085106383 0.5854253835425384 0.2925531914893617 0.5711297071129707 0.48736702127659576 0.5693863319386332 0.5146276595744681
10 0.6032078103207811 0.504654255319149 0.6014644351464435 0.5478723404255319 0.6387726638772664 0.5538563829787234 0.6401673640167364 0.5126329787234043 0.6440027894002789 0.4660904255319149 0.6534170153417015 0.2599734042553192 0.6199442119944212 0.2646276595744681 0.604602510460251 0.47273936170212766
11 0.6548117154811716 0.30518617021276595 0.6419107391910739 0.4740691489361702 0.6370292887029289 0.4940159574468085 0.6370292887029289 0.5059840425531915 0.6394700139470014 0.5159574468085106 0.641213389121339 0.5405585106382979 0.6673640167364017 0.5465425531914894 0.6771269177126917 0.523936170212766 0.6743375174337517 0.5079787234042553 0.6743375174337517 0.49268617021276595 0.6792189679218968 0.3058510638297872
12 0.6813110181311018 0.3045212765957447 0.6739888423988842 0.49268617021276595 0.6739888423988842 0.5086436170212766 0.6774755927475593 0.5246010638297872 0.6802649930264993 0.5372340425531915 0.7151324965132496 0.5345744680851063 0.7095536959553695 0.5186170212765957 0.7050209205020921 0.5059840425531915 0.7050209205020921 0.4886968085106383 0.7053695955369595 0.47074468085106386 0.7095536959553695 0.4587765957446808 0.7109483960948396 0.2992021276595745 0.6827057182705718 0.29055851063829785
13 0.7151324965132496 0.5339095744680851 0.7092050209205021 0.5186170212765957 0.7050209205020921 0.5059840425531915 0.7050209205020921 0.488031914893617 0.7050209205020921 0.47074468085106386 0.7095536959553695 0.4574468085106383 0.7133891213389121 0.26263297872340424 0.75139470013947 0.27393617021276595 0.7534867503486751 0.4541223404255319 0.7566248256624826 0.46742021276595747 0.7576708507670851 0.4787234042553192 0.7587168758716876 0.4920212765957447 0.7555788005578801 0.5319148936170213
14 0.7573221757322176 0.47805851063829785 0.7583682008368201 0.4973404255319149 0.7597629009762901 0.5259308510638298 0.7855648535564853 0.5219414893617021 0.8179916317991632 0.4953457446808511 0.795676429567643 0.40558510638297873 0.7883542538354253 0.40824468085106386 0.7831241283124128 0.40226063829787234 0.7778940027894002 0.3809840425531915 0.7778940027894002 0.3663563829787234 0.7744072524407253 0.3537234042553192 0.7761506276150628 0.34441489361702127 0.7744072524407253 0.32513297872340424 0.7702231520223152 0.2785904255319149 0.7517433751743375 0.28125 0.7531380753138075 0.4275265957446808 0.7538354253835425 0.45478723404255317 0.7566248256624826 0.46742021276595747
15 0.7702231520223152 0.2779255319148936 0.7740585774058577 0.324468085106383 0.7758019525801952 0.34507978723404253 0.7744072524407253 0.35438829787234044 0.7775453277545328 0.3670212765957447 0.7775453277545328 0.3809840425531915 0.7803347280334728 0.39561170212765956 0.7859135285913529 0.4089095744680851 0.7925383542538355 0.41888297872340424 0.849023709902371 0.4035904255319149 0.8385634588563459 0.2127659574468085 0.7670850767085077 0.23803191489361702
16 0.5191771269177127 0.5910904255319149 0.5184797768479776 0.6402925531914894 0.5251046025104602 0.7905585106382979 0.5599721059972106 0.7865691489361702 0.5519525801952581 0.6283244680851063 0.5516039051603905 0.598404255319149
17 0.5467224546722455 0.5884308510638298 0.551255230125523 0.5977393617021277 0.5519525801952581 0.629654255319149 0.5585774058577406 0.836436170212766 0.6014644351464435 0.8284574468085106 0.5864714086471409 0.6788563829787234 0.5868200836820083 0.620345744680851 0.5805439330543933 0.5691489361702128
18 0.5868200836820083 0.5897606382978723 0.5861227336122734 0.6589095744680851 0.5864714086471409 0.699468085106383 0.6108786610878661 0.8683510638297872 0.6739888423988842 0.8337765957446809 0.6408647140864714 0.6775265957446809 0.6359832635983264 0.6529255319148937 0.6129707112970711 0.5731382978723404
19 0.6241283124128313 0.5904255319148937 0.6304044630404463 0.636968085106383 0.6359832635983264 0.6535904255319149 0.6408647140864714 0.6781914893617021 0.6478382147838215 0.7101063829787234 0.6743375174337517 0.8643617021276596 0.7144351464435147 0.8417553191489362 0.691771269177127 0.7872340425531915 0.6708507670850767 0.6396276595744681 0.6666666666666666 0.613031914893617 0.6576011157601116 0.5757978723404256
20 0.6607391910739191 0.5791223404255319 0.6652719665271967 0.6090425531914894 0.6680613668061367 0.620345744680851 0.702928870292887 0.8577127659574468 0.7437238493723849 0.8324468085106383 0.7144351464435147 0.6382978723404256 0.706415620641562 0.6063829787234043 0.7046722454672245 0.5684840425531915
21 0.704323570432357 0.5678191489361702 0.706415620641562 0.605718085106383 0.7147838214783822 0.6396276595744681 0.7423291492329149 0.817154255319149 0.8099721059972106 0.7752659574468085 0.7698744769874477 0.6110372340425532 0.7625523012552301 0.5558510638297872
22 0.7625523012552301 0.5545212765957447 0.7705718270571827 0.613031914893617 0.8145048814504882 0.7912234042553191 0.8727336122733612 0.7360372340425532 0.8291492329149233 0.660904255319149 0.8232217573221757 0.6416223404255319 0.8253138075313807 0.6349734042553191 0.8232217573221757 0.617686170212766 0.8294979079497908 0.6063829787234043 0.8281032078103208 0.5618351063829787 0.8124128312412832 0.5299202127659575
23 0.8294979079497908 0.605718085106383 0.8232217573221757 0.617686170212766 0.8249651324965133 0.6349734042553191 0.8232217573221757 0.6416223404255319 0.8291492329149233 0.660904255319149 0.851813110181311 0.7001329787234043 0.895397489539749 0.7087765957446809 0.9107391910739191 0.6914893617021277 0.900976290097629 0.5472074468085106 0.8281032078103208 0.5605053191489362
24 0.5191771269177127 0.5884308510638298 0.48430962343096234 0.5851063829787234 0.4825662482566248 0.6881648936170213 0.4829149232914923 0.8131648936170213 0.5223152022315202 0.8091755319148937 0.5177824267782427 0.6409574468085106
25 0.4476987447698745 0.5784574468085106 0.4850069735006973 0.581781914893617 0.4829149232914923 0.6901595744680851 0.48221757322175735 0.8178191489361702 0.451534170153417 0.8131648936170213 0.4560669456066946 0.7007978723404256 0.448744769874477 0.636968085106383
26 0.41596931659693165 0.5711436170212766 0.4435146443514644 0.5704787234042553 0.44735006973500696 0.5777925531914894 0.44839609483960946 0.6356382978723404 0.45571827057182707 0.7007978723404256 0.45083682008368203 0.8125 0.42503486750348674 0.9222074468085106 0.3831938633193863 0.9049202127659575 0.3807531380753138 0.8238031914893617 0.3971408647140865 0.7513297872340425 0.40446304044630405 0.6981382978723404 0.41562064156206413 0.6276595744680851 0.41736401673640167 0.5970744680851063
27 0.3776150627615063 0.5585106382978723 0.41701534170153415 0.5664893617021277 0.41631799163179917 0.5724734042553191 0.41736401673640167 0.598404255319149 0.41527196652719667 0.6283244680851063 0.40446304044630405 0.699468085106383 0.3999302649930265 0.7313829787234043 0.3971408647140865 0.7526595744680851 0.38737796373779637 0.7965425531914894 0.3866806136680614 0.8277925531914894 0.38389121338912136 0.8550531914893617 0.3612273361227336 0.8643617021276596 0.3514644351464435 0.8311170212765957 0.3622733612273361 0.7832446808510638 0.3678521617852162 0.745345744680851 0.37656903765690375 0.6223404255319149
28 0.3333333333333333 0.5651595744680851 0.3772663877266388 0.5731382978723404 0.3772663877266388 0.6077127659574468 0.36366806136680613 0.7898936170212766 0.35599721059972106 0.851063829787234 0.3068340306834031 0.8277925531914894
30 0.2914923291492329 0.5418882978723404 0.32810320781032076 0.5897606382978723 0.3291492329149233 0.6123670212765957 0.32357043235704325 0.6449468085106383 0.2482566248256625 0.7679521276595744 0.2405857740585774 0.7785904255319149 0.21269177126917713 0.7300531914893617 0.2649930264993027 0.6216755319148937 0.2712691771269177 0.5924202127659575 0.2754532775453278 0.5591755319148937
31 0.23186889818688983 0.5212765957446809 0.2744072524407252 0.5711436170212766 0.2719665271966527 0.5877659574468085 0.2681311018131102 0.6083776595744681 0.26464435146443516 0.6243351063829787 0.21164574616457463 0.7340425531914894 0.1698047419804742 0.6469414893617021