0 0.46246458923512745 0.32142857142857145 0.45963172804532576 0.4209726443768997 0.4536118980169972 0.5098784194528876 0.4585694050991501 0.5326747720364742 0.4773371104815864 0.5243161094224924 0.49291784702549574 0.5113981762917933 0.49291784702549574 0.4756838905775076 0.49291784702549574 0.4338905775075988 0.49291784702549574 0.38069908814589665 0.49291784702549574 0.3366261398176292 0.49291784702549574 0.3009118541033435
1 0.4348441926345609 0.3130699088145897 0.43307365439093487 0.37462006079027355 0.4259915014164306 0.44452887537993924 0.42209631728045327 0.49240121580547114 0.43201133144475923 0.5303951367781155 0.45254957507082155 0.5326747720364742 0.4635269121813031 0.4992401215805471 0.45963172804532576 0.45440729483282677 0.4585694050991501 0.3829787234042553 0.4546742209631728 0.33206686930091184 0.4546742209631728 0.31155015197568386
2 0.40828611898017 0.31990881458966564 0.4026203966005666 0.3662613981762918 0.4026203966005666 0.40425531914893614 0.39872521246458925 0.446048632218845 0.39872521246458925 0.4756838905775076 0.40155807365439095 0.5098784194528876 0.41324362606232296 0.5075987841945289 0.4231586402266289 0.4908814589665654 0.4302407932011331 0.4734042553191489 0.4302407932011331 0.45288753799392095 0.4252832861189802 0.38069908814589665 0.42705382436260625 0.3047112462006079 0.4171388101983003 0.29635258358662614
3 0.3838526912181303 0.32142857142857145 0.3810198300283286 0.38069908814589665 0.37889518413597734 0.41033434650455924 0.37889518413597734 0.44452887537993924 0.379957507082153 0.4825227963525836 0.38172804532577903 0.5326747720364742 0.38774787535410765 0.5455927051671733 0.4026203966005666 0.5516717325227963 0.41324362606232296 0.5433130699088146 0.41820113314447593 0.5288753799392097 0.4164305949008499 0.4756838905775076 0.41324362606232296 0.45896656534954405 0.41041076487252126 0.43541033434650456 0.4054532577903683 0.38753799392097266 0.4026203966005666 0.30927051671732525
4 0.3495042492917847 0.35106382978723405 0.3523371104815864 0.41641337386018235 0.3523371104815864 0.45288753799392095 0.3523371104815864 0.4886018237082067 0.35056657223796034 0.5159574468085106 0.35056657223796034 0.541033434650456 0.35729461756373937 0.5585106382978723 0.3721671388101983 0.5585106382978723 0.379957507082153 0.5539513677811551 0.3888101983002833 0.5349544072948328 0.39058073654390935 0.5015197568389058 0.38987252124645894 0.4756838905775076 0.38987252124645894 0.446048632218845 0.38172804532577903 0.38753799392097266 0.37606232294617564 0.3700607902735562 0.37110481586402266 0.32370820668693007
5 0.30913597733711046 0.33890577507598785 0.3101983002832861 0.3829787234042553 0.3119688385269122 0.4338905775075988 0.31090651558073656 0.47796352583586627 0.30807365439093487 0.5288753799392097 0.3119688385269122 0.5455927051671733 0.3296742209631728 0.5455927051671733 0.35056657223796034 0.541033434650456 0.3611898016997167 0.5243161094224924 0.3611898016997167 0.4908814589665654 0.358356940509915 0.446048632218845 0.35339943342776203 0.41641337386018235 0.34560906515580736 0.37462006079027355 0.34171388101983 0.35106382978723405 0.33958923512747874 0.3305471124620061
6 0.27655807365439095 0.3305471124620061 0.2747875354107649 0.3639817629179331 0.27089235127478756 0.3958966565349544 0.2638101983002833 0.4316109422492401 0.2560198300283286 0.4756838905775076 0.2588526912181303 0.513677811550152 0.2687677053824363 0.5182370820668692 0.29036827195467424 0.541033434650456 0.3013456090651558 0.541033434650456 0.30913597733711046 0.520516717325228 0.3101983002832861 0.4825227963525836 0.31090651558073656 0.44224924012158057 0.31409348441926344 0.40197568389057753 0.31409348441926344 0.3662613981762918 0.3130311614730878 0.3495440729483283 0.3101983002832861 0.32142857142857145 0.29320113314447593 0.31762917933130697
7 0.24114730878186968 0.29027355623100304 0.2273371104815864 0.33890577507598785 0.221671388101983 0.3700607902735562 0.221671388101983 0.40197568389057753 0.2273371104815864 0.4316109422492401 0.2521246458923513 0.4316109422492401 0.25991501416430596 0.40805471124620063 0.25991501416430596 0.3768996960486322 0.2609773371104816 0.3282674772036474 0.2659348441926346 0.3047112462006079
8 0.5049575070821529 0.30243161094224924 0.4978753541076487 0.34498480243161095 0.4978753541076487 0.38069908814589665 0.49610481586402266 0.418693009118541 0.49610481586402266 0.45440729483282677 0.4939801699716714 0.4946808510638298 0.495042492917847 0.5182370820668692 0.5138101983002833 0.5220364741641338 0.5322237960339944 0.5182370820668692 0.5322237960339944 0.4756838905775076 0.5354107648725213 0.43541033434650456 0.5343484419263456 0.3662613981762918 0.5343484419263456 0.32142857142857145 0.5354107648725213 0.29407294832826747
9 0.5492209631728046 0.3047112462006079 0.5382436260623229 0.3472644376899696 0.5403682719546742 0.39969604863221886 0.5371813031161473 0.43541033434650456 0.5371813031161473 0.4612462006079027 0.5354107648725213 0.4825227963525836 0.5371813031161473 0.5220364741641338 0.5541784702549575 0.5243161094224924 0.5648016997167139 0.5015197568389058 0.5648016997167139 0.4696048632218845 0.5697592067988668 0.4209726443768997 0.5686968838526912 0.39361702127659576 0.5648016997167139 0.3343465045592705 0.5676345609065155 0.2857142857142857 0.5481586402266289 0.2750759878419453
10 0.5775495750708215 0.31534954407294835 0.5747167138810199 0.38069908814589665 0.5718838526912181 0.425531914893617 0.5725920679886686 0.4734042553191489 0.5775495750708215 0.5075987841945289 0.5864022662889519 0.5220364741641338 0.5952549575070821 0.5220364741641338 0.6072946175637394 0.5053191489361702 0.6090651558073654 0.4756838905775076 0.6101274787535411 0.4399696048632219 0.6072946175637394 0.39969604863221886 0.6072946175637394 0.35106382978723405 0.6072946175637394 0.3130699088145897 0.6090651558073654 0.2986322188449848 0.6002124645892352 0.2773556231003039 0.5796742209631728 0.28343465045592703
11 0.6161473087818697 0.3282674772036474 0.615084985835694 0.3723404255319149 0.6140226628895185 0.41033434650455924 0.6118980169971672 0.45288753799392095 0.6101274787535411 0.4886018237082067 0.6023371104815864 0.5053191489361702 0.5973796033994334 0.526595744680851 0.6080028328611898 0.541033434650456 0.6189801699716714 0.5455927051671733 0.6288951841359773 0.541033434650456 0.6455382436260623 0.5015197568389058 0.6427053824362606 0.46504559270516715 0.6427053824362606 0.425531914893617 0.6444759206798867 0.385258358662614 0.648371104815864 0.3594224924012158 0.646600566572238 0.3427051671732523 0.6338526912181303 0.32598784194528874 0.6278328611898017 0.31534954407294835
12 0.6444759206798867 0.3617021276595745 0.6427053824362606 0.3913373860182371 0.6384560906515581 0.4338905775075988 0.6384560906515581 0.45896656534954405 0.636685552407932 0.4908814589665654 0.6356232294617564 0.5220364741641338 0.6384560906515581 0.5600303951367781 0.65828611898017 0.5600303951367781 0.6643059490084986 0.5600303951367781 0.6692634560906515 0.5433130699088146 0.6720963172804533 0.5159574468085106 0.6710339943342776 0.48404255319148937 0.6682011331444759 0.44452887537993924 0.6671388101983002 0.4065349544072948 0.6671388101983002 0.37462006079027355 0.6671388101983002 0.3472644376899696
13 0.6749291784702549 0.3533434650455927 0.6660764872521246 0.4065349544072948 0.6660764872521246 0.44224924012158057 0.6660764872521246 0.5015197568389058 0.6682011331444759 0.5539513677811551 0.6749291784702549 0.5706686930091185 0.7014872521246459 0.5645896656534954 0.7142351274787535 0.5478723404255319 0.7174220963172805 0.4969604863221885 0.7092776203966006 0.4566869300911854 0.7046742209631728 0.39361702127659576 0.7046742209631728 0.34498480243161095 0.7046742209631728 0.32142857142857145 0.6770538243626062 0.31762917933130697
14 0.7114022662889519 0.3282674772036474 0.7092776203966006 0.3662613981762918 0.7092776203966006 0.4148936170212766 0.7075070821529745 0.4506079027355623 0.7142351274787535 0.5098784194528876 0.7202549575070821 0.526595744680851 0.7301699716713881 0.541033434650456 0.7390226628895185 0.5395136778115501 0.7507082152974505 0.5220364741641338 0.761685552407932 0.5075987841945289 0.7606232294617564 0.47796352583586627 0.7567280453257791 0.44224924012158057 0.7468130311614731 0.41033434650455924 0.7418555240793201 0.38069908814589665 0.7407932011331445 0.32598784194528874 0.7390226628895185 0.3069908814589666 0.7230878186968839 0.30243161094224924
15 0.7446883852691218 0.31534954407294835 0.7457507082152974 0.3617021276595745 0.7468130311614731 0.40805471124620063 0.7584985835694051 0.43541033434650456 0.7684135977337111 0.4338905775075988 0.7800991501416431 0.4148936170212766 0.7921388101983002 0.3913373860182371 0.7939093484419264 0.3700607902735562 0.78328611898017 0.3404255319148936 0.7783286118980169 0.31990881458966564 0.7694759206798867 0.2925531914893617
16 0.509915014164306 0.5562310030395137 0.5088526912181303 0.6086626139817629 0.511685552407932 0.6534954407294833 0.511685552407932 0.7013677811550152 0.5205382436260623 0.7355623100303952 0.5315155807365439 0.7355623100303952 0.5354107648725213 0.7120060790273556 0.5354107648725213 0.6550151975683891 0.5354107648725213 0.6344984802431611 0.5354107648725213 0.5942249240121581 0.53328611898017 0.5433130699088146
17 0.5371813031161473 0.5668693009118541 0.5481586402266289 0.5433130699088146 0.5531161473087819 0.5600303951367781 0.5598441926345609 0.5683890577507599 0.5609065155807366 0.6025835866261399 0.5637393767705382 0.6299392097264438 0.5570113314447592 0.6633738601823708 0.5541784702549575 0.6808510638297872 0.5509915014164306 0.7226443768996961 0.5509915014164306 0.7462006079027356 0.5509915014164306 0.7606382978723404 0.5403682719546742 0.7393617021276596 0.5403682719546742 0.7120060790273556 0.5403682719546742 0.6762917933130699 0.5403682719546742 0.6466565349544073 0.5403682719546742 0.5919452887537994
18 0.5757790368271954 0.5623100303951368 0.5658640226628895 0.5790273556231003 0.5598441926345609 0.6003039513677811 0.5570113314447592 0.6299392097264438 0.5570113314447592 0.6679331306990881 0.5580736543909348 0.6914893617021277 0.5619688385269122 0.7142857142857143 0.5648016997167139 0.7416413373860182 0.5676345609065155 0.756838905775076 0.5736543909348442 0.7629179331306991 0.5874645892351275 0.75 0.5885269121813032 0.7104863221884499 0.5913597733711048 0.6534954407294833 0.5924220963172805 0.621580547112462 0.5913597733711048 0.5896656534954408
19 0.6002124645892352 0.5752279635258358 0.5934844192634561 0.5896656534954408 0.5924220963172805 0.621580547112462 0.5934844192634561 0.6512158054711246 0.5952549575070821 0.6724924012158054 0.5984419263456091 0.7142857142857143 0.5973796033994334 0.743920972644377 0.5973796033994334 0.7629179331306991 0.6200424929178471 0.7712765957446809 0.6189801699716714 0.7013677811550152 0.6200424929178471 0.6595744680851063 0.6228753541076487 0.6063829787234043 0.6239376770538244 0.581306990881459 0.6140226628895185 0.5600303951367781
20 0.6345609065155807 0.5790273556231003 0.6189801699716714 0.5919452887537994 0.6189801699716714 0.6155015197568389 0.6257082152974505 0.6512158054711246 0.6296033994334278 0.6808510638297872 0.6296033994334278 0.7249240121580547 0.6345609065155807 0.7651975683890577 0.6434135977337111 0.790273556231003 0.6515580736543909 0.7712765957446809 0.6572237960339944 0.7332826747720365 0.6572237960339944 0.6846504559270516 0.6572237960339944 0.6534954407294833 0.6572237960339944 0.6299392097264438 0.6554532577903682 0.581306990881459
21 0.6533286118980169 0.581306990881459 0.6504957507082153 0.6170212765957447 0.6543909348441926 0.648936170212766 0.6632436260623229 0.6740121580547113 0.6692634560906515 0.7226443768996961 0.6738668555240793 0.7545592705167173 0.6788243626062322 0.7735562310030395 0.6986543909348442 0.7758358662613982 0.7142351274787535 0.7689969604863222 0.7114022662889519 0.7165653495440729 0.7135269121813032 0.6466565349544073 0.7092776203966006 0.5896656534954408 0.6926345609065155 0.5729483282674772 0.6660764872521246 0.5835866261398176
22 0.7135269121813032 0.5645896656534954 0.7075070821529745 0.5919452887537994 0.7085694050991501 0.6299392097264438 0.7142351274787535 0.6428571428571429 0.7230878186968839 0.6952887537993921 0.7269830028328612 0.7393617021276596 0.7368980169971672 0.7522796352583586 0.7489376770538244 0.7522796352583586 0.7567280453257791 0.7355623100303952 0.761685552407932 0.682370820668693 0.761685552407932 0.6550151975683891 0.761685552407932 0.6086626139817629 0.761685552407932 0.5775075987841946 0.7567280453257791 0.5478723404255319 0.7358356940509915 0.5433130699088146 0.7223796033994334 0.5455927051671733
23 0.7932011331444759 0.5896656534954408 0.7673512747875354 0.5858662613981763 0.7584985835694051 0.6155015197568389 0.7584985835694051 0.648936170212766 0.7705382436260623 0.689209726443769 0.78328611898017 0.7036474164133738 0.7921388101983002 0.7082066869300911 0.7999291784702549 0.7120060790273556 0.8137393767705382 0.6702127659574468 0.8048866855524079 0.6276595744680851
24 0.48725212464589235 0.5585106382978723 0.48725212464589235 0.6063829787234043 0.4890226628895184 0.6466565349544073 0.49008498583569404 0.6998480243161094 0.4922096317280453 0.7393617021276596 0.5049575070821529 0.743920972644377 0.5049575070821529 0.689209726443769 0.5067280453257791 0.6344984802431611 0.5077903682719547 0.5980243161094225 0.5077903682719547 0.5349544072948328
25 0.4656515580736544 0.5516717325227963 0.4606940509915014 0.6086626139817629 0.4656515580736544 0.6595744680851063 0.47344192634560905 0.7188449848024316 0.4752124645892351 0.743920972644377 0.483356940509915 0.75 0.483356940509915 0.7036474164133738 0.4773371104815864 0.6656534954407295 0.48229461756373937 0.621580547112462 0.48229461756373937 0.5683890577507599 0.48512747875354106 0.5493920972644377
26 0.44298866855524077 0.5516717325227963 0.4302407932011331 0.5729483282674772 0.4302407932011331 0.5980243161094225 0.4348441926345609 0.6633738601823708 0.44298866855524077 0.7013677811550152 0.4518413597733711 0.756838905775076 0.4518413597733711 0.7864741641337386 0.46458923512747874 0.7864741641337386 0.4656515580736544 0.7545592705167173 0.4656515580736544 0.6952887537993921 0.46140226628895187 0.6633738601823708 0.4635269121813031 0.5942249240121581 0.4635269121813031 0.5683890577507599
27 0.41324362606232296 0.5600303951367781 0.4065155807365439 0.5896656534954408 0.4065155807365439 0.6299392097264438 0.4143059490084986 0.689209726443769 0.4171388101983003 0.7120060790273556 0.42209631728045327 0.7689969604863222 0.43201133144475923 0.7712765957446809 0.43307365439093487 0.7059270516717325 0.4348441926345609 0.6428571428571429 0.4348441926345609 0.6086626139817629 0.4348441926345609 0.5683890577507599
28 0.38774787535410765 0.5645896656534954 0.37889518413597734 0.6003039513677811 0.379957507082153 0.6534954407294833 0.38774787535410765 0.7104863221884499 0.38987252124645894 0.7545592705167173 0.40155807365439095 0.7735562310030395 0.40439093484419264 0.729483282674772 0.4114730878186969 0.6572948328267477 0.41820113314447593 0.6299392097264438 0.41820113314447593 0.5858662613981763 0.41324362606232296 0.5516717325227963
29 0.3335694050991501 0.5706686930091185 0.3307365439093484 0.6253799392097265 0.3268413597733711 0.6740121580547113 0.3268413597733711 0.6998480243161094 0.3247167138810198 0.7651975683890577 0.3328611898016997 0.7773556231003039 0.34631728045325777 0.7773556231003039 0.35729461756373937 0.7522796352583586 0.36508498583569404 0.7082066869300911 0.3721671388101983 0.6550151975683891 0.38172804532577903 0.6063829787234043 0.3888101983002833 0.5942249240121581 0.36827195467422097 0.5706686930091185 0.3544617563739377 0.5668693009118541
30 0.28753541076487255 0.5539513677811551 0.2797450424929179 0.5539513677811551 0.27160056657223797 0.5683890577507599 0.26770538243626063 0.5896656534954408 0.26770538243626063 0.6193009118541033 0.27372521246458925 0.6618541033434651 0.27372521246458925 0.6914893617021277 0.2638101983002833 0.7378419452887538 0.28257790368271957 0.743920972644377 0.29320113314447593 0.7416413373860182 0.3031161473087819 0.729483282674772 0.3197592067988669 0.6512158054711246 0.33179886685552407 0.5965045592705167 0.3286118980169972 0.5752279635258358 0.3013456090651558 0.5455927051671733
31 0.24008498583569404 0.5683890577507599 0.2184844192634561 0.5896656534954408 0.21777620396600567 0.6155015197568389 0.21671388101983002 0.6595744680851063 0.221671388101983 0.689209726443769 0.22839943342776203 0.7104863221884499 0.23937677053824363 0.7203647416413373 0.2521246458923513 0.7082066869300911 0.2577903682719547 0.6952887537993921 0.2638101983002833 0.6633738601823708 0.2698300283286119 0.6382978723404256 0.2698300283286119 0.6155015197568389 0.2659348441926346 0.5965045592705167 0.25389518413597734 0.5775075987841946